0 0.810667 0.671875 0.034667 0.034375
0 0.810000 0.706250 0.036000 0.037500
0 0.810667 0.745313 0.037333 0.034375
0 0.591333 0.883594 0.036000 0.029687
0 0.863333 0.671875 0.036000 0.034375
0 0.808667 0.889844 0.038667 0.035937
0 0.810000 0.815625 0.036000 0.037500
0 0.700667 0.852344 0.036000 0.032813
0 0.700667 0.815625 0.036000 0.034375
0 0.591333 0.850000 0.036000 0.034375
0 0.123333 0.853125 0.036000 0.034375
0 0.537333 0.853125 0.032000 0.028125
0 0.700000 0.779687 0.037333 0.034375
0 0.179333 0.852344 0.036000 0.032813
0 0.865333 0.496875 0.032000 0.034375
0 0.346667 0.852344 0.034667 0.029687
0 0.179333 0.886719 0.036000 0.032813
0 0.455333 0.853125 0.036000 0.037500
0 0.810667 0.637500 0.034667 0.034375
0 0.290667 0.889844 0.037333 0.032813
0 0.756000 0.565625 0.034667 0.034375
0 0.234000 0.887500 0.036000 0.034375
0 0.867333 0.314844 0.036000 0.035937
0 0.863333 0.571875 0.036000 0.034375
0 0.700667 0.708594 0.036000 0.035937
0 0.699333 0.887500 0.036000 0.034375
0 0.702000 0.675000 0.036000 0.034375
0 0.866667 0.387500 0.037333 0.037500
0 0.811333 0.314063 0.036000 0.037500
0 0.702667 0.528125 0.034667 0.034375
0 0.647333 0.565625 0.036000 0.034375
0 0.810000 0.531250 0.036000 0.037500
0 0.757333 0.459375 0.032000 0.034375
0 0.647333 0.493750 0.036000 0.034375
0 0.648667 0.456250 0.036000 0.034375
0 0.811333 0.387500 0.036000 0.034375
0 0.648667 0.346875 0.036000 0.034375
0 0.702667 0.457813 0.034667 0.034375
0 0.702000 0.639062 0.036000 0.037500
0 0.704667 0.275000 0.033333 0.021875
0 0.867333 0.278125 0.036000 0.025000
0 0.862000 0.850000 0.036000 0.031250
0 0.864000 0.709375 0.037333 0.037500
0 0.864667 0.815625 0.038667 0.037500
0 0.862000 0.746094 0.033333 0.032813
0 0.864000 0.604688 0.034667 0.034375
0 0.863333 0.884375 0.036000 0.034375
0 0.863333 0.778125 0.036000 0.031250
0 0.810667 0.778125 0.037333 0.031250
0 0.808000 0.853125 0.034667 0.034375
0 0.864667 0.637500 0.033333 0.034375
0 0.647333 0.709375 0.036000 0.034375
0 0.702000 0.492969 0.030667 0.032813
0 0.650000 0.312500 0.036000 0.034375
0 0.702000 0.309375 0.036000 0.037500
0 0.866000 0.534375 0.036000 0.037500
0 0.646000 0.746094 0.036000 0.035937
0 0.346667 0.886719 0.037333 0.035937
0 0.122000 0.887500 0.038667 0.037500
0 0.702667 0.421875 0.029333 0.034375
0 0.810667 0.423438 0.034667 0.034375
0 0.810667 0.603125 0.034667 0.034375
0 0.236667 0.850000 0.036000 0.034375
0 0.866000 0.425000 0.036000 0.034375
0 0.700667 0.746094 0.036000 0.035937
0 0.648667 0.421875 0.036000 0.034375
0 0.645333 0.783594 0.040000 0.039062
0 0.646000 0.637500 0.033333 0.031250
0 0.702667 0.565625 0.034667 0.037500
0 0.756667 0.530469 0.036000 0.032813
0 0.702667 0.602344 0.034667 0.032813
0 0.646000 0.673438 0.033333 0.031250
0 0.810000 0.458594 0.033333 0.035937
0 0.866000 0.460938 0.036000 0.037500
0 0.758000 0.312500 0.036000 0.034375
0 0.810000 0.493750 0.036000 0.034375
0 0.701333 0.387500 0.032000 0.034375
0 0.866667 0.352344 0.037333 0.035937
0 0.646667 0.529687 0.037333 0.037500
0 0.538667 0.887500 0.034667 0.037500
0 0.290000 0.854688 0.036000 0.034375
0 0.454667 0.889844 0.034667 0.035937
0 0.810667 0.568750 0.037333 0.034375
0 0.646667 0.603125 0.037333 0.037500
0 0.648667 0.386719 0.036000 0.035937
0 0.756000 0.387500 0.034667 0.034375
0 0.756000 0.493750 0.034667 0.034375
0 0.756667 0.350000 0.036000 0.034375
0 0.756000 0.424219 0.034667 0.035937
0 0.811333 0.350000 0.036000 0.037500
0 0.702667 0.350000 0.034667 0.034375
