0 0.910556 0.188633 0.036667 0.044481
0 0.294444 0.144152 0.037778 0.047776
0 0.450556 0.276771 0.032222 0.039539
0 0.758333 0.827842 0.036667 0.041186
0 0.758333 0.783361 0.036667 0.044481
0 0.191667 0.238056 0.036667 0.044481
0 0.809444 0.863262 0.036667 0.042834
0 0.399444 0.408567 0.036667 0.042834
0 0.707778 0.654860 0.035556 0.041186
0 0.398333 0.488468 0.032222 0.044481
0 0.397222 0.280890 0.034444 0.041186
0 0.397222 0.191928 0.036667 0.047776
0 0.859444 0.402801 0.036667 0.044481
0 0.857778 0.319605 0.033333 0.042834
0 0.707778 0.614498 0.035556 0.042834
0 0.451667 0.363262 0.034444 0.041186
0 0.809444 0.738880 0.036667 0.041186
0 0.295556 0.191104 0.033333 0.042834
0 0.758333 0.656507 0.036667 0.044481
0 0.758333 0.613674 0.036667 0.041186
0 0.296667 0.234761 0.033333 0.047776
0 0.398889 0.143328 0.037778 0.052718
0 0.192778 0.187809 0.036667 0.052718
0 0.808333 0.784185 0.036667 0.042834
0 0.243889 0.188633 0.032222 0.044481
0 0.243333 0.234761 0.033333 0.044481
0 0.501111 0.441516 0.042222 0.046129
0 0.758333 0.742175 0.036667 0.041186
0 0.347778 0.323723 0.033333 0.047776
0 0.451667 0.318781 0.034444 0.044481
0 0.347778 0.188633 0.033333 0.044481
0 0.707778 0.698517 0.035556 0.042834
0 0.858333 0.445634 0.036667 0.044481
0 0.243333 0.276771 0.033333 0.042834
0 0.857222 0.237232 0.034444 0.039539
0 0.450556 0.191104 0.034444 0.049423
0 0.450556 0.235585 0.034444 0.039539
0 0.858333 0.359967 0.032222 0.041186
0 0.757222 0.698517 0.036667 0.039539
0 0.809444 0.655684 0.036667 0.046129
0 0.857222 0.191104 0.034444 0.052718
0 0.346111 0.279242 0.032222 0.041186
0 0.398333 0.237232 0.036667 0.042834
0 0.347778 0.235585 0.031111 0.042834
0 0.502222 0.365733 0.044444 0.032949
0 0.502222 0.336079 0.042222 0.029654
0 0.513333 0.749588 0.026667 0.026359
0 0.514444 0.726524 0.028889 0.026359
0 0.911667 0.572488 0.034444 0.044481
0 0.501111 0.483526 0.040000 0.031301
0 0.398333 0.827842 0.032222 0.041186
0 0.398333 0.868204 0.032222 0.042834
0 0.088333 0.276771 0.034444 0.036244
0 0.398333 0.701812 0.034444 0.032949
0 0.911667 0.613674 0.036667 0.041186
0 0.399444 0.788303 0.036667 0.044481
0 0.087222 0.363262 0.038889 0.044481
0 0.087222 0.317133 0.036667 0.044481
0 0.502222 0.199341 0.044444 0.026359
0 0.911667 0.658155 0.036667 0.044481
0 0.191667 0.490115 0.036667 0.041186
0 0.859444 0.738880 0.036667 0.041186
0 0.809444 0.700165 0.036667 0.042834
0 0.910556 0.322076 0.036667 0.044481
0 0.858333 0.485173 0.034444 0.041186
0 0.449444 0.405272 0.032222 0.039539
0 0.706667 0.781713 0.033333 0.047776
0 0.910556 0.277595 0.036667 0.041186
0 0.242222 0.785832 0.035556 0.042834
0 0.242222 0.404448 0.033333 0.044481
0 0.141667 0.280066 0.034444 0.042834
0 0.758333 0.570840 0.036667 0.047776
0 0.503333 0.300659 0.042222 0.041186
0 0.243333 0.445634 0.033333 0.044481
0 0.859444 0.528007 0.036667 0.044481
0 0.859444 0.781713 0.036667 0.044481
0 0.910556 0.233114 0.032222 0.044481
0 0.242222 0.318781 0.033333 0.041186
0 0.294444 0.276771 0.031111 0.039539
0 0.502778 0.232290 0.043333 0.039539
0 0.449444 0.142504 0.032222 0.047776
0 0.399444 0.575783 0.038889 0.044481
0 0.243333 0.143328 0.035556 0.046129
0 0.398333 0.742175 0.036667 0.044481
0 0.243889 0.742175 0.038889 0.044481
0 0.243333 0.658979 0.037778 0.042834
0 0.191667 0.322076 0.034444 0.041186
0 0.242222 0.358320 0.033333 0.044481
0 0.243333 0.530478 0.033333 0.042834
0 0.398333 0.529654 0.036667 0.041186
0 0.243333 0.571664 0.035556 0.042834
0 0.706667 0.572488 0.033333 0.041186
0 0.911667 0.532125 0.036667 0.039539
0 0.089444 0.144152 0.036667 0.044481
0 0.088333 0.447282 0.034444 0.037891
0 0.088333 0.235585 0.038889 0.042834
0 0.088333 0.191104 0.036667 0.049423
0 0.911111 0.742175 0.037778 0.044481
0 0.090556 0.406919 0.038889 0.039539
0 0.910556 0.360791 0.036667 0.036244
0 0.758333 0.869852 0.036667 0.042834
0 0.912778 0.697694 0.036667 0.044481
0 0.398333 0.913509 0.036667 0.047776
0 0.243333 0.914333 0.037778 0.042834
0 0.912222 0.784185 0.037778 0.039539
0 0.910556 0.445634 0.034444 0.037891
0 0.859444 0.823723 0.032222 0.036244
0 0.502222 0.130972 0.046667 0.037891
0 0.502778 0.168040 0.043333 0.036244
0 0.398333 0.615321 0.036667 0.041186
0 0.860556 0.572488 0.036667 0.041186
0 0.399444 0.364909 0.036667 0.044481
0 0.140000 0.144152 0.037778 0.047776
0 0.912222 0.868204 0.037778 0.039539
0 0.603333 0.656507 0.033333 0.044481
0 0.088333 0.491763 0.036667 0.044481
0 0.706111 0.911862 0.036667 0.044481
0 0.502778 0.267710 0.043333 0.031301
0 0.913333 0.824547 0.037778 0.044481
0 0.912778 0.911038 0.038889 0.046129
0 0.603333 0.568369 0.035556 0.039539
0 0.603333 0.698517 0.035556 0.042834
0 0.242222 0.869852 0.037778 0.042834
0 0.603333 0.738880 0.035556 0.044481
0 0.910556 0.402801 0.036667 0.051071
0 0.243333 0.828666 0.033333 0.039539
0 0.191667 0.450577 0.036667 0.041186
0 0.758333 0.911862 0.036667 0.044481
0 0.191667 0.533773 0.034444 0.042834
0 0.808333 0.911038 0.036667 0.049423
0 0.398333 0.447282 0.034444 0.037891
0 0.860556 0.911862 0.036667 0.047776
0 0.911667 0.486820 0.036667 0.047776
0 0.397222 0.322076 0.032222 0.041186
0 0.706667 0.866557 0.033333 0.042834
0 0.140556 0.237232 0.036667 0.042834
0 0.398333 0.661450 0.036667 0.047776
0 0.706667 0.738880 0.033333 0.041186
0 0.860556 0.698517 0.034444 0.036244
0 0.859444 0.613674 0.036667 0.044481
0 0.140000 0.191928 0.037778 0.044481
0 0.191667 0.359967 0.036667 0.041186
0 0.808333 0.569193 0.036667 0.044481
0 0.192778 0.405272 0.036667 0.046129
0 0.242222 0.699341 0.035556 0.041186
0 0.707222 0.824547 0.034444 0.041186
0 0.809444 0.823723 0.032222 0.036244
0 0.859444 0.656507 0.032222 0.044481
0 0.909444 0.142504 0.036667 0.047776
0 0.860556 0.863262 0.036667 0.042834
0 0.243333 0.613674 0.033333 0.041186
0 0.243333 0.489292 0.033333 0.042834
0 0.604444 0.612026 0.037778 0.047776
0 0.191667 0.280066 0.034444 0.039539
0 0.808333 0.613674 0.034444 0.041186
0 0.857222 0.277595 0.032222 0.037891
