0 0.500556 0.492599 0.043333 0.031250
0 0.758333 0.287007 0.034444 0.031250
0 0.705556 0.289474 0.031111 0.042763
0 0.551667 0.246711 0.032222 0.039474
0 0.653333 0.704770 0.033333 0.041118
0 0.858333 0.499178 0.034444 0.041118
0 0.188333 0.289474 0.032222 0.039474
0 0.396667 0.245066 0.035556 0.039474
0 0.808333 0.746711 0.034444 0.042763
0 0.860556 0.453947 0.036667 0.042763
0 0.911667 0.829770 0.034444 0.044408
0 0.808333 0.914474 0.036667 0.046053
0 0.758333 0.496711 0.036667 0.039474
0 0.656667 0.159539 0.035556 0.046053
0 0.809444 0.789474 0.032222 0.039474
0 0.447222 0.246711 0.032222 0.039474
0 0.447222 0.289474 0.034444 0.039474
0 0.395556 0.204770 0.037778 0.041118
0 0.704444 0.747533 0.037778 0.044408
0 0.808333 0.662007 0.036667 0.044408
0 0.603333 0.578947 0.033333 0.042763
0 0.551667 0.159539 0.036667 0.049342
0 0.911667 0.664474 0.036667 0.039474
0 0.809444 0.412007 0.032222 0.041118
0 0.860556 0.331414 0.032222 0.037829
0 0.860556 0.412007 0.034444 0.041118
0 0.343333 0.284539 0.033333 0.046053
0 0.447778 0.492599 0.033333 0.041118
0 0.858333 0.539474 0.034444 0.042763
0 0.808333 0.829770 0.034444 0.041118
0 0.911667 0.414474 0.036667 0.042763
0 0.603333 0.162007 0.035556 0.047697
0 0.911667 0.622533 0.036667 0.044408
0 0.653333 0.494243 0.035556 0.037829
0 0.447222 0.202303 0.034444 0.046053
0 0.706667 0.414474 0.033333 0.039474
0 0.858333 0.579770 0.034444 0.041118
0 0.911111 0.914474 0.037778 0.046053
0 0.757778 0.662007 0.035556 0.044408
0 0.705556 0.579770 0.035556 0.041118
0 0.655556 0.249178 0.033333 0.041118
0 0.912778 0.704770 0.034444 0.044408
0 0.656667 0.204770 0.035556 0.044408
0 0.705556 0.495066 0.031111 0.039474
0 0.396667 0.284539 0.035556 0.039474
0 0.604444 0.329770 0.033333 0.041118
0 0.810556 0.620066 0.034444 0.039474
0 0.912222 0.371711 0.035556 0.039474
0 0.240556 0.159539 0.036667 0.046053
0 0.809444 0.499178 0.032222 0.037829
0 0.603333 0.499178 0.035556 0.037829
0 0.912778 0.457237 0.034444 0.039474
0 0.512222 0.735197 0.020000 0.016447
0 0.513889 0.717928 0.023333 0.021382
0 0.758333 0.329770 0.034444 0.044408
0 0.447778 0.534539 0.033333 0.039474
0 0.706667 0.332237 0.033333 0.039474
0 0.240556 0.246711 0.034444 0.042763
0 0.809444 0.537007 0.030000 0.034539
0 0.810556 0.702303 0.034444 0.039474
0 0.655556 0.454770 0.033333 0.041118
0 0.808333 0.871711 0.036667 0.042763
0 0.137222 0.246711 0.034444 0.042763
0 0.602222 0.662007 0.035556 0.041118
0 0.911667 0.746711 0.034444 0.039474
0 0.704444 0.620066 0.033333 0.039474
0 0.137222 0.289474 0.034444 0.042763
0 0.240556 0.204770 0.034444 0.041118
0 0.757222 0.620066 0.036667 0.032895
0 0.808333 0.371711 0.032222 0.039474
0 0.188333 0.246711 0.032222 0.039474
0 0.291667 0.287007 0.036667 0.044408
0 0.188333 0.199836 0.032222 0.047697
0 0.395556 0.157895 0.037778 0.046053
0 0.757222 0.413651 0.034444 0.037829
0 0.860556 0.704770 0.034444 0.041118
0 0.552778 0.289474 0.034444 0.039474
0 0.705556 0.537007 0.033333 0.044408
0 0.499444 0.449836 0.041111 0.044408
0 0.860556 0.372533 0.032222 0.037829
0 0.653333 0.745066 0.037778 0.039474
0 0.706667 0.704770 0.035556 0.044408
0 0.860556 0.746711 0.036667 0.042763
0 0.604444 0.291941 0.033333 0.041118
0 0.447222 0.155428 0.034444 0.047697
0 0.913333 0.289474 0.037778 0.046053
0 0.859444 0.664474 0.036667 0.039474
0 0.653333 0.534539 0.035556 0.039474
0 0.656667 0.291118 0.035556 0.042763
0 0.605556 0.249178 0.033333 0.041118
0 0.603333 0.456414 0.035556 0.044408
0 0.551667 0.374178 0.034444 0.041118
0 0.448333 0.371711 0.032222 0.039474
0 0.860556 0.289474 0.032222 0.046053
0 0.860556 0.622533 0.034444 0.044408
0 0.604444 0.414474 0.033333 0.039474
0 0.705556 0.454770 0.031111 0.041118
0 0.551111 0.207237 0.033333 0.039474
0 0.809444 0.577303 0.036667 0.042763
0 0.655556 0.332237 0.033333 0.039474
0 0.603333 0.537007 0.033333 0.044408
0 0.447222 0.329770 0.032222 0.041118
0 0.448333 0.412007 0.036667 0.044408
0 0.757222 0.537007 0.034444 0.041118
0 0.604444 0.207237 0.033333 0.039474
0 0.603333 0.621711 0.033333 0.039474
0 0.758333 0.453947 0.036667 0.042763
0 0.706667 0.372533 0.033333 0.044408
0 0.551111 0.332237 0.033333 0.042763
0 0.808333 0.456414 0.034444 0.047697
0 0.655556 0.374178 0.033333 0.041118
0 0.759444 0.374178 0.036667 0.041118
0 0.604444 0.371711 0.033333 0.042763
0 0.705556 0.659539 0.033333 0.042763
0 0.757778 0.579770 0.035556 0.044408
0 0.653333 0.621711 0.035556 0.042763
0 0.655556 0.414474 0.033333 0.039474
0 0.653333 0.664474 0.035556 0.042763
0 0.654444 0.577303 0.033333 0.042763
0 0.912222 0.539474 0.035556 0.036184
0 0.447222 0.452303 0.030000 0.032895
0 0.847222 0.789474 0.021111 0.032895
0 0.500556 0.245066 0.043333 0.039474
0 0.086111 0.245066 0.036667 0.039474
0 0.705556 0.208882 0.037778 0.046053
0 0.602222 0.746711 0.033333 0.042763
0 0.602222 0.785362 0.033333 0.037829
0 0.086667 0.287007 0.035556 0.041118
0 0.602222 0.824836 0.028889 0.041118
0 0.846667 0.912007 0.024444 0.034539
0 0.239444 0.287007 0.032222 0.041118
0 0.872778 0.912007 0.023333 0.034539
0 0.602778 0.703947 0.034444 0.042763
0 0.501667 0.180099 0.041111 0.034539
0 0.501667 0.144737 0.043333 0.032895
0 0.500556 0.277961 0.043333 0.029605
0 0.872222 0.871711 0.022222 0.029605
0 0.500556 0.211349 0.043333 0.027961
0 0.501111 0.342928 0.044444 0.031250
0 0.872778 0.788651 0.021111 0.031250
0 0.502778 0.374178 0.043333 0.037829
0 0.797778 0.329770 0.022222 0.034539
0 0.846111 0.872533 0.023333 0.037829
0 0.706667 0.162007 0.035556 0.047697
0 0.847222 0.829770 0.023333 0.034539
0 0.822222 0.332237 0.022222 0.032895
0 0.873889 0.829770 0.021111 0.034539
0 0.757778 0.703947 0.035556 0.042763
0 0.138333 0.202303 0.036667 0.046053
0 0.706667 0.249178 0.033333 0.034539
0 0.911667 0.872533 0.034444 0.037829
0 0.447222 0.574836 0.030000 0.041118
0 0.911667 0.496711 0.036667 0.042763
0 0.912222 0.332237 0.035556 0.039474
0 0.086667 0.199836 0.035556 0.044408
0 0.798889 0.287007 0.020000 0.037829
0 0.512222 0.749178 0.022222 0.011513
0 0.910556 0.787007 0.032222 0.041118
0 0.822778 0.287007 0.021111 0.034539
0 0.911111 0.577303 0.033333 0.039474
0 0.501111 0.311678 0.042222 0.037829
