0 0.656667 0.280066 0.033333 0.026359
0 0.823333 0.411038 0.022222 0.034596
0 0.503333 0.202636 0.046667 0.029654
0 0.822222 0.744646 0.022222 0.032949
0 0.862222 0.328666 0.033333 0.041186
0 0.759444 0.702636 0.032222 0.044481
0 0.823333 0.783361 0.026667 0.037891
0 0.503333 0.169687 0.044444 0.039539
0 0.503333 0.134267 0.046667 0.037891
0 0.605556 0.326194 0.031111 0.036244
0 0.555556 0.367381 0.033333 0.042834
0 0.657778 0.239703 0.033333 0.044481
0 0.553333 0.700988 0.033333 0.044481
0 0.657778 0.194399 0.033333 0.049423
0 0.759444 0.660626 0.032222 0.039539
0 0.810556 0.702636 0.032222 0.041186
0 0.555556 0.324547 0.033333 0.039539
0 0.914444 0.244646 0.031111 0.041186
0 0.555556 0.280890 0.031111 0.047776
0 0.759444 0.615321 0.032222 0.047776
0 0.915556 0.287479 0.033333 0.044481
0 0.760556 0.369028 0.032222 0.046129
0 0.554444 0.658155 0.033333 0.044481
0 0.862778 0.286656 0.032222 0.042834
0 0.798889 0.491763 0.022222 0.034596
0 0.825556 0.451400 0.022222 0.032949
0 0.799444 0.451400 0.021111 0.032949
0 0.810556 0.658155 0.032222 0.044481
0 0.606667 0.284185 0.033333 0.044481
0 0.825556 0.493410 0.022222 0.037891
0 0.553333 0.612026 0.033333 0.047776
0 0.915556 0.196870 0.033333 0.051071
0 0.760556 0.325371 0.034444 0.041186
0 0.706111 0.280066 0.032222 0.046129
0 0.862222 0.242175 0.031111 0.046129
0 0.706667 0.369852 0.033333 0.047776
0 0.810556 0.284185 0.032222 0.044481
0 0.811667 0.613674 0.032222 0.044481
0 0.706111 0.324547 0.032222 0.042834
0 0.657222 0.322076 0.034444 0.047776
0 0.811111 0.371499 0.031111 0.044481
0 0.400556 0.191104 0.034444 0.052718
0 0.760556 0.282537 0.034444 0.047776
0 0.606667 0.237232 0.033333 0.049423
0 0.810556 0.327018 0.032222 0.044481
