0 0.911667 0.333607 0.036667 0.044262
0 0.755556 0.290984 0.031111 0.037705
0 0.808333 0.495082 0.034444 0.039344
0 0.806667 0.159836 0.033333 0.047541
0 0.858333 0.248361 0.036667 0.044262
0 0.240000 0.204098 0.031111 0.047541
0 0.807222 0.331148 0.036667 0.039344
0 0.859444 0.203279 0.030000 0.045902
0 0.756667 0.204918 0.035556 0.032787
0 0.501111 0.145902 0.042222 0.036066
0 0.758333 0.744262 0.036667 0.042623
0 0.858889 0.332787 0.037778 0.042623
0 0.858333 0.373770 0.034444 0.042623
0 0.807778 0.413115 0.031111 0.042623
0 0.240556 0.334426 0.036667 0.042623
0 0.807222 0.370492 0.032222 0.039344
0 0.240556 0.250000 0.036667 0.044262
0 0.656667 0.913115 0.035556 0.045902
0 0.241667 0.375410 0.038889 0.042623
0 0.858333 0.413934 0.034444 0.037705
0 0.709444 0.908197 0.036667 0.052459
0 0.911667 0.290164 0.036667 0.042623
0 0.755556 0.157377 0.037778 0.052459
0 0.807778 0.249180 0.033333 0.042623
0 0.758333 0.788525 0.036667 0.042623
0 0.756667 0.375410 0.033333 0.039344
0 0.860556 0.579508 0.036667 0.047541
0 0.806667 0.290164 0.033333 0.039344
0 0.911667 0.244262 0.034444 0.042623
0 0.859444 0.496721 0.036667 0.042623
0 0.859444 0.454098 0.032222 0.042623
0 0.860556 0.538525 0.034444 0.040984
0 0.857222 0.290984 0.034444 0.040984
0 0.240556 0.292623 0.036667 0.044262
0 0.756667 0.414754 0.035556 0.042623
0 0.757778 0.622951 0.037778 0.042623
0 0.808333 0.455738 0.032222 0.042623
0 0.755556 0.249180 0.037778 0.042623
0 0.755556 0.333607 0.037778 0.044262
0 0.756667 0.496721 0.033333 0.042623
0 0.757222 0.578689 0.034444 0.042623
0 0.756667 0.456557 0.033333 0.037705
0 0.806667 0.208197 0.033333 0.042623
0 0.758333 0.537705 0.032222 0.039344
0 0.758889 0.662295 0.037778 0.042623
0 0.757222 0.702459 0.034444 0.040984
