0 0.716250 0.855222 0.030000 0.023734
0 0.883750 0.500000 0.035000 0.037975
0 0.826875 0.788766 0.033750 0.026899
0 0.330000 0.787975 0.035000 0.034810
0 0.164375 0.875791 0.033750 0.033228
0 0.647500 0.789557 0.022500 0.028481
0 0.508750 0.856013 0.022500 0.025316
0 0.883125 0.471519 0.033750 0.028481
0 0.509375 0.881329 0.023750 0.028481
0 0.716875 0.784810 0.033750 0.034810
0 0.385625 0.851266 0.033750 0.034810
0 0.220625 0.373418 0.036250 0.034810
0 0.275625 0.784810 0.036250 0.031646
0 0.220625 0.658228 0.031250 0.034810
0 0.276250 0.818038 0.032500 0.034810
0 0.220625 0.784810 0.033750 0.034810
0 0.220000 0.722310 0.032500 0.033228
0 0.220625 0.591772 0.031250 0.031646
0 0.605625 0.818829 0.033750 0.033228
0 0.220000 0.466772 0.032500 0.034810
0 0.220625 0.691456 0.033750 0.031646
0 0.220625 0.818038 0.033750 0.031646
0 0.606875 0.852057 0.033750 0.033228
0 0.165625 0.722310 0.036250 0.036392
0 0.674375 0.851266 0.021250 0.028481
0 0.827500 0.409019 0.032500 0.033228
0 0.675000 0.883703 0.025000 0.033228
0 0.110000 0.373418 0.032500 0.037975
0 0.828125 0.568038 0.031250 0.028481
0 0.827500 0.537184 0.030000 0.033228
0 0.220000 0.562500 0.032500 0.030063
0 0.883750 0.567247 0.037500 0.033228
0 0.330625 0.879747 0.031250 0.028481
0 0.881875 0.884494 0.033750 0.031646
0 0.494375 0.789557 0.033750 0.018987
0 0.493750 0.806962 0.032500 0.012658
0 0.605625 0.788766 0.033750 0.033228
0 0.440625 0.852057 0.031250 0.026899
0 0.385625 0.788766 0.033750 0.033228
0 0.881875 0.791930 0.033750 0.030063
0 0.881250 0.820411 0.035000 0.026899
0 0.165000 0.597310 0.032500 0.026899
0 0.771250 0.884494 0.037500 0.028481
0 0.440000 0.882911 0.035000 0.031646
0 0.771250 0.852848 0.035000 0.031646
0 0.881875 0.726266 0.033750 0.031646
0 0.828125 0.885285 0.036250 0.030063
0 0.881875 0.756329 0.033750 0.034810
0 0.881875 0.696203 0.033750 0.031646
0 0.385000 0.818038 0.035000 0.028481
0 0.330625 0.818038 0.036250 0.028481
0 0.220625 0.420095 0.033750 0.052215
0 0.110000 0.403481 0.032500 0.028481
0 0.827500 0.756329 0.035000 0.031646
0 0.165000 0.851266 0.035000 0.034810
0 0.881250 0.851266 0.035000 0.034810
0 0.884375 0.599684 0.033750 0.031646
0 0.828125 0.629747 0.033750 0.034810
0 0.828125 0.725475 0.033750 0.033228
0 0.110000 0.720728 0.032500 0.033228
0 0.716875 0.881329 0.033750 0.034810
0 0.771250 0.784810 0.035000 0.034810
0 0.826875 0.852848 0.036250 0.031646
0 0.165000 0.687500 0.035000 0.033228
0 0.828125 0.442247 0.031250 0.033228
0 0.165625 0.403481 0.031250 0.031646
0 0.165000 0.563291 0.032500 0.037975
0 0.165000 0.754747 0.035000 0.028481
0 0.647500 0.818038 0.022500 0.028481
0 0.828125 0.662975 0.036250 0.031646
0 0.108750 0.880538 0.035000 0.033228
0 0.883125 0.629747 0.036250 0.034810
0 0.827500 0.597310 0.030000 0.030063
0 0.675000 0.787184 0.020000 0.026899
0 0.109375 0.686709 0.033750 0.034810
0 0.108125 0.784019 0.031250 0.030063
0 0.883750 0.663766 0.035000 0.033228
0 0.828125 0.472310 0.033750 0.033228
0 0.826875 0.818038 0.036250 0.037975
0 0.109375 0.432753 0.033750 0.033228
0 0.646250 0.885285 0.022500 0.026899
0 0.110000 0.561709 0.032500 0.028481
0 0.108750 0.656646 0.035000 0.031646
0 0.165625 0.784019 0.036250 0.033228
0 0.166250 0.499209 0.032500 0.033228
0 0.828125 0.692247 0.036250 0.033228
0 0.165625 0.374209 0.031250 0.033228
0 0.275625 0.851266 0.031250 0.028481
0 0.646875 0.849684 0.021250 0.025316
0 0.164375 0.657437 0.033750 0.033228
0 0.827500 0.504747 0.032500 0.034810
0 0.883125 0.442247 0.036250 0.033228
0 0.109375 0.816456 0.033750 0.031646
0 0.109375 0.753956 0.033750 0.033228
0 0.771875 0.821203 0.033750 0.034810
0 0.165625 0.817247 0.036250 0.033228
0 0.108750 0.465981 0.032500 0.030063
0 0.330000 0.851266 0.035000 0.034810
0 0.108125 0.498418 0.031250 0.031646
0 0.220000 0.883703 0.035000 0.030063
0 0.883125 0.534810 0.036250 0.034810
0 0.108750 0.847310 0.035000 0.033228
0 0.166250 0.528481 0.035000 0.031646
0 0.440625 0.787975 0.031250 0.031646
0 0.675000 0.818829 0.022500 0.026899
0 0.108750 0.625000 0.032500 0.028481
0 0.385625 0.883703 0.033750 0.030063
0 0.220000 0.754747 0.032500 0.028481
0 0.163750 0.624209 0.035000 0.033228
0 0.165000 0.466772 0.032500 0.031646
0 0.110000 0.590981 0.035000 0.036392
0 0.884375 0.409019 0.033750 0.039557
0 0.220000 0.851266 0.032500 0.034810
0 0.165625 0.435918 0.033750 0.033228
0 0.220625 0.499209 0.033750 0.033228
0 0.109375 0.528481 0.031250 0.031646
0 0.275625 0.879747 0.033750 0.034810
0 0.606875 0.885285 0.036250 0.033228
0 0.220625 0.624209 0.031250 0.033228
0 0.440000 0.821994 0.035000 0.036392
0 0.716875 0.822785 0.033750 0.034810
0 0.220625 0.532437 0.033750 0.033228
