0 0.810000 0.889844 0.036000 0.032813
0 0.124000 0.343750 0.034667 0.034375
0 0.182000 0.883594 0.036000 0.032813
0 0.125333 0.415625 0.034667 0.037500
0 0.402000 0.884375 0.036000 0.034375
0 0.878000 0.533594 0.030667 0.032813
0 0.124667 0.703125 0.033333 0.034375
0 0.291333 0.883594 0.036000 0.035937
0 0.700667 0.850000 0.033333 0.031250
0 0.880667 0.496875 0.028000 0.031250
0 0.124000 0.812500 0.034667 0.037500
0 0.699333 0.884375 0.036000 0.031250
0 0.880667 0.460938 0.028000 0.028125
0 0.124667 0.849219 0.036000 0.039062
0 0.123333 0.634375 0.036000 0.037500
0 0.122000 0.740625 0.033333 0.034375
0 0.876000 0.429688 0.032000 0.031250
0 0.868000 0.282813 0.037333 0.021875
0 0.180000 0.846094 0.037333 0.035937
0 0.126000 0.271094 0.036000 0.023438
0 0.124667 0.489063 0.038667 0.021875
0 0.124000 0.455469 0.037333 0.042188
0 0.645333 0.885938 0.040000 0.031250
0 0.867333 0.248438 0.036000 0.037500
0 0.590000 0.884375 0.036000 0.034375
0 0.234000 0.881250 0.033333 0.034375
0 0.235333 0.846094 0.036000 0.035937
0 0.122000 0.667969 0.036000 0.035937
0 0.402667 0.849219 0.034667 0.035937
0 0.124667 0.776563 0.036000 0.034375
0 0.123333 0.885938 0.036000 0.034375
0 0.808000 0.855469 0.034667 0.035937
0 0.868667 0.212500 0.036000 0.034375
0 0.291333 0.846875 0.036000 0.034375
0 0.124667 0.521094 0.036000 0.039062
0 0.646000 0.850000 0.036000 0.034375
0 0.591333 0.849219 0.036000 0.035937
0 0.123333 0.599219 0.036000 0.035937
0 0.125333 0.380469 0.034667 0.035937
0 0.867333 0.353125 0.036000 0.031250
0 0.125333 0.306250 0.034667 0.037500
0 0.124667 0.562500 0.033333 0.037500
0 0.868000 0.390625 0.034667 0.037500
0 0.868667 0.317969 0.036000 0.039062
