0 0.805556 0.152961 0.033333 0.049342
0 0.241667 0.157895 0.034444 0.046053
0 0.651111 0.289474 0.033333 0.039474
0 0.240556 0.289474 0.034444 0.042763
0 0.240556 0.203947 0.034444 0.042763
0 0.343333 0.289474 0.033333 0.042763
0 0.344444 0.245066 0.033333 0.046053
0 0.189444 0.664474 0.036667 0.042763
0 0.600000 0.202303 0.031111 0.046053
0 0.291667 0.157895 0.036667 0.049342
0 0.084444 0.374178 0.033333 0.041118
0 0.343333 0.332237 0.035556 0.042763
0 0.190556 0.789474 0.034444 0.046053
0 0.600556 0.288651 0.032222 0.037829
0 0.188333 0.334704 0.032222 0.037829
0 0.240556 0.246711 0.034444 0.042763
0 0.189444 0.708882 0.032222 0.042763
0 0.396667 0.371711 0.033333 0.039474
0 0.805556 0.199836 0.033333 0.044408
0 0.189444 0.624178 0.036667 0.041118
0 0.756667 0.534539 0.033333 0.042763
0 0.138333 0.582237 0.032222 0.039474
0 0.241111 0.539474 0.033333 0.036184
0 0.755556 0.370066 0.031111 0.039474
0 0.703333 0.412007 0.031111 0.041118
0 0.085556 0.541941 0.033333 0.047697
0 0.805556 0.370066 0.031111 0.039474
0 0.755556 0.492599 0.031111 0.041118
0 0.085556 0.624178 0.033333 0.041118
0 0.602778 0.539474 0.032222 0.042763
0 0.291111 0.293586 0.033333 0.041118
0 0.705556 0.496711 0.033333 0.039474
0 0.189444 0.541941 0.032222 0.041118
0 0.085556 0.416941 0.033333 0.041118
0 0.602222 0.624178 0.035556 0.047697
0 0.856667 0.282895 0.033333 0.046053
0 0.702222 0.370066 0.028889 0.039474
0 0.241667 0.708882 0.034444 0.042763
0 0.602778 0.579770 0.034444 0.041118
0 0.805556 0.327303 0.033333 0.042763
0 0.189444 0.582237 0.032222 0.039474
0 0.241667 0.664474 0.034444 0.046053
0 0.910556 0.407895 0.034444 0.046053
0 0.137222 0.621711 0.034444 0.042763
0 0.187222 0.289474 0.034444 0.049342
0 0.397778 0.829770 0.033333 0.041118
0 0.447778 0.202303 0.035556 0.046053
0 0.910556 0.490132 0.032222 0.042763
0 0.241667 0.871711 0.036667 0.039474
0 0.913333 0.740132 0.035556 0.042763
0 0.136111 0.414474 0.032222 0.039474
0 0.807778 0.410362 0.031111 0.037829
0 0.137778 0.707237 0.031111 0.042763
0 0.807778 0.449836 0.033333 0.041118
0 0.705556 0.537007 0.033333 0.041118
0 0.447222 0.152961 0.034444 0.049342
0 0.397222 0.787007 0.034444 0.041118
0 0.908333 0.152961 0.036667 0.046053
0 0.805556 0.282895 0.031111 0.039474
0 0.240556 0.827303 0.036667 0.046053
0 0.447222 0.787007 0.032222 0.041118
0 0.188333 0.749178 0.032222 0.041118
0 0.913333 0.780428 0.035556 0.041118
0 0.137222 0.664474 0.032222 0.042763
0 0.137222 0.831414 0.036667 0.047697
0 0.291667 0.249178 0.036667 0.047697
0 0.601111 0.492599 0.031111 0.044408
0 0.705556 0.621711 0.033333 0.042763
0 0.085556 0.499178 0.033333 0.037829
0 0.241667 0.332237 0.034444 0.036184
0 0.705556 0.704770 0.037778 0.047697
0 0.460556 0.327303 0.023333 0.036184
0 0.084444 0.160362 0.037778 0.044408
0 0.448333 0.829770 0.032222 0.041118
0 0.086667 0.581414 0.033333 0.037829
0 0.705556 0.577303 0.033333 0.042763
0 0.757222 0.659539 0.034444 0.039474
0 0.706667 0.659539 0.033333 0.039474
0 0.760556 0.909539 0.036667 0.046053
0 0.190556 0.874178 0.034444 0.041118
0 0.188333 0.371711 0.034444 0.032895
0 0.909444 0.449836 0.032222 0.041118
0 0.805556 0.245066 0.033333 0.042763
0 0.908333 0.282895 0.034444 0.039474
0 0.397778 0.871711 0.035556 0.046053
0 0.600556 0.332237 0.032222 0.042763
0 0.908333 0.324836 0.034444 0.041118
0 0.241667 0.914474 0.036667 0.039474
0 0.757778 0.577303 0.035556 0.039474
0 0.759444 0.824836 0.032222 0.041118
0 0.757222 0.620066 0.034444 0.039474
0 0.912222 0.615132 0.035556 0.046053
0 0.240556 0.749178 0.036667 0.037829
0 0.758333 0.742599 0.032222 0.041118
0 0.913333 0.820724 0.035556 0.042763
0 0.085556 0.204770 0.035556 0.044408
0 0.758333 0.784539 0.034444 0.039474
0 0.601667 0.374178 0.030000 0.037829
0 0.190556 0.831414 0.034444 0.037829
0 0.448333 0.909539 0.034444 0.039474
0 0.909444 0.240132 0.036667 0.046053
0 0.448333 0.870066 0.034444 0.039474
0 0.190556 0.916941 0.034444 0.041118
0 0.124444 0.367599 0.022222 0.037829
0 0.085556 0.249178 0.035556 0.044408
0 0.912222 0.572368 0.033333 0.042763
0 0.460000 0.289474 0.020000 0.029605
0 0.150556 0.289474 0.021111 0.036184
0 0.911111 0.532895 0.033333 0.039474
0 0.912778 0.659539 0.034444 0.039474
0 0.913333 0.698191 0.033333 0.041118
0 0.758333 0.867599 0.034444 0.041118
0 0.757778 0.702303 0.031111 0.042763
0 0.138333 0.787007 0.032222 0.041118
0 0.137222 0.499178 0.034444 0.041118
0 0.601111 0.412007 0.033333 0.041118
0 0.240556 0.787007 0.036667 0.041118
0 0.436111 0.287007 0.018889 0.027961
0 0.150556 0.329770 0.021111 0.034539
0 0.913333 0.862664 0.033333 0.044408
0 0.150000 0.371711 0.020000 0.032895
0 0.137222 0.749178 0.032222 0.037829
0 0.498889 0.245066 0.042222 0.039474
0 0.083333 0.327303 0.037778 0.046053
0 0.910556 0.363487 0.032222 0.039474
0 0.123333 0.327303 0.022222 0.036184
0 0.913333 0.907895 0.035556 0.039474
0 0.123333 0.287007 0.020000 0.034539
0 0.396667 0.332237 0.033333 0.039474
0 0.460556 0.370066 0.023333 0.029605
0 0.703889 0.329770 0.032222 0.037829
0 0.602778 0.452303 0.034444 0.026316
0 0.909444 0.195724 0.032222 0.039474
0 0.241667 0.579770 0.036667 0.044408
0 0.502222 0.375822 0.040000 0.034539
0 0.501667 0.310855 0.041111 0.039474
0 0.497222 0.146382 0.043333 0.029605
0 0.501667 0.344572 0.043333 0.031250
0 0.498889 0.176809 0.042222 0.034539
0 0.083333 0.291118 0.035556 0.042763
0 0.498333 0.208059 0.043333 0.027961
0 0.500556 0.277138 0.041111 0.027961
0 0.600556 0.249178 0.034444 0.044408
0 0.548333 0.246711 0.036667 0.042763
0 0.240556 0.458882 0.032222 0.042763
0 0.240556 0.371711 0.036667 0.046053
0 0.188333 0.501645 0.036667 0.039474
0 0.755556 0.327303 0.033333 0.042763
0 0.137222 0.541941 0.034444 0.044408
0 0.291111 0.332237 0.033333 0.039474
0 0.600556 0.157895 0.034444 0.049342
0 0.756667 0.407895 0.033333 0.039474
0 0.291667 0.203947 0.036667 0.042763
0 0.085556 0.459704 0.033333 0.044408
0 0.188333 0.461349 0.034444 0.041118
0 0.702222 0.287007 0.033333 0.047697
0 0.291667 0.371711 0.032222 0.039474
0 0.241111 0.501645 0.033333 0.039474
0 0.548333 0.289474 0.034444 0.039474
0 0.189444 0.416941 0.032222 0.047697
0 0.549444 0.157895 0.036667 0.046053
0 0.650000 0.246711 0.031111 0.046053
0 0.241111 0.621711 0.033333 0.042763
0 0.756111 0.449836 0.032222 0.044408
0 0.137778 0.458882 0.033333 0.042763
0 0.548333 0.204770 0.032222 0.041118
0 0.650556 0.157895 0.036667 0.046053
0 0.240556 0.416941 0.032222 0.044408
0 0.752222 0.155428 0.035556 0.047697
0 0.754444 0.287007 0.031111 0.041118
0 0.396667 0.289474 0.035556 0.046053
0 0.447778 0.249178 0.033333 0.044408
0 0.650556 0.202303 0.032222 0.039474
0 0.753333 0.245066 0.033333 0.046053
0 0.704444 0.453947 0.031111 0.042763
0 0.754444 0.200658 0.033333 0.042763
