0 0.098333 0.825123 0.023333 0.034483
0 0.087222 0.373563 0.038889 0.044335
0 0.073889 0.455665 0.021111 0.037767
0 0.098889 0.454023 0.022222 0.037767
0 0.913889 0.334975 0.032222 0.039409
0 0.798889 0.457307 0.020000 0.034483
0 0.097222 0.784072 0.023333 0.034483
0 0.071111 0.743842 0.022222 0.032841
0 0.822222 0.458128 0.022222 0.036125
0 0.088333 0.292282 0.038889 0.045977
0 0.822222 0.418719 0.020000 0.032841
0 0.073333 0.783251 0.022222 0.036125
0 0.098333 0.866174 0.021111 0.037767
0 0.072778 0.866995 0.025556 0.036125
0 0.072222 0.412972 0.022222 0.034483
0 0.757222 0.252053 0.034444 0.031199
0 0.072778 0.823481 0.023333 0.034483
0 0.098889 0.743842 0.022222 0.036125
0 0.861667 0.334154 0.034444 0.034483
0 0.912778 0.254516 0.036667 0.032841
0 0.073333 0.910509 0.024444 0.037767
0 0.098889 0.911330 0.022222 0.036125
0 0.861111 0.416256 0.037778 0.027915
0 0.087222 0.331691 0.034444 0.036125
0 0.098333 0.415435 0.023333 0.032841
0 0.860556 0.250411 0.036667 0.047619
0 0.757222 0.207718 0.036667 0.054187
0 0.808333 0.293103 0.036667 0.050903
0 0.912222 0.208539 0.035556 0.052545
0 0.808333 0.374384 0.034444 0.049261
0 0.141667 0.291461 0.036667 0.044335
0 0.757222 0.375205 0.036667 0.044335
0 0.861667 0.295567 0.034444 0.042693
0 0.757222 0.293103 0.034444 0.047619
0 0.139444 0.372742 0.036667 0.042693
0 0.140000 0.332512 0.037778 0.041051
0 0.912222 0.374384 0.035556 0.042693
0 0.757778 0.334154 0.035556 0.037767
0 0.085556 0.616585 0.035556 0.047619
0 0.138333 0.618227 0.034444 0.047619
0 0.861667 0.374384 0.036667 0.045977
0 0.137222 0.663383 0.034444 0.042693
0 0.085556 0.661741 0.037778 0.042693
0 0.912222 0.291461 0.035556 0.044335
0 0.085556 0.706076 0.037778 0.045977
0 0.797222 0.416256 0.021111 0.031199
0 0.097778 0.495895 0.026667 0.039409
0 0.137778 0.705255 0.037778 0.044335
