0 0.885625 0.533228 0.033750 0.034810
0 0.830000 0.596519 0.032500 0.031646
0 0.885000 0.818038 0.032500 0.031646
0 0.831250 0.623418 0.035000 0.041139
0 0.511875 0.600475 0.021250 0.023734
0 0.774375 0.503165 0.033750 0.028481
0 0.885625 0.595728 0.033750 0.033228
0 0.513125 0.697785 0.018750 0.022152
0 0.513750 0.878956 0.020000 0.023734
0 0.830000 0.724684 0.032500 0.031646
0 0.885000 0.658228 0.035000 0.034810
0 0.830625 0.753165 0.031250 0.031646
0 0.389375 0.474684 0.033750 0.028481
0 0.111250 0.409019 0.032500 0.033228
0 0.830000 0.470728 0.032500 0.033228
0 0.885625 0.883703 0.033750 0.033228
0 0.511875 0.676424 0.021250 0.020570
0 0.886250 0.625000 0.035000 0.031646
0 0.510625 0.579114 0.023750 0.018987
0 0.885000 0.784019 0.035000 0.033228
0 0.883750 0.850475 0.035000 0.036392
0 0.886250 0.754747 0.035000 0.028481
0 0.719375 0.352848 0.036250 0.044304
0 0.774375 0.437500 0.033750 0.033228
0 0.775000 0.474684 0.035000 0.037975
0 0.885000 0.691456 0.035000 0.031646
0 0.111875 0.442247 0.028750 0.026899
0 0.831875 0.784810 0.033750 0.034810
0 0.111875 0.629747 0.033750 0.028481
0 0.885625 0.469146 0.031250 0.030063
0 0.388750 0.499209 0.032500 0.033228
0 0.280000 0.596519 0.032500 0.031646
0 0.223125 0.692247 0.028750 0.023734
0 0.513125 0.855222 0.021250 0.023734
0 0.830000 0.818038 0.032500 0.031646
0 0.885000 0.722310 0.035000 0.036392
0 0.113125 0.659019 0.033750 0.033228
0 0.277500 0.725475 0.032500 0.033228
0 0.885625 0.437500 0.031250 0.030063
0 0.112500 0.850475 0.032500 0.033228
0 0.223750 0.630538 0.032500 0.023734
0 0.111875 0.821203 0.031250 0.031646
0 0.831250 0.500000 0.032500 0.031646
0 0.664375 0.818038 0.033750 0.025316
0 0.885625 0.404272 0.036250 0.036392
0 0.168750 0.409019 0.030000 0.026899
0 0.829375 0.881329 0.033750 0.031646
0 0.830000 0.692247 0.035000 0.033228
0 0.829375 0.659019 0.033750 0.033228
0 0.775000 0.596519 0.032500 0.028481
0 0.443750 0.818038 0.030000 0.025316
0 0.829375 0.850475 0.033750 0.033228
0 0.665000 0.375000 0.030000 0.034810
0 0.720625 0.503165 0.031250 0.028481
0 0.278125 0.693829 0.033750 0.036392
0 0.444375 0.470728 0.033750 0.033228
0 0.280000 0.504747 0.030000 0.028481
0 0.111875 0.788766 0.031250 0.033228
0 0.279375 0.818038 0.031250 0.031646
0 0.280000 0.788766 0.030000 0.033228
0 0.720625 0.471519 0.031250 0.031646
0 0.665625 0.500000 0.033750 0.028481
0 0.112500 0.756329 0.032500 0.031646
0 0.168750 0.787975 0.032500 0.031646
0 0.279375 0.567247 0.031250 0.033228
0 0.388750 0.850475 0.032500 0.033228
0 0.333750 0.659019 0.032500 0.033228
0 0.333750 0.884494 0.037500 0.031646
0 0.665000 0.471519 0.032500 0.031646
0 0.278750 0.659810 0.035000 0.034810
0 0.389375 0.443038 0.036250 0.034810
0 0.335000 0.817247 0.035000 0.033228
0 0.664375 0.787184 0.033750 0.030063
0 0.610000 0.628956 0.032500 0.033228
0 0.335000 0.721519 0.032500 0.031646
0 0.278750 0.884494 0.035000 0.034810
0 0.224375 0.724684 0.033750 0.037975
0 0.610625 0.408228 0.031250 0.028481
0 0.610000 0.818038 0.032500 0.031646
0 0.555000 0.628956 0.030000 0.033228
0 0.111875 0.534810 0.033750 0.031646
0 0.168125 0.505538 0.033750 0.030063
0 0.389375 0.883703 0.033750 0.033228
0 0.223750 0.818829 0.032500 0.033228
0 0.223125 0.566456 0.033750 0.028481
0 0.664375 0.753956 0.033750 0.033228
0 0.333750 0.471519 0.032500 0.028481
0 0.610000 0.595728 0.032500 0.033228
0 0.333750 0.500000 0.032500 0.031646
0 0.720000 0.563291 0.035000 0.037975
0 0.665000 0.849684 0.035000 0.034810
0 0.388750 0.754747 0.032500 0.034810
0 0.445000 0.693038 0.032500 0.028481
0 0.223125 0.503956 0.033750 0.033228
0 0.444375 0.722310 0.033750 0.030063
0 0.168125 0.755538 0.033750 0.033228
0 0.333750 0.692247 0.032500 0.033228
0 0.333750 0.851266 0.032500 0.034810
0 0.111250 0.504747 0.032500 0.034810
0 0.775000 0.566456 0.035000 0.034810
0 0.333125 0.567247 0.036250 0.033228
0 0.389375 0.659019 0.031250 0.030063
0 0.278750 0.442247 0.035000 0.030063
0 0.333750 0.409019 0.032500 0.033228
0 0.665000 0.628956 0.032500 0.030063
0 0.390000 0.375000 0.032500 0.031646
0 0.553750 0.852848 0.032500 0.034810
0 0.665000 0.531646 0.035000 0.034810
0 0.279375 0.409810 0.031250 0.031646
0 0.333750 0.375000 0.037500 0.034810
0 0.389375 0.629747 0.031250 0.034810
0 0.223125 0.472310 0.033750 0.030063
0 0.112500 0.725475 0.035000 0.036392
0 0.665000 0.659019 0.032500 0.033228
0 0.553750 0.787975 0.032500 0.037975
0 0.610000 0.469937 0.032500 0.031646
0 0.553750 0.821994 0.032500 0.033228
0 0.168125 0.722310 0.033750 0.033228
0 0.167500 0.477057 0.032500 0.033228
0 0.610625 0.659019 0.033750 0.033228
0 0.223125 0.662184 0.033750 0.036392
0 0.445000 0.408228 0.030000 0.028481
0 0.333125 0.441456 0.033750 0.031646
0 0.610000 0.692247 0.032500 0.033228
0 0.555000 0.532437 0.030000 0.030063
0 0.388750 0.408228 0.035000 0.034810
0 0.553125 0.595728 0.031250 0.033228
0 0.388750 0.692247 0.032500 0.033228
0 0.610000 0.503165 0.032500 0.034810
0 0.445000 0.565665 0.032500 0.033228
0 0.333750 0.534019 0.032500 0.033228
0 0.168125 0.443038 0.033750 0.037975
0 0.555000 0.562500 0.032500 0.033228
0 0.610625 0.375000 0.033750 0.034810
0 0.223125 0.599684 0.036250 0.037975
0 0.553750 0.375791 0.035000 0.036392
0 0.389375 0.595728 0.033750 0.033228
0 0.511875 0.658228 0.021250 0.018987
0 0.499375 0.507120 0.038750 0.026899
0 0.511875 0.620253 0.021250 0.022152
0 0.499375 0.376582 0.033750 0.015823
0 0.499375 0.789557 0.031250 0.025316
0 0.499375 0.454905 0.031250 0.033228
0 0.511875 0.640823 0.021250 0.018987
0 0.499375 0.421677 0.033750 0.033228
0 0.886250 0.500791 0.035000 0.030063
0 0.885000 0.564873 0.030000 0.028481
0 0.499375 0.394778 0.028750 0.020570
0 0.500000 0.530854 0.030000 0.020570
0 0.500000 0.546677 0.027500 0.007911
0 0.498125 0.805380 0.031250 0.006329
0 0.445000 0.788766 0.032500 0.033228
0 0.112500 0.885285 0.035000 0.033228
0 0.443750 0.503165 0.032500 0.031646
0 0.610000 0.563291 0.032500 0.031646
0 0.277500 0.755538 0.032500 0.030063
0 0.223750 0.409019 0.032500 0.023734
0 0.721250 0.533228 0.032500 0.028481
0 0.168125 0.818829 0.033750 0.030063
0 0.389375 0.817247 0.033750 0.033228
0 0.775000 0.625791 0.035000 0.039557
0 0.830625 0.438291 0.031250 0.031646
0 0.111875 0.690665 0.031250 0.030063
0 0.443125 0.754747 0.031250 0.034810
0 0.444375 0.628956 0.031250 0.033228
0 0.278750 0.850475 0.030000 0.033228
0 0.831250 0.408228 0.032500 0.034810
0 0.775625 0.408228 0.033750 0.034810
0 0.775625 0.532437 0.033750 0.033228
0 0.224375 0.758703 0.033750 0.030063
0 0.224375 0.885285 0.036250 0.033228
0 0.111250 0.471519 0.032500 0.031646
0 0.389375 0.784810 0.033750 0.031646
0 0.443125 0.884494 0.036250 0.031646
0 0.333750 0.629747 0.032500 0.028481
0 0.553750 0.721519 0.032500 0.031646
0 0.553750 0.885285 0.032500 0.026899
0 0.719375 0.442247 0.033750 0.030063
0 0.333750 0.784810 0.032500 0.031646
0 0.168125 0.596519 0.031250 0.031646
0 0.553125 0.754747 0.028750 0.028481
0 0.665625 0.443038 0.031250 0.028481
0 0.555625 0.500000 0.031250 0.031646
0 0.610625 0.534019 0.031250 0.033228
0 0.278750 0.533228 0.035000 0.034810
0 0.112500 0.565665 0.032500 0.030063
0 0.223750 0.852057 0.032500 0.033228
0 0.388750 0.562500 0.032500 0.026899
0 0.555625 0.470728 0.033750 0.033228
0 0.663750 0.721519 0.032500 0.031646
0 0.335000 0.754747 0.032500 0.034810
0 0.223750 0.788766 0.032500 0.033228
0 0.444375 0.534019 0.031250 0.033228
0 0.168125 0.852057 0.033750 0.036392
0 0.168125 0.567247 0.028750 0.030063
0 0.167500 0.628956 0.032500 0.033228
0 0.830000 0.532437 0.032500 0.033228
0 0.610000 0.884494 0.032500 0.031646
0 0.555000 0.408228 0.035000 0.028481
0 0.111875 0.597310 0.033750 0.033228
0 0.278750 0.628956 0.032500 0.033228
0 0.553750 0.693829 0.032500 0.030063
0 0.445625 0.375000 0.036250 0.034810
0 0.610625 0.437500 0.031250 0.030063
0 0.443125 0.851266 0.033750 0.034810
0 0.555000 0.659810 0.032500 0.034810
0 0.830000 0.566456 0.032500 0.034810
0 0.664375 0.692247 0.031250 0.033228
0 0.168750 0.693038 0.030000 0.028481
0 0.388750 0.725475 0.032500 0.030063
0 0.664375 0.884494 0.033750 0.031646
0 0.609375 0.722310 0.031250 0.030063
0 0.609375 0.788766 0.033750 0.033228
0 0.610000 0.851266 0.032500 0.034810
0 0.167500 0.380538 0.032500 0.033228
0 0.444375 0.438291 0.031250 0.031646
0 0.168125 0.662184 0.031250 0.033228
0 0.665625 0.563291 0.033750 0.031646
0 0.719375 0.409019 0.033750 0.039557
0 0.223125 0.534019 0.033750 0.033228
0 0.445000 0.662975 0.032500 0.034810
0 0.665000 0.408228 0.032500 0.034810
0 0.278750 0.472310 0.035000 0.033228
0 0.665000 0.595728 0.032500 0.033228
0 0.555000 0.440665 0.035000 0.033228
0 0.224375 0.378165 0.033750 0.037975
0 0.388750 0.533228 0.032500 0.034810
0 0.333125 0.597310 0.036250 0.033228
0 0.609375 0.754747 0.031250 0.034810
0 0.280000 0.375000 0.035000 0.034810
0 0.223750 0.441456 0.032500 0.034810
0 0.444375 0.596519 0.033750 0.031646
0 0.167500 0.534810 0.032500 0.031646
