0 0.243333 0.789474 0.033333 0.039474
0 0.812222 0.707237 0.035556 0.042763
0 0.089444 0.289474 0.036667 0.039474
0 0.554444 0.749178 0.031111 0.041118
0 0.863333 0.537007 0.037778 0.047697
0 0.915556 0.537007 0.035556 0.044408
0 0.811111 0.537007 0.033333 0.044408
0 0.140556 0.496711 0.036667 0.042763
0 0.862222 0.622533 0.033333 0.037829
0 0.862778 0.662007 0.036667 0.044408
0 0.812778 0.664474 0.032222 0.039474
0 0.862222 0.289474 0.035556 0.039474
0 0.088333 0.538651 0.034444 0.037829
0 0.139444 0.452303 0.036667 0.042763
0 0.605556 0.749178 0.037778 0.044408
0 0.915556 0.577303 0.033333 0.039474
0 0.862778 0.579770 0.034444 0.041118
0 0.862778 0.707237 0.036667 0.042763
0 0.605000 0.914474 0.038889 0.046053
0 0.606667 0.496711 0.035556 0.039474
0 0.141111 0.287007 0.033333 0.037829
0 0.912222 0.202303 0.035556 0.039474
0 0.347222 0.832237 0.036667 0.039474
0 0.811111 0.579770 0.033333 0.037829
0 0.399444 0.872533 0.032222 0.044408
0 0.139444 0.788651 0.032222 0.037829
0 0.914444 0.291941 0.033333 0.041118
0 0.914444 0.412007 0.033333 0.041118
0 0.606667 0.703947 0.035556 0.042763
0 0.553333 0.832237 0.033333 0.039474
0 0.760556 0.412007 0.032222 0.037829
0 0.140556 0.914474 0.036667 0.046053
0 0.555556 0.663651 0.035556 0.037829
0 0.399444 0.787007 0.030000 0.041118
0 0.605556 0.871711 0.033333 0.039474
0 0.347222 0.871711 0.036667 0.039474
0 0.864444 0.827303 0.033333 0.046053
0 0.089444 0.497533 0.036667 0.044408
0 0.089444 0.454770 0.032222 0.041118
0 0.760556 0.329770 0.036667 0.041118
0 0.140556 0.872533 0.038889 0.037829
0 0.915556 0.371711 0.035556 0.039474
0 0.863333 0.749178 0.037778 0.041118
0 0.516111 0.746711 0.025556 0.036184
0 0.864444 0.914474 0.037778 0.042763
0 0.087222 0.874178 0.034444 0.044408
0 0.864444 0.871711 0.033333 0.042763
0 0.089444 0.749178 0.038889 0.024671
0 0.554444 0.537007 0.037778 0.027961
0 0.863333 0.787007 0.033333 0.034539
0 0.862778 0.371711 0.036667 0.023026
0 0.088333 0.831414 0.036667 0.037829
0 0.140556 0.539474 0.034444 0.042763
0 0.605556 0.789474 0.037778 0.046053
0 0.554444 0.789474 0.031111 0.042763
0 0.399444 0.746711 0.030000 0.036184
0 0.348333 0.708882 0.036667 0.039474
0 0.090556 0.199836 0.036667 0.054276
0 0.915556 0.329770 0.035556 0.041118
0 0.605556 0.833882 0.037778 0.039474
0 0.555556 0.876645 0.035556 0.042763
0 0.139444 0.579770 0.036667 0.041118
0 0.089444 0.329770 0.038889 0.044408
0 0.862222 0.495066 0.033333 0.039474
0 0.553333 0.707237 0.031111 0.042763
0 0.912778 0.155428 0.036667 0.050987
0 0.090000 0.918586 0.035556 0.047697
0 0.554444 0.624178 0.037778 0.044408
0 0.811667 0.289474 0.034444 0.046053
0 0.605556 0.246711 0.033333 0.042763
0 0.605556 0.204770 0.035556 0.044408
0 0.811667 0.414474 0.034444 0.042763
0 0.812222 0.621711 0.035556 0.046053
0 0.656667 0.249178 0.033333 0.044408
0 0.656667 0.155428 0.033333 0.047697
0 0.811667 0.454770 0.034444 0.044408
0 0.139444 0.622533 0.038889 0.044408
0 0.862778 0.409539 0.036667 0.046053
0 0.810556 0.246711 0.032222 0.039474
0 0.607778 0.582237 0.035556 0.042763
0 0.243333 0.704770 0.035556 0.041118
0 0.656111 0.202303 0.036667 0.046053
0 0.140556 0.829770 0.036667 0.044408
0 0.759444 0.374178 0.036667 0.044408
0 0.142778 0.155428 0.038889 0.041118
0 0.087222 0.622533 0.036667 0.044408
0 0.707778 0.249178 0.035556 0.041118
0 0.140556 0.327303 0.034444 0.046053
0 0.554444 0.457237 0.033333 0.042763
0 0.862222 0.247533 0.035556 0.044408
0 0.088333 0.789474 0.038889 0.046053
0 0.139444 0.707237 0.038889 0.039474
0 0.089444 0.412007 0.036667 0.041118
0 0.913333 0.247533 0.037778 0.044408
0 0.811667 0.333882 0.034444 0.042763
0 0.760556 0.454770 0.034444 0.047697
0 0.915556 0.621711 0.035556 0.046053
0 0.605556 0.157895 0.035556 0.046053
0 0.243333 0.749178 0.033333 0.041118
0 0.142222 0.242599 0.033333 0.044408
0 0.862778 0.202303 0.036667 0.046053
0 0.244444 0.829770 0.037778 0.044408
0 0.088333 0.708882 0.036667 0.046053
0 0.706667 0.204770 0.033333 0.044408
0 0.348333 0.789474 0.036667 0.046053
0 0.139444 0.749178 0.036667 0.041118
0 0.862778 0.454770 0.034444 0.041118
0 0.139444 0.664474 0.036667 0.042763
0 0.606667 0.414474 0.035556 0.042763
0 0.090556 0.246711 0.036667 0.039474
0 0.760556 0.249178 0.034444 0.044408
0 0.606111 0.539474 0.036667 0.042763
0 0.088333 0.664474 0.036667 0.042763
0 0.089444 0.371711 0.036667 0.039474
0 0.605556 0.333882 0.031111 0.039474
0 0.606111 0.457237 0.036667 0.039474
0 0.606667 0.621711 0.035556 0.042763
0 0.761667 0.288651 0.034444 0.037829
0 0.348333 0.746711 0.036667 0.039474
0 0.141667 0.372533 0.034444 0.044408
0 0.605556 0.664474 0.033333 0.042763
0 0.606667 0.374178 0.033333 0.041118
0 0.862222 0.333882 0.037778 0.049342
0 0.862222 0.155428 0.035556 0.047697
0 0.400556 0.707237 0.034444 0.042763
0 0.142778 0.199836 0.036667 0.044408
0 0.760556 0.202303 0.034444 0.046053
0 0.243333 0.918586 0.040000 0.044408
0 0.243333 0.874178 0.037778 0.041118
0 0.811667 0.374178 0.034444 0.037829
0 0.400556 0.916941 0.036667 0.044408
0 0.811667 0.202303 0.034444 0.046053
0 0.088333 0.579770 0.036667 0.041118
0 0.347222 0.914474 0.036667 0.046053
0 0.760556 0.157895 0.034444 0.046053
0 0.760556 0.499178 0.034444 0.044408
0 0.398333 0.827303 0.032222 0.042763
0 0.140556 0.412007 0.032222 0.041118
0 0.914444 0.453947 0.033333 0.042763
0 0.913333 0.496711 0.035556 0.039474
0 0.811667 0.497533 0.034444 0.037829
0 0.555556 0.287007 0.035556 0.047697
0 0.707778 0.157895 0.037778 0.046053
0 0.605556 0.291118 0.033333 0.042763
