0 0.171333 0.892308 0.036000 0.036923
0 0.112000 0.495385 0.032000 0.030769
0 0.170667 0.639231 0.037333 0.035385
0 0.111333 0.458462 0.036000 0.040000
0 0.170667 0.605385 0.037333 0.032308
0 0.112667 0.568462 0.038667 0.035385
0 0.111333 0.346154 0.036000 0.033846
0 0.170000 0.496154 0.036000 0.032308
0 0.170000 0.309231 0.036000 0.036923
0 0.168000 0.569231 0.040000 0.040000
0 0.170667 0.346154 0.037333 0.033846
0 0.113333 0.606154 0.040000 0.040000
0 0.169333 0.530000 0.040000 0.035385
0 0.112667 0.416154 0.038667 0.038462
0 0.112000 0.529231 0.040000 0.036923
0 0.226000 0.272308 0.038667 0.040000
0 0.226667 0.460000 0.037333 0.036923
0 0.224000 0.312308 0.037333 0.036923
0 0.226667 0.386154 0.040000 0.040000
0 0.110667 0.309231 0.040000 0.040000
0 0.170667 0.420000 0.037333 0.040000
0 0.170667 0.272308 0.037333 0.040000
0 0.226000 0.348462 0.036000 0.035385
0 0.226667 0.423077 0.037333 0.036923
0 0.114667 0.820000 0.037333 0.040000
0 0.170000 0.710000 0.036000 0.038462
0 0.114667 0.859231 0.040000 0.038462
0 0.114000 0.676154 0.036000 0.035385
0 0.113333 0.712308 0.040000 0.036923
0 0.113333 0.895385 0.040000 0.036923
0 0.114667 0.782308 0.040000 0.035385
0 0.170667 0.785385 0.037333 0.038462
0 0.114667 0.643077 0.037333 0.033846
0 0.112667 0.382308 0.036000 0.032308
0 0.172667 0.852308 0.038667 0.040000
0 0.170667 0.672308 0.037333 0.033846
0 0.170000 0.460000 0.036000 0.036923
0 0.170000 0.746154 0.036000 0.033846
0 0.114000 0.746154 0.036000 0.030769
0 0.169333 0.382308 0.032000 0.032308
0 0.170000 0.819231 0.038667 0.020000
