0 0.706875 0.339399 0.023750 0.033228
0 0.816250 0.340981 0.022500 0.023734
0 0.831250 0.369462 0.035000 0.026899
0 0.663125 0.341772 0.031250 0.028481
0 0.662500 0.658228 0.035000 0.034810
0 0.706250 0.436709 0.022500 0.028481
0 0.731875 0.532437 0.023750 0.026899
0 0.662500 0.595728 0.035000 0.033228
0 0.843750 0.436709 0.025000 0.034810
0 0.733125 0.469937 0.023750 0.028481
0 0.775625 0.407437 0.033750 0.030063
0 0.733750 0.436709 0.025000 0.034810
0 0.775000 0.373418 0.035000 0.041139
0 0.719375 0.562500 0.036250 0.036392
0 0.732500 0.500000 0.022500 0.028481
0 0.884375 0.595728 0.033750 0.033228
0 0.663750 0.532437 0.032500 0.030063
0 0.883750 0.370253 0.035000 0.037975
0 0.885625 0.407437 0.036250 0.033228
0 0.883750 0.532437 0.032500 0.033228
0 0.828125 0.562500 0.033750 0.036392
0 0.663750 0.403481 0.032500 0.031646
0 0.774375 0.503165 0.033750 0.034810
0 0.884375 0.563291 0.033750 0.031646
0 0.775000 0.469146 0.032500 0.030063
0 0.828750 0.662975 0.035000 0.034810
0 0.718125 0.692247 0.036250 0.039557
0 0.775000 0.437500 0.035000 0.033228
0 0.664375 0.499209 0.031250 0.033228
0 0.664375 0.466772 0.033750 0.031646
0 0.663125 0.435918 0.033750 0.033228
0 0.662500 0.368671 0.032500 0.037975
0 0.703125 0.500000 0.023750 0.031646
0 0.718125 0.628956 0.033750 0.033228
0 0.719375 0.374209 0.031250 0.033228
0 0.705000 0.465981 0.022500 0.023734
0 0.663125 0.692247 0.033750 0.033228
0 0.828750 0.596519 0.035000 0.031646
0 0.814375 0.500791 0.021250 0.033228
0 0.830000 0.401899 0.035000 0.034810
0 0.718125 0.596519 0.033750 0.031646
0 0.885000 0.469146 0.032500 0.030063
0 0.663125 0.755538 0.033750 0.033228
0 0.663125 0.628165 0.033750 0.031646
0 0.718125 0.659019 0.033750 0.033228
0 0.663125 0.562500 0.033750 0.030063
0 0.885625 0.440665 0.033750 0.030063
0 0.732500 0.342563 0.025000 0.030063
0 0.843750 0.340190 0.022500 0.028481
0 0.885000 0.500000 0.032500 0.028481
0 0.815625 0.436709 0.021250 0.028481
0 0.843750 0.469146 0.022500 0.026899
0 0.842500 0.533228 0.025000 0.028481
0 0.815000 0.465981 0.020000 0.026899
0 0.661875 0.724684 0.033750 0.034810
0 0.843125 0.500000 0.023750 0.028481
0 0.718750 0.404272 0.032500 0.030063
0 0.828125 0.628956 0.033750 0.030063
