0 0.127222 0.821839 0.021111 0.034483
0 0.902778 0.908867 0.023333 0.034483
0 0.152222 0.779967 0.022222 0.032841
0 0.128889 0.738916 0.022222 0.032841
0 0.153333 0.824302 0.022222 0.039409
0 0.927778 0.911330 0.022222 0.036125
0 0.925000 0.405583 0.021111 0.032841
0 0.926111 0.866174 0.023333 0.037767
0 0.127222 0.779146 0.023333 0.037767
0 0.926667 0.783251 0.022222 0.032841
0 0.177222 0.445813 0.023333 0.031199
0 0.926111 0.823481 0.023333 0.034483
0 0.925556 0.444171 0.022222 0.037767
0 0.901667 0.866174 0.023333 0.037767
0 0.926667 0.743021 0.022222 0.034483
0 0.205000 0.572250 0.021111 0.031199
0 0.087222 0.364532 0.034444 0.045977
0 0.295556 0.701970 0.033333 0.050903
0 0.901111 0.823481 0.022222 0.034483
0 0.180556 0.573071 0.021111 0.029557
0 0.503333 0.128900 0.046667 0.037767
0 0.902778 0.742200 0.023333 0.032841
0 0.178333 0.488506 0.021111 0.037767
0 0.503333 0.164204 0.046667 0.036125
0 0.205000 0.445813 0.021111 0.031199
0 0.902222 0.781609 0.022222 0.032841
0 0.192778 0.362890 0.036667 0.045977
0 0.191667 0.700328 0.032222 0.044335
0 0.088333 0.321018 0.036667 0.041051
0 0.206667 0.530378 0.022222 0.032841
0 0.204444 0.407225 0.020000 0.036125
0 0.141667 0.700328 0.038889 0.044335
0 0.206667 0.490148 0.024444 0.041051
0 0.346667 0.701970 0.035556 0.050903
0 0.089444 0.655172 0.038889 0.039409
0 0.192778 0.276683 0.034444 0.044335
0 0.140556 0.363711 0.032222 0.044335
0 0.296667 0.659278 0.033333 0.041051
0 0.140556 0.659278 0.034444 0.041051
0 0.089444 0.610016 0.038889 0.047619
0 0.913333 0.699507 0.035556 0.042693
0 0.295556 0.614943 0.033333 0.047619
0 0.243333 0.655172 0.033333 0.039409
0 0.913333 0.659278 0.033333 0.041051
0 0.178333 0.404762 0.023333 0.037767
0 0.140556 0.321839 0.034444 0.042693
0 0.243333 0.697044 0.033333 0.047619
0 0.190556 0.614122 0.036667 0.045977
0 0.346111 0.656814 0.034444 0.042693
0 0.244444 0.318555 0.033333 0.042693
0 0.192778 0.319376 0.034444 0.041051
0 0.140556 0.276683 0.036667 0.044335
0 0.140556 0.611658 0.036667 0.050903
0 0.243333 0.362890 0.035556 0.045977
0 0.243333 0.270115 0.035556 0.057471
0 0.296667 0.275862 0.033333 0.045977
0 0.912222 0.321018 0.031111 0.041051
0 0.347222 0.614122 0.036667 0.049261
0 0.087222 0.277504 0.038889 0.045977
0 0.295556 0.320197 0.033333 0.042693
0 0.913333 0.614122 0.035556 0.045977
0 0.191667 0.659278 0.034444 0.041051
0 0.243333 0.611658 0.033333 0.047619
0 0.346111 0.363711 0.036667 0.047619
0 0.347222 0.319376 0.036667 0.041051
0 0.913889 0.362890 0.032222 0.045977
0 0.554444 0.187192 0.033333 0.052545
0 0.348333 0.275041 0.032222 0.047619
0 0.913333 0.275862 0.033333 0.045977
0 0.502222 0.198686 0.046667 0.032841
0 0.152778 0.741379 0.021111 0.031199
0 0.152222 0.866995 0.024444 0.036125
0 0.295556 0.365353 0.035556 0.050903
0 0.180556 0.533662 0.023333 0.036125
0 0.090556 0.697865 0.036667 0.049261
