0 0.138333 0.204770 0.036667 0.044408
0 0.242222 0.246711 0.033333 0.039474
0 0.086111 0.247533 0.034444 0.037829
0 0.295556 0.247533 0.033333 0.037829
0 0.294444 0.202303 0.033333 0.052632
0 0.346111 0.157072 0.034444 0.044408
0 0.242222 0.289474 0.035556 0.046053
0 0.451667 0.289474 0.034444 0.042763
0 0.346111 0.289474 0.032222 0.042763
0 0.398333 0.289474 0.036667 0.042763
0 0.086111 0.289474 0.036667 0.046053
0 0.450556 0.242599 0.032222 0.047697
0 0.398889 0.157895 0.037778 0.046053
0 0.397778 0.202303 0.035556 0.039474
0 0.140556 0.157895 0.036667 0.046053
0 0.190556 0.246711 0.034444 0.039474
0 0.346111 0.202303 0.034444 0.042763
0 0.295556 0.289474 0.035556 0.046053
0 0.191667 0.157895 0.036667 0.046053
0 0.087222 0.202303 0.036667 0.052632
0 0.138333 0.293586 0.034444 0.044408
0 0.190556 0.289474 0.036667 0.046053
0 0.190556 0.203947 0.036667 0.042763
0 0.139444 0.249178 0.038889 0.044408
0 0.347222 0.247533 0.036667 0.044408
0 0.398889 0.247533 0.037778 0.044408
