0 0.900556 0.655684 0.023333 0.029654
0 0.566667 0.869852 0.024444 0.032949
0 0.875556 0.784185 0.022222 0.036244
0 0.098889 0.747941 0.022222 0.036244
0 0.098333 0.787479 0.023333 0.036244
0 0.139444 0.367381 0.036667 0.042834
0 0.566111 0.911862 0.023333 0.028007
0 0.308333 0.869852 0.023333 0.036244
0 0.899444 0.700165 0.023333 0.036244
0 0.926111 0.700165 0.023333 0.032949
0 0.900556 0.741351 0.021111 0.032949
0 0.926111 0.658979 0.023333 0.032949
0 0.900556 0.617792 0.023333 0.032949
0 0.873889 0.411862 0.021111 0.032949
0 0.925000 0.616969 0.021111 0.031301
0 0.926111 0.742175 0.023333 0.034596
0 0.926667 0.783361 0.026667 0.037891
0 0.875556 0.745470 0.022222 0.031301
0 0.540556 0.909390 0.021111 0.032949
0 0.848333 0.745470 0.021111 0.034596
0 0.900000 0.408567 0.020000 0.032949
0 0.925556 0.574959 0.022222 0.032949
0 0.872222 0.533773 0.024444 0.036244
0 0.924444 0.411862 0.022222 0.032949
0 0.925556 0.532125 0.024444 0.029654
0 0.900556 0.575783 0.021111 0.034596
0 0.540556 0.869028 0.021111 0.031301
0 0.190556 0.242175 0.036667 0.032949
0 0.873333 0.449753 0.022222 0.036244
0 0.900556 0.449753 0.021111 0.036244
0 0.923333 0.449753 0.022222 0.032949
0 0.925556 0.490939 0.022222 0.036244
0 0.900556 0.490939 0.021111 0.029654
0 0.307222 0.828666 0.023333 0.036244
0 0.900556 0.532125 0.021111 0.032949
0 0.138333 0.323723 0.036667 0.041186
0 0.281111 0.827018 0.022222 0.032949
0 0.566667 0.829489 0.024444 0.037891
0 0.540556 0.831137 0.023333 0.034596
0 0.873333 0.491763 0.024444 0.034596
0 0.848333 0.491763 0.021111 0.034596
0 0.848333 0.410214 0.023333 0.032949
0 0.860556 0.699341 0.036667 0.044481
0 0.086667 0.660626 0.037778 0.039539
0 0.860556 0.613674 0.032222 0.044481
0 0.911111 0.369852 0.037778 0.041186
0 0.139444 0.283361 0.032222 0.042834
0 0.848889 0.449753 0.022222 0.036244
0 0.910556 0.327018 0.036667 0.044481
0 0.086667 0.284185 0.035556 0.047776
0 0.085000 0.703460 0.038889 0.046129
0 0.190556 0.194399 0.034444 0.056013
0 0.086667 0.325371 0.035556 0.041186
0 0.086667 0.616145 0.037778 0.049423
0 0.757778 0.366557 0.035556 0.041186
0 0.807778 0.241351 0.033333 0.041186
0 0.860556 0.658979 0.034444 0.042834
0 0.807222 0.196870 0.034444 0.051071
0 0.807222 0.285008 0.032222 0.039539
0 0.911667 0.282537 0.036667 0.047776
0 0.757778 0.325371 0.035556 0.044481
0 0.086667 0.368204 0.037778 0.047776
0 0.858333 0.369852 0.034444 0.041186
0 0.190556 0.325371 0.038889 0.044481
0 0.808333 0.325371 0.036667 0.044481
0 0.860556 0.284185 0.034444 0.044481
0 0.757778 0.285008 0.031111 0.039539
0 0.138333 0.239703 0.034444 0.047776
0 0.859444 0.327018 0.036667 0.044481
0 0.756667 0.241351 0.033333 0.047776
