0 0.172000 0.660217 0.032000 0.032508
0 0.174667 0.484520 0.032000 0.037152
0 0.173333 0.440402 0.032000 0.032508
0 0.176000 0.816563 0.037333 0.038700
0 0.231333 0.886223 0.036000 0.047988
0 0.173333 0.537152 0.034667 0.037152
0 0.174667 0.579721 0.037333 0.038700
0 0.230000 0.817337 0.041333 0.040248
0 0.285333 0.319659 0.037333 0.041796
0 0.172000 0.324303 0.034667 0.041796
0 0.230000 0.540248 0.038667 0.046440
0 0.232000 0.745356 0.040000 0.044892
0 0.176000 0.885449 0.042667 0.046440
0 0.174000 0.623065 0.036000 0.035604
0 0.114667 0.361455 0.042667 0.038700
0 0.172000 0.397059 0.037333 0.038700
0 0.174000 0.744582 0.038667 0.040248
0 0.116000 0.321207 0.040000 0.041796
0 0.189333 0.783282 0.024000 0.027864
0 0.245333 0.784830 0.024000 0.027864
0 0.174667 0.696594 0.032000 0.034056
0 0.230000 0.645511 0.038667 0.049536
0 0.229333 0.431115 0.040000 0.041796
0 0.284000 0.361455 0.040000 0.041796
0 0.229333 0.319659 0.040000 0.044892
