0 0.872222 0.742175 0.022222 0.034596
0 0.903333 0.779242 0.022222 0.029654
0 0.643889 0.406919 0.018889 0.029654
0 0.927778 0.822076 0.022222 0.036244
0 0.927778 0.780066 0.022222 0.034596
0 0.848333 0.281713 0.021111 0.029654
0 0.926111 0.530478 0.023333 0.032949
0 0.667222 0.448105 0.023333 0.032949
0 0.849444 0.741351 0.021111 0.032949
0 0.849444 0.780066 0.021111 0.034596
0 0.770556 0.446458 0.023333 0.036244
0 0.872222 0.324547 0.024444 0.036244
0 0.900556 0.405272 0.021111 0.032949
0 0.901111 0.488468 0.022222 0.034596
0 0.642222 0.446458 0.020000 0.032949
0 0.925000 0.445634 0.021111 0.034596
0 0.822222 0.325371 0.020000 0.031301
0 0.912778 0.698517 0.036667 0.042834
0 0.797222 0.325371 0.021111 0.031301
0 0.770556 0.408567 0.023333 0.032949
0 0.926111 0.407743 0.021111 0.031301
0 0.821111 0.284185 0.022222 0.034596
0 0.707778 0.700165 0.035556 0.052718
0 0.759444 0.700165 0.036667 0.042834
0 0.912222 0.654860 0.035556 0.041186
0 0.900556 0.447282 0.025556 0.037891
0 0.912222 0.366557 0.033333 0.041186
0 0.927778 0.487644 0.024444 0.032949
0 0.861667 0.696870 0.034444 0.046129
0 0.655556 0.700988 0.035556 0.047776
0 0.667222 0.408567 0.023333 0.032949
0 0.758333 0.658155 0.034444 0.041186
0 0.707778 0.612026 0.035556 0.047776
0 0.655556 0.367381 0.035556 0.046129
0 0.809444 0.700988 0.036667 0.047776
0 0.655556 0.656507 0.033333 0.044481
0 0.810556 0.658979 0.034444 0.042834
0 0.656667 0.612026 0.035556 0.047776
0 0.860556 0.654860 0.032222 0.041186
0 0.912778 0.282537 0.036667 0.047776
0 0.912222 0.611203 0.035556 0.046129
0 0.860556 0.610379 0.034444 0.044481
0 0.758333 0.613674 0.036667 0.047776
0 0.757222 0.364909 0.036667 0.047776
0 0.757222 0.280890 0.034444 0.044481
0 0.655556 0.280890 0.033333 0.044481
0 0.912778 0.325371 0.034444 0.041186
0 0.655556 0.325371 0.033333 0.041186
0 0.810556 0.612026 0.032222 0.047776
0 0.705556 0.280890 0.033333 0.044481
0 0.705556 0.325371 0.033333 0.041186
0 0.705556 0.368204 0.033333 0.047776
0 0.902778 0.820428 0.023333 0.032949
0 0.851667 0.863262 0.023333 0.032949
0 0.902222 0.864086 0.024444 0.034596
0 0.927778 0.741351 0.022222 0.036244
0 0.873889 0.783361 0.021111 0.034596
0 0.872222 0.281713 0.022222 0.029654
0 0.822778 0.364086 0.023333 0.032949
0 0.850556 0.822076 0.023333 0.032949
0 0.903333 0.908567 0.024444 0.037891
0 0.875000 0.864909 0.021111 0.032949
0 0.927222 0.908567 0.023333 0.034596
0 0.850556 0.905272 0.023333 0.034596
0 0.796667 0.280066 0.022222 0.032949
0 0.927222 0.863262 0.023333 0.036244
0 0.902222 0.738056 0.024444 0.032949
