0 0.123333 0.822900 0.022222 0.034596
0 0.242778 0.359143 0.038889 0.029654
0 0.123333 0.738056 0.022222 0.032949
0 0.097222 0.738056 0.021111 0.032949
0 0.150556 0.863262 0.023333 0.036244
0 0.150556 0.777595 0.021111 0.032949
0 0.150000 0.738880 0.022222 0.034596
0 0.097222 0.776771 0.023333 0.034596
0 0.072222 0.738880 0.024444 0.034596
0 0.072222 0.777595 0.024444 0.032949
0 0.150000 0.822076 0.022222 0.039539
0 0.124444 0.776771 0.022222 0.037891
0 0.295556 0.233114 0.033333 0.041186
0 0.136111 0.697694 0.038889 0.041186
0 0.084444 0.652389 0.040000 0.039539
0 0.084444 0.694399 0.040000 0.047776
0 0.098333 0.485173 0.023333 0.031301
0 0.072222 0.485997 0.022222 0.032949
0 0.098333 0.527183 0.023333 0.036244
0 0.072222 0.403624 0.024444 0.032949
0 0.072222 0.443163 0.024444 0.029654
0 0.912222 0.279242 0.035556 0.041186
0 0.099444 0.403624 0.021111 0.032949
0 0.136667 0.655684 0.035556 0.042834
0 0.912222 0.241351 0.035556 0.041186
0 0.294444 0.274300 0.031111 0.037891
0 0.188333 0.696870 0.036667 0.046129
0 0.098333 0.443163 0.025556 0.032949
0 0.139444 0.275124 0.036667 0.046129
0 0.086667 0.318781 0.035556 0.041186
0 0.188333 0.654860 0.034444 0.041186
0 0.085556 0.610379 0.037778 0.051071
0 0.191667 0.274300 0.036667 0.044481
0 0.087222 0.275124 0.036667 0.046129
0 0.086667 0.359967 0.037778 0.041186
0 0.242222 0.317133 0.035556 0.044481
0 0.293333 0.318781 0.035556 0.044481
0 0.295556 0.186985 0.033333 0.047776
0 0.243889 0.275947 0.032222 0.041186
0 0.912778 0.323723 0.036667 0.047776
0 0.137778 0.610379 0.035556 0.051071
0 0.912778 0.194399 0.036667 0.052718
0 0.243333 0.229819 0.033333 0.047776
0 0.138333 0.356672 0.036667 0.051071
0 0.189444 0.610379 0.038889 0.051071
0 0.190556 0.355025 0.036667 0.051071
