0 0.191667 0.492623 0.038889 0.050820
0 0.192778 0.680328 0.034444 0.049180
0 0.296667 0.447541 0.033333 0.052459
0 0.243333 0.346721 0.033333 0.044262
0 0.348333 0.750820 0.036667 0.052459
0 0.348333 0.875410 0.032222 0.039344
0 0.296111 0.750820 0.036667 0.049180
0 0.348333 0.916393 0.032222 0.042623
0 0.296667 0.377869 0.035556 0.050820
0 0.194444 0.918852 0.040000 0.047541
0 0.192778 0.362295 0.036667 0.049180
0 0.347222 0.447541 0.034444 0.049180
0 0.201667 0.790164 0.027778 0.036066
0 0.348333 0.304918 0.032222 0.049180
0 0.192778 0.620492 0.036667 0.050820
0 0.191667 0.425410 0.036667 0.050820
0 0.911667 0.348361 0.036667 0.040984
0 0.347222 0.605738 0.036667 0.047541
0 0.192778 0.304918 0.034444 0.049180
0 0.295556 0.525410 0.033333 0.047541
0 0.297778 0.669672 0.037778 0.050820
0 0.911667 0.303279 0.032222 0.042623
0 0.245556 0.304918 0.033333 0.042623
0 0.295556 0.305738 0.033333 0.047541
0 0.348333 0.831148 0.034444 0.045902
0 0.191667 0.563934 0.036667 0.052459
0 0.308333 0.792623 0.021111 0.031148
0 0.359444 0.793443 0.021111 0.029508
0 0.503333 0.168033 0.042222 0.034426
0 0.193333 0.833607 0.037778 0.047541
0 0.192222 0.746721 0.035556 0.047541
0 0.192222 0.875410 0.033333 0.042623
0 0.297778 0.597541 0.033333 0.047541
0 0.502222 0.203279 0.042222 0.039344
0 0.297222 0.832787 0.034444 0.042623
0 0.296111 0.913934 0.038889 0.047541
