0 0.653889 0.446458 0.032222 0.042834
0 0.084444 0.154860 0.031111 0.046129
0 0.910556 0.365733 0.036667 0.039539
0 0.499444 0.485997 0.041111 0.032949
0 0.513333 0.738880 0.022222 0.031301
0 0.500556 0.274300 0.047778 0.031301
0 0.499444 0.205931 0.050000 0.029654
0 0.501667 0.341021 0.045556 0.029654
0 0.138333 0.615321 0.032222 0.041186
0 0.498333 0.175453 0.047778 0.034596
0 0.910556 0.197694 0.036667 0.046129
0 0.190556 0.788303 0.036667 0.047776
0 0.137778 0.331137 0.035556 0.039539
0 0.085556 0.500824 0.033333 0.042834
0 0.345556 0.827842 0.033333 0.037891
0 0.910556 0.407743 0.034444 0.041186
0 0.085000 0.786656 0.030000 0.034596
0 0.137778 0.578254 0.033333 0.039539
0 0.498333 0.241351 0.045556 0.041186
0 0.137778 0.452224 0.031111 0.041186
0 0.137222 0.703460 0.034444 0.042834
0 0.500556 0.373147 0.047778 0.037891
0 0.085556 0.578254 0.035556 0.039539
0 0.190556 0.828666 0.034444 0.039539
0 0.085556 0.538715 0.035556 0.039539
0 0.085556 0.455519 0.033333 0.044481
0 0.087222 0.869852 0.036667 0.042834
0 0.190556 0.745470 0.034444 0.047776
0 0.136111 0.412685 0.032222 0.041186
0 0.085556 0.620264 0.033333 0.044481
0 0.498333 0.444811 0.041111 0.042834
0 0.500556 0.305601 0.045556 0.041186
0 0.086111 0.824547 0.034444 0.044481
0 0.807778 0.366557 0.033333 0.037891
0 0.293333 0.702636 0.037778 0.044481
0 0.086667 0.663097 0.035556 0.044481
0 0.703333 0.196870 0.033333 0.044481
0 0.190556 0.869852 0.036667 0.042834
0 0.911667 0.700165 0.034444 0.046129
0 0.707778 0.738880 0.035556 0.044481
0 0.137778 0.372323 0.033333 0.036244
0 0.707778 0.820428 0.033333 0.036244
0 0.703333 0.367381 0.033333 0.042834
0 0.655556 0.908567 0.035556 0.047776
0 0.137222 0.537068 0.034444 0.046129
0 0.909444 0.241351 0.036667 0.044481
0 0.086667 0.704283 0.035556 0.041186
0 0.859444 0.906096 0.038889 0.042834
0 0.707778 0.697694 0.035556 0.037891
0 0.137778 0.491763 0.033333 0.041186
0 0.137778 0.659802 0.035556 0.047776
0 0.707778 0.780890 0.035556 0.042834
0 0.345556 0.867381 0.035556 0.044481
0 0.909444 0.325371 0.036667 0.041186
0 0.908333 0.285008 0.034444 0.039539
0 0.858333 0.447282 0.032222 0.037891
0 0.808333 0.905272 0.036667 0.041186
0 0.655556 0.781713 0.033333 0.037891
0 0.190556 0.915157 0.036667 0.047776
0 0.189444 0.702636 0.032222 0.041186
0 0.655556 0.867381 0.033333 0.041186
0 0.910556 0.446458 0.032222 0.039539
0 0.087222 0.912685 0.034444 0.039539
0 0.911667 0.532125 0.034444 0.039539
0 0.861667 0.696870 0.038889 0.042834
0 0.706667 0.908567 0.035556 0.044481
0 0.499444 0.139209 0.050000 0.044481
0 0.345556 0.741351 0.033333 0.039539
0 0.911667 0.572488 0.034444 0.041186
0 0.345556 0.785008 0.033333 0.047776
0 0.857222 0.195222 0.034444 0.047776
0 0.137778 0.289127 0.033333 0.041186
0 0.137778 0.200165 0.033333 0.044481
0 0.808333 0.530478 0.036667 0.039539
0 0.449444 0.908567 0.032222 0.044481
0 0.655556 0.822900 0.033333 0.044481
0 0.086667 0.744646 0.033333 0.042834
0 0.705556 0.613674 0.033333 0.041186
0 0.858333 0.364086 0.036667 0.036244
0 0.860556 0.822076 0.034444 0.042834
0 0.910556 0.614498 0.036667 0.042834
0 0.137778 0.788303 0.035556 0.047776
0 0.706667 0.864086 0.035556 0.044481
0 0.137222 0.744646 0.034444 0.042834
0 0.084444 0.201812 0.033333 0.044481
0 0.860556 0.742175 0.036667 0.041186
0 0.860556 0.864086 0.036667 0.041186
0 0.859444 0.530478 0.036667 0.039539
0 0.137778 0.244646 0.033333 0.044481
0 0.857222 0.238056 0.034444 0.044481
0 0.655556 0.740527 0.033333 0.044481
0 0.911667 0.654860 0.034444 0.041186
0 0.448333 0.780066 0.032222 0.037891
0 0.084444 0.328666 0.033333 0.041186
0 0.655556 0.614498 0.033333 0.036244
0 0.293333 0.746293 0.035556 0.039539
0 0.860556 0.780890 0.034444 0.039539
0 0.085556 0.285832 0.033333 0.041186
0 0.809444 0.826194 0.032222 0.041186
0 0.085556 0.369852 0.035556 0.041186
0 0.808333 0.655684 0.032222 0.039539
0 0.085556 0.412685 0.035556 0.044481
0 0.345556 0.911862 0.037778 0.047776
0 0.705556 0.530478 0.033333 0.042834
0 0.448333 0.865733 0.032222 0.044481
0 0.345556 0.703460 0.033333 0.039539
0 0.550556 0.286656 0.036667 0.039539
0 0.858333 0.405272 0.032222 0.042834
0 0.908333 0.149094 0.036667 0.051071
0 0.447222 0.741351 0.034444 0.036244
0 0.859444 0.489292 0.036667 0.046129
0 0.911667 0.490115 0.034444 0.044481
0 0.808333 0.742175 0.034444 0.041186
0 0.655556 0.654860 0.033333 0.044481
0 0.707778 0.658155 0.035556 0.041186
0 0.857222 0.149094 0.036667 0.047776
0 0.654444 0.696870 0.033333 0.042834
0 0.859444 0.614498 0.036667 0.042834
0 0.808333 0.616969 0.032222 0.041186
0 0.808333 0.867381 0.034444 0.041186
0 0.085556 0.244646 0.033333 0.041186
0 0.655556 0.572488 0.033333 0.041186
0 0.808333 0.784185 0.036667 0.046129
0 0.292222 0.659802 0.035556 0.047776
0 0.857222 0.281713 0.034444 0.039539
0 0.189444 0.659802 0.036667 0.047776
0 0.807778 0.405272 0.033333 0.042834
0 0.550556 0.241351 0.034444 0.041186
0 0.808333 0.697694 0.034444 0.044481
0 0.550556 0.196870 0.036667 0.041186
0 0.601667 0.327018 0.036667 0.044481
0 0.703333 0.242175 0.033333 0.042834
0 0.859444 0.571664 0.036667 0.042834
0 0.757778 0.447282 0.033333 0.037891
0 0.703889 0.323723 0.032222 0.044481
0 0.706667 0.572488 0.033333 0.041186
0 0.703333 0.407743 0.033333 0.041186
0 0.653333 0.408567 0.031111 0.039539
0 0.703333 0.150741 0.033333 0.047776
0 0.703333 0.283361 0.033333 0.039539
0 0.860556 0.656507 0.034444 0.044481
0 0.808333 0.493410 0.032222 0.041186
0 0.704444 0.450577 0.033333 0.041186
0 0.448333 0.824547 0.032222 0.044481
0 0.653333 0.530478 0.033333 0.042834
0 0.653333 0.491763 0.031111 0.041186
0 0.808333 0.450577 0.032222 0.044481
0 0.705556 0.490115 0.031111 0.041186
0 0.808333 0.572488 0.032222 0.044481
0 0.653889 0.366557 0.032222 0.041186
0 0.550556 0.152389 0.034444 0.047776
0 0.806111 0.325371 0.032222 0.041186
0 0.344444 0.658155 0.033333 0.047776
0 0.806667 0.280066 0.033333 0.046129
0 0.447222 0.658155 0.032222 0.041186
0 0.757778 0.576606 0.033333 0.042834
0 0.652222 0.280066 0.031111 0.046129
0 0.757778 0.491763 0.033333 0.041186
0 0.601667 0.280890 0.034444 0.047776
0 0.652222 0.325371 0.033333 0.041186
0 0.858333 0.325371 0.036667 0.044481
0 0.756111 0.533773 0.032222 0.042834
0 0.756667 0.367381 0.035556 0.039539
0 0.755556 0.280890 0.033333 0.044481
0 0.757778 0.407743 0.033333 0.044481
0 0.448333 0.698517 0.032222 0.042834
0 0.756667 0.324547 0.035556 0.042834
