0 0.554444 0.283003 0.033333 0.041254
0 0.553333 0.658416 0.033333 0.042904
0 0.400556 0.146040 0.036667 0.047855
0 0.604444 0.326733 0.037778 0.042904
0 0.605556 0.198020 0.035556 0.042904
0 0.553333 0.577558 0.035556 0.042904
0 0.810556 0.489274 0.032222 0.041254
0 0.399444 0.283003 0.036667 0.044554
0 0.604444 0.239274 0.033333 0.039604
0 0.244444 0.489274 0.037778 0.041254
0 0.604444 0.281353 0.033333 0.041254
0 0.605556 0.148515 0.035556 0.052805
0 0.810556 0.745050 0.036667 0.044554
0 0.555556 0.321782 0.033333 0.039604
0 0.706667 0.490099 0.033333 0.042904
0 0.295556 0.280528 0.037778 0.042904
0 0.451667 0.240099 0.036667 0.041254
0 0.451667 0.282178 0.036667 0.042904
0 0.245000 0.239274 0.032222 0.042904
0 0.092778 0.236799 0.034444 0.041254
0 0.190556 0.828383 0.036667 0.039604
0 0.192222 0.189769 0.035556 0.049505
0 0.347222 0.278878 0.036667 0.042904
0 0.553333 0.193069 0.035556 0.046205
0 0.553333 0.146040 0.033333 0.047855
0 0.243333 0.320957 0.031111 0.041254
0 0.142222 0.278878 0.035556 0.049505
0 0.399444 0.193069 0.036667 0.046205
0 0.655556 0.191419 0.033333 0.039604
0 0.243333 0.406766 0.033333 0.044554
0 0.399444 0.239274 0.032222 0.042904
0 0.241667 0.701320 0.036667 0.042904
0 0.810556 0.575908 0.032222 0.042904
0 0.191667 0.572607 0.034444 0.042904
0 0.348333 0.147690 0.036667 0.051155
0 0.810556 0.617987 0.032222 0.041254
0 0.243333 0.448845 0.035556 0.039604
0 0.246667 0.193069 0.035556 0.042904
0 0.348333 0.363036 0.036667 0.042904
0 0.502778 0.442244 0.041111 0.046205
0 0.193333 0.279703 0.033333 0.041254
0 0.451667 0.325908 0.036667 0.041254
0 0.449444 0.448020 0.036667 0.041254
0 0.243333 0.362211 0.031111 0.037954
0 0.297778 0.238449 0.033333 0.041254
0 0.707778 0.617987 0.033333 0.041254
0 0.192222 0.406766 0.033333 0.041254
0 0.348333 0.235974 0.036667 0.042904
0 0.860000 0.489274 0.031111 0.041254
0 0.244444 0.279703 0.031111 0.037954
0 0.347222 0.408416 0.034444 0.041254
0 0.860556 0.531353 0.032222 0.042904
0 0.191111 0.489274 0.031111 0.041254
0 0.606667 0.409241 0.031111 0.039604
0 0.090556 0.407591 0.036667 0.039604
0 0.860556 0.576733 0.032222 0.041254
0 0.192222 0.320957 0.033333 0.041254
0 0.191667 0.916667 0.036667 0.044554
0 0.861667 0.660066 0.036667 0.039604
0 0.555556 0.490924 0.033333 0.037954
0 0.914444 0.869637 0.040000 0.039604
0 0.090556 0.448845 0.034444 0.042904
0 0.555556 0.405941 0.033333 0.046205
0 0.088333 0.533003 0.032222 0.039604
0 0.707222 0.825908 0.036667 0.021452
0 0.514444 0.740099 0.022222 0.028053
0 0.513333 0.720297 0.022222 0.018152
0 0.193333 0.362211 0.033333 0.044554
0 0.861667 0.870462 0.034444 0.047855
0 0.502222 0.481848 0.042222 0.029703
0 0.191667 0.700495 0.036667 0.041254
0 0.295556 0.531353 0.033333 0.042904
0 0.811667 0.783003 0.034444 0.024752
0 0.503333 0.367987 0.044444 0.033003
0 0.503333 0.337459 0.044444 0.028053
0 0.246667 0.146865 0.033333 0.052805
0 0.295556 0.659241 0.033333 0.041254
0 0.452222 0.147690 0.031111 0.047855
0 0.347778 0.616337 0.033333 0.041254
0 0.913333 0.827558 0.033333 0.044554
0 0.242222 0.657591 0.035556 0.044554
0 0.242778 0.786304 0.034444 0.041254
0 0.706667 0.576733 0.031111 0.041254
0 0.554444 0.533003 0.033333 0.042904
0 0.295556 0.571782 0.033333 0.037954
0 0.297778 0.193069 0.031111 0.042904
0 0.346111 0.699670 0.034444 0.039604
0 0.811111 0.825083 0.033333 0.039604
0 0.553333 0.617987 0.033333 0.037954
0 0.192778 0.448020 0.032222 0.041254
0 0.861667 0.917492 0.036667 0.042904
0 0.706667 0.701320 0.033333 0.042904
0 0.346111 0.530528 0.034444 0.041254
0 0.914444 0.785479 0.033333 0.039604
0 0.243333 0.616337 0.035556 0.037954
0 0.707778 0.741749 0.035556 0.041254
0 0.503333 0.201320 0.044444 0.029703
0 0.653333 0.283003 0.035556 0.044554
0 0.655556 0.237624 0.035556 0.046205
0 0.555556 0.240099 0.035556 0.041254
0 0.086111 0.868812 0.038889 0.041254
0 0.503333 0.169142 0.040000 0.041254
0 0.452778 0.195545 0.034444 0.047855
0 0.089444 0.612211 0.038889 0.042904
0 0.086111 0.916667 0.038889 0.047855
0 0.087222 0.745875 0.036667 0.042904
0 0.296667 0.320132 0.035556 0.033003
0 0.091667 0.192244 0.034444 0.041254
0 0.451667 0.366337 0.032222 0.039604
0 0.088333 0.658416 0.036667 0.042904
0 0.554444 0.361386 0.031111 0.039604
0 0.861667 0.699670 0.032222 0.039604
0 0.450556 0.491749 0.036667 0.046205
0 0.295556 0.361386 0.035556 0.042904
0 0.914444 0.912541 0.033333 0.042904
0 0.087222 0.826733 0.034444 0.039604
0 0.503333 0.136139 0.042222 0.034653
0 0.195556 0.529703 0.028889 0.039604
0 0.707778 0.916667 0.035556 0.044554
0 0.088333 0.361386 0.034444 0.046205
0 0.087222 0.785479 0.034444 0.039604
0 0.190556 0.869637 0.036667 0.042904
0 0.090556 0.491749 0.036667 0.042904
0 0.088333 0.571782 0.034444 0.037954
0 0.294444 0.702970 0.037778 0.046205
0 0.503333 0.269802 0.042222 0.031353
0 0.810556 0.531353 0.034444 0.042904
0 0.087222 0.700495 0.036667 0.041254
0 0.555556 0.449670 0.033333 0.041254
0 0.241667 0.827558 0.036667 0.041254
0 0.914444 0.746700 0.033333 0.041254
0 0.090556 0.319307 0.036667 0.041254
0 0.191667 0.659241 0.036667 0.041254
0 0.812778 0.867162 0.032222 0.044554
0 0.860556 0.618812 0.032222 0.042904
0 0.347222 0.448845 0.034444 0.039604
0 0.503333 0.237624 0.042222 0.039604
0 0.346111 0.740099 0.034444 0.041254
0 0.504444 0.302805 0.042222 0.041254
0 0.242222 0.915017 0.037778 0.044554
0 0.707222 0.787954 0.036667 0.047855
0 0.347778 0.489274 0.033333 0.041254
0 0.706667 0.659241 0.033333 0.041254
0 0.296667 0.490099 0.031111 0.042904
0 0.654444 0.325908 0.031111 0.037954
0 0.191667 0.740924 0.036667 0.039604
0 0.348333 0.320957 0.032222 0.041254
0 0.091667 0.278878 0.034444 0.039604
0 0.346111 0.572607 0.036667 0.042904
0 0.295556 0.613036 0.033333 0.044554
0 0.242778 0.867987 0.036667 0.042904
0 0.861667 0.785479 0.034444 0.039604
0 0.346111 0.830033 0.036667 0.042904
0 0.295556 0.448020 0.033333 0.037954
0 0.810556 0.659241 0.032222 0.041254
0 0.348333 0.195545 0.036667 0.041254
0 0.346111 0.786304 0.034444 0.044554
0 0.605556 0.368812 0.031111 0.041254
0 0.346667 0.658416 0.035556 0.042904
0 0.553333 0.701320 0.033333 0.042904
0 0.914444 0.705446 0.033333 0.044554
0 0.913333 0.660066 0.035556 0.042904
0 0.190556 0.783003 0.032222 0.044554
0 0.707222 0.867162 0.036667 0.051155
0 0.655556 0.367162 0.033333 0.044554
0 0.191667 0.617162 0.036667 0.042904
0 0.244444 0.531353 0.033333 0.039604
0 0.193889 0.237624 0.032222 0.042904
0 0.091667 0.146040 0.034444 0.051155
0 0.811667 0.911716 0.034444 0.047855
0 0.861667 0.828383 0.034444 0.042904
0 0.861111 0.741749 0.033333 0.041254
0 0.911111 0.489274 0.031111 0.041254
0 0.451667 0.406766 0.032222 0.041254
0 0.912778 0.575083 0.034444 0.044554
0 0.241667 0.745050 0.036667 0.041254
0 0.707778 0.533003 0.033333 0.042904
0 0.912778 0.530528 0.034444 0.041254
0 0.244444 0.575083 0.033333 0.044554
0 0.810000 0.700495 0.031111 0.041254
0 0.913333 0.617987 0.033333 0.041254
0 0.297222 0.145215 0.036667 0.052805
0 0.295556 0.406766 0.037778 0.044554
