0 0.703125 0.341772 0.021250 0.028481
0 0.496250 0.333070 0.035000 0.020570
0 0.498125 0.371835 0.036250 0.022152
0 0.511250 0.573576 0.020000 0.017405
0 0.498750 0.352848 0.022500 0.018987
0 0.497500 0.390823 0.027500 0.018987
0 0.496875 0.416139 0.033750 0.031646
0 0.221250 0.816456 0.035000 0.034810
0 0.276250 0.465190 0.037500 0.034810
0 0.222500 0.528481 0.032500 0.031646
0 0.826875 0.469146 0.033750 0.033228
0 0.730000 0.469146 0.022500 0.026899
0 0.442500 0.499209 0.032500 0.033228
0 0.276250 0.368671 0.032500 0.034810
0 0.222500 0.402690 0.032500 0.033228
0 0.661250 0.529272 0.032500 0.026899
0 0.883125 0.407437 0.033750 0.039557
0 0.221875 0.499209 0.031250 0.033228
0 0.220625 0.625791 0.036250 0.033228
0 0.442500 0.465190 0.035000 0.034810
0 0.275625 0.878956 0.033750 0.033228
0 0.661875 0.404272 0.031250 0.033228
0 0.275625 0.847310 0.033750 0.030063
0 0.276250 0.591772 0.037500 0.034810
0 0.551250 0.529272 0.032500 0.030063
0 0.275625 0.531646 0.036250 0.028481
0 0.387500 0.527690 0.035000 0.030063
0 0.662500 0.372627 0.035000 0.033228
0 0.826875 0.625791 0.033750 0.030063
0 0.551875 0.464399 0.031250 0.033228
0 0.275625 0.657437 0.036250 0.033228
0 0.771875 0.499209 0.033750 0.033228
0 0.387500 0.431962 0.032500 0.031646
0 0.771875 0.437500 0.033750 0.033228
0 0.275625 0.625000 0.033750 0.031646
0 0.221250 0.686709 0.035000 0.034810
0 0.167500 0.370253 0.037500 0.041139
0 0.881875 0.563291 0.033750 0.034810
0 0.221250 0.720728 0.035000 0.033228
0 0.332500 0.562500 0.032500 0.033228
0 0.221250 0.561709 0.035000 0.034810
0 0.771875 0.532437 0.033750 0.033228
0 0.332500 0.435918 0.035000 0.033228
0 0.388125 0.498418 0.036250 0.031646
0 0.717500 0.561709 0.032500 0.028481
0 0.826250 0.500000 0.035000 0.031646
0 0.221875 0.435918 0.033750 0.033228
0 0.773750 0.562500 0.035000 0.033228
0 0.275625 0.817247 0.036250 0.033228
0 0.607500 0.401899 0.037500 0.041139
0 0.221875 0.466772 0.036250 0.031646
0 0.660625 0.499209 0.033750 0.033228
0 0.221875 0.594146 0.036250 0.033228
0 0.826875 0.563291 0.033750 0.031646
0 0.110000 0.720728 0.037500 0.039557
0 0.277500 0.403481 0.035000 0.034810
0 0.718125 0.531646 0.033750 0.034810
0 0.607500 0.532437 0.037500 0.039557
0 0.661250 0.436709 0.032500 0.028481
0 0.883750 0.719146 0.035000 0.039557
0 0.883125 0.690665 0.033750 0.030063
0 0.607500 0.567247 0.035000 0.033228
0 0.828125 0.847310 0.033750 0.033228
0 0.827500 0.720728 0.032500 0.033228
0 0.828125 0.878956 0.036250 0.036392
0 0.828125 0.784019 0.036250 0.033228
0 0.716875 0.372627 0.033750 0.026899
0 0.730000 0.339399 0.022500 0.033228
0 0.883750 0.846519 0.035000 0.028481
0 0.882500 0.438291 0.032500 0.028481
0 0.498750 0.538766 0.035000 0.023734
0 0.828750 0.817247 0.035000 0.033228
0 0.828125 0.693038 0.033750 0.034810
0 0.096875 0.340190 0.021250 0.028481
0 0.123125 0.339399 0.023750 0.026899
0 0.110000 0.402690 0.035000 0.033228
0 0.095000 0.435127 0.022500 0.028481
0 0.110000 0.370253 0.035000 0.031646
0 0.095000 0.465981 0.020000 0.026899
0 0.121875 0.497627 0.023750 0.030063
0 0.221250 0.850475 0.032500 0.033228
0 0.884375 0.624209 0.036250 0.033228
0 0.730000 0.498418 0.022500 0.028481
0 0.702500 0.466772 0.020000 0.028481
0 0.883125 0.750791 0.036250 0.033228
0 0.883750 0.816456 0.037500 0.031646
0 0.606875 0.465190 0.031250 0.028481
0 0.443125 0.438291 0.036250 0.025316
0 0.883750 0.878165 0.037500 0.034810
0 0.605625 0.435918 0.031250 0.030063
0 0.498125 0.508703 0.036250 0.036392
0 0.828125 0.753956 0.033750 0.033228
0 0.881250 0.783228 0.035000 0.034810
0 0.277500 0.720728 0.032500 0.033228
0 0.221875 0.879747 0.033750 0.034810
0 0.551250 0.435918 0.032500 0.026899
0 0.883125 0.595728 0.033750 0.033228
0 0.716250 0.402690 0.035000 0.033228
0 0.332500 0.372627 0.035000 0.033228
0 0.276250 0.436709 0.032500 0.028481
0 0.109375 0.560918 0.036250 0.033228
0 0.331250 0.340190 0.037500 0.034810
0 0.275625 0.753956 0.036250 0.033228
0 0.883125 0.500000 0.033750 0.028481
0 0.442500 0.528481 0.032500 0.031646
0 0.110000 0.623418 0.035000 0.028481
0 0.109375 0.528481 0.036250 0.034810
0 0.607500 0.499209 0.032500 0.033228
0 0.443125 0.561709 0.033750 0.034810
0 0.122500 0.465190 0.022500 0.028481
0 0.387500 0.562500 0.035000 0.033228
0 0.882500 0.465981 0.032500 0.033228
0 0.108750 0.686709 0.035000 0.028481
0 0.730625 0.436709 0.023750 0.034810
0 0.828125 0.658228 0.036250 0.034810
0 0.771875 0.469146 0.033750 0.030063
0 0.333125 0.466772 0.033750 0.031646
0 0.552500 0.561709 0.032500 0.028481
0 0.770625 0.402690 0.031250 0.033228
0 0.826875 0.437500 0.033750 0.030063
0 0.123750 0.431962 0.027500 0.034810
0 0.221250 0.753165 0.032500 0.031646
0 0.221250 0.656646 0.035000 0.028481
0 0.881875 0.658228 0.038750 0.034810
0 0.882500 0.531646 0.032500 0.028481
0 0.221875 0.368671 0.033750 0.034810
0 0.497500 0.452532 0.035000 0.037975
0 0.660625 0.340190 0.033750 0.034810
0 0.220625 0.784019 0.033750 0.033228
0 0.277500 0.688291 0.032500 0.031646
0 0.275625 0.784810 0.033750 0.031646
0 0.276250 0.560918 0.032500 0.033228
0 0.110000 0.594146 0.035000 0.033228
0 0.332500 0.402690 0.035000 0.033228
0 0.703125 0.435918 0.021250 0.023734
0 0.388750 0.398734 0.037500 0.034810
0 0.332500 0.499209 0.035000 0.033228
0 0.109375 0.656646 0.038750 0.034810
0 0.828125 0.595728 0.033750 0.033228
0 0.551875 0.498418 0.033750 0.031646
0 0.827500 0.406646 0.035000 0.034810
0 0.443750 0.404272 0.037500 0.045886
0 0.826250 0.532437 0.035000 0.033228
0 0.331250 0.528481 0.035000 0.031646
0 0.660625 0.469146 0.033750 0.033228
0 0.276250 0.499209 0.037500 0.033228
0 0.387500 0.465190 0.035000 0.034810
0 0.662500 0.561709 0.035000 0.034810
0 0.550625 0.402690 0.033750 0.039557
0 0.716250 0.855222 0.030000 0.023734
0 0.772500 0.755538 0.032500 0.033228
0 0.386250 0.657437 0.032500 0.030063
0 0.330000 0.787975 0.035000 0.034810
0 0.647500 0.789557 0.022500 0.028481
0 0.510000 0.731013 0.022500 0.018987
0 0.508750 0.856013 0.022500 0.025316
0 0.508750 0.633703 0.020000 0.020570
0 0.649375 0.628956 0.021250 0.026899
0 0.509375 0.881329 0.023750 0.028481
0 0.650000 0.596519 0.020000 0.025316
0 0.509375 0.765032 0.021250 0.017405
0 0.510625 0.713608 0.018750 0.022152
0 0.510625 0.675633 0.021250 0.022152
0 0.509375 0.648734 0.018750 0.015823
0 0.716875 0.784810 0.033750 0.034810
0 0.385625 0.851266 0.033750 0.034810
0 0.716875 0.662184 0.036250 0.033228
0 0.440625 0.755538 0.031250 0.033228
0 0.606875 0.596519 0.033750 0.028481
0 0.717500 0.692247 0.035000 0.033228
0 0.606875 0.693038 0.036250 0.028481
0 0.606875 0.662975 0.033750 0.031646
0 0.440625 0.724684 0.031250 0.031646
0 0.716875 0.724684 0.033750 0.031646
0 0.330000 0.691456 0.035000 0.031646
0 0.605625 0.818829 0.033750 0.033228
0 0.441875 0.594937 0.033750 0.028481
0 0.441875 0.692247 0.033750 0.033228
0 0.606875 0.852057 0.033750 0.033228
0 0.647500 0.725475 0.027500 0.033228
0 0.674375 0.851266 0.021250 0.028481
0 0.385625 0.595728 0.031250 0.026899
0 0.675000 0.883703 0.025000 0.033228
0 0.330000 0.595728 0.030000 0.033228
0 0.510000 0.696203 0.020000 0.018987
0 0.330625 0.879747 0.031250 0.028481
0 0.494375 0.789557 0.033750 0.018987
0 0.493750 0.806962 0.032500 0.012658
0 0.605625 0.788766 0.033750 0.033228
0 0.440625 0.852057 0.031250 0.026899
0 0.385625 0.788766 0.033750 0.033228
0 0.771250 0.884494 0.037500 0.028481
0 0.508125 0.748418 0.023750 0.015823
0 0.440000 0.882911 0.035000 0.031646
0 0.605000 0.755538 0.035000 0.033228
0 0.771250 0.852848 0.035000 0.031646
0 0.385000 0.818038 0.035000 0.028481
0 0.330625 0.818038 0.036250 0.028481
0 0.386250 0.720728 0.035000 0.033228
0 0.330000 0.756329 0.035000 0.031646
0 0.674375 0.691456 0.021250 0.022152
0 0.771875 0.600475 0.033750 0.033228
0 0.716875 0.881329 0.033750 0.034810
0 0.771250 0.784810 0.035000 0.034810
0 0.331250 0.629747 0.032500 0.034810
0 0.771875 0.725475 0.033750 0.033228
0 0.440625 0.659019 0.031250 0.030063
0 0.330000 0.659019 0.035000 0.030063
0 0.647500 0.818038 0.022500 0.028481
0 0.674375 0.753956 0.021250 0.023734
0 0.648750 0.659810 0.022500 0.025316
0 0.717500 0.595728 0.032500 0.033228
0 0.675000 0.787184 0.020000 0.026899
0 0.771875 0.693829 0.033750 0.033228
0 0.718125 0.628956 0.033750 0.033228
0 0.772500 0.662975 0.032500 0.034810
0 0.646250 0.885285 0.022500 0.026899
0 0.771250 0.630538 0.035000 0.033228
0 0.675000 0.658228 0.022500 0.028481
0 0.647500 0.753956 0.022500 0.023734
0 0.646875 0.849684 0.021250 0.025316
0 0.675625 0.628956 0.021250 0.030063
0 0.676250 0.595728 0.020000 0.026899
0 0.771875 0.821203 0.033750 0.034810
0 0.718125 0.754747 0.033750 0.028481
0 0.440625 0.629747 0.031250 0.037975
0 0.646875 0.693038 0.023750 0.028481
0 0.330000 0.851266 0.035000 0.034810
0 0.386875 0.625791 0.033750 0.033228
0 0.675000 0.722310 0.022500 0.030063
0 0.385625 0.755538 0.031250 0.033228
0 0.385625 0.688291 0.036250 0.034810
0 0.440625 0.787975 0.031250 0.031646
0 0.675000 0.818829 0.022500 0.026899
0 0.385625 0.883703 0.033750 0.030063
0 0.606875 0.885285 0.036250 0.033228
0 0.606875 0.722310 0.036250 0.033228
0 0.330625 0.722310 0.036250 0.033228
0 0.606875 0.629747 0.033750 0.034810
0 0.440000 0.821994 0.035000 0.036392
0 0.716875 0.822785 0.033750 0.034810
