0 0.763959 0.388727 0.036448 0.049278
0 0.749799 0.725520 0.038591 0.047859
0 0.113493 0.784278 0.022624 0.036492
0 0.880882 0.401131 0.023733 0.036602
0 0.883374 0.947757 0.024841 0.036712
0 0.753591 0.936548 0.022624 0.036492
0 0.140332 0.744970 0.023659 0.034963
0 0.118908 0.701705 0.023659 0.034963
0 0.756115 0.893186 0.023807 0.038240
0 0.139434 0.789316 0.023956 0.041517
0 0.812278 0.772029 0.022550 0.034854
0 0.728167 0.932384 0.024841 0.036712
0 0.510868 0.334036 0.045831 0.037160
0 0.908207 0.952686 0.023807 0.038240
0 0.808795 0.812004 0.021367 0.033105
0 0.928321 0.447796 0.022550 0.034854
0 0.827511 0.436165 0.020481 0.037911
0 0.908587 0.907466 0.024990 0.039988
0 0.648360 0.715473 0.039699 0.047969
0 0.115425 0.741680 0.024990 0.039988
0 0.759229 0.849061 0.021590 0.038020
0 0.912894 0.824784 0.023659 0.034963
0 0.509419 0.365984 0.048271 0.042294
0 0.681895 0.798612 0.022550 0.034854
0 0.774851 0.430949 0.023807 0.038240
0 0.180397 0.414035 0.024693 0.033435
0 0.735626 0.804757 0.023584 0.033325
0 0.910519 0.864869 0.024841 0.036712
0 0.823990 0.476959 0.019075 0.031247
0 0.927129 0.486352 0.023881 0.039878
0 0.730765 0.887384 0.023956 0.041517
0 0.500954 0.528072 0.030533 0.040537
0 0.773511 0.472782 0.024990 0.039988
0 0.882603 0.314079 0.023733 0.036602
0 0.884198 0.905050 0.024990 0.039988
0 0.851755 0.736442 0.036596 0.052555
0 0.914715 0.784644 0.023733 0.036602
0 0.874126 0.525537 0.021516 0.036382
0 0.760099 0.768506 0.024767 0.035073
0 0.202391 0.542934 0.022476 0.033215
0 0.457979 0.358420 0.038516 0.046221
0 0.094276 0.324041 0.036448 0.049278
0 0.707282 0.803595 0.024841 0.036712
0 0.286874 0.681314 0.035562 0.054083
0 0.877130 0.483869 0.021590 0.038020
0 0.732622 0.846425 0.023807 0.038240
0 0.737446 0.764617 0.021441 0.034744
0 0.885575 0.862398 0.023733 0.036602
0 0.177964 0.541337 0.022401 0.031577
0 0.520119 0.130060 0.048271 0.042294
0 0.758944 0.806244 0.023659 0.034963
0 0.670889 0.464263 0.023733 0.036602
0 0.724520 0.423495 0.022624 0.036492
0 0.890916 0.781464 0.024767 0.035073
0 0.179574 0.456742 0.022773 0.039769
0 0.518521 0.165285 0.048197 0.040656
0 0.208112 0.416780 0.022476 0.033215
0 0.696858 0.505510 0.021441 0.034744
0 0.850291 0.523176 0.022624 0.036492
0 0.888579 0.820730 0.023659 0.034963
0 0.199670 0.332835 0.038665 0.049498
0 0.646536 0.461028 0.021590 0.038020
0 0.183292 0.669408 0.034156 0.047420
0 0.820560 0.601694 0.021293 0.031467
0 0.858213 0.311663 0.021516 0.036382
0 0.800440 0.517416 0.022550 0.034854
0 0.097354 0.280735 0.038442 0.044583
0 0.721173 0.509564 0.023659 0.034963
0 0.876733 0.443509 0.023733 0.036602
0 0.205949 0.501320 0.023659 0.034963
0 0.209304 0.378224 0.021590 0.038020
0 0.133404 0.664467 0.040808 0.048079
0 0.207769 0.461180 0.026247 0.043375
0 0.513462 0.301378 0.048345 0.043933
0 0.854941 0.396093 0.022550 0.034854
0 0.699059 0.420151 0.022401 0.031577
0 0.705260 0.295690 0.021441 0.034744
0 0.709065 0.764274 0.024841 0.036712
0 0.337871 0.686365 0.037779 0.054303
0 0.851900 0.438581 0.022699 0.038130
0 0.083342 0.614251 0.040585 0.043164
0 0.567543 0.238438 0.037185 0.041196
0 0.203571 0.246821 0.036374 0.047640
0 0.796133 0.600098 0.021367 0.033105
0 0.804304 0.432221 0.024767 0.035073
0 0.147527 0.328493 0.034156 0.047420
0 0.823526 0.560845 0.019075 0.031247
0 0.289914 0.638826 0.035116 0.044253
0 0.683641 0.760110 0.022773 0.039769
0 0.134153 0.623398 0.036225 0.044363
0 0.855727 0.354205 0.024841 0.036712
0 0.389496 0.689832 0.038591 0.047859
0 0.085385 0.569196 0.040957 0.051356
0 0.798657 0.556736 0.022401 0.031577
0 0.803481 0.474928 0.022550 0.034854
0 0.730167 0.298980 0.022624 0.036492
0 0.903380 0.739910 0.037408 0.046111
0 0.727523 0.381827 0.022550 0.034854
0 0.855656 0.650428 0.034305 0.050697
0 0.290812 0.594480 0.035414 0.050807
0 0.236886 0.629459 0.035042 0.042615
0 0.905201 0.699770 0.035116 0.044253
0 0.647322 0.419140 0.021664 0.039659
0 0.183363 0.373185 0.024990 0.039988
0 0.723068 0.467786 0.023584 0.033325
0 0.700879 0.380011 0.020407 0.036272
0 0.881705 0.358424 0.021664 0.039659
0 0.754957 0.636339 0.036448 0.049278
0 0.149422 0.286715 0.036299 0.046001
0 0.671120 0.422320 0.024916 0.038350
0 0.234991 0.671237 0.035414 0.050807
0 0.186084 0.583284 0.038665 0.049498
0 0.703328 0.338288 0.023659 0.034963
0 0.853650 0.694664 0.034008 0.044143
0 0.698161 0.464496 0.022550 0.034854
0 0.563431 0.279996 0.035042 0.042615
0 0.391316 0.649693 0.036299 0.046001
0 0.728272 0.340758 0.022699 0.038130
0 0.766926 0.347878 0.033933 0.042505
0 0.339360 0.641255 0.036299 0.046001
0 0.253227 0.293705 0.035191 0.045892
0 0.201639 0.289418 0.036225 0.044363
0 0.151466 0.241660 0.038591 0.047859
0 0.136308 0.575885 0.038888 0.054413
0 0.701780 0.630249 0.036374 0.047640
0 0.250112 0.337831 0.037556 0.049388
0 0.800832 0.729752 0.034082 0.045782
0 0.254310 0.245264 0.038077 0.060856
0 0.307264 0.256269 0.035339 0.049168
0 0.461917 0.271587 0.033933 0.042505
0 0.919399 0.362158 0.032899 0.044034
0 0.650598 0.629294 0.038814 0.052774
0 0.458951 0.312436 0.038665 0.049498
0 0.342400 0.598767 0.038814 0.052774
0 0.098214 0.237208 0.040882 0.049717
0 0.767823 0.303533 0.038814 0.052774
0 0.465106 0.225823 0.036596 0.052555
0 0.802764 0.687155 0.034082 0.045782
0 0.304149 0.300395 0.035191 0.045892
0 0.907244 0.654715 0.037556 0.049388
0 0.698839 0.719650 0.038665 0.049498
0 0.649034 0.676042 0.035116 0.044253
0 0.185149 0.628449 0.036225 0.044363
0 0.504855 0.442058 0.044208 0.050047
0 0.238855 0.586043 0.035414 0.050807
0 0.352623 0.348808 0.038739 0.051136
0 0.752876 0.682214 0.036299 0.046001
0 0.852223 0.480579 0.027207 0.040208
0 0.698665 0.674375 0.034156 0.047420
0 0.561462 0.323413 0.037482 0.047750
0 0.406771 0.308914 0.036299 0.046001
0 0.663629 0.378790 0.037556 0.049388
0 0.355738 0.304682 0.038442 0.044583
0 0.613567 0.328574 0.035265 0.047530
0 0.503366 0.487168 0.040808 0.048079
0 0.805805 0.644667 0.034231 0.049059
0 0.611524 0.373629 0.035339 0.049168
0 0.919167 0.404101 0.034231 0.049059
0 0.666053 0.288515 0.034082 0.045782
0 0.395726 0.601581 0.038888 0.054413
0 0.568477 0.193273 0.035636 0.055722
0 0.816065 0.393888 0.038516 0.046221
0 0.615610 0.283519 0.035339 0.049168
0 0.358852 0.260556 0.034305 0.050697
0 0.922551 0.317213 0.035339 0.049168
0 0.664601 0.332806 0.035339 0.049168
0 0.411032 0.264078 0.036522 0.050917
0 0.817959 0.352110 0.034008 0.044143
0 0.817786 0.306836 0.036745 0.055832
0 0.404765 0.353149 0.038665 0.049498
0 0.513220 0.233057 0.046054 0.042075
0 0.515852 0.199580 0.048048 0.037379
0 0.142632 0.706524 0.022476 0.033215
0 0.136394 0.831803 0.026024 0.038460
0 0.512806 0.266753 0.045831 0.037160
0 0.302106 0.345450 0.037779 0.054303
0 0.504710 0.739919 0.025876 0.035183
0 0.179747 0.502016 0.024916 0.038350
0 0.082518 0.656958 0.038814 0.052774
