0 0.829688 0.769473 0.037124 0.048812
0 0.669287 0.504482 0.026029 0.043716
0 0.881394 0.785209 0.040617 0.051469
0 0.626159 0.449292 0.027498 0.039574
0 0.317248 0.310564 0.038914 0.053999
0 0.642117 0.327795 0.026412 0.039225
0 0.620370 0.493017 0.026412 0.039225
0 0.823591 0.811411 0.042407 0.056657
0 0.735865 0.695495 0.038062 0.055264
0 0.652768 0.457825 0.026412 0.039225
0 0.595933 0.485181 0.030139 0.043496
0 0.328973 0.229914 0.042789 0.052166
0 0.609731 0.574015 0.026881 0.042451
0 0.618766 0.320307 0.027967 0.042799
0 0.584091 0.566637 0.025091 0.037264
0 0.835667 0.728342 0.038297 0.056877
0 0.615711 0.532884 0.026177 0.037612
0 0.594643 0.865454 0.031459 0.045457
0 0.931676 0.419801 0.042641 0.058270
0 0.719364 0.519696 0.027967 0.042799
0 0.774730 0.412524 0.041469 0.050205
0 0.645702 0.498608 0.024474 0.040142
0 0.585647 0.266638 0.036421 0.043973
0 0.876840 0.910363 0.030990 0.042231
0 0.611818 0.360284 0.027498 0.039574
0 0.603017 0.612379 0.026412 0.039225
0 0.601296 0.440475 0.027263 0.037961
0 0.385030 0.203996 0.037507 0.044321
0 0.632021 0.408967 0.027029 0.036348
0 0.859586 0.860937 0.028201 0.044412
0 0.852520 0.901721 0.027967 0.042799
0 0.094669 0.285616 0.026881 0.042451
0 0.374391 0.284994 0.039210 0.041791
0 0.876735 0.825076 0.043024 0.053779
0 0.882276 0.869057 0.027967 0.042799
0 0.589954 0.526312 0.028201 0.044412
0 0.606250 0.785611 0.024708 0.041755
0 0.638309 0.369623 0.026177 0.037612
0 0.674798 0.466577 0.025795 0.042103
0 0.610261 0.957404 0.028436 0.046025
0 0.221562 0.237676 0.041234 0.048592
0 0.723789 0.481443 0.025560 0.040490
0 0.233287 0.157026 0.042468 0.042836
0 0.089041 0.324328 0.029053 0.043148
0 0.631656 0.794602 0.025091 0.037264
0 0.824573 0.429351 0.039531 0.051121
0 0.172688 0.222004 0.040296 0.042140
0 0.589866 0.906127 0.031459 0.045457
0 0.925579 0.461739 0.039531 0.051121
0 0.621252 0.873987 0.029904 0.041883
0 0.708843 0.599888 0.027732 0.041187
0 0.583652 0.948872 0.031225 0.043844
0 0.121278 0.294148 0.027029 0.036348
0 0.424660 0.302802 0.041703 0.051818
0 0.614729 0.914944 0.027350 0.045677
0 0.496396 0.532608 0.033866 0.047767
0 0.083061 0.365459 0.029287 0.044761
0 0.551547 0.149348 0.052095 0.052074
0 0.574891 0.348443 0.039124 0.034075
0 0.323580 0.267013 0.037976 0.047547
0 0.546036 0.187253 0.047985 0.052294
0 0.519217 0.379548 0.049688 0.049765
0 0.626145 0.832507 0.027967 0.042799
0 0.478913 0.738870 0.026177 0.037612
0 0.079605 0.404868 0.029287 0.044761
0 0.271935 0.340770 0.025943 0.035999
0 0.536273 0.246586 0.048923 0.058746
0 0.524141 0.345675 0.049688 0.049765
0 0.541932 0.215480 0.051157 0.045622
0 0.526998 0.322112 0.048368 0.047804
0 0.531762 0.293252 0.048220 0.053907
0 0.507695 0.450978 0.046048 0.053211
0 0.468171 0.363179 0.044110 0.054127
0 0.779728 0.753453 0.041469 0.050205
0 0.919716 0.502064 0.041703 0.051818
0 0.473768 0.316861 0.039531 0.051121
0 0.887960 0.740045 0.043727 0.058618
0 0.673094 0.759776 0.042876 0.059883
0 0.874415 0.446177 0.037124 0.048812
0 0.622357 0.745194 0.043962 0.060231
0 0.580753 0.308118 0.041938 0.053431
0 0.379285 0.243515 0.043024 0.053779
0 0.572779 0.734361 0.043962 0.060231
0 0.636371 0.664435 0.042962 0.067599
0 0.731059 0.357159 0.043727 0.058618
0 0.718365 0.436654 0.043962 0.060231
0 0.429670 0.260515 0.040469 0.057573
0 0.830596 0.384013 0.039383 0.057225
0 0.164771 0.260826 0.042407 0.056657
0 0.785708 0.712321 0.042641 0.058270
0 0.584856 0.651292 0.039383 0.057225
0 0.781253 0.371567 0.041555 0.057921
0 0.480482 0.278497 0.037359 0.050425
0 0.867467 0.486154 0.039766 0.052734
0 0.879426 0.403891 0.040235 0.055960
0 0.216903 0.277542 0.044579 0.057353
0 0.120865 0.207074 0.042789 0.052166
0 0.774952 0.794126 0.041938 0.053431
0 0.769294 0.453829 0.041555 0.057921
0 0.227542 0.196544 0.041938 0.053431
0 0.592330 0.220668 0.043345 0.063109
0 0.724288 0.782945 0.042876 0.059883
0 0.668522 0.419828 0.043727 0.058618
0 0.367868 0.325951 0.042876 0.059883
0 0.334570 0.183595 0.041790 0.059534
0 0.685862 0.683681 0.042024 0.061147
0 0.114576 0.246418 0.044110 0.054127
0 0.569028 0.388768 0.042876 0.059883
0 0.729768 0.737432 0.041938 0.053431
0 0.818902 0.472269 0.041321 0.056308
0 0.391830 0.157219 0.042962 0.067599
0 0.500703 0.495161 0.045196 0.054475
0 0.239853 0.111862 0.043579 0.064722
0 0.178433 0.182485 0.039766 0.052734
0 0.277501 0.212565 0.042876 0.059883
0 0.485610 0.235404 0.040704 0.059186
0 0.266085 0.295002 0.040852 0.053082
0 0.185234 0.135709 0.040704 0.059186
0 0.126536 0.164156 0.045048 0.060579
0 0.418328 0.346352 0.042172 0.055044
0 0.678809 0.341249 0.039617 0.058838
0 0.607041 0.400957 0.028436 0.046025
0 0.600974 0.821903 0.027115 0.044064
0 0.271287 0.255309 0.041234 0.048592
