0 0.247930 0.379342 0.038058 0.036629
0 0.760386 0.936854 0.039565 0.038394
0 0.778309 0.793854 0.038058 0.036629
0 0.146364 0.283615 0.038431 0.039723
0 0.139315 0.827658 0.039565 0.038394
0 0.768877 0.866460 0.039751 0.039941
0 0.180824 0.472376 0.036738 0.036410
0 0.139099 0.355001 0.038804 0.042817
0 0.357056 0.864517 0.039751 0.039941
0 0.870267 0.595264 0.034284 0.037520
0 0.104100 0.639562 0.037111 0.039504
0 0.247572 0.845591 0.039938 0.041489
0 0.656888 0.879469 0.036738 0.036410
0 0.877293 0.559344 0.031457 0.035535
0 0.508757 0.416237 0.030510 0.038411
0 0.090377 0.747751 0.038804 0.042817
0 0.651462 0.913287 0.039378 0.036847
0 0.154123 0.682565 0.039751 0.039941
0 0.580471 0.614324 0.035044 0.033097
0 0.881585 0.523760 0.031084 0.032441
0 0.086651 0.784218 0.040311 0.044583
0 0.531532 0.233013 0.030897 0.030894
0 0.110992 0.571270 0.040125 0.043036
0 0.195495 0.367500 0.038431 0.039723
0 0.096981 0.676255 0.037111 0.039504
0 0.167854 0.579900 0.039938 0.041489
0 0.559502 0.358366 0.038258 0.027565
0 0.880697 0.492053 0.035417 0.036191
0 0.534798 0.205938 0.030710 0.029347
0 0.269126 0.666899 0.038258 0.027565
0 0.671205 0.342153 0.037311 0.030440
0 0.516423 0.363854 0.034671 0.030003
0 0.484627 0.270217 0.034298 0.026908
0 0.557876 0.790477 0.036938 0.027346
0 0.378424 0.687372 0.038072 0.026017
0 0.890318 0.345311 0.039579 0.027783
0 0.434459 0.261906 0.037311 0.030440
0 0.141813 0.790199 0.041258 0.041707
0 0.728212 0.316091 0.037125 0.028893
0 0.157022 0.212002 0.038445 0.029112
0 0.724673 0.351010 0.037111 0.039504
0 0.837130 0.334133 0.038445 0.029112
0 0.129668 0.427607 0.040899 0.028002
0 0.512203 0.382091 0.027697 0.025815
0 0.322901 0.243426 0.038258 0.027565
0 0.133020 0.394234 0.042005 0.047896
0 0.634886 0.626495 0.039751 0.039941
0 0.162335 0.614492 0.039751 0.039941
0 0.514972 0.710781 0.035791 0.039285
0 0.677223 0.705309 0.038244 0.038176
0 0.525682 0.605249 0.037111 0.039504
0 0.530333 0.254117 0.029964 0.023158
0 0.203419 0.296223 0.039751 0.039941
0 0.474069 0.346580 0.038618 0.041270
0 0.199034 0.332580 0.039938 0.041489
0 0.574672 0.651237 0.041445 0.043254
0 0.713448 0.421740 0.037111 0.039504
0 0.359487 0.397822 0.039751 0.039941
0 0.282857 0.564234 0.037298 0.041051
0 0.696279 0.564075 0.037111 0.039504
0 0.664459 0.375752 0.038431 0.039723
0 0.767584 0.436231 0.035977 0.040832
0 0.688355 0.635352 0.038431 0.039723
0 0.652055 0.484160 0.037111 0.039504
0 0.332413 0.611106 0.039751 0.039941
0 0.625355 0.694349 0.039751 0.039941
0 0.535214 0.537394 0.039751 0.039941
0 0.642811 0.555218 0.038431 0.039723
0 0.313470 0.316031 0.035791 0.039285
0 0.755547 0.536020 0.036164 0.042380
0 0.449348 0.557098 0.039938 0.041489
0 0.478921 0.306355 0.038991 0.044364
0 0.505067 0.781729 0.035791 0.039285
0 0.656915 0.449459 0.035604 0.037738
0 0.684249 0.669389 0.038431 0.039723
0 0.418475 0.372088 0.035604 0.037738
0 0.597807 0.905977 0.043339 0.037503
0 0.591841 0.508902 0.038431 0.039723
0 0.810055 0.547417 0.040311 0.044583
0 0.188469 0.403420 0.038618 0.041270
0 0.373304 0.288859 0.036351 0.043927
0 0.602879 0.439719 0.038431 0.039723
0 0.261675 0.739832 0.037484 0.042598
0 0.456900 0.488915 0.038618 0.041270
0 0.208558 0.259201 0.038804 0.042817
0 0.704864 0.492908 0.037111 0.039504
0 0.788687 0.724562 0.040125 0.043036
0 0.214718 0.660253 0.039938 0.041489
0 0.393661 0.583379 0.039751 0.039941
0 0.723334 0.786326 0.040125 0.043036
0 0.426753 0.733251 0.040311 0.044583
0 0.728286 0.750851 0.038431 0.039723
0 0.638045 0.589145 0.040125 0.043036
0 0.740883 0.646421 0.038618 0.041270
0 0.700758 0.526944 0.037111 0.039504
0 0.176718 0.506412 0.037484 0.042598
0 0.733898 0.715486 0.035791 0.039285
0 0.545212 0.465672 0.036924 0.037957
0 0.225521 0.553948 0.036164 0.042380
0 0.499455 0.817094 0.036164 0.042380
0 0.777955 0.361415 0.035791 0.039285
0 0.791659 0.688760 0.039751 0.039941
0 0.805576 0.584548 0.039938 0.041489
0 0.508606 0.746810 0.037298 0.041051
0 0.298993 0.424884 0.038244 0.038176
0 0.370119 0.756219 0.040125 0.043036
0 0.410457 0.444138 0.037111 0.039504
0 0.751068 0.573151 0.035791 0.039285
0 0.583256 0.580069 0.038431 0.039723
0 0.318136 0.277353 0.041445 0.043254
0 0.893764 0.311165 0.040125 0.043036
0 0.517758 0.676525 0.038431 0.039723
0 0.746775 0.608735 0.036164 0.042380
0 0.828078 0.409168 0.039751 0.039941
0 0.262687 0.268168 0.035791 0.039285
0 0.773356 0.829329 0.039751 0.039941
0 0.328308 0.645142 0.036364 0.033316
0 0.543205 0.895353 0.039751 0.039941
0 0.290495 0.489754 0.036924 0.037957
0 0.284416 0.528987 0.039378 0.036847
0 0.552737 0.827499 0.039751 0.039941
0 0.319723 0.716310 0.039751 0.039941
0 0.191083 0.833867 0.037111 0.039504
0 0.196602 0.799275 0.039938 0.041489
0 0.782981 0.760701 0.039565 0.038394
0 0.606865 0.836466 0.039751 0.039941
0 0.105659 0.604314 0.039938 0.041489
0 0.171579 0.543434 0.035791 0.039285
0 0.361915 0.829816 0.038618 0.041270
0 0.158889 0.648638 0.038431 0.039723
0 0.095329 0.712277 0.039751 0.039941
0 0.465834 0.772074 0.026376 0.025596
0 0.526773 0.272464 0.031457 0.035535
0 0.524361 0.303625 0.028070 0.028909
0 0.571699 0.687039 0.041072 0.040160
0 0.199667 0.762699 0.037111 0.039504
0 0.429912 0.695901 0.036924 0.037957
0 0.277058 0.601147 0.036924 0.037957
0 0.080945 0.820356 0.039751 0.039941
0 0.151338 0.716820 0.037111 0.039504
0 0.762511 0.902489 0.038618 0.041270
0 0.821619 0.445971 0.038804 0.042817
0 0.899376 0.275800 0.039751 0.039941
0 0.251957 0.809234 0.039751 0.039941
0 0.443829 0.591689 0.039751 0.039941
0 0.661087 0.844659 0.039938 0.041489
0 0.419489 0.804637 0.037298 0.041051
0 0.665099 0.811396 0.039751 0.039941
0 0.243164 0.413269 0.037111 0.039504
0 0.453734 0.520740 0.036738 0.036410
0 0.341091 0.539164 0.039938 0.041489
0 0.125842 0.459323 0.040311 0.044583
0 0.257383 0.775416 0.037111 0.039504
0 0.435338 0.662083 0.039565 0.038394
0 0.364980 0.793240 0.035791 0.039285
0 0.203773 0.728663 0.037111 0.039504
0 0.561608 0.759535 0.041072 0.040160
0 0.440764 0.628265 0.037298 0.041051
0 0.602759 0.870502 0.039751 0.039941
0 0.501265 0.456025 0.033150 0.038848
0 0.548724 0.860762 0.039938 0.041489
0 0.616110 0.765407 0.038431 0.039723
0 0.759652 0.501984 0.035417 0.036191
0 0.629554 0.659539 0.039938 0.041489
0 0.670618 0.776804 0.039938 0.041489
0 0.521957 0.641715 0.038244 0.038176
0 0.220289 0.591743 0.036924 0.037957
0 0.115191 0.536460 0.039938 0.041489
0 0.794445 0.654504 0.034470 0.039067
0 0.529788 0.571212 0.037111 0.039504
0 0.143298 0.320191 0.038618 0.041270
0 0.146952 0.753178 0.037298 0.041051
0 0.430073 0.298263 0.038991 0.044364
0 0.216277 0.625006 0.037111 0.039504
0 0.209199 0.694845 0.039751 0.039941
0 0.230474 0.518473 0.036738 0.036410
0 0.881260 0.414822 0.039378 0.036847
0 0.152163 0.246703 0.038804 0.042817
0 0.619649 0.730488 0.039938 0.041489
0 0.346890 0.502252 0.037298 0.041051
0 0.738004 0.681449 0.035791 0.039285
0 0.385077 0.654546 0.037111 0.039504
0 0.566180 0.721631 0.038991 0.044364
0 0.801377 0.619358 0.039751 0.039941
0 0.265021 0.700936 0.040125 0.043036
0 0.611724 0.801765 0.038244 0.038176
0 0.423874 0.768279 0.037111 0.039504
0 0.234673 0.483663 0.040311 0.044583
0 0.120896 0.500321 0.037484 0.042598
0 0.877441 0.452062 0.038804 0.042817
0 0.376012 0.718533 0.039938 0.041489
0 0.388616 0.619627 0.035977 0.040832
0 0.184270 0.438230 0.038058 0.036629
0 0.396820 0.546029 0.040125 0.043036
0 0.274179 0.636176 0.039751 0.039941
0 0.336612 0.576295 0.039938 0.041489
0 0.322975 0.678187 0.037298 0.041051
0 0.764892 0.469713 0.035417 0.036191
0 0.257928 0.307619 0.035604 0.037738
0 0.548937 0.429205 0.041445 0.043254
0 0.691140 0.601097 0.035791 0.039285
0 0.540733 0.502802 0.039938 0.041489
0 0.414090 0.408445 0.038804 0.042817
0 0.362933 0.363676 0.038431 0.039723
0 0.424181 0.335949 0.035791 0.039285
0 0.355382 0.431858 0.037111 0.039504
0 0.405691 0.478065 0.038431 0.039723
0 0.367412 0.326545 0.038431 0.039723
0 0.461945 0.452667 0.037111 0.039504
0 0.615189 0.332085 0.037298 0.041051
0 0.588682 0.546251 0.041445 0.043254
0 0.647290 0.518087 0.038431 0.039723
0 0.773663 0.396998 0.036164 0.042380
0 0.295827 0.456710 0.034470 0.039067
0 0.709723 0.458207 0.038618 0.041270
0 0.720194 0.388141 0.037111 0.039504
0 0.610990 0.366895 0.034470 0.039067
0 0.254389 0.342539 0.039751 0.039941
0 0.307858 0.351396 0.038431 0.039723
0 0.675004 0.740447 0.039751 0.039941
0 0.553136 0.394395 0.038244 0.038176
0 0.659980 0.412883 0.038431 0.039723
0 0.350996 0.468216 0.036924 0.037957
0 0.830670 0.370936 0.042005 0.047896
0 0.886779 0.380231 0.040311 0.044583
0 0.469870 0.381390 0.035791 0.039285
0 0.304039 0.388636 0.040125 0.043036
0 0.240192 0.449071 0.037111 0.039504
0 0.465578 0.416974 0.038431 0.039723
0 0.597360 0.474310 0.041258 0.041707
0 0.606512 0.404026 0.037111 0.039504
0 0.561628 0.324001 0.041818 0.046349
