0 0.723881 0.224662 0.042289 0.043919
0 0.494403 0.222973 0.048507 0.040541
0 0.090174 0.128378 0.038557 0.047297
0 0.494403 0.116554 0.050995 0.037162
0 0.495647 0.153716 0.048507 0.043919
0 0.090796 0.175676 0.037313 0.043919
0 0.496891 0.357264 0.048507 0.035473
0 0.511194 0.752534 0.022388 0.015203
0 0.510572 0.736486 0.023632 0.016892
0 0.509950 0.722128 0.022388 0.011824
0 0.497512 0.327703 0.049751 0.033784
0 0.726368 0.699324 0.034826 0.043919
0 0.841418 0.614020 0.036070 0.042230
0 0.379353 0.440034 0.037313 0.038851
0 0.436567 0.569257 0.039801 0.043919
0 0.205846 0.179054 0.041045 0.040541
0 0.554104 0.702703 0.041045 0.043919
0 0.840174 0.483108 0.038557 0.047297
0 0.784204 0.789696 0.041045 0.048986
0 0.319652 0.483108 0.034826 0.043919
0 0.723881 0.482264 0.037313 0.038851
0 0.723881 0.270270 0.037313 0.043919
0 0.839552 0.269426 0.039801 0.042230
0 0.205846 0.483108 0.036070 0.043919
0 0.897388 0.527027 0.038557 0.043919
0 0.318408 0.396115 0.037313 0.045608
0 0.319652 0.311655 0.037313 0.038851
0 0.554104 0.269426 0.033582 0.042230
0 0.146144 0.395270 0.036070 0.043919
0 0.494403 0.434122 0.046020 0.047297
0 0.379353 0.177365 0.037313 0.050676
0 0.896144 0.132601 0.041045 0.048986
0 0.666667 0.744932 0.037313 0.043919
0 0.610075 0.399493 0.036070 0.038851
0 0.725124 0.442568 0.034826 0.040541
0 0.320274 0.438345 0.036070 0.045608
0 0.840796 0.354730 0.039801 0.043919
0 0.262438 0.482264 0.037313 0.048986
0 0.552861 0.744088 0.041045 0.042230
0 0.722637 0.359797 0.037313 0.043919
0 0.263060 0.398649 0.038557 0.040541
0 0.723881 0.742399 0.037313 0.038851
0 0.897388 0.227196 0.041045 0.045608
0 0.203358 0.568412 0.038557 0.045608
0 0.554104 0.353885 0.038557 0.042230
0 0.554104 0.612331 0.038557 0.045608
0 0.841418 0.700169 0.036070 0.042230
0 0.784826 0.659628 0.037313 0.048986
0 0.841418 0.785473 0.038557 0.043919
0 0.899876 0.744088 0.038557 0.042230
0 0.899876 0.613176 0.038557 0.043919
0 0.897388 0.483108 0.041045 0.043919
0 0.146144 0.264358 0.036070 0.048986
0 0.897388 0.182432 0.041045 0.043919
0 0.840174 0.572635 0.038557 0.043919
0 0.610697 0.741554 0.037313 0.040541
0 0.434701 0.483953 0.031095 0.042230
0 0.725124 0.524493 0.037313 0.042230
0 0.723881 0.180743 0.042289 0.043919
0 0.264303 0.174831 0.038557 0.052365
0 0.204602 0.265203 0.041045 0.047297
0 0.552861 0.783784 0.036070 0.043919
0 0.667289 0.313345 0.036070 0.038851
0 0.725124 0.614865 0.034826 0.043919
0 0.610075 0.309122 0.041045 0.050676
0 0.666667 0.266892 0.037313 0.047297
0 0.723881 0.399493 0.037313 0.038851
0 0.263060 0.436655 0.036070 0.038851
0 0.088308 0.267736 0.037313 0.045608
0 0.897388 0.273649 0.041045 0.043919
0 0.782960 0.744088 0.036070 0.042230
0 0.100746 0.867399 0.024876 0.035473
0 0.496891 0.478041 0.048507 0.030405
0 0.100746 0.782939 0.024876 0.035473
0 0.610697 0.868243 0.037313 0.043919
0 0.071517 0.913851 0.023632 0.037162
0 0.610697 0.485642 0.037313 0.045608
0 0.200871 0.783784 0.033582 0.043919
0 0.435323 0.916385 0.037313 0.042230
0 0.029229 0.830236 0.038557 0.038851
0 0.669154 0.782095 0.037313 0.037162
0 0.202114 0.699324 0.038557 0.043919
0 0.379353 0.609797 0.037313 0.043919
0 0.552861 0.918074 0.043532 0.045608
0 0.088308 0.311655 0.039801 0.038851
0 0.611318 0.826858 0.033582 0.042230
0 0.029229 0.652872 0.038557 0.038851
0 0.204602 0.351351 0.041045 0.047297
0 0.029851 0.351351 0.037313 0.043919
0 0.436567 0.869088 0.039801 0.045608
0 0.550373 0.872466 0.041045 0.045608
0 0.899876 0.785473 0.036070 0.043919
0 0.726368 0.869088 0.042289 0.045608
0 0.783582 0.269426 0.037313 0.038851
0 0.203358 0.396959 0.036070 0.043919
0 0.496891 0.293074 0.048507 0.042230
0 0.841418 0.913851 0.041045 0.047297
0 0.378109 0.652872 0.037313 0.045608
0 0.897388 0.398649 0.041045 0.043919
0 0.204602 0.440034 0.033582 0.038851
0 0.146766 0.441723 0.037313 0.048986
0 0.611318 0.224662 0.038557 0.033784
0 0.667910 0.916385 0.042289 0.048986
0 0.027363 0.565878 0.037313 0.043919
0 0.435323 0.702703 0.037313 0.040541
0 0.435323 0.744088 0.037313 0.042230
0 0.725124 0.827703 0.037313 0.043919
0 0.611318 0.527872 0.036070 0.035473
0 0.840796 0.227196 0.039801 0.038851
0 0.085821 0.614020 0.042289 0.042230
0 0.552861 0.826014 0.036070 0.043919
0 0.027985 0.744088 0.041045 0.042230
0 0.029851 0.309122 0.039801 0.043919
0 0.899876 0.826014 0.041045 0.043919
0 0.089552 0.480574 0.039801 0.042230
0 0.029229 0.608953 0.038557 0.045608
0 0.088308 0.568412 0.042289 0.048986
0 0.029851 0.393581 0.037313 0.043919
0 0.202114 0.611486 0.038557 0.043919
0 0.784826 0.483108 0.037313 0.040541
0 0.725124 0.785473 0.037313 0.043919
0 0.319652 0.612331 0.037313 0.035473
0 0.552861 0.177365 0.036070 0.043919
0 0.435323 0.657939 0.037313 0.045608
0 0.552861 0.486486 0.036070 0.043919
0 0.029229 0.786318 0.038557 0.048986
0 0.376866 0.742399 0.042289 0.045608
0 0.839552 0.312500 0.037313 0.043919
0 0.842040 0.657095 0.032338 0.043919
0 0.320274 0.699324 0.038557 0.047297
0 0.204602 0.309122 0.036070 0.043919
0 0.609453 0.657095 0.037313 0.043919
0 0.899876 0.654561 0.036070 0.038851
0 0.667910 0.869932 0.039801 0.043919
0 0.779851 0.131757 0.039801 0.043919
0 0.898632 0.698480 0.036070 0.048986
0 0.028607 0.438345 0.039801 0.045608
0 0.205846 0.132601 0.041045 0.048986
0 0.205846 0.220439 0.038557 0.038851
0 0.264303 0.266892 0.038557 0.037162
0 0.029229 0.696791 0.041045 0.048986
0 0.783582 0.228885 0.037313 0.045608
0 0.379353 0.569257 0.037313 0.040541
0 0.436567 0.440878 0.029851 0.040541
0 0.437811 0.222973 0.037313 0.037162
0 0.376866 0.700169 0.042289 0.045608
0 0.320274 0.656250 0.038557 0.045608
0 0.202114 0.826014 0.038557 0.043919
0 0.725124 0.313345 0.037313 0.045608
0 0.100124 0.695946 0.026119 0.040541
0 0.203358 0.872466 0.041045 0.045608
0 0.318408 0.869088 0.037313 0.042230
0 0.043532 0.266047 0.024876 0.038851
0 0.494403 0.188345 0.053483 0.028716
0 0.102612 0.913851 0.026119 0.040541
0 0.071517 0.867399 0.023632 0.035473
0 0.072761 0.654561 0.023632 0.028716
0 0.955846 0.182432 0.038557 0.047297
0 0.495647 0.258446 0.048507 0.033784
0 0.088308 0.525338 0.042289 0.043919
0 0.100124 0.826014 0.026119 0.033784
0 0.320274 0.916385 0.041045 0.048986
0 0.203358 0.915541 0.041045 0.040541
0 0.072139 0.826014 0.024876 0.040541
0 0.318408 0.742399 0.037313 0.038851
0 0.072761 0.696791 0.023632 0.042230
0 0.074005 0.738176 0.023632 0.033784
0 0.100124 0.656250 0.026119 0.035473
0 0.318408 0.828547 0.034826 0.038851
0 0.609453 0.261824 0.037313 0.040541
0 0.841418 0.867399 0.043532 0.045608
0 0.377488 0.917230 0.043532 0.043919
0 0.029229 0.869932 0.038557 0.043919
0 0.029229 0.523649 0.036070 0.043919
0 0.202736 0.744088 0.037313 0.042230
0 0.071517 0.782939 0.023632 0.038851
0 0.897388 0.356419 0.038557 0.040541
0 0.782338 0.179899 0.039801 0.048986
0 0.028607 0.480574 0.037313 0.038851
0 0.899876 0.869088 0.036070 0.042230
0 0.029229 0.915541 0.041045 0.047297
0 0.435323 0.826858 0.037313 0.042230
0 0.665423 0.225507 0.037313 0.042230
0 0.088308 0.395270 0.037313 0.037162
0 0.375622 0.872466 0.042289 0.045608
0 0.955846 0.229730 0.041045 0.050676
0 0.610697 0.782939 0.037313 0.042230
0 0.101990 0.738176 0.027363 0.037162
0 0.840796 0.439189 0.037313 0.040541
0 0.202114 0.655405 0.038557 0.043919
0 0.611318 0.912162 0.041045 0.043919
0 0.435323 0.783784 0.042289 0.043919
0 0.899876 0.914696 0.038557 0.048986
0 0.841418 0.826014 0.041045 0.040541
0 0.203980 0.524493 0.032338 0.038851
0 0.554104 0.525338 0.036070 0.037162
0 0.955846 0.133446 0.041045 0.050676
0 0.723881 0.658784 0.034826 0.040541
0 0.320274 0.785473 0.038557 0.047297
0 0.840796 0.397804 0.037313 0.042230
0 0.726368 0.913007 0.039801 0.042230
0 0.088308 0.436655 0.039801 0.042230
0 0.898632 0.439189 0.036070 0.040541
0 0.896766 0.316723 0.042289 0.042230
0 0.376866 0.783784 0.039801 0.043919
0 0.088308 0.351351 0.037313 0.043919
0 0.784826 0.701858 0.032338 0.038851
0 0.090796 0.220439 0.037313 0.045608
0 0.378109 0.826014 0.042289 0.043919
0 0.435323 0.527027 0.037313 0.043919
0 0.609453 0.442568 0.034826 0.043919
0 0.145522 0.310811 0.037313 0.043919
0 0.319652 0.526182 0.037313 0.048986
0 0.782338 0.399493 0.037313 0.038851
0 0.552861 0.566723 0.038557 0.045608
0 0.723881 0.130912 0.039801 0.048986
0 0.784826 0.441723 0.039801 0.042230
0 0.610697 0.699324 0.034826 0.040541
0 0.841418 0.741554 0.036070 0.043919
0 0.262438 0.309122 0.037313 0.043919
0 0.554104 0.441723 0.038557 0.045608
0 0.145522 0.354730 0.039801 0.043919
0 0.723881 0.568412 0.039801 0.045608
0 0.554104 0.310811 0.038557 0.043919
0 0.379353 0.224662 0.042289 0.043919
0 0.436567 0.614865 0.039801 0.047297
0 0.263682 0.222973 0.042289 0.047297
0 0.667910 0.530405 0.037313 0.040541
0 0.667910 0.570946 0.037313 0.040541
0 0.666667 0.399493 0.037313 0.038851
0 0.897388 0.571791 0.041045 0.045608
0 0.840174 0.530405 0.038557 0.043919
0 0.784826 0.614020 0.034826 0.042230
0 0.319652 0.571791 0.037313 0.045608
0 0.667910 0.440878 0.037313 0.043919
0 0.319652 0.351351 0.037313 0.043919
0 0.841418 0.182432 0.041045 0.050676
0 0.667910 0.826858 0.039801 0.045608
0 0.667910 0.657095 0.042289 0.043919
0 0.379353 0.527027 0.037313 0.040541
0 0.782338 0.358108 0.037313 0.043919
0 0.666667 0.701014 0.039801 0.043919
0 0.784826 0.571791 0.039801 0.045608
0 0.320896 0.173986 0.039801 0.050676
0 0.784826 0.527872 0.039801 0.045608
0 0.783582 0.314189 0.039801 0.043919
0 0.263060 0.353885 0.038557 0.045608
0 0.610075 0.357264 0.038557 0.045608
0 0.554104 0.655405 0.041045 0.047297
0 0.611318 0.613176 0.038557 0.043919
0 0.666667 0.484797 0.037313 0.043919
0 0.436567 0.354730 0.039801 0.040541
0 0.379353 0.398649 0.034826 0.043919
0 0.320896 0.223818 0.037313 0.045608
0 0.378731 0.353885 0.033582 0.042230
0 0.666667 0.355574 0.037313 0.048986
0 0.610697 0.569257 0.037313 0.043919
0 0.437811 0.177365 0.039801 0.054054
0 0.611318 0.178209 0.041045 0.052365
0 0.665423 0.179899 0.037313 0.052365
0 0.667289 0.613176 0.041045 0.043919
0 0.379353 0.310811 0.037313 0.043919
0 0.552861 0.222973 0.043532 0.047297
0 0.378109 0.482264 0.037313 0.048986
0 0.554104 0.397804 0.041045 0.042230
0 0.437811 0.314189 0.039801 0.043919
0 0.379353 0.270270 0.037313 0.040541
0 0.436567 0.397804 0.037313 0.045608
0 0.437189 0.267736 0.038557 0.048986
0 0.320896 0.270270 0.037313 0.047297
