0 0.917237 0.320866 0.033105 0.047244
0 0.160388 0.465551 0.023973 0.041339
0 0.184932 0.267717 0.022831 0.047244
0 0.320205 0.264764 0.021689 0.045276
0 0.321918 0.166339 0.022831 0.041339
0 0.239155 0.612205 0.021689 0.043307
0 0.345320 0.169291 0.023973 0.039370
0 0.863584 0.369094 0.033105 0.041339
0 0.239155 0.216535 0.019406 0.035433
0 0.345890 0.465551 0.020548 0.037402
0 0.918379 0.518701 0.035388 0.045276
0 0.239155 0.267717 0.021689 0.047244
0 0.267123 0.366142 0.025114 0.039370
0 0.320205 0.057087 0.021689 0.047244
0 0.320205 0.366142 0.021689 0.039370
0 0.105594 0.216535 0.021689 0.039370
0 0.918950 0.471457 0.034247 0.045276
0 0.159247 0.663386 0.023973 0.047244
0 0.186073 0.315945 0.022831 0.045276
0 0.757420 0.716535 0.037671 0.051181
0 0.240297 0.863189 0.021689 0.041339
0 0.161530 0.866142 0.023973 0.043307
0 0.159817 0.364173 0.022831 0.039370
0 0.452055 0.315945 0.022831 0.041339
0 0.292237 0.208661 0.022831 0.035433
0 0.758562 0.620079 0.033105 0.047244
0 0.266553 0.217520 0.019406 0.037402
0 0.344178 0.315945 0.021689 0.033465
0 0.160388 0.967520 0.028539 0.049213
0 0.610160 0.221457 0.021689 0.045276
0 0.918379 0.764764 0.030822 0.045276
0 0.265982 0.563976 0.025114 0.041339
0 0.321918 0.713583 0.025114 0.037402
0 0.239726 0.513780 0.022831 0.043307
0 0.239155 0.465551 0.021689 0.041339
0 0.159247 0.812992 0.023973 0.043307
0 0.267123 0.315945 0.022831 0.041339
0 0.452055 0.169291 0.022831 0.039370
0 0.267123 0.417323 0.025114 0.047244
0 0.240297 0.967520 0.021689 0.041339
0 0.240297 0.564961 0.021689 0.043307
0 0.398973 0.513780 0.023973 0.039370
0 0.238014 0.364173 0.021689 0.043307
0 0.159247 0.515748 0.023973 0.039370
0 0.159817 0.563976 0.020548 0.041339
0 0.214041 0.513780 0.021689 0.039370
0 0.863014 0.270669 0.034247 0.045276
0 0.160388 0.166339 0.021689 0.041339
0 0.265982 0.057087 0.022831 0.043307
0 0.212900 0.315945 0.021689 0.037402
0 0.399543 0.961614 0.027397 0.045276
0 0.321918 0.663386 0.022831 0.047244
0 0.493151 0.209646 0.043379 0.037402
0 0.159247 0.714567 0.026256 0.043307
0 0.238014 0.315945 0.021689 0.033465
0 0.321918 0.513780 0.022831 0.035433
0 0.493151 0.125984 0.047945 0.035433
0 0.159247 0.054134 0.023973 0.049213
0 0.756279 0.516732 0.033105 0.053150
0 0.160388 0.613189 0.023973 0.037402
0 0.918379 0.713583 0.030822 0.057087
0 0.919521 0.666339 0.035388 0.037402
0 0.861872 0.470472 0.036530 0.055118
0 0.159247 0.914370 0.023973 0.041339
0 0.159247 0.112205 0.019406 0.031496
0 0.266553 0.612205 0.023973 0.039370
0 0.266553 0.510827 0.023973 0.037402
0 0.493151 0.324803 0.043379 0.039370
0 0.504566 0.772638 0.020548 0.025591
0 0.504566 0.746063 0.020548 0.027559
0 0.756849 0.270669 0.031963 0.049213
0 0.758562 0.914370 0.035388 0.049213
0 0.398973 0.364173 0.023973 0.031496
0 0.265982 0.113189 0.022831 0.045276
0 0.493151 0.288386 0.043379 0.037402
0 0.490868 0.465551 0.041096 0.037402
0 0.758562 0.321850 0.037671 0.053150
0 0.651826 0.320866 0.034247 0.051181
0 0.703196 0.320866 0.034247 0.051181
0 0.809932 0.323819 0.037671 0.053150
0 0.809932 0.062008 0.037671 0.057087
0 0.703196 0.115157 0.036530 0.057087
0 0.065639 0.216535 0.035388 0.055118
0 0.757420 0.062008 0.037671 0.057087
0 0.702626 0.417323 0.033105 0.047244
0 0.651826 0.222441 0.034247 0.047244
0 0.651826 0.171260 0.034247 0.055118
0 0.757420 0.118110 0.037671 0.055118
0 0.598174 0.168307 0.031963 0.053150
0 0.757420 0.171260 0.037671 0.051181
0 0.704909 0.764764 0.037671 0.053150
0 0.545662 0.369094 0.034247 0.053150
0 0.702055 0.273622 0.034247 0.051181
0 0.398973 0.914370 0.028539 0.049213
0 0.809361 0.222441 0.034247 0.051181
0 0.399543 0.417323 0.027397 0.043307
0 0.756849 0.222441 0.031963 0.047244
0 0.704909 0.668307 0.033105 0.053150
0 0.918950 0.118110 0.036530 0.066929
0 0.860731 0.320866 0.034247 0.051181
0 0.809932 0.273622 0.033105 0.047244
0 0.398973 0.613189 0.023973 0.045276
0 0.214041 0.363189 0.023973 0.045276
0 0.212900 0.115157 0.021689 0.045276
0 0.757420 0.465551 0.030822 0.041339
0 0.862443 0.062008 0.035388 0.057087
0 0.758562 0.866142 0.035388 0.047244
0 0.918379 0.566929 0.035388 0.051181
0 0.345320 0.267717 0.021689 0.047244
0 0.345320 0.515748 0.021689 0.043307
0 0.916667 0.177165 0.034247 0.047244
0 0.426370 0.171260 0.021689 0.043307
0 0.398973 0.564961 0.023973 0.043307
0 0.346461 0.366142 0.021689 0.039370
0 0.426370 0.116142 0.021689 0.051181
0 0.758562 0.814961 0.035388 0.051181
0 0.214041 0.563976 0.023973 0.045276
0 0.704338 0.513780 0.029680 0.047244
0 0.239726 0.414370 0.022831 0.045276
0 0.215183 0.970472 0.026256 0.043307
0 0.400685 0.764764 0.022831 0.041339
0 0.321918 0.465551 0.022831 0.041339
0 0.323059 0.812992 0.025114 0.047244
0 0.212900 0.166339 0.021689 0.041339
0 0.651256 0.270669 0.033105 0.049213
0 0.919521 0.818898 0.035388 0.059055
0 0.452055 0.059055 0.022831 0.043307
0 0.321918 0.864173 0.027397 0.043307
0 0.373288 0.267717 0.022831 0.043307
0 0.399543 0.810039 0.022831 0.041339
0 0.425228 0.315945 0.021689 0.041339
0 0.065639 0.315945 0.030822 0.053150
0 0.239155 0.166339 0.021689 0.041339
0 0.599315 0.059055 0.034247 0.059055
0 0.214041 0.465551 0.023973 0.045276
0 0.493151 0.046260 0.045662 0.041339
0 0.346461 0.116142 0.023973 0.043307
0 0.320776 0.315945 0.022831 0.045276
0 0.320776 0.216535 0.020548 0.039370
0 0.240868 0.668307 0.022831 0.045276
0 0.346461 0.059055 0.023973 0.047244
0 0.492009 0.088583 0.043379 0.047244
0 0.214041 0.812992 0.023973 0.039370
0 0.558219 0.056102 0.025114 0.045276
0 0.065639 0.470472 0.037671 0.051181
0 0.450913 0.418307 0.022831 0.037402
0 0.239155 0.059055 0.021689 0.047244
0 0.267123 0.465551 0.022831 0.041339
0 0.426370 0.059055 0.021689 0.047244
0 0.159247 0.417323 0.023973 0.043307
0 0.239726 0.914370 0.027397 0.041339
0 0.214041 0.866142 0.023973 0.043307
0 0.320776 0.563976 0.022831 0.041339
0 0.215183 0.612205 0.023973 0.039370
0 0.400114 0.115157 0.023973 0.049213
0 0.214041 0.668307 0.023973 0.041339
0 0.131849 0.219488 0.023973 0.041339
0 0.240868 0.761811 0.022831 0.043307
0 0.757420 0.566929 0.037671 0.055118
0 0.212900 0.267717 0.021689 0.039370
0 0.556507 0.267717 0.021689 0.047244
0 0.267123 0.264764 0.022831 0.045276
0 0.212329 0.764764 0.020548 0.037402
0 0.239155 0.812992 0.023973 0.047244
0 0.159817 0.267717 0.020548 0.039370
0 0.558219 0.216535 0.022831 0.047244
0 0.187215 0.219488 0.022831 0.045276
0 0.066781 0.518701 0.039954 0.049213
0 0.558219 0.169291 0.025114 0.039370
0 0.321347 0.764764 0.023973 0.041339
0 0.345320 0.417323 0.021689 0.039370
0 0.159817 0.219488 0.022831 0.045276
0 0.240868 0.713583 0.022831 0.041339
0 0.214041 0.914370 0.023973 0.041339
0 0.452055 0.366142 0.022831 0.047244
0 0.159817 0.315945 0.022831 0.045276
0 0.373288 0.217520 0.018265 0.045276
0 0.214041 0.414370 0.023973 0.041339
0 0.159817 0.761811 0.022831 0.043307
0 0.320205 0.112205 0.021689 0.043307
0 0.321347 0.967520 0.028539 0.049213
0 0.267123 0.166339 0.022831 0.049213
0 0.861872 0.225394 0.034247 0.045276
0 0.757991 0.967520 0.036530 0.053150
0 0.427511 0.465551 0.021689 0.041339
0 0.918379 0.620079 0.035388 0.055118
0 0.399543 0.863189 0.027397 0.045276
0 0.863014 0.417323 0.034247 0.055118
0 0.861872 0.118110 0.034247 0.055118
0 0.065639 0.369094 0.033105 0.049213
0 0.398402 0.663386 0.022831 0.043307
0 0.321347 0.911417 0.028539 0.047244
0 0.917808 0.273622 0.034247 0.047244
0 0.558219 0.118110 0.025114 0.043307
0 0.706050 0.716535 0.033105 0.047244
0 0.493151 0.249016 0.043379 0.049213
0 0.428082 0.267717 0.020548 0.039370
0 0.492580 0.166339 0.044521 0.049213
0 0.427511 0.366142 0.021689 0.047244
0 0.452055 0.219488 0.020548 0.045276
0 0.321918 0.613189 0.025114 0.045276
0 0.064498 0.572835 0.039954 0.059055
0 0.319635 0.417323 0.022831 0.047244
0 0.452055 0.115157 0.022831 0.041339
0 0.703767 0.964567 0.035388 0.051181
0 0.214612 0.716535 0.025114 0.043307
0 0.398402 0.059055 0.025114 0.047244
0 0.346461 0.217520 0.021689 0.045276
0 0.065639 0.417323 0.035388 0.051181
0 0.917808 0.372047 0.034247 0.047244
0 0.398402 0.716535 0.025114 0.047244
0 0.452055 0.267717 0.022831 0.047244
0 0.650114 0.115157 0.033105 0.057087
0 0.066781 0.267717 0.035388 0.047244
0 0.758562 0.372047 0.035388 0.047244
0 0.214041 0.216535 0.023973 0.047244
0 0.704909 0.817913 0.033105 0.049213
0 0.398402 0.465551 0.025114 0.041339
0 0.399543 0.267717 0.022831 0.043307
0 0.703767 0.564961 0.033105 0.051181
0 0.239155 0.115157 0.023973 0.045276
0 0.703767 0.917323 0.033105 0.047244
0 0.703767 0.615157 0.035388 0.049213
0 0.398402 0.219488 0.022831 0.041339
0 0.545662 0.425197 0.038813 0.055118
0 0.400114 0.169291 0.023973 0.047244
0 0.917808 0.225394 0.034247 0.049213
0 0.862443 0.174213 0.035388 0.057087
0 0.452055 0.465551 0.025114 0.049213
0 0.809361 0.121063 0.034247 0.057087
0 0.544521 0.315945 0.034247 0.057087
0 0.426370 0.417323 0.023973 0.043307
0 0.811073 0.171260 0.035388 0.047244
0 0.703196 0.369094 0.034247 0.045276
0 0.918950 0.423228 0.036530 0.051181
0 0.701484 0.222441 0.030822 0.047244
0 0.492580 0.412402 0.042237 0.057087
0 0.757991 0.767717 0.036530 0.047244
0 0.702626 0.465551 0.035388 0.049213
0 0.650685 0.372047 0.038813 0.055118
0 0.704909 0.866142 0.033105 0.051181
0 0.599315 0.115157 0.031963 0.045276
0 0.427511 0.219488 0.021689 0.045276
0 0.758562 0.420276 0.033105 0.049213
0 0.758562 0.668307 0.035388 0.049213
0 0.701484 0.172244 0.033105 0.053150
0 0.398402 0.317913 0.022831 0.045276
