0 0.488767 0.919233 0.045048 0.064043
0 0.509029 0.455151 0.047509 0.060412
0 0.845104 0.985622 0.043228 0.028755
0 0.786103 0.998318 0.039167 0.003364
0 0.550840 0.191782 0.045429 0.047661
0 0.530865 0.321267 0.045949 0.050849
0 0.544008 0.895848 0.041068 0.052119
0 0.853894 0.957812 0.041327 0.053713
0 0.588412 0.952923 0.044528 0.060855
0 0.537639 0.934898 0.041327 0.053713
0 0.737770 0.990294 0.042408 0.019412
0 0.500124 0.835585 0.044528 0.060855
0 0.551027 0.852814 0.044268 0.059262
0 0.643783 0.928742 0.041327 0.053713
0 0.744789 0.964602 0.042408 0.054097
0 0.688898 0.981664 0.042928 0.036671
0 0.800830 0.939816 0.042107 0.058495
0 0.703605 0.905298 0.039947 0.057728
0 0.752758 0.922749 0.043188 0.058878
0 0.601800 0.870840 0.042107 0.058495
0 0.637715 0.972460 0.043748 0.055080
0 0.649742 0.888704 0.041287 0.059705
0 0.593961 0.911897 0.038387 0.048164
0 0.668513 0.850686 0.025984 0.040758
0 0.617611 0.833457 0.025724 0.039164
0 0.539232 0.255949 0.048369 0.053210
0 0.521547 0.385405 0.044909 0.044474
0 0.769389 0.887343 0.024644 0.038781
0 0.535674 0.291781 0.045169 0.046068
0 0.871065 0.922598 0.027064 0.041141
0 0.556989 0.161085 0.047330 0.046835
0 0.819752 0.904380 0.025984 0.040758
0 0.568048 0.815018 0.028145 0.041525
0 0.525966 0.358309 0.044909 0.044474
0 0.475291 0.739090 0.025724 0.039164
0 0.794222 0.978587 0.040247 0.042826
0 0.517685 0.797981 0.026804 0.039548
0 0.545771 0.222862 0.044649 0.042880
0 0.695377 0.948745 0.041327 0.053713
0 0.719156 0.869509 0.027885 0.039931
