0 0.130621 0.546781 0.032949 0.038313
0 0.634606 0.890936 0.036907 0.036903
0 0.644111 0.601215 0.032909 0.036763
0 0.502264 0.258109 0.032828 0.033664
0 0.389898 0.811015 0.036827 0.033804
0 0.635766 0.820402 0.038119 0.032301
0 0.694828 0.677443 0.036907 0.036903
0 0.225510 0.694355 0.035534 0.035307
0 0.580867 0.854154 0.036786 0.032254
0 0.698930 0.570562 0.036827 0.033804
0 0.764061 0.244787 0.033029 0.041412
0 0.861266 0.611922 0.035574 0.036856
0 0.278338 0.843559 0.036947 0.038453
0 0.450496 0.557208 0.035494 0.033757
0 0.866075 0.503514 0.036827 0.033804
0 0.397320 0.627471 0.036786 0.032254
0 0.447586 0.669560 0.035614 0.038406
0 0.699873 0.534144 0.036947 0.038453
0 0.111276 0.289398 0.028830 0.033524
0 0.867665 0.467895 0.035574 0.036856
0 0.105576 0.509453 0.028911 0.036623
0 0.178435 0.400326 0.032828 0.033664
0 0.222106 0.877265 0.032869 0.035213
0 0.702743 0.423342 0.036827 0.033804
0 0.763703 0.284327 0.036827 0.033804
0 0.291227 0.371703 0.035574 0.036856
0 0.133532 0.434428 0.030324 0.039769
0 0.229007 0.585126 0.036907 0.036903
0 0.639632 0.748411 0.036907 0.036903
0 0.111020 0.325064 0.030243 0.036670
0 0.388011 0.883851 0.036907 0.036903
0 0.139264 0.290378 0.028911 0.036623
0 0.526615 0.888705 0.036907 0.036903
0 0.390287 0.847480 0.036947 0.038453
0 0.812766 0.501647 0.036827 0.033804
0 0.588137 0.599254 0.035494 0.033757
0 0.442087 0.881867 0.035534 0.035307
0 0.175011 0.584010 0.032708 0.029015
0 0.701154 0.458961 0.035494 0.033757
0 0.583657 0.746451 0.036907 0.036903
0 0.347611 0.409353 0.032909 0.036763
0 0.868945 0.392712 0.036786 0.032254
0 0.530757 0.780274 0.036907 0.036903
0 0.453286 0.449505 0.032788 0.032114
0 0.704373 0.386173 0.032909 0.036763
0 0.868668 0.429153 0.038240 0.036950
0 0.706629 0.350576 0.035574 0.036856
0 0.449533 0.594400 0.035574 0.036856
0 0.644995 0.567122 0.035494 0.033757
0 0.533628 0.669471 0.036867 0.035353
0 0.535105 0.560946 0.036947 0.038453
0 0.281128 0.735856 0.036907 0.036903
0 0.291616 0.408168 0.038119 0.032301
0 0.808234 0.573614 0.037027 0.041552
0 0.813894 0.355109 0.034121 0.032161
0 0.534161 0.597364 0.036907 0.036903
0 0.540191 0.416098 0.034161 0.033710
0 0.636922 0.853015 0.036947 0.038453
0 0.869808 0.359393 0.036907 0.036903
0 0.816170 0.318738 0.036987 0.040002
0 0.390821 0.775373 0.036907 0.036903
0 0.637376 0.784008 0.036907 0.036903
0 0.279281 0.807141 0.036907 0.036903
0 0.528502 0.815870 0.036907 0.036903
0 0.443030 0.845449 0.038320 0.040049
0 0.640555 0.712769 0.036907 0.036903
0 0.400366 0.484102 0.038240 0.036950
0 0.288160 0.515847 0.036907 0.036903
0 0.594812 0.418786 0.036867 0.035353
0 0.872084 0.323023 0.036947 0.038453
0 0.172458 0.656822 0.036947 0.038453
0 0.176877 0.511950 0.040905 0.037043
0 0.235333 0.366644 0.035574 0.036856
0 0.588414 0.562813 0.036947 0.038453
0 0.527558 0.852287 0.039613 0.038546
0 0.406476 0.299736 0.032989 0.039862
0 0.646841 0.495836 0.035574 0.036856
0 0.351168 0.297799 0.034241 0.036810
0 0.283014 0.663021 0.036907 0.036903
0 0.538304 0.488933 0.036907 0.036903
0 0.177492 0.436744 0.038280 0.038499
0 0.238295 0.329521 0.036907 0.036903
0 0.591633 0.490025 0.036947 0.038453
0 0.641599 0.672477 0.036987 0.040002
0 0.586310 0.669765 0.038280 0.038499
0 0.649651 0.387358 0.035494 0.033757
0 0.342188 0.592967 0.036947 0.038453
0 0.649908 0.351692 0.036987 0.040002
0 0.406219 0.335402 0.036907 0.036903
0 0.234389 0.403061 0.038280 0.038499
0 0.697340 0.606181 0.038240 0.036950
0 0.286294 0.587908 0.036947 0.038453
0 0.757048 0.464021 0.038240 0.036950
0 0.233109 0.478244 0.036907 0.036903
0 0.349947 0.370658 0.035574 0.036856
0 0.283424 0.698710 0.036907 0.036903
0 0.288437 0.479406 0.038200 0.035400
0 0.340302 0.665803 0.039693 0.041645
0 0.403257 0.372525 0.038240 0.036950
0 0.652264 0.312222 0.037027 0.041552
0 0.457019 0.305384 0.032949 0.038313
0 0.457838 0.376763 0.038200 0.035400
0 0.180382 0.325166 0.041026 0.041692
0 0.454229 0.413087 0.035574 0.036856
0 0.343192 0.554225 0.037027 0.041552
0 0.754102 0.603516 0.039733 0.043195
0 0.343489 0.517009 0.035614 0.038406
0 0.295859 0.295862 0.040985 0.040142
0 0.404252 0.411337 0.036907 0.036903
0 0.286571 0.551467 0.038240 0.036950
0 0.280204 0.771499 0.036907 0.036903
0 0.755519 0.497316 0.036867 0.035353
0 0.590690 0.526443 0.036907 0.036903
0 0.859420 0.683208 0.038240 0.036950
0 0.446466 0.738544 0.034161 0.033710
0 0.152098 0.876364 0.026125 0.031881
0 0.749469 0.679357 0.036907 0.036903
0 0.749839 0.716596 0.036907 0.036903
0 0.446683 0.704428 0.035494 0.033757
0 0.153238 0.806605 0.024792 0.031834
0 0.748012 0.787107 0.036786 0.032254
0 0.157184 0.731515 0.028750 0.030424
0 0.276102 0.878380 0.036827 0.033804
0 0.744556 0.894786 0.038240 0.036950
0 0.580631 0.889045 0.035494 0.033757
0 0.443954 0.809806 0.035494 0.033757
0 0.448610 0.630043 0.038240 0.036950
0 0.748916 0.752239 0.036907 0.036903
0 0.109153 0.397124 0.027377 0.028828
0 0.451420 0.521565 0.038320 0.040049
0 0.745736 0.823478 0.036907 0.036903
0 0.858476 0.719625 0.038280 0.038499
0 0.502220 0.362806 0.030283 0.038219
0 0.106620 0.469161 0.031576 0.036716
0 0.856630 0.790911 0.037878 0.023002
0 0.501401 0.291427 0.032708 0.029015
0 0.494208 0.775116 0.024792 0.031834
0 0.871755 0.284234 0.036626 0.026055
0 0.587900 0.634146 0.036546 0.022956
0 0.296883 0.256345 0.037959 0.026102
0 0.653954 0.272728 0.037919 0.024552
0 0.755025 0.567873 0.036506 0.021406
0 0.408086 0.263342 0.036546 0.022956
0 0.398263 0.591053 0.036586 0.024505
0 0.854057 0.864497 0.036907 0.036903
0 0.496375 0.433952 0.027538 0.035027
0 0.854486 0.899412 0.039532 0.035447
0 0.499277 0.399154 0.028750 0.030424
0 0.134732 0.362345 0.028790 0.031974
0 0.865152 0.539157 0.036987 0.040002
0 0.856413 0.825027 0.039693 0.041645
0 0.744813 0.859120 0.036907 0.036903
0 0.857513 0.756818 0.038280 0.038499
0 0.582477 0.817760 0.032909 0.036763
0 0.110743 0.361505 0.028951 0.038173
0 0.107523 0.434293 0.026205 0.034980
0 0.504500 0.223288 0.032788 0.032114
0 0.182425 0.735501 0.028750 0.030424
0 0.180085 0.877344 0.028710 0.028875
0 0.456096 0.341027 0.035534 0.035307
0 0.645251 0.531456 0.036907 0.036903
0 0.134897 0.510480 0.028830 0.033524
0 0.135121 0.398809 0.028830 0.033524
0 0.134487 0.474790 0.028830 0.033524
0 0.860343 0.647565 0.035654 0.039956
0 0.445543 0.774187 0.034241 0.036810
0 0.136988 0.326749 0.028870 0.035073
0 0.505343 0.190745 0.032708 0.029015
0 0.532572 0.632983 0.035574 0.036856
0 0.862189 0.576279 0.035494 0.033757
0 0.642522 0.636834 0.036907 0.036903
0 0.221051 0.840777 0.036907 0.036903
0 0.282685 0.624232 0.034322 0.039909
0 0.393077 0.739777 0.036907 0.036903
0 0.813689 0.466004 0.036907 0.036903
0 0.172089 0.619583 0.036947 0.038453
0 0.539934 0.451764 0.035574 0.036856
0 0.537381 0.524576 0.036907 0.036903
0 0.701563 0.494650 0.032989 0.039862
0 0.233406 0.441028 0.038159 0.033850
0 0.226731 0.621497 0.036947 0.038453
0 0.401330 0.446909 0.035574 0.036856
0 0.595089 0.382345 0.032828 0.033664
0 0.168769 0.696246 0.039572 0.036996
0 0.224310 0.766439 0.036987 0.040002
0 0.543000 0.307620 0.034241 0.036810
0 0.225253 0.730021 0.036867 0.035353
0 0.181635 0.843274 0.030203 0.035120
0 0.396377 0.663889 0.036987 0.040002
0 0.290713 0.443035 0.040905 0.037043
0 0.760781 0.319900 0.035574 0.036856
0 0.758638 0.428401 0.039572 0.036996
0 0.596936 0.311060 0.032909 0.036763
0 0.345315 0.446499 0.035574 0.036856
0 0.647784 0.459419 0.035534 0.035307
0 0.350204 0.334991 0.036907 0.036903
0 0.339932 0.628563 0.036867 0.035353
0 0.648768 0.421451 0.035574 0.036856
0 0.761251 0.353265 0.040865 0.035493
0 0.542037 0.344812 0.036907 0.036903
0 0.345745 0.481413 0.032788 0.032114
0 0.181306 0.804486 0.032949 0.038313
0 0.809177 0.537197 0.036907 0.036903
0 0.177821 0.475532 0.035534 0.035307
0 0.758915 0.391960 0.038280 0.038499
0 0.179358 0.364683 0.038240 0.036950
0 0.399086 0.559285 0.036867 0.035353
0 0.813657 0.390000 0.035574 0.036856
0 0.229930 0.549483 0.036987 0.040002
0 0.755848 0.536104 0.037027 0.041552
0 0.596012 0.346702 0.035574 0.036856
0 0.707552 0.314934 0.035574 0.036856
0 0.239905 0.293127 0.035614 0.038406
0 0.181365 0.287199 0.035574 0.036856
0 0.529702 0.743786 0.038280 0.038499
0 0.814612 0.430362 0.034241 0.036810
0 0.293503 0.335332 0.038200 0.035400
0 0.400090 0.520543 0.036947 0.038453
0 0.585287 0.709282 0.038320 0.040049
0 0.395333 0.704180 0.036907 0.036903
0 0.541114 0.380455 0.031496 0.033617
0 0.695751 0.641800 0.036907 0.036903
0 0.175208 0.550669 0.036907 0.036903
0 0.453029 0.485171 0.034201 0.035260
0 0.592556 0.454382 0.036786 0.032254
0 0.221974 0.805134 0.036907 0.036903
0 0.231539 0.513089 0.032788 0.032114
0 0.530645 0.707368 0.038240 0.036950
0 0.753058 0.643808 0.039572 0.036996
0 0.182895 0.768866 0.028790 0.031974
0 0.583400 0.782117 0.035574 0.036856
0 0.153708 0.839970 0.030243 0.036670
0 0.155574 0.767909 0.027538 0.035027
0 0.225787 0.657914 0.036907 0.036903
