0 0.501111 0.344572 0.042222 0.031250
0 0.502778 0.372533 0.043333 0.034539
0 0.501667 0.276316 0.043333 0.029605
0 0.860556 0.244243 0.036667 0.024671
0 0.502778 0.143914 0.043333 0.031250
0 0.501667 0.527961 0.032222 0.032895
0 0.501667 0.177632 0.045556 0.032895
0 0.501667 0.211349 0.045556 0.027961
0 0.912222 0.534539 0.028889 0.039474
0 0.501667 0.242599 0.043333 0.041118
0 0.602222 0.329770 0.033333 0.041118
0 0.911667 0.329770 0.034444 0.037829
0 0.501111 0.309211 0.042222 0.042763
0 0.552778 0.245066 0.032222 0.032895
0 0.295556 0.247533 0.033333 0.037829
0 0.756667 0.332237 0.033333 0.039474
0 0.653333 0.371711 0.033333 0.039474
0 0.653333 0.328947 0.033333 0.042763
0 0.807222 0.245066 0.034444 0.046053
0 0.294444 0.202303 0.033333 0.052632
0 0.346111 0.157072 0.034444 0.044408
0 0.602222 0.371711 0.033333 0.042763
0 0.602222 0.414474 0.033333 0.042763
0 0.602778 0.245066 0.034444 0.046053
0 0.911667 0.496711 0.036667 0.039474
0 0.500000 0.448191 0.040000 0.041118
0 0.451667 0.289474 0.034444 0.042763
0 0.346111 0.289474 0.032222 0.042763
0 0.398333 0.289474 0.036667 0.042763
0 0.450556 0.242599 0.032222 0.047697
0 0.398889 0.157895 0.037778 0.046053
0 0.654444 0.157895 0.033333 0.042763
0 0.911667 0.414474 0.036667 0.039474
0 0.397778 0.202303 0.035556 0.039474
0 0.911667 0.246711 0.034444 0.039474
0 0.704444 0.371711 0.037778 0.042763
0 0.652222 0.414474 0.035556 0.039474
0 0.911667 0.453947 0.036667 0.042763
0 0.346111 0.202303 0.034444 0.042763
0 0.295556 0.289474 0.035556 0.046053
0 0.705556 0.285362 0.033333 0.044408
0 0.705556 0.327303 0.035556 0.046053
0 0.755556 0.244243 0.037778 0.044408
0 0.859444 0.287829 0.036667 0.049342
0 0.653333 0.289474 0.035556 0.039474
0 0.500556 0.490132 0.038889 0.042763
0 0.653333 0.246711 0.035556 0.042763
0 0.653333 0.202303 0.033333 0.042763
0 0.911667 0.202303 0.036667 0.046053
0 0.602222 0.289474 0.035556 0.039474
0 0.551667 0.289474 0.036667 0.046053
0 0.807222 0.289474 0.034444 0.046053
0 0.756667 0.289474 0.033333 0.046053
0 0.551667 0.202303 0.034444 0.052632
0 0.756667 0.374178 0.035556 0.041118
0 0.911667 0.371711 0.036667 0.042763
0 0.756667 0.202303 0.035556 0.042763
0 0.859444 0.202303 0.036667 0.052632
0 0.911111 0.157895 0.037778 0.046053
0 0.756111 0.157895 0.036667 0.046053
0 0.911667 0.289474 0.036667 0.046053
0 0.347222 0.247533 0.036667 0.044408
0 0.398889 0.247533 0.037778 0.044408
0 0.139444 0.319901 0.032222 0.041118
0 0.088333 0.361020 0.036667 0.047697
0 0.088333 0.317434 0.032222 0.036184
0 0.140556 0.363487 0.032222 0.042763
0 0.089444 0.273849 0.036667 0.044408
0 0.244444 0.321546 0.031111 0.041118
0 0.191111 0.362664 0.033333 0.044408
0 0.243333 0.363487 0.033333 0.042763
0 0.192778 0.277138 0.034444 0.044408
0 0.191111 0.319901 0.033333 0.044408
0 0.140556 0.275493 0.036667 0.047697
0 0.244444 0.276316 0.033333 0.046053
