0 0.900556 0.655684 0.023333 0.029654
0 0.566667 0.869852 0.024444 0.032949
0 0.875556 0.784185 0.022222 0.036244
0 0.566111 0.911862 0.023333 0.028007
0 0.308333 0.869852 0.023333 0.036244
0 0.899444 0.700165 0.023333 0.036244
0 0.926111 0.700165 0.023333 0.032949
0 0.900556 0.741351 0.021111 0.032949
0 0.926111 0.658979 0.023333 0.032949
0 0.900556 0.617792 0.023333 0.032949
0 0.873889 0.411862 0.021111 0.032949
0 0.925000 0.616969 0.021111 0.031301
0 0.926111 0.742175 0.023333 0.034596
0 0.926667 0.783361 0.026667 0.037891
0 0.875556 0.745470 0.022222 0.031301
0 0.540556 0.909390 0.021111 0.032949
0 0.848333 0.745470 0.021111 0.034596
0 0.900000 0.408567 0.020000 0.032949
0 0.925556 0.574959 0.022222 0.032949
0 0.872222 0.533773 0.024444 0.036244
0 0.924444 0.411862 0.022222 0.032949
0 0.925556 0.532125 0.024444 0.029654
0 0.900556 0.575783 0.021111 0.034596
0 0.540556 0.869028 0.021111 0.031301
0 0.873333 0.449753 0.022222 0.036244
0 0.900556 0.449753 0.021111 0.036244
0 0.667222 0.411038 0.021111 0.031301
0 0.923333 0.449753 0.022222 0.032949
0 0.925556 0.490939 0.022222 0.036244
0 0.900556 0.490939 0.021111 0.029654
0 0.900556 0.532125 0.021111 0.032949
0 0.667778 0.451400 0.022222 0.032949
0 0.873333 0.491763 0.024444 0.034596
0 0.848333 0.491763 0.021111 0.034596
0 0.848333 0.410214 0.023333 0.032949
0 0.642222 0.453048 0.022222 0.032949
0 0.860556 0.699341 0.036667 0.044481
0 0.705556 0.613674 0.033333 0.044481
0 0.860556 0.613674 0.032222 0.044481
0 0.911111 0.369852 0.037778 0.041186
0 0.848889 0.449753 0.022222 0.036244
0 0.642778 0.410214 0.023333 0.036244
0 0.910556 0.327018 0.036667 0.044481
0 0.655556 0.660626 0.033333 0.039539
0 0.757778 0.366557 0.035556 0.041186
0 0.807778 0.241351 0.033333 0.041186
0 0.860556 0.658979 0.034444 0.042834
0 0.705556 0.704283 0.033333 0.047776
0 0.807222 0.196870 0.034444 0.051071
0 0.654444 0.325371 0.031111 0.041186
0 0.655556 0.703460 0.035556 0.046129
0 0.807222 0.285008 0.032222 0.039539
0 0.706667 0.658155 0.033333 0.044481
0 0.911667 0.282537 0.036667 0.047776
0 0.757778 0.325371 0.035556 0.044481
0 0.654444 0.616969 0.033333 0.047776
0 0.858333 0.369852 0.034444 0.041186
0 0.705556 0.366557 0.035556 0.051071
0 0.808333 0.325371 0.036667 0.044481
0 0.704444 0.285832 0.033333 0.047776
0 0.860556 0.284185 0.034444 0.044481
0 0.654444 0.280890 0.033333 0.047776
0 0.757778 0.285008 0.031111 0.039539
0 0.654444 0.368204 0.033333 0.047776
0 0.859444 0.327018 0.036667 0.044481
0 0.756667 0.241351 0.033333 0.047776
0 0.098333 0.827842 0.023333 0.034596
0 0.087222 0.374794 0.038889 0.044481
0 0.603333 0.665568 0.035556 0.039539
0 0.073889 0.457166 0.021111 0.037891
0 0.098889 0.455519 0.022222 0.037891
0 0.295556 0.290774 0.037778 0.041186
0 0.398333 0.335255 0.036667 0.037891
0 0.411667 0.747117 0.021111 0.034596
0 0.097222 0.786656 0.023333 0.034596
0 0.554444 0.622735 0.033333 0.049423
0 0.294444 0.206755 0.033333 0.054366
0 0.071111 0.746293 0.022222 0.032949
0 0.501111 0.184514 0.042222 0.039539
0 0.200556 0.788303 0.027778 0.034596
0 0.386111 0.457990 0.023333 0.036244
0 0.412778 0.457990 0.023333 0.039539
0 0.088333 0.293245 0.038889 0.046129
0 0.200556 0.748764 0.025556 0.037891
0 0.503333 0.317133 0.042222 0.041186
0 0.386667 0.744646 0.022222 0.032949
0 0.398333 0.705107 0.032222 0.042834
0 0.243333 0.415157 0.033333 0.036244
0 0.073333 0.785832 0.022222 0.036244
0 0.553333 0.667216 0.033333 0.039539
0 0.386111 0.829489 0.021111 0.034596
0 0.072222 0.414333 0.022222 0.034596
0 0.072778 0.826194 0.023333 0.034596
0 0.098889 0.746293 0.022222 0.036244
0 0.387222 0.415157 0.025556 0.036244
0 0.501111 0.149918 0.046667 0.032949
0 0.412222 0.415157 0.022222 0.032949
0 0.502778 0.537068 0.030000 0.039539
0 0.411667 0.786656 0.021111 0.031301
0 0.501111 0.248764 0.042222 0.039539
0 0.386111 0.788303 0.023333 0.037891
0 0.243333 0.331960 0.033333 0.031301
0 0.552222 0.710049 0.037778 0.046129
0 0.503333 0.352554 0.042222 0.032949
0 0.503333 0.378913 0.044444 0.036244
0 0.513333 0.738056 0.022222 0.026359
0 0.295556 0.332784 0.037778 0.036244
0 0.087222 0.332784 0.034444 0.036244
0 0.191111 0.333608 0.033333 0.037891
0 0.501111 0.219110 0.044444 0.029654
0 0.502222 0.284185 0.040000 0.031301
0 0.295556 0.252059 0.033333 0.032949
0 0.098333 0.416804 0.023333 0.032949
0 0.513333 0.757002 0.031111 0.008237
0 0.552222 0.291598 0.035556 0.046129
0 0.502222 0.495881 0.037778 0.042834
0 0.605556 0.292422 0.035556 0.047776
0 0.346111 0.664745 0.036667 0.044481
0 0.553333 0.376442 0.037778 0.044481
0 0.346111 0.374794 0.034444 0.044481
0 0.190556 0.664745 0.036667 0.041186
0 0.502778 0.452224 0.041111 0.044481
0 0.450556 0.709226 0.036667 0.044481
0 0.451667 0.665568 0.034444 0.042834
0 0.141667 0.292422 0.036667 0.044481
0 0.451667 0.292422 0.036667 0.044481
0 0.398333 0.291598 0.036667 0.049423
0 0.192222 0.375618 0.037778 0.046129
0 0.139444 0.373970 0.036667 0.042834
0 0.140000 0.333608 0.037778 0.041186
0 0.603333 0.375618 0.037778 0.042834
0 0.346111 0.710049 0.036667 0.046129
0 0.398333 0.665568 0.032222 0.042834
0 0.451667 0.336079 0.034444 0.039539
0 0.347778 0.621087 0.033333 0.046129
0 0.191667 0.620264 0.034444 0.047776
0 0.603333 0.336079 0.035556 0.039539
0 0.553333 0.336079 0.033333 0.039539
0 0.450556 0.376442 0.036667 0.044481
0 0.605556 0.621911 0.033333 0.047776
0 0.243333 0.251236 0.033333 0.047776
0 0.450556 0.619440 0.036667 0.046129
0 0.085556 0.618616 0.035556 0.047776
0 0.605556 0.707578 0.037778 0.047776
0 0.190556 0.707578 0.036667 0.044481
0 0.348333 0.291598 0.036667 0.046129
0 0.295556 0.373970 0.037778 0.046129
0 0.138333 0.620264 0.034444 0.047776
0 0.137222 0.665568 0.034444 0.042834
0 0.192778 0.292422 0.034444 0.044481
0 0.085556 0.663921 0.037778 0.042834
0 0.397222 0.620264 0.032222 0.047776
0 0.085556 0.708402 0.037778 0.046129
0 0.243333 0.296540 0.033333 0.042834
0 0.347222 0.334432 0.034444 0.039539
0 0.243333 0.371499 0.033333 0.044481
0 0.398333 0.373970 0.036667 0.039539
0 0.411667 0.827018 0.023333 0.036244
0 0.097778 0.497529 0.026667 0.039539
0 0.137778 0.707578 0.037778 0.044481
