0 0.516250 0.589399 0.022500 0.036392
0 0.516250 0.625000 0.022500 0.028481
0 0.116875 0.750791 0.033750 0.036392
0 0.116250 0.727057 0.032500 0.030063
0 0.504375 0.386867 0.036250 0.036392
0 0.518750 0.667722 0.020000 0.018987
0 0.116875 0.783228 0.036250 0.041139
0 0.338750 0.442247 0.032500 0.033228
0 0.669375 0.658228 0.033750 0.028481
0 0.780000 0.595728 0.032500 0.033228
0 0.171875 0.628956 0.036250 0.033228
0 0.171875 0.565665 0.033750 0.033228
0 0.338750 0.596519 0.032500 0.028481
0 0.115625 0.625000 0.033750 0.031646
0 0.835000 0.662184 0.030000 0.030063
0 0.173125 0.884494 0.031250 0.031646
0 0.283750 0.725475 0.030000 0.033228
0 0.835000 0.629747 0.032500 0.034810
0 0.668125 0.850475 0.033750 0.033228
0 0.228125 0.788766 0.033750 0.033228
0 0.283125 0.692247 0.033750 0.033228
0 0.668125 0.471519 0.033750 0.028481
0 0.393750 0.628956 0.032500 0.033228
0 0.889375 0.380538 0.031250 0.033228
0 0.338750 0.409810 0.032500 0.031646
0 0.614375 0.818038 0.033750 0.034810
0 0.835000 0.722310 0.032500 0.030063
0 0.504375 0.458861 0.033750 0.034810
0 0.613750 0.850475 0.032500 0.033228
0 0.393750 0.659019 0.035000 0.033228
0 0.836250 0.440665 0.030000 0.030063
0 0.338750 0.506329 0.032500 0.031646
0 0.338750 0.344937 0.032500 0.031646
0 0.116250 0.565665 0.035000 0.033228
0 0.228750 0.662975 0.032500 0.034810
0 0.724375 0.628956 0.031250 0.033228
0 0.558125 0.441456 0.031250 0.031646
0 0.613750 0.883703 0.035000 0.030063
0 0.834375 0.566456 0.031250 0.028481
0 0.338750 0.693829 0.032500 0.036392
0 0.394375 0.884494 0.031250 0.028481
0 0.228125 0.375791 0.033750 0.036392
0 0.116875 0.374209 0.033750 0.033228
0 0.394375 0.724684 0.031250 0.031646
0 0.171875 0.471519 0.031250 0.031646
0 0.450000 0.345728 0.032500 0.033228
0 0.890625 0.409810 0.031250 0.031646
0 0.557500 0.596519 0.032500 0.031646
0 0.451250 0.443038 0.032500 0.028481
0 0.393750 0.755538 0.032500 0.033228
0 0.394375 0.692247 0.031250 0.033228
0 0.173125 0.693038 0.033750 0.034810
0 0.338750 0.567247 0.035000 0.033228
0 0.171875 0.595728 0.036250 0.033228
0 0.724375 0.692247 0.031250 0.030063
0 0.614375 0.692247 0.031250 0.033228
0 0.228125 0.724684 0.033750 0.031646
0 0.780000 0.442247 0.030000 0.030063
0 0.835000 0.596519 0.032500 0.031646
0 0.835000 0.755538 0.032500 0.033228
0 0.613750 0.659810 0.032500 0.031646
0 0.116250 0.503956 0.032500 0.033228
0 0.338750 0.659810 0.032500 0.031646
0 0.890625 0.471519 0.033750 0.031646
0 0.283750 0.534810 0.032500 0.034810
0 0.281875 0.504747 0.031250 0.028481
0 0.668125 0.821203 0.033750 0.031646
0 0.557500 0.659019 0.032500 0.030063
0 0.171875 0.408228 0.036250 0.034810
0 0.450625 0.471519 0.031250 0.031646
0 0.281875 0.821203 0.031250 0.031646
0 0.557500 0.692247 0.032500 0.033228
0 0.668750 0.442247 0.032500 0.033228
0 0.723750 0.855222 0.032500 0.033228
0 0.780625 0.787184 0.033750 0.033228
0 0.116875 0.692247 0.033750 0.033228
0 0.779375 0.628165 0.031250 0.031646
0 0.395000 0.442247 0.032500 0.033228
0 0.668125 0.788766 0.033750 0.033228
0 0.393750 0.534019 0.030000 0.033228
0 0.450625 0.504747 0.031250 0.034810
0 0.281875 0.471519 0.031250 0.031646
0 0.115625 0.409019 0.033750 0.033228
0 0.835625 0.471519 0.031250 0.034810
0 0.557500 0.534019 0.032500 0.030063
0 0.171875 0.504747 0.031250 0.028481
0 0.614375 0.567247 0.031250 0.033228
0 0.503750 0.347310 0.035000 0.039557
0 0.614375 0.441456 0.031250 0.031646
0 0.780000 0.818829 0.032500 0.033228
0 0.116250 0.441456 0.035000 0.031646
0 0.228125 0.534810 0.033750 0.034810
0 0.283125 0.852057 0.033750 0.033228
0 0.835000 0.692247 0.032500 0.033228
0 0.227500 0.822785 0.032500 0.034810
0 0.669375 0.597310 0.031250 0.030063
0 0.668125 0.880538 0.033750 0.030063
0 0.393750 0.818038 0.032500 0.031646
0 0.173125 0.374209 0.033750 0.039557
0 0.393750 0.504747 0.035000 0.028481
0 0.724375 0.471519 0.031250 0.028481
0 0.558125 0.474684 0.031250 0.034810
0 0.889375 0.345728 0.033750 0.039557
0 0.725000 0.597310 0.032500 0.030063
0 0.669375 0.722310 0.033750 0.033228
0 0.834375 0.534810 0.033750 0.031646
0 0.450625 0.534810 0.031250 0.031646
0 0.116875 0.658228 0.033750 0.034810
0 0.724375 0.821203 0.033750 0.037975
0 0.338125 0.475475 0.033750 0.033228
0 0.281875 0.409810 0.031250 0.031646
0 0.338750 0.378165 0.035000 0.034810
0 0.724375 0.754747 0.033750 0.034810
0 0.669375 0.691456 0.031250 0.031646
0 0.393750 0.378165 0.035000 0.034810
0 0.779375 0.470728 0.031250 0.033228
0 0.780625 0.754747 0.033750 0.034810
0 0.668125 0.755538 0.033750 0.033228
0 0.395000 0.472310 0.032500 0.033228
0 0.558125 0.408228 0.031250 0.034810
0 0.393750 0.597310 0.032500 0.030063
0 0.228125 0.474684 0.031250 0.031646
0 0.780000 0.724684 0.032500 0.031646
0 0.557500 0.567247 0.032500 0.033228
0 0.228125 0.441456 0.033750 0.034810
0 0.668125 0.408228 0.033750 0.034810
0 0.780000 0.692247 0.032500 0.033228
0 0.613750 0.472310 0.030000 0.033228
0 0.615000 0.534810 0.030000 0.031646
0 0.283125 0.378165 0.033750 0.034810
0 0.448750 0.567247 0.035000 0.033228
0 0.724375 0.408228 0.031250 0.034810
0 0.615000 0.408228 0.032500 0.034810
0 0.724375 0.659810 0.031250 0.031646
0 0.393750 0.409810 0.035000 0.031646
0 0.614375 0.503956 0.031250 0.030063
0 0.724375 0.442247 0.033750 0.033228
0 0.283750 0.566456 0.030000 0.028481
0 0.228125 0.628956 0.033750 0.033228
0 0.518750 0.646361 0.020000 0.017405
0 0.516250 0.857595 0.022500 0.022152
0 0.516875 0.687500 0.021250 0.023734
0 0.833750 0.821203 0.035000 0.031646
0 0.614375 0.597310 0.031250 0.030063
0 0.393125 0.344937 0.031250 0.031646
0 0.393750 0.787184 0.030000 0.030063
0 0.614375 0.754747 0.031250 0.034810
0 0.171875 0.659810 0.036250 0.031646
0 0.890625 0.441456 0.031250 0.028481
0 0.835625 0.505538 0.031250 0.033228
0 0.725000 0.567247 0.032500 0.033228
0 0.780000 0.659019 0.032500 0.033228
0 0.449375 0.409810 0.033750 0.034810
0 0.393125 0.567247 0.033750 0.033228
0 0.723125 0.721519 0.033750 0.031646
0 0.724375 0.534810 0.031250 0.031646
0 0.668750 0.503165 0.032500 0.031646
0 0.668750 0.534019 0.032500 0.033228
0 0.780625 0.408228 0.031250 0.034810
0 0.724375 0.503165 0.033750 0.031646
0 0.668750 0.567247 0.032500 0.033228
0 0.780000 0.533228 0.035000 0.034810
0 0.505625 0.531646 0.033750 0.025316
0 0.504375 0.508703 0.036250 0.023734
0 0.503750 0.421677 0.035000 0.033228
0 0.505000 0.553797 0.035000 0.015823
0 0.283125 0.884494 0.033750 0.031646
0 0.780000 0.567247 0.032500 0.033228
0 0.171875 0.726266 0.036250 0.028481
0 0.281875 0.788766 0.031250 0.033228
0 0.281875 0.442247 0.031250 0.030063
0 0.780000 0.851266 0.032500 0.028481
0 0.558125 0.505538 0.031250 0.030063
0 0.450000 0.378956 0.032500 0.030063
0 0.338125 0.537184 0.033750 0.030063
0 0.780625 0.500791 0.028750 0.030063
0 0.171875 0.821203 0.031250 0.034810
0 0.615000 0.722310 0.032500 0.030063
0 0.171875 0.441456 0.033750 0.031646
0 0.228125 0.754747 0.033750 0.028481
0 0.227500 0.852057 0.032500 0.030063
0 0.116250 0.471519 0.032500 0.028481
0 0.393750 0.851266 0.027500 0.028481
0 0.116250 0.596519 0.032500 0.028481
0 0.171875 0.755538 0.036250 0.033228
0 0.171875 0.787975 0.036250 0.031646
0 0.834375 0.884494 0.033750 0.031646
0 0.283125 0.755538 0.033750 0.033228
0 0.723750 0.885285 0.035000 0.023734
0 0.558125 0.628956 0.031250 0.033228
0 0.228125 0.693038 0.033750 0.028481
0 0.116875 0.821994 0.031250 0.033228
0 0.171875 0.852057 0.031250 0.030063
0 0.724375 0.787184 0.031250 0.030063
0 0.115625 0.533228 0.033750 0.028481
0 0.281875 0.595728 0.031250 0.033228
0 0.516875 0.880538 0.021250 0.023734
0 0.227500 0.568038 0.030000 0.028481
0 0.835625 0.404272 0.031250 0.033228
0 0.338750 0.628956 0.032500 0.033228
0 0.283125 0.662184 0.031250 0.033228
0 0.118125 0.885285 0.033750 0.033228
0 0.833750 0.851266 0.035000 0.034810
0 0.227500 0.408228 0.032500 0.028481
0 0.227500 0.885285 0.035000 0.030063
0 0.171875 0.534019 0.031250 0.030063
0 0.777500 0.881329 0.035000 0.031646
0 0.227500 0.503956 0.032500 0.026899
0 0.668750 0.628956 0.030000 0.033228
0 0.833750 0.788766 0.035000 0.033228
0 0.614375 0.784810 0.033750 0.028481
0 0.281875 0.629747 0.031250 0.034810
0 0.116875 0.852057 0.031250 0.033228
0 0.228750 0.597310 0.032500 0.033228
0 0.505000 0.795886 0.030000 0.031646
0 0.613125 0.628956 0.031250 0.033228
