0 0.079044 0.843966 0.025735 0.036207
0 0.066789 0.369828 0.042892 0.046552
0 0.636029 0.674138 0.039216 0.041379
0 0.052083 0.456034 0.023284 0.039655
0 0.079657 0.454310 0.024510 0.039655
0 0.978554 0.329310 0.035539 0.041379
0 0.296569 0.281897 0.041667 0.043103
0 0.409926 0.328448 0.040441 0.039655
0 0.691176 0.715517 0.041667 0.048276
0 0.851716 0.457759 0.022059 0.036207
0 0.424632 0.759483 0.023284 0.036207
0 0.077819 0.800862 0.025735 0.036207
0 0.582108 0.629310 0.036765 0.051724
0 0.295343 0.193966 0.036765 0.056897
0 0.049020 0.758621 0.024510 0.034483
0 0.523284 0.170690 0.046569 0.041379
0 0.191789 0.802586 0.030637 0.036207
0 0.396446 0.456897 0.025735 0.037931
0 0.708333 0.456897 0.024510 0.034483
0 0.425858 0.456897 0.025735 0.041379
0 0.681373 0.759483 0.024510 0.036207
0 0.877451 0.458621 0.024510 0.037931
0 0.068015 0.284483 0.042892 0.048276
0 0.191789 0.761207 0.028186 0.039655
0 0.877451 0.417241 0.022059 0.034483
0 0.525735 0.309483 0.046569 0.043103
0 0.707721 0.543103 0.025735 0.034483
0 0.706495 0.500862 0.025735 0.039655
0 0.397059 0.756897 0.024510 0.034483
0 0.409926 0.715517 0.035539 0.044828
0 0.238971 0.412069 0.036765 0.037931
0 0.051471 0.800000 0.024510 0.037931
0 0.680760 0.411207 0.023284 0.036207
0 0.580882 0.675862 0.036765 0.041379
0 0.079044 0.887069 0.023284 0.039655
0 0.050858 0.887931 0.028186 0.037931
0 0.396446 0.845690 0.023284 0.036207
0 0.050245 0.411207 0.024510 0.036207
0 0.805760 0.242241 0.037990 0.032759
0 0.050858 0.842241 0.025735 0.036207
0 0.707108 0.413793 0.024510 0.037931
0 0.079657 0.758621 0.024510 0.037931
0 0.397672 0.412069 0.028186 0.037931
0 0.523284 0.134483 0.051471 0.034483
0 0.425245 0.412069 0.024510 0.034483
0 0.920956 0.328448 0.037990 0.036207
0 0.750000 0.327586 0.039216 0.031034
0 0.681373 0.886207 0.024510 0.037931
0 0.977328 0.244828 0.040441 0.034483
0 0.525123 0.539655 0.033088 0.041379
0 0.680760 0.801724 0.023284 0.037931
0 0.751225 0.414655 0.039216 0.036207
0 0.424632 0.800862 0.023284 0.032759
0 0.681373 0.844828 0.024510 0.034483
0 0.523284 0.237931 0.046569 0.041379
0 0.710172 0.935345 0.023284 0.036207
0 0.396446 0.802586 0.025735 0.039655
0 0.238971 0.325000 0.036765 0.032759
0 0.579657 0.720690 0.041667 0.048276
0 0.525735 0.346552 0.046569 0.034483
0 0.051471 0.933621 0.026961 0.039655
0 0.708946 0.843966 0.023284 0.039655
0 0.079657 0.934483 0.024510 0.037931
0 0.525735 0.374138 0.049020 0.037931
0 0.536765 0.750000 0.024510 0.027586
0 0.920343 0.414655 0.041667 0.029310
0 0.296569 0.325862 0.041667 0.037931
0 0.707721 0.800862 0.025735 0.036207
0 0.066789 0.325862 0.037990 0.037931
0 0.181373 0.326724 0.036765 0.039655
0 0.710172 0.887069 0.025735 0.039655
0 0.706495 0.757759 0.023284 0.036207
0 0.523284 0.206897 0.049020 0.031034
0 0.423407 0.887931 0.025735 0.037931
0 0.524510 0.275000 0.044118 0.032759
0 0.296569 0.241379 0.036765 0.034483
0 0.193015 0.887931 0.028186 0.041379
0 0.079044 0.413793 0.025735 0.034483
0 0.680147 0.932759 0.024510 0.041379
0 0.536765 0.769828 0.034314 0.008621
0 0.579657 0.282759 0.039216 0.048276
0 0.524510 0.496552 0.041667 0.044828
0 0.693627 0.284483 0.036765 0.051724
0 0.919730 0.240517 0.040441 0.050000
0 0.638480 0.283621 0.039216 0.050000
0 0.748775 0.237931 0.039216 0.051724
0 0.352328 0.673276 0.040441 0.046552
0 0.580882 0.371552 0.041667 0.046552
0 0.805760 0.195690 0.040441 0.056897
0 0.862132 0.285345 0.040441 0.053448
0 0.352328 0.369828 0.037990 0.046552
0 0.180760 0.673276 0.040441 0.043103
0 0.525123 0.450862 0.045343 0.046552
0 0.976716 0.196552 0.039216 0.055172
0 0.467525 0.719828 0.040441 0.046552
0 0.468750 0.674138 0.037990 0.044828
0 0.862132 0.370690 0.037990 0.051724
0 0.126838 0.283621 0.040441 0.046552
0 0.805760 0.371552 0.040441 0.046552
0 0.468750 0.283621 0.040441 0.046552
0 0.409926 0.282759 0.040441 0.051724
0 0.920956 0.287931 0.037990 0.044828
0 0.805760 0.285345 0.037990 0.050000
0 0.182598 0.370690 0.041667 0.048276
0 0.124387 0.368966 0.040441 0.044828
0 0.125000 0.326724 0.041667 0.043103
0 0.636029 0.370690 0.041667 0.044828
0 0.352328 0.720690 0.040441 0.048276
0 0.976716 0.370690 0.039216 0.044828
0 0.409926 0.674138 0.035539 0.044828
0 0.468750 0.329310 0.037990 0.041379
0 0.354167 0.627586 0.036765 0.048276
0 0.181985 0.626724 0.037990 0.050000
0 0.636029 0.329310 0.039216 0.041379
0 0.580882 0.329310 0.036765 0.041379
0 0.467525 0.371552 0.040441 0.046552
0 0.638480 0.628448 0.036765 0.050000
0 0.806373 0.328448 0.039216 0.039655
0 0.750000 0.287931 0.036765 0.044828
0 0.238971 0.240517 0.036765 0.050000
0 0.467525 0.625862 0.040441 0.048276
0 0.064951 0.625000 0.039216 0.050000
0 0.638480 0.718103 0.041667 0.050000
0 0.180760 0.718103 0.040441 0.046552
0 0.692402 0.370690 0.041667 0.044828
0 0.354779 0.282759 0.040441 0.048276
0 0.296569 0.368966 0.041667 0.048276
0 0.123162 0.626724 0.037990 0.050000
0 0.693627 0.329310 0.036765 0.041379
0 0.920956 0.370690 0.040441 0.048276
0 0.121936 0.674138 0.037990 0.044828
0 0.750000 0.368966 0.039216 0.048276
0 0.183211 0.283621 0.037990 0.046552
0 0.064951 0.672414 0.041667 0.044828
0 0.976716 0.283621 0.039216 0.046552
0 0.408701 0.626724 0.035539 0.050000
0 0.064951 0.718966 0.041667 0.048276
0 0.238971 0.287931 0.036765 0.044828
0 0.680760 0.455172 0.023284 0.041379
0 0.353554 0.327586 0.037990 0.041379
0 0.693627 0.674138 0.036765 0.041379
0 0.693627 0.627586 0.036765 0.051724
0 0.849877 0.414655 0.023284 0.032759
0 0.238971 0.366379 0.036765 0.046552
0 0.680760 0.499138 0.020833 0.032759
0 0.409926 0.368966 0.040441 0.041379
0 0.424632 0.843103 0.025735 0.037931
0 0.078431 0.498276 0.029412 0.041379
0 0.122549 0.718103 0.041667 0.046552
