0 0.343137 0.661290 0.039216 0.039427
0 0.758403 0.302867 0.023810 0.032258
0 0.526611 0.293011 0.039216 0.023297
0 0.528711 0.336918 0.040616 0.025090
0 0.544818 0.609319 0.019608 0.025090
0 0.543417 0.565412 0.022409 0.019713
0 0.529412 0.315412 0.025210 0.021505
0 0.528011 0.358423 0.030812 0.021505
0 0.527311 0.387097 0.037815 0.035842
0 0.543417 0.586918 0.022409 0.023297
0 0.544818 0.632616 0.019608 0.017921
0 0.542717 0.651434 0.023810 0.019713
0 0.542017 0.668459 0.022409 0.010753
0 0.541317 0.683692 0.021008 0.016129
0 0.542017 0.700717 0.022409 0.025090
0 0.649160 0.875448 0.035014 0.030466
0 0.465686 0.911290 0.040616 0.041219
0 0.218487 0.840502 0.039216 0.039427
0 0.280112 0.442652 0.042017 0.039427
0 0.219888 0.514337 0.036415 0.035842
0 0.897059 0.447133 0.037815 0.037634
0 0.651261 0.698925 0.039216 0.035842
0 0.788515 0.447133 0.025210 0.030466
0 0.466387 0.481183 0.036415 0.037634
0 0.280112 0.333333 0.036415 0.039427
0 0.219888 0.371864 0.036415 0.037634
0 0.711485 0.515233 0.036415 0.030466
0 0.960084 0.377240 0.037815 0.044803
0 0.219188 0.481183 0.035014 0.037634
0 0.217787 0.624552 0.040616 0.037634
0 0.466387 0.442652 0.039216 0.039427
0 0.279412 0.911290 0.037815 0.037634
0 0.651261 0.662186 0.039216 0.037634
0 0.712185 0.373656 0.035014 0.037634
0 0.279412 0.875448 0.037815 0.034050
0 0.280112 0.586022 0.042017 0.039427
0 0.588235 0.515233 0.036415 0.034050
0 0.279412 0.517921 0.040616 0.032258
0 0.404762 0.513441 0.039216 0.034050
0 0.775910 0.732079 0.036415 0.037634
0 0.712885 0.337814 0.039216 0.037634
0 0.897059 0.624552 0.037815 0.034050
0 0.588936 0.441756 0.035014 0.037634
0 0.279412 0.660394 0.040616 0.037634
0 0.835434 0.481183 0.037815 0.037634
0 0.404762 0.405018 0.036415 0.035842
0 0.835434 0.411290 0.037815 0.037634
0 0.279412 0.623656 0.037815 0.035842
0 0.713585 0.661290 0.037815 0.039427
0 0.775210 0.627240 0.037815 0.035842
0 0.218487 0.693548 0.039216 0.039427
0 0.158263 0.335125 0.042017 0.046595
0 0.958683 0.553763 0.037815 0.039427
0 0.218487 0.732079 0.039216 0.037634
0 0.712185 0.623656 0.040616 0.035842
0 0.343137 0.552867 0.036415 0.037634
0 0.218487 0.551971 0.039216 0.039427
0 0.712185 0.732975 0.037815 0.039427
0 0.343137 0.586022 0.036415 0.035842
0 0.835434 0.518817 0.037815 0.037634
0 0.343137 0.409498 0.039216 0.037634
0 0.405462 0.480287 0.040616 0.035842
0 0.774510 0.551971 0.036415 0.032258
0 0.896359 0.482079 0.039216 0.035842
0 0.219188 0.409498 0.037815 0.037634
0 0.837535 0.552867 0.039216 0.037634
0 0.279412 0.841398 0.040616 0.037634
0 0.651261 0.370968 0.042017 0.046595
0 0.219188 0.444444 0.040616 0.035842
0 0.343137 0.622760 0.039216 0.037634
0 0.710784 0.481183 0.037815 0.037634
0 0.219188 0.588710 0.040616 0.037634
0 0.897059 0.553763 0.037815 0.035842
0 0.093838 0.732079 0.042017 0.044803
0 0.281513 0.372760 0.039216 0.039427
0 0.775210 0.517921 0.037815 0.039427
0 0.651261 0.518817 0.042017 0.044803
0 0.651261 0.628136 0.042017 0.037634
0 0.711485 0.410394 0.036415 0.032258
0 0.588936 0.627240 0.037815 0.039427
0 0.542717 0.907706 0.023810 0.034050
0 0.960784 0.730287 0.039216 0.044803
0 0.960084 0.698029 0.037815 0.034050
0 0.651261 0.558244 0.039216 0.037634
0 0.837535 0.621864 0.039216 0.043011
0 0.774510 0.691756 0.036415 0.046595
0 0.898459 0.875448 0.037815 0.037634
0 0.542017 0.879928 0.025210 0.025090
0 0.588936 0.694444 0.035014 0.037634
0 0.897759 0.732079 0.036415 0.037634
0 0.898459 0.911290 0.040616 0.041219
0 0.836134 0.590502 0.036415 0.037634
0 0.898459 0.803763 0.040616 0.037634
0 0.775910 0.910394 0.039216 0.035842
0 0.648459 0.899642 0.044818 0.064516
0 0.528011 0.810932 0.033613 0.030466
0 0.773810 0.337814 0.037815 0.030466
0 0.788515 0.300179 0.025210 0.037634
0 0.960784 0.874552 0.039216 0.032258
0 0.959384 0.412186 0.036415 0.032258
0 0.529412 0.525986 0.039216 0.026882
0 0.899160 0.841398 0.039216 0.037634
0 0.898459 0.700717 0.037815 0.039427
0 0.079132 0.301075 0.023810 0.032258
0 0.588235 0.803763 0.036415 0.037634
0 0.465686 0.659498 0.035014 0.035842
0 0.108543 0.300179 0.026611 0.030466
0 0.836134 0.662186 0.039216 0.037634
0 0.651261 0.584229 0.042017 0.046595
0 0.775210 0.878136 0.037815 0.035842
0 0.093838 0.371864 0.039216 0.037634
0 0.588235 0.836022 0.039216 0.037634
0 0.077031 0.408602 0.025210 0.032258
0 0.093838 0.335125 0.039216 0.035842
0 0.077031 0.443548 0.022409 0.030466
0 0.775210 0.661290 0.035014 0.032258
0 0.107143 0.479391 0.026611 0.034050
0 0.218487 0.879032 0.036415 0.037634
0 0.961485 0.622760 0.040616 0.037634
0 0.788515 0.480287 0.025210 0.032258
0 0.757703 0.444444 0.022409 0.032258
0 0.960084 0.766129 0.040616 0.037634
0 0.960784 0.840502 0.042017 0.035842
0 0.466387 0.622760 0.036415 0.037634
0 0.650560 0.442652 0.035014 0.032258
0 0.467087 0.412186 0.040616 0.028674
0 0.960784 0.910394 0.042017 0.039427
0 0.649160 0.409498 0.035014 0.034050
0 0.528711 0.491935 0.040616 0.041219
0 0.898459 0.769713 0.037815 0.037634
0 0.957983 0.802867 0.039216 0.039427
0 0.649160 0.841398 0.043417 0.037634
0 0.281513 0.732079 0.036415 0.037634
0 0.219188 0.912186 0.037815 0.039427
0 0.464286 0.803763 0.040616 0.037634
0 0.648459 0.804659 0.039216 0.039427
0 0.588235 0.409498 0.036415 0.030466
0 0.960084 0.590502 0.037815 0.037634
0 0.588936 0.732079 0.037815 0.037634
0 0.465686 0.874552 0.037815 0.032258
0 0.464286 0.841398 0.040616 0.037634
0 0.773109 0.371864 0.039216 0.037634
0 0.588936 0.769713 0.037815 0.037634
0 0.343137 0.337814 0.039216 0.037634
0 0.280112 0.410394 0.036415 0.032258
0 0.093137 0.551075 0.040616 0.037634
0 0.775210 0.841398 0.037815 0.037634
0 0.341737 0.301075 0.042017 0.039427
0 0.279412 0.769713 0.040616 0.037634
0 0.960084 0.482079 0.037815 0.032258
0 0.466387 0.514337 0.036415 0.035842
0 0.093838 0.621864 0.039216 0.032258
0 0.467087 0.586022 0.035014 0.035842
0 0.093137 0.514337 0.040616 0.039427
0 0.651261 0.481183 0.036415 0.037634
0 0.467087 0.551971 0.037815 0.039427
0 0.837535 0.732975 0.036415 0.039427
0 0.836134 0.698029 0.036415 0.034050
0 0.107843 0.442652 0.025210 0.032258
0 0.465686 0.768817 0.037815 0.039427
0 0.588936 0.873656 0.037815 0.037634
0 0.404762 0.552867 0.039216 0.037634
0 0.712185 0.808244 0.040616 0.039427
0 0.959384 0.443548 0.036415 0.037634
0 0.092437 0.693548 0.039216 0.032258
0 0.589636 0.589606 0.036415 0.039427
0 0.789216 0.410394 0.026611 0.039427
0 0.898459 0.661290 0.040616 0.039427
0 0.775210 0.804659 0.035014 0.035842
0 0.711485 0.770609 0.039216 0.039427
0 0.835434 0.447133 0.037815 0.034050
0 0.343838 0.444444 0.037815 0.035842
0 0.651961 0.732079 0.037815 0.037634
0 0.589636 0.551971 0.036415 0.032258
0 0.466387 0.698029 0.039216 0.041219
0 0.834034 0.371864 0.035014 0.037634
0 0.897059 0.411290 0.037815 0.034050
0 0.712885 0.695341 0.036415 0.032258
0 0.109244 0.405018 0.030812 0.039427
0 0.218487 0.768817 0.036415 0.035842
0 0.218487 0.659498 0.039216 0.032258
0 0.465686 0.732975 0.037815 0.032258
0 0.958683 0.661290 0.043417 0.039427
0 0.589636 0.661290 0.036415 0.032258
0 0.959384 0.517921 0.036415 0.032258
0 0.219188 0.333333 0.037815 0.039427
0 0.774510 0.769713 0.036415 0.037634
0 0.528011 0.428315 0.039216 0.043011
0 0.710784 0.301075 0.037815 0.039427
0 0.648459 0.769713 0.039216 0.037634
0 0.589636 0.912186 0.036415 0.039427
0 0.217787 0.803763 0.037815 0.037634
0 0.281513 0.695341 0.036415 0.035842
0 0.279412 0.804659 0.037815 0.035842
0 0.280112 0.551075 0.036415 0.037634
0 0.093838 0.588710 0.039216 0.037634
0 0.343137 0.371864 0.039216 0.037634
0 0.758403 0.409498 0.023810 0.026882
0 0.406162 0.367384 0.042017 0.039427
0 0.343137 0.481183 0.039216 0.037634
0 0.093137 0.659498 0.043417 0.039427
0 0.898459 0.590502 0.037815 0.037634
0 0.588936 0.480287 0.037815 0.035842
0 0.897759 0.376344 0.039216 0.039427
0 0.773810 0.590502 0.037815 0.037634
0 0.467787 0.373656 0.042017 0.051971
0 0.896359 0.518817 0.039216 0.037634
0 0.341737 0.514337 0.039216 0.035842
0 0.710784 0.447133 0.037815 0.037634
0 0.712185 0.590502 0.037815 0.037634
0 0.280112 0.481183 0.042017 0.037634
0 0.404762 0.442652 0.039216 0.039427
0 0.712885 0.551971 0.039216 0.039427
0 0.587535 0.371864 0.037815 0.044803
