0 0.704444 0.704770 0.037778 0.047697
0 0.176111 0.539474 0.023333 0.036184
0 0.202778 0.541941 0.023333 0.037829
0 0.176111 0.666118 0.021111 0.036184
0 0.137222 0.666118 0.034444 0.042763
0 0.202222 0.626645 0.022222 0.039474
0 0.188333 0.371711 0.036667 0.046053
0 0.177222 0.621711 0.023333 0.036184
0 0.085556 0.291941 0.037778 0.047697
0 0.396111 0.708882 0.036667 0.042763
0 0.807222 0.704770 0.034444 0.044408
0 0.921667 0.374178 0.023333 0.037829
0 0.202222 0.711349 0.024444 0.037829
0 0.291667 0.249178 0.034444 0.037829
0 0.085556 0.376645 0.037778 0.046053
0 0.859444 0.708882 0.038889 0.046053
0 0.176667 0.579770 0.024444 0.034539
0 0.858333 0.664474 0.036667 0.042763
0 0.240556 0.291118 0.034444 0.042763
0 0.449444 0.708882 0.032222 0.042763
0 0.910556 0.294408 0.032222 0.042763
0 0.858333 0.378289 0.036667 0.046053
0 0.756667 0.664474 0.035556 0.039474
0 0.756111 0.706414 0.036667 0.047697
0 0.188333 0.289474 0.036667 0.052632
0 0.806667 0.336349 0.033333 0.041118
0 0.239444 0.246711 0.036667 0.046053
0 0.135556 0.374178 0.033333 0.044408
0 0.807778 0.620066 0.033333 0.049342
0 0.857222 0.336349 0.034444 0.041118
0 0.702222 0.336349 0.033333 0.041118
0 0.137222 0.621711 0.034444 0.046053
0 0.291667 0.291941 0.036667 0.047697
0 0.704444 0.620066 0.033333 0.049342
0 0.910556 0.249178 0.038889 0.047697
0 0.343333 0.333882 0.035556 0.039474
0 0.137222 0.708882 0.036667 0.046053
0 0.291667 0.202303 0.036667 0.052632
0 0.755556 0.333882 0.035556 0.039474
0 0.858333 0.620066 0.036667 0.049342
0 0.806667 0.376645 0.033333 0.039474
0 0.756667 0.620066 0.035556 0.049342
0 0.806667 0.289474 0.033333 0.049342
0 0.873333 0.870066 0.026667 0.032895
0 0.911667 0.332237 0.036667 0.029605
0 0.770556 0.871711 0.023333 0.032895
0 0.201111 0.416118 0.020000 0.036184
0 0.870556 0.749178 0.027778 0.034539
0 0.768333 0.749178 0.023333 0.031250
0 0.818333 0.749178 0.023333 0.037829
0 0.136667 0.333882 0.033333 0.039474
0 0.820556 0.787007 0.023333 0.034539
0 0.769444 0.789474 0.027778 0.036184
0 0.511667 0.740132 0.021111 0.026316
0 0.150556 0.832237 0.023333 0.032895
0 0.922222 0.416118 0.024444 0.036184
0 0.085556 0.333882 0.035556 0.039474
0 0.202778 0.501645 0.023333 0.032895
0 0.150556 0.789474 0.023333 0.032895
0 0.176667 0.418586 0.024444 0.037829
0 0.703333 0.662007 0.033333 0.041118
0 0.201111 0.668586 0.022222 0.034539
0 0.240556 0.333882 0.036667 0.039474
0 0.807778 0.664474 0.035556 0.042763
0 0.150556 0.753289 0.025556 0.032895
0 0.175556 0.499178 0.022222 0.037829
0 0.175556 0.458882 0.022222 0.036184
0 0.871667 0.789474 0.025556 0.036184
0 0.202778 0.458882 0.023333 0.039474
0 0.136667 0.291941 0.033333 0.047697
0 0.343333 0.289474 0.033333 0.046053
0 0.755556 0.289474 0.035556 0.046053
0 0.702222 0.291941 0.035556 0.047697
0 0.703333 0.376645 0.033333 0.042763
0 0.755556 0.374178 0.033333 0.041118
0 0.858333 0.291941 0.036667 0.047697
0 0.343333 0.374178 0.037778 0.044408
0 0.463333 0.367599 0.022222 0.034539
0 0.617222 0.288651 0.021111 0.037829
0 0.463333 0.245066 0.022222 0.032895
0 0.411667 0.532895 0.023333 0.032895
0 0.503333 0.278783 0.042222 0.031250
0 0.503333 0.208882 0.046667 0.029605
0 0.503333 0.375000 0.042222 0.032895
0 0.411667 0.407895 0.023333 0.026316
0 0.503333 0.344572 0.042222 0.031250
0 0.501111 0.492599 0.040000 0.031250
0 0.657778 0.371711 0.033333 0.042763
0 0.657778 0.289474 0.033333 0.039474
0 0.657778 0.246711 0.033333 0.046053
0 0.605556 0.244243 0.031111 0.044408
0 0.554444 0.412007 0.033333 0.044408
0 0.412222 0.452303 0.026667 0.036184
0 0.411667 0.615954 0.023333 0.037829
0 0.438333 0.246711 0.021111 0.036184
0 0.411667 0.575658 0.023333 0.036184
0 0.438333 0.200658 0.021111 0.042763
0 0.657222 0.329770 0.032222 0.041118
0 0.463333 0.152961 0.022222 0.036184
0 0.437222 0.367599 0.021111 0.034539
0 0.606667 0.152961 0.033333 0.049342
0 0.503333 0.142270 0.044444 0.034539
0 0.502222 0.177632 0.042222 0.039474
0 0.566667 0.150493 0.024444 0.037829
0 0.462222 0.453125 0.022222 0.031250
0 0.438333 0.152961 0.021111 0.039474
0 0.412778 0.199836 0.023333 0.041118
0 0.565000 0.327303 0.021111 0.039474
0 0.566667 0.284539 0.022222 0.039474
0 0.566667 0.245066 0.024444 0.032895
0 0.463333 0.409539 0.022222 0.039474
0 0.439444 0.492599 0.021111 0.034539
0 0.411111 0.657895 0.022222 0.036184
0 0.566667 0.202303 0.024444 0.036184
0 0.503333 0.311678 0.042222 0.041118
0 0.440000 0.327303 0.020000 0.032895
0 0.502778 0.242599 0.043333 0.041118
0 0.439444 0.409539 0.021111 0.039474
0 0.463333 0.287007 0.020000 0.037829
0 0.463333 0.199836 0.022222 0.034539
0 0.411111 0.152961 0.024444 0.039474
0 0.463333 0.327303 0.022222 0.039474
0 0.656111 0.199836 0.032222 0.047697
0 0.411111 0.492599 0.024444 0.034539
0 0.412222 0.327303 0.022222 0.036184
0 0.411111 0.287007 0.022222 0.034539
0 0.554444 0.458882 0.037778 0.046053
0 0.412778 0.245066 0.023333 0.039474
0 0.463333 0.492599 0.024444 0.041118
0 0.553333 0.367599 0.033333 0.047697
0 0.438333 0.452303 0.023333 0.036184
0 0.502778 0.448191 0.041111 0.047697
0 0.656667 0.414474 0.037778 0.046053
0 0.606667 0.199836 0.031111 0.037829
0 0.439444 0.287007 0.021111 0.037829
0 0.411111 0.369243 0.022222 0.037829
