0 0.397242 0.501490 0.041144 0.042856
0 0.753609 0.637018 0.032029 0.033502
0 0.435061 0.609245 0.039633 0.033735
0 0.730569 0.776110 0.032280 0.035022
0 0.767887 0.456561 0.041949 0.040108
0 0.151841 0.585418 0.036712 0.038939
0 0.338723 0.858868 0.045575 0.046774
0 0.437227 0.579777 0.040640 0.039816
0 0.872206 0.515320 0.044820 0.042213
0 0.183039 0.413467 0.037467 0.043499
0 0.878903 0.478983 0.044014 0.044961
0 0.351615 0.789234 0.045072 0.043733
0 0.625243 0.641461 0.044518 0.048001
0 0.466738 0.409815 0.040640 0.039816
0 0.460770 0.437645 0.040388 0.038296
0 0.343559 0.489504 0.036410 0.044727
0 0.526991 0.898538 0.047640 0.051626
0 0.188906 0.369851 0.036712 0.038939
0 0.550308 0.761873 0.045827 0.048294
0 0.360000 0.730416 0.042201 0.041628
0 0.130337 0.739828 0.042957 0.046189
0 0.719743 0.411132 0.045575 0.046774
0 0.317623 0.646078 0.041144 0.042856
0 0.457170 0.467580 0.040640 0.039816
0 0.637581 0.566974 0.046029 0.057122
0 0.173343 0.820366 0.043158 0.055017
0 0.312083 0.679521 0.043762 0.043441
0 0.173168 0.464860 0.040086 0.044084
0 0.328350 0.564926 0.041647 0.045897
0 0.531022 0.279932 0.039583 0.041044
0 0.366320 0.696360 0.043259 0.040401
0 0.370425 0.663384 0.040892 0.041336
0 0.167553 0.506956 0.042957 0.046189
0 0.476181 0.352810 0.041395 0.044376
0 0.334771 0.526163 0.041395 0.044376
0 0.183239 0.752428 0.047136 0.048586
0 0.572970 0.625061 0.044216 0.053790
0 0.385231 0.565804 0.040892 0.041336
0 0.429447 0.302967 0.042705 0.044669
0 0.322861 0.606262 0.042151 0.048937
0 0.390393 0.534641 0.041144 0.042856
0 0.318531 0.275838 0.043460 0.049229
0 0.884821 0.443260 0.044266 0.046481
0 0.206482 0.255549 0.040842 0.048644
0 0.408170 0.431418 0.041949 0.040108
0 0.419124 0.365292 0.042201 0.041628
0 0.379565 0.600007 0.041144 0.042856
0 0.557889 0.371841 0.042957 0.046189
0 0.829199 0.434782 0.047136 0.048586
0 0.228312 0.480324 0.045525 0.054082
0 0.196912 0.682180 0.046583 0.052854
0 0.119131 0.807474 0.049453 0.054959
0 0.726542 0.370088 0.046583 0.052854
0 0.159848 0.549373 0.041144 0.042856
0 0.347487 0.449396 0.044266 0.046481
0 0.654452 0.465126 0.042403 0.050457
0 0.403033 0.466527 0.041647 0.045897
0 0.144137 0.279462 0.048194 0.047358
0 0.773552 0.422358 0.042705 0.044669
0 0.619957 0.345502 0.045021 0.051042
0 0.373297 0.293583 0.041899 0.047417
0 0.194647 0.326995 0.042957 0.046189
0 0.140081 0.668704 0.044518 0.048001
0 0.595355 0.485822 0.047892 0.053146
0 0.353908 0.410633 0.041395 0.044376
0 0.151993 0.240231 0.046079 0.049814
0 0.674294 0.357635 0.046331 0.051334
0 0.422723 0.683731 0.041748 0.031280
0 0.418568 0.708813 0.039885 0.035256
0 0.452385 0.496462 0.039633 0.033735
0 0.480915 0.316034 0.041395 0.044376
0 0.310170 0.748453 0.029158 0.031397
0 0.725281 0.808033 0.032280 0.035022
0 0.698314 0.802800 0.028604 0.035665
0 0.491842 0.553351 0.026791 0.032332
0 0.592660 0.842265 0.040086 0.044084
0 0.716569 0.692591 0.027849 0.031104
0 0.717374 0.839371 0.034899 0.035606
0 0.611444 0.814931 0.029914 0.035957
0 0.751569 0.665725 0.032280 0.035022
0 0.736411 0.749040 0.028655 0.028356
0 0.756706 0.610123 0.029662 0.034437
0 0.722285 0.666281 0.028604 0.035665
0 0.739634 0.721385 0.032280 0.035022
0 0.368838 0.763129 0.026539 0.030812
0 0.744544 0.691743 0.032029 0.033502
0 0.703350 0.772397 0.031223 0.036249
0 0.429194 0.632368 0.041194 0.035548
0 0.148844 0.710069 0.028101 0.032625
0 0.712415 0.717673 0.028101 0.032625
0 0.708789 0.743661 0.029410 0.032917
0 0.421841 0.771022 0.024173 0.031747
0 0.763454 0.581679 0.027849 0.031104
0 0.404769 0.800314 0.040892 0.041336
0 0.701738 0.868195 0.041899 0.047417
0 0.733541 0.606528 0.030971 0.034729
0 0.693856 0.903480 0.047187 0.041278
0 0.558013 0.801425 0.029914 0.035957
0 0.768365 0.552037 0.028604 0.035665
0 0.525734 0.311854 0.039079 0.038004
0 0.580044 0.914325 0.043762 0.043441
0 0.728882 0.634650 0.031223 0.036249
0 0.771437 0.521196 0.029914 0.035957
0 0.687284 0.939057 0.041899 0.047417
0 0.203584 0.723867 0.028101 0.032625
0 0.737545 0.578259 0.032029 0.033502
0 0.586742 0.877988 0.042453 0.043149
0 0.296875 0.775435 0.042957 0.046189
0 0.498691 0.520200 0.029914 0.035957
0 0.854302 0.619303 0.041647 0.045897
0 0.290303 0.811012 0.040892 0.041336
0 0.284385 0.846735 0.044266 0.046481
0 0.866918 0.547243 0.042201 0.041628
0 0.471271 0.382453 0.042252 0.034320
0 0.376518 0.634794 0.037770 0.037711
0 0.611570 0.711709 0.042957 0.046189
0 0.540160 0.831331 0.046079 0.049814
0 0.414313 0.738602 0.039331 0.039524
0 0.425845 0.660783 0.044064 0.037653
0 0.741019 0.549084 0.029914 0.035957
0 0.446669 0.522772 0.040388 0.038296
0 0.861781 0.582352 0.044014 0.044961
0 0.538501 0.242981 0.036712 0.038939
0 0.148542 0.621726 0.036964 0.040459
0 0.412803 0.399349 0.041144 0.042856
0 0.423631 0.333983 0.040136 0.036776
0 0.542630 0.213952 0.031777 0.031981
0 0.605955 0.774297 0.045021 0.051042
0 0.764563 0.488922 0.040640 0.039816
0 0.397794 0.834224 0.041144 0.042856
0 0.345824 0.824197 0.045072 0.043733
0 0.747491 0.518214 0.032280 0.035022
0 0.442263 0.549375 0.040136 0.036776
0 0.390719 0.872841 0.045323 0.045253
0 0.306947 0.714630 0.045072 0.043733
0 0.211189 0.583693 0.046029 0.057122
0 0.890461 0.405111 0.045575 0.046774
0 0.566525 0.331996 0.041899 0.047417
0 0.781786 0.380847 0.046079 0.049814
0 0.360329 0.371869 0.046885 0.047066
0 0.245409 0.373009 0.046079 0.049814
0 0.835469 0.392832 0.046079 0.049814
0 0.369495 0.332931 0.044266 0.046481
0 0.310423 0.316589 0.046079 0.049814
0 0.263539 0.263559 0.046583 0.052854
