0 0.633136 0.578125 0.029586 0.039062
0 0.783284 0.666016 0.028107 0.039062
0 0.889793 0.531250 0.039941 0.046875
0 0.661982 0.762695 0.031065 0.037109
0 0.631657 0.530273 0.026627 0.044922
0 0.375740 0.301758 0.038462 0.041016
0 0.826923 0.897461 0.044379 0.044922
0 0.313609 0.531250 0.038462 0.039062
0 0.784024 0.714844 0.029586 0.042969
0 0.494822 0.667969 0.039941 0.046875
0 0.753698 0.484375 0.031065 0.039062
0 0.492604 0.527344 0.038462 0.042969
0 0.190089 0.671875 0.039941 0.046875
0 0.127959 0.208984 0.039941 0.042969
0 0.948964 0.346680 0.039941 0.044922
0 0.631657 0.803711 0.032544 0.041016
0 0.588757 0.665039 0.035503 0.044922
0 0.312870 0.392578 0.039941 0.039063
0 0.375740 0.715820 0.038462 0.041016
0 0.250740 0.714844 0.036982 0.039062
0 0.947485 0.256836 0.039941 0.044922
0 0.375000 0.346680 0.039941 0.048828
0 0.783284 0.762695 0.031065 0.041016
0 0.661982 0.625000 0.031065 0.039063
0 0.588018 0.160156 0.036982 0.042969
0 0.722633 0.211914 0.031065 0.044922
0 0.693787 0.164062 0.026627 0.039062
0 0.828402 0.854492 0.038462 0.044922
0 0.889793 0.255859 0.039941 0.042969
0 0.375740 0.625000 0.038462 0.039063
0 0.252219 0.394531 0.039941 0.039062
0 0.825444 0.806641 0.038462 0.042969
0 0.707840 0.254883 0.039941 0.041016
0 0.376479 0.163086 0.039941 0.044922
0 0.631657 0.668945 0.026627 0.041016
0 0.723373 0.166992 0.029586 0.041016
0 0.648669 0.302734 0.036982 0.039062
0 0.494822 0.760742 0.039941 0.044922
0 0.191568 0.394531 0.039941 0.039062
0 0.947485 0.669922 0.039941 0.046875
0 0.492604 0.715820 0.041420 0.044922
0 0.436391 0.718750 0.035503 0.039062
0 0.661982 0.438477 0.031065 0.037109
0 0.125740 0.251953 0.038462 0.046875
0 0.588018 0.208984 0.034024 0.039062
0 0.250740 0.529297 0.039941 0.039062
0 0.948964 0.484375 0.039941 0.046875
0 0.188609 0.803711 0.039941 0.048828
0 0.948964 0.438477 0.039941 0.048828
0 0.706361 0.848633 0.036982 0.037109
0 0.127959 0.580078 0.039941 0.046875
0 0.373521 0.854492 0.039941 0.044922
0 0.188609 0.850586 0.039941 0.044922
0 0.827663 0.165039 0.039941 0.044922
0 0.126479 0.716797 0.039941 0.046875
0 0.191568 0.208008 0.039941 0.044922
0 0.705621 0.808594 0.038462 0.039062
0 0.948964 0.576172 0.039941 0.039063
0 0.631657 0.760742 0.032544 0.044922
0 0.127959 0.626953 0.039941 0.046875
0 0.541420 0.101562 0.035503 0.039062
0 0.948964 0.210938 0.039941 0.046875
0 0.191568 0.253906 0.036982 0.039062
0 0.250740 0.901367 0.039941 0.044922
0 0.376479 0.208984 0.036982 0.042969
0 0.546598 0.755859 0.025148 0.035156
0 0.312870 0.808594 0.042899 0.046875
0 0.251479 0.574219 0.041420 0.050781
0 0.948225 0.894531 0.038462 0.046875
0 0.377959 0.118164 0.039941 0.029297
0 0.585059 0.894531 0.039941 0.027344
0 0.539941 0.325195 0.029586 0.041016
0 0.590976 0.117188 0.036982 0.027344
0 0.541420 0.142578 0.035503 0.039062
0 0.767751 0.302734 0.041420 0.046875
0 0.707840 0.533203 0.039941 0.046875
0 0.434911 0.301758 0.041420 0.048828
0 0.495562 0.212891 0.038462 0.046875
0 0.646450 0.256836 0.041420 0.044922
0 0.541420 0.078125 0.035503 0.007812
0 0.375740 0.900391 0.041420 0.050781
0 0.588018 0.252930 0.039941 0.048828
0 0.312870 0.904297 0.036982 0.050781
0 0.541420 0.237305 0.035503 0.052734
0 0.540680 0.281250 0.031065 0.039063
0 0.829142 0.486328 0.039941 0.042969
0 0.437130 0.673828 0.039941 0.046875
0 0.661243 0.580078 0.032544 0.046875
0 0.437870 0.485352 0.041420 0.044922
0 0.708580 0.438477 0.041420 0.048828
0 0.191568 0.301758 0.042899 0.052734
0 0.707840 0.392578 0.039941 0.039063
0 0.707101 0.621094 0.035503 0.046875
0 0.588018 0.301758 0.039941 0.044922
0 0.374260 0.580078 0.041420 0.046875
0 0.827663 0.301758 0.039941 0.044922
0 0.190089 0.533203 0.039941 0.046875
0 0.828402 0.438477 0.038462 0.044922
0 0.312870 0.300781 0.039941 0.046875
0 0.783284 0.533203 0.031065 0.042969
0 0.648669 0.164062 0.039941 0.046875
0 0.784024 0.482422 0.029586 0.042969
0 0.707840 0.346680 0.039941 0.041016
0 0.828402 0.391602 0.038462 0.044922
0 0.585799 0.762695 0.038462 0.044922
0 0.768491 0.256836 0.039941 0.044922
0 0.890533 0.437500 0.038462 0.046875
0 0.705621 0.762695 0.035503 0.044922
0 0.250740 0.669922 0.039941 0.046875
0 0.492604 0.302734 0.038462 0.046875
0 0.587278 0.618164 0.035503 0.044922
0 0.313609 0.485352 0.041420 0.044922
0 0.705621 0.892578 0.038462 0.046875
0 0.588018 0.486328 0.039941 0.042969
0 0.827663 0.622070 0.039941 0.044922
0 0.663462 0.533203 0.031065 0.042969
0 0.434911 0.394531 0.041420 0.046875
0 0.707101 0.714844 0.035503 0.042969
0 0.437130 0.164062 0.039941 0.046875
0 0.647189 0.209961 0.039941 0.044922
0 0.707101 0.301758 0.044379 0.044922
0 0.375740 0.486328 0.041420 0.042969
0 0.767751 0.161133 0.038462 0.044922
0 0.661243 0.671875 0.032544 0.042969
0 0.588757 0.712891 0.041420 0.046875
0 0.435651 0.533203 0.039941 0.042969
0 0.492604 0.348633 0.038462 0.044922
0 0.705621 0.488281 0.038462 0.042969
0 0.495562 0.576172 0.041420 0.046875
0 0.435651 0.578125 0.039941 0.046875
0 0.663462 0.805664 0.031065 0.044922
0 0.494822 0.165039 0.036982 0.044922
0 0.250740 0.253906 0.039941 0.046875
0 0.827663 0.716797 0.039941 0.046875
0 0.889793 0.624023 0.039941 0.044922
0 0.829142 0.256836 0.039941 0.044922
0 0.661982 0.393555 0.031065 0.044922
0 0.312130 0.716797 0.041420 0.039062
0 0.250740 0.760742 0.039941 0.044922
0 0.829142 0.667969 0.039941 0.042969
0 0.948964 0.301758 0.039941 0.044922
0 0.588018 0.575195 0.039941 0.029297
0 0.313609 0.578125 0.041420 0.046875
0 0.948964 0.851562 0.039941 0.046875
0 0.767751 0.211914 0.038462 0.048828
0 0.494822 0.848633 0.039941 0.044922
0 0.541420 0.058594 0.035503 0.035156
0 0.784024 0.441406 0.029586 0.035156
0 0.753698 0.574219 0.031065 0.042969
0 0.125740 0.348633 0.044379 0.044922
0 0.126479 0.807617 0.039941 0.037109
0 0.312870 0.855469 0.039941 0.039062
0 0.127959 0.483398 0.039941 0.041016
0 0.541420 0.021484 0.035503 0.035156
0 0.754438 0.440430 0.026627 0.037109
0 0.126479 0.899414 0.042899 0.037109
0 0.314349 0.208008 0.039941 0.044922
0 0.250740 0.856445 0.039941 0.044922
0 0.127959 0.392578 0.039941 0.039063
0 0.887574 0.896484 0.041420 0.042969
0 0.948964 0.801758 0.039941 0.044922
0 0.252219 0.208008 0.039941 0.041016
0 0.631657 0.394531 0.026627 0.042969
0 0.126479 0.437500 0.042899 0.046875
0 0.752959 0.760742 0.029586 0.041016
0 0.661982 0.346680 0.031065 0.037109
0 0.127959 0.671875 0.039941 0.042969
0 0.887574 0.850586 0.041420 0.044922
0 0.127959 0.852539 0.039941 0.048828
0 0.373521 0.806641 0.036982 0.046875
0 0.586538 0.854492 0.036982 0.041016
0 0.190089 0.160156 0.039941 0.042969
0 0.695266 0.208008 0.026627 0.041016
0 0.127219 0.761719 0.041420 0.042969
0 0.495562 0.896484 0.038462 0.046875
0 0.784024 0.803711 0.029586 0.041016
0 0.188609 0.576172 0.036982 0.042969
0 0.752959 0.895508 0.032544 0.041016
0 0.783284 0.894531 0.031065 0.039062
0 0.188609 0.758789 0.039941 0.037109
0 0.191568 0.349609 0.036982 0.039062
0 0.889793 0.209961 0.039941 0.044922
0 0.827663 0.210938 0.039941 0.046875
0 0.948964 0.758789 0.039941 0.044922
0 0.312870 0.347656 0.039941 0.042969
0 0.664201 0.486328 0.029586 0.039062
0 0.783284 0.851562 0.031065 0.039062
0 0.828402 0.574219 0.038462 0.039062
0 0.752219 0.529297 0.028107 0.042969
0 0.752959 0.852539 0.029586 0.044922
0 0.948964 0.712891 0.039941 0.046875
0 0.494083 0.486328 0.035503 0.039062
0 0.752219 0.805664 0.034024 0.044922
0 0.127219 0.299805 0.041420 0.048828
0 0.783284 0.576172 0.031065 0.039063
0 0.889793 0.760742 0.039941 0.041016
0 0.248521 0.807617 0.041420 0.048828
0 0.890533 0.165039 0.038462 0.048828
0 0.632396 0.346680 0.025148 0.037109
0 0.495562 0.806641 0.038462 0.042969
0 0.631657 0.441406 0.026627 0.039063
0 0.494083 0.441406 0.035503 0.042969
0 0.190089 0.437500 0.036982 0.039062
0 0.948964 0.164062 0.039941 0.046875
0 0.753698 0.668945 0.031065 0.041016
0 0.767751 0.390625 0.038462 0.039062
0 0.375000 0.256836 0.036982 0.044922
0 0.890533 0.484375 0.038462 0.046875
0 0.127959 0.527344 0.039941 0.046875
0 0.630178 0.623047 0.029586 0.042969
0 0.707101 0.576172 0.035503 0.042969
0 0.889793 0.667969 0.039941 0.046875
0 0.888314 0.804688 0.042899 0.046875
0 0.250740 0.439453 0.039941 0.042969
0 0.437870 0.211914 0.041420 0.044922
0 0.827663 0.762695 0.039941 0.044922
0 0.784024 0.623047 0.029586 0.039062
0 0.188609 0.897461 0.042899 0.048828
0 0.633136 0.482422 0.029586 0.042969
0 0.752219 0.624023 0.031065 0.044922
0 0.252219 0.346680 0.039941 0.044922
0 0.585799 0.806641 0.041420 0.046875
0 0.663462 0.714844 0.031065 0.042969
0 0.374260 0.760742 0.041420 0.044922
0 0.374260 0.438477 0.041420 0.044922
0 0.950444 0.394531 0.039941 0.042969
0 0.495562 0.257812 0.035503 0.039062
0 0.252219 0.160156 0.039941 0.054688
0 0.434911 0.624023 0.038462 0.044922
0 0.127959 0.160156 0.039941 0.054688
0 0.250740 0.486328 0.039941 0.050781
0 0.191568 0.486328 0.036982 0.042969
0 0.188609 0.621094 0.039941 0.046875
0 0.437870 0.766602 0.041420 0.048828
0 0.494822 0.623047 0.039941 0.042969
0 0.585799 0.529297 0.038462 0.042969
0 0.188609 0.718750 0.042899 0.046875
0 0.588757 0.394531 0.038462 0.039062
0 0.947485 0.622070 0.039941 0.048828
0 0.492604 0.393555 0.038462 0.041016
0 0.826923 0.533203 0.035503 0.046875
0 0.251479 0.625000 0.038462 0.039063
0 0.375740 0.667969 0.038462 0.042969
0 0.313609 0.762695 0.041420 0.044922
0 0.889793 0.577148 0.039941 0.044922
0 0.887574 0.299805 0.038462 0.044922
0 0.888314 0.346680 0.036982 0.044922
0 0.753698 0.715820 0.031065 0.044922
0 0.313609 0.437500 0.041420 0.046875
0 0.706361 0.667969 0.036982 0.046875
0 0.768491 0.346680 0.039941 0.041016
0 0.250740 0.299805 0.039941 0.044922
0 0.314349 0.253906 0.039941 0.042969
0 0.588018 0.438477 0.039941 0.044922
0 0.631657 0.713867 0.032544 0.044922
0 0.588757 0.349609 0.038462 0.046875
0 0.435651 0.348633 0.039941 0.041016
0 0.375000 0.393555 0.039941 0.044922
0 0.374260 0.529297 0.041420 0.042969
0 0.890533 0.394531 0.041420 0.042969
0 0.434911 0.441406 0.041420 0.042969
0 0.827663 0.347656 0.039941 0.042969
0 0.948964 0.529297 0.039941 0.046875
0 0.889053 0.714844 0.044379 0.046875
0 0.313609 0.624023 0.041420 0.044922
0 0.314349 0.162109 0.039941 0.046875
0 0.434911 0.255859 0.038462 0.042969
0 0.313609 0.670898 0.041420 0.044922
