0 0.191667 0.492623 0.038889 0.050820
0 0.862222 0.545902 0.037778 0.049180
0 0.815556 0.913934 0.033333 0.037705
0 0.609444 0.829508 0.036667 0.042623
0 0.451667 0.831148 0.034444 0.042623
0 0.192778 0.680328 0.034444 0.049180
0 0.759444 0.347541 0.030000 0.042623
0 0.607222 0.748361 0.036667 0.047541
0 0.660556 0.747541 0.036667 0.049180
0 0.811111 0.419672 0.033333 0.045902
0 0.865556 0.827869 0.033333 0.042623
0 0.450556 0.872131 0.034444 0.042623
0 0.348333 0.750820 0.036667 0.052459
0 0.348333 0.875410 0.032222 0.039344
0 0.296111 0.750820 0.036667 0.049180
0 0.348333 0.916393 0.032222 0.042623
0 0.813889 0.829508 0.032222 0.042623
0 0.863333 0.677869 0.033333 0.047541
0 0.399444 0.749180 0.036667 0.049180
0 0.194444 0.918852 0.040000 0.047541
0 0.400556 0.915574 0.038889 0.047541
0 0.712778 0.831148 0.036667 0.045902
0 0.452778 0.750820 0.036667 0.049180
0 0.759444 0.304098 0.032222 0.047541
0 0.812222 0.611475 0.033333 0.052459
0 0.812222 0.672951 0.033333 0.047541
0 0.811111 0.483607 0.033333 0.045902
0 0.462778 0.793443 0.023333 0.032787
0 0.515000 0.752459 0.021111 0.029508
0 0.557778 0.750000 0.035556 0.050820
0 0.711667 0.748361 0.034444 0.047541
0 0.192778 0.362295 0.036667 0.049180
0 0.400556 0.830328 0.038889 0.044262
0 0.810556 0.363115 0.036667 0.047541
0 0.707778 0.305738 0.033333 0.047541
0 0.861111 0.477869 0.037778 0.047541
0 0.861667 0.418852 0.034444 0.047541
0 0.567778 0.790164 0.022222 0.029508
0 0.201667 0.790164 0.027778 0.036066
0 0.876111 0.790164 0.021111 0.032787
0 0.671111 0.791803 0.020000 0.029508
0 0.620000 0.790984 0.020000 0.031148
0 0.192778 0.620492 0.036667 0.050820
0 0.191667 0.425410 0.036667 0.050820
0 0.911667 0.348361 0.036667 0.040984
0 0.709444 0.610656 0.036667 0.047541
0 0.710556 0.677869 0.036667 0.050820
0 0.812222 0.548361 0.033333 0.050820
0 0.192778 0.304918 0.034444 0.049180
0 0.861667 0.360656 0.036667 0.045902
0 0.810556 0.304918 0.034444 0.045902
0 0.860556 0.305738 0.032222 0.047541
0 0.911667 0.303279 0.032222 0.042623
0 0.707222 0.363934 0.032222 0.042623
0 0.815556 0.745082 0.037778 0.047541
0 0.348333 0.831148 0.034444 0.045902
0 0.863333 0.610656 0.035556 0.047541
0 0.191667 0.563934 0.036667 0.052459
0 0.308333 0.792623 0.021111 0.031148
0 0.825556 0.787705 0.022222 0.031148
0 0.359444 0.793443 0.021111 0.029508
0 0.411111 0.791803 0.020000 0.032787
0 0.556667 0.913934 0.033333 0.047541
0 0.722222 0.789344 0.020000 0.027869
0 0.193333 0.833607 0.037778 0.047541
0 0.712778 0.910656 0.036667 0.047541
0 0.609444 0.912295 0.036667 0.047541
0 0.557222 0.832787 0.036667 0.052459
0 0.192222 0.746721 0.035556 0.047541
0 0.608333 0.870492 0.034444 0.039344
0 0.865556 0.869672 0.033333 0.040984
0 0.192222 0.875410 0.033333 0.042623
0 0.661667 0.827869 0.036667 0.042623
0 0.707222 0.543443 0.030000 0.044262
0 0.451667 0.913115 0.036667 0.042623
0 0.866111 0.912295 0.036667 0.044262
0 0.400556 0.872131 0.034444 0.039344
0 0.815556 0.872131 0.033333 0.042623
0 0.660556 0.910656 0.036667 0.047541
0 0.297222 0.832787 0.034444 0.042623
0 0.296111 0.913934 0.038889 0.047541
0 0.864444 0.746721 0.037778 0.047541
0 0.707222 0.477869 0.032222 0.047541
0 0.707222 0.417213 0.036667 0.047541
