0 0.872222 0.742175 0.022222 0.034596
0 0.903333 0.779242 0.022222 0.029654
0 0.643889 0.406919 0.018889 0.029654
0 0.125000 0.570016 0.021111 0.029654
0 0.927778 0.822076 0.022222 0.036244
0 0.927778 0.780066 0.022222 0.034596
0 0.410556 0.447282 0.021111 0.037891
0 0.502778 0.134267 0.047778 0.037891
0 0.126111 0.528830 0.021111 0.029654
0 0.848333 0.281713 0.021111 0.029654
0 0.501111 0.303130 0.044444 0.036244
0 0.926111 0.530478 0.023333 0.032949
0 0.667222 0.448105 0.023333 0.032949
0 0.849444 0.741351 0.021111 0.032949
0 0.126111 0.405272 0.021111 0.029654
0 0.849444 0.780066 0.021111 0.034596
0 0.770556 0.446458 0.023333 0.036244
0 0.126667 0.443987 0.022222 0.034596
0 0.410556 0.405272 0.023333 0.032949
0 0.151111 0.447282 0.022222 0.037891
0 0.255000 0.406096 0.021111 0.031301
0 0.255556 0.448105 0.022222 0.032949
0 0.872222 0.324547 0.024444 0.036244
0 0.900556 0.405272 0.021111 0.032949
0 0.230556 0.445634 0.021111 0.034596
0 0.501111 0.527183 0.031111 0.036244
0 0.500556 0.235585 0.043333 0.042834
0 0.127778 0.488468 0.024444 0.037891
0 0.086111 0.702636 0.036667 0.044481
0 0.398333 0.363262 0.036667 0.047776
0 0.138333 0.363262 0.034444 0.044481
0 0.901111 0.488468 0.022222 0.034596
0 0.642222 0.446458 0.020000 0.032949
0 0.925000 0.445634 0.021111 0.034596
0 0.822222 0.325371 0.020000 0.031301
0 0.151667 0.529654 0.023333 0.034596
0 0.912778 0.698517 0.036667 0.042834
0 0.086667 0.320428 0.033333 0.041186
0 0.797222 0.325371 0.021111 0.031301
0 0.770556 0.408567 0.023333 0.032949
0 0.926111 0.407743 0.021111 0.031301
0 0.821111 0.284185 0.022222 0.034596
0 0.190556 0.364909 0.034444 0.044481
0 0.707778 0.700165 0.035556 0.052718
0 0.759444 0.700165 0.036667 0.042834
0 0.191667 0.276771 0.036667 0.046129
0 0.912222 0.654860 0.035556 0.041186
0 0.900556 0.447282 0.025556 0.037891
0 0.603333 0.238880 0.033333 0.042834
0 0.138333 0.322076 0.032222 0.041186
0 0.912222 0.366557 0.033333 0.041186
0 0.927778 0.487644 0.024444 0.032949
0 0.861667 0.696870 0.034444 0.046129
0 0.231667 0.405272 0.023333 0.036244
0 0.138333 0.277595 0.036667 0.044481
0 0.086667 0.614498 0.037778 0.049423
0 0.667222 0.408567 0.023333 0.032949
0 0.086667 0.659802 0.035556 0.044481
0 0.758333 0.658155 0.034444 0.041186
0 0.242222 0.318781 0.033333 0.037891
0 0.552778 0.322076 0.034444 0.041186
0 0.086111 0.363262 0.038889 0.044481
0 0.707778 0.612026 0.035556 0.047776
0 0.655556 0.367381 0.035556 0.046129
0 0.809444 0.700988 0.036667 0.047776
0 0.294444 0.322900 0.033333 0.039539
0 0.397222 0.322900 0.034444 0.039539
0 0.242222 0.364086 0.037778 0.046129
0 0.345556 0.322076 0.033333 0.041186
0 0.553889 0.281713 0.032222 0.039539
0 0.604444 0.280066 0.033333 0.039539
0 0.086667 0.276771 0.037778 0.049423
0 0.190556 0.322076 0.036667 0.041186
0 0.810556 0.658979 0.034444 0.042834
0 0.242222 0.277595 0.035556 0.044481
0 0.293333 0.277595 0.033333 0.044481
0 0.860556 0.654860 0.032222 0.041186
0 0.397222 0.277595 0.034444 0.047776
0 0.912778 0.282537 0.036667 0.047776
0 0.912222 0.611203 0.035556 0.046129
0 0.860556 0.610379 0.034444 0.044481
0 0.604444 0.191928 0.031111 0.047776
0 0.345556 0.366557 0.033333 0.051071
0 0.758333 0.613674 0.036667 0.047776
0 0.757222 0.364909 0.036667 0.047776
0 0.757222 0.280890 0.034444 0.044481
0 0.501111 0.442339 0.042222 0.047776
0 0.450556 0.322076 0.034444 0.041186
0 0.655556 0.280890 0.033333 0.044481
0 0.912778 0.325371 0.034444 0.041186
0 0.345556 0.276771 0.035556 0.046129
0 0.655556 0.325371 0.033333 0.041186
0 0.450556 0.276771 0.034444 0.042834
0 0.810556 0.612026 0.032222 0.047776
0 0.705556 0.280890 0.033333 0.044481
0 0.604444 0.325371 0.033333 0.044481
0 0.705556 0.325371 0.033333 0.041186
0 0.705556 0.368204 0.033333 0.047776
0 0.553333 0.235585 0.033333 0.046129
0 0.501111 0.486820 0.040000 0.044481
0 0.501111 0.271829 0.042222 0.029654
0 0.902778 0.820428 0.023333 0.032949
0 0.851667 0.863262 0.023333 0.032949
0 0.902222 0.864086 0.024444 0.034596
0 0.927778 0.741351 0.022222 0.036244
0 0.097222 0.742998 0.023333 0.029654
0 0.873889 0.783361 0.021111 0.034596
0 0.872222 0.281713 0.022222 0.029654
0 0.822778 0.364086 0.023333 0.032949
0 0.552222 0.365733 0.035556 0.032949
0 0.152222 0.405272 0.020000 0.032949
0 0.295556 0.363262 0.035556 0.044481
0 0.850556 0.822076 0.023333 0.032949
0 0.151667 0.572488 0.023333 0.031301
0 0.903333 0.908567 0.024444 0.037891
0 0.875000 0.864909 0.021111 0.032949
0 0.501111 0.368204 0.044444 0.034596
0 0.927222 0.908567 0.023333 0.034596
0 0.502778 0.336903 0.043333 0.031301
0 0.501667 0.202636 0.047778 0.029654
0 0.455556 0.366557 0.022222 0.037891
0 0.850556 0.905272 0.023333 0.034596
0 0.796667 0.280066 0.022222 0.032949
0 0.927222 0.863262 0.023333 0.036244
0 0.902222 0.738056 0.024444 0.032949
0 0.501111 0.170511 0.044444 0.037891
0 0.566667 0.869852 0.024444 0.032949
0 0.513889 0.744646 0.021111 0.032949
0 0.294444 0.702636 0.033333 0.044481
0 0.566111 0.911862 0.023333 0.028007
0 0.308333 0.869852 0.023333 0.036244
0 0.616667 0.619440 0.024444 0.036244
0 0.565556 0.785008 0.022222 0.037891
0 0.540556 0.742998 0.021111 0.032949
0 0.540556 0.909390 0.021111 0.032949
0 0.540556 0.869028 0.021111 0.031301
0 0.565000 0.745470 0.021111 0.034596
0 0.539444 0.785832 0.023333 0.032949
0 0.550556 0.702636 0.038889 0.041186
0 0.307778 0.783361 0.022222 0.034596
0 0.281111 0.785008 0.024444 0.037891
0 0.307222 0.828666 0.023333 0.036244
0 0.281111 0.827018 0.022222 0.032949
0 0.346667 0.661450 0.035556 0.037891
0 0.566667 0.829489 0.024444 0.037891
0 0.540556 0.831137 0.023333 0.034596
0 0.281111 0.744646 0.022222 0.032949
0 0.307778 0.744646 0.022222 0.032949
0 0.655556 0.660626 0.033333 0.039539
0 0.294444 0.661450 0.033333 0.037891
0 0.397778 0.616969 0.033333 0.044481
0 0.396667 0.705931 0.033333 0.044481
0 0.345556 0.702636 0.037778 0.044481
0 0.448889 0.660626 0.031111 0.039539
0 0.293333 0.616969 0.033333 0.051071
0 0.655556 0.703460 0.035556 0.046129
0 0.397778 0.661450 0.033333 0.044481
0 0.654444 0.616969 0.033333 0.047776
0 0.242778 0.702636 0.036667 0.044481
0 0.552778 0.616145 0.034444 0.046129
0 0.552778 0.663097 0.034444 0.044481
0 0.448333 0.706755 0.036667 0.046129
0 0.242778 0.661450 0.034444 0.041186
0 0.345556 0.616145 0.033333 0.049423
0 0.448333 0.616969 0.034444 0.047776
0 0.242778 0.615321 0.036667 0.047776
