0 0.209028 0.159331 0.023611 0.036972
0 0.650694 0.572183 0.037500 0.035211
0 0.528472 0.430458 0.034722 0.036972
0 0.222917 0.602993 0.031944 0.036972
0 0.161111 0.569542 0.038889 0.036972
0 0.345833 0.463028 0.036111 0.031690
0 0.528472 0.395246 0.034722 0.036972
0 0.650694 0.538732 0.037500 0.035211
0 0.590972 0.361796 0.037500 0.036972
0 0.038889 0.887324 0.041667 0.038732
0 0.775000 0.502641 0.038889 0.036972
0 0.147917 0.198063 0.026389 0.033451
0 0.651389 0.465669 0.036111 0.033451
0 0.712500 0.468310 0.036111 0.035211
0 0.409028 0.395246 0.034722 0.036972
0 0.650000 0.891725 0.038889 0.040493
0 0.161806 0.676937 0.037500 0.036972
0 0.209028 0.235915 0.029167 0.031690
0 0.773611 0.468310 0.036111 0.035211
0 0.527778 0.464789 0.036111 0.035211
0 0.527083 0.323944 0.037500 0.038732
0 0.590278 0.678697 0.038889 0.036972
0 0.345139 0.500880 0.034722 0.036972
0 0.527778 0.640845 0.036111 0.038732
0 0.650000 0.749120 0.038889 0.036972
0 0.590278 0.395246 0.038889 0.033451
0 0.208333 0.122359 0.027778 0.033451
0 0.147917 0.236796 0.026389 0.036972
0 0.222917 0.357394 0.040278 0.038732
0 0.712500 0.502641 0.036111 0.036972
0 0.834028 0.323944 0.037500 0.038732
0 0.527083 0.607394 0.037500 0.035211
0 0.712500 0.748239 0.038889 0.038732
0 0.590972 0.432218 0.037500 0.036972
0 0.527778 0.537852 0.036111 0.036972
0 0.650694 0.325704 0.037500 0.038732
0 0.711806 0.323944 0.037500 0.038732
0 0.650694 0.432218 0.037500 0.036972
0 0.713194 0.539613 0.037500 0.036972
0 0.284028 0.394366 0.040278 0.038732
0 0.774306 0.362676 0.037500 0.038732
0 0.408333 0.431338 0.036111 0.035211
0 0.528472 0.501761 0.034722 0.038732
0 0.161806 0.355634 0.040278 0.038732
0 0.527083 0.572183 0.037500 0.031690
0 0.713194 0.678697 0.040278 0.036972
0 0.407639 0.604754 0.037500 0.029930
0 0.038194 0.816901 0.037500 0.031690
0 0.881944 0.747359 0.022222 0.026408
0 0.835417 0.432218 0.037500 0.036972
0 0.038889 0.639085 0.038889 0.035211
0 0.240278 0.082746 0.022222 0.028169
0 0.895139 0.819542 0.037500 0.036972
0 0.116667 0.080106 0.025000 0.033451
0 0.527778 0.856514 0.036111 0.036972
0 0.054167 0.077465 0.022222 0.031690
0 0.650694 0.854754 0.037500 0.033451
0 0.590278 0.468310 0.033333 0.035211
0 0.223611 0.532570 0.038889 0.036972
0 0.117361 0.160211 0.026389 0.031690
0 0.590278 0.642606 0.038889 0.031690
0 0.528472 0.889085 0.037500 0.038732
0 0.406944 0.748239 0.036111 0.031690
0 0.038194 0.319542 0.034722 0.036972
0 0.024306 0.077465 0.026389 0.035211
0 0.895139 0.855634 0.040278 0.038732
0 0.054167 0.196303 0.025000 0.029930
0 0.896528 0.715669 0.040278 0.036972
0 0.775000 0.781690 0.038889 0.035211
0 0.038889 0.746479 0.038889 0.035211
0 0.283333 0.673415 0.036111 0.033451
0 0.117361 0.235035 0.023611 0.026408
0 0.222917 0.639965 0.034722 0.036972
0 0.240278 0.198063 0.022222 0.026408
0 0.038194 0.779930 0.040278 0.038732
0 0.528472 0.784331 0.034722 0.036972
0 0.774306 0.608275 0.040278 0.036972
0 0.038889 0.496479 0.036111 0.035211
0 0.896528 0.608275 0.040278 0.036972
0 0.037500 0.463028 0.038889 0.035211
0 0.406250 0.640845 0.040278 0.038732
0 0.835417 0.892606 0.037500 0.035211
0 0.117361 0.120599 0.023611 0.029930
0 0.835417 0.781690 0.037500 0.035211
0 0.836806 0.396127 0.034722 0.035211
0 0.588194 0.746479 0.040278 0.042254
0 0.404861 0.818662 0.037500 0.038732
0 0.239583 0.160211 0.023611 0.038732
0 0.302083 0.160211 0.026389 0.031690
0 0.835417 0.711268 0.037500 0.035211
0 0.346528 0.566021 0.037500 0.026408
0 0.022917 0.235035 0.026389 0.036972
0 0.085417 0.235915 0.026389 0.031690
0 0.897222 0.539613 0.038889 0.036972
0 0.222917 0.673415 0.040278 0.036972
0 0.054167 0.117077 0.025000 0.033451
0 0.405556 0.712148 0.036111 0.036972
0 0.222917 0.854754 0.040278 0.036972
0 0.301389 0.198063 0.027778 0.036972
0 0.223611 0.426937 0.038889 0.036972
0 0.774306 0.432218 0.037500 0.036972
0 0.284028 0.571303 0.037500 0.036972
0 0.896528 0.325704 0.037500 0.038732
0 0.302083 0.121479 0.029167 0.035211
0 0.038194 0.389965 0.040278 0.036972
0 0.650694 0.678697 0.037500 0.036972
0 0.100000 0.357394 0.038889 0.038732
0 0.147222 0.122359 0.025000 0.033451
0 0.650694 0.784331 0.037500 0.036972
0 0.650694 0.714789 0.037500 0.035211
0 0.650694 0.395246 0.037500 0.033451
0 0.589583 0.538732 0.037500 0.038732
0 0.178472 0.121479 0.026389 0.035211
0 0.100000 0.286972 0.041667 0.038732
0 0.148611 0.160211 0.025000 0.038732
0 0.652083 0.501761 0.037500 0.038732
0 0.468750 0.285211 0.037500 0.035211
0 0.482639 0.577465 0.023611 0.024648
0 0.484028 0.601232 0.023611 0.022887
0 0.469444 0.501761 0.036111 0.024648
0 0.469444 0.366197 0.038889 0.017606
0 0.469444 0.404049 0.036111 0.019366
0 0.469444 0.318662 0.036111 0.031690
0 0.468056 0.345951 0.038889 0.022887
0 0.481944 0.889965 0.022222 0.026408
0 0.469444 0.519366 0.033333 0.010563
0 0.469444 0.423415 0.036111 0.019366
0 0.468056 0.385563 0.036111 0.021127
0 0.284028 0.495599 0.037500 0.036972
0 0.910417 0.781690 0.026389 0.035211
0 0.406250 0.781690 0.034722 0.035211
0 0.482639 0.552817 0.023611 0.024648
0 0.223611 0.566901 0.030556 0.028169
0 0.895139 0.889085 0.040278 0.038732
0 0.882639 0.780810 0.023611 0.026408
0 0.085417 0.079225 0.026389 0.031690
0 0.344444 0.819542 0.036111 0.033451
0 0.589583 0.854754 0.040278 0.036972
0 0.038194 0.672535 0.037500 0.031690
0 0.222917 0.494718 0.040278 0.031690
0 0.149306 0.082746 0.023611 0.028169
0 0.589583 0.715669 0.037500 0.029930
0 0.469444 0.475352 0.036111 0.028169
0 0.470139 0.791373 0.034722 0.026408
0 0.911806 0.747359 0.023611 0.029930
0 0.590278 0.501761 0.033333 0.031690
0 0.481250 0.861796 0.023611 0.026408
0 0.482639 0.647007 0.023611 0.026408
0 0.284028 0.525528 0.043056 0.054577
0 0.834722 0.609155 0.036111 0.031690
0 0.343750 0.785211 0.037500 0.035211
0 0.482639 0.622359 0.023611 0.019366
0 0.224306 0.463908 0.040278 0.036972
0 0.835417 0.573063 0.037500 0.036972
0 0.283333 0.639965 0.036111 0.036972
0 0.023611 0.116197 0.025000 0.031690
0 0.161111 0.851232 0.036111 0.033451
0 0.162500 0.392606 0.036111 0.031690
0 0.589583 0.819542 0.040278 0.036972
0 0.834722 0.678697 0.036111 0.033451
0 0.024306 0.155810 0.026389 0.033451
0 0.040278 0.602993 0.038889 0.036972
0 0.896528 0.432218 0.037500 0.033451
0 0.895833 0.398768 0.038889 0.036972
0 0.773611 0.748239 0.038889 0.038732
0 0.774306 0.889085 0.037500 0.035211
0 0.178472 0.235915 0.023611 0.031690
0 0.284028 0.889085 0.037500 0.035211
0 0.346528 0.393486 0.034722 0.033451
0 0.343750 0.889085 0.034722 0.035211
0 0.052083 0.235035 0.026389 0.036972
0 0.022917 0.197183 0.026389 0.038732
0 0.590278 0.609155 0.041667 0.038732
0 0.897222 0.572183 0.038889 0.035211
0 0.222222 0.710387 0.038889 0.036972
0 0.222917 0.393486 0.037500 0.036972
0 0.283333 0.604754 0.036111 0.033451
0 0.712500 0.786092 0.038889 0.033451
0 0.344444 0.748239 0.038889 0.038732
0 0.038194 0.533451 0.037500 0.038732
0 0.270139 0.159331 0.023611 0.036972
0 0.346528 0.355634 0.034722 0.038732
0 0.177778 0.083627 0.027778 0.033451
0 0.344444 0.854754 0.038889 0.033451
0 0.054167 0.158451 0.025000 0.035211
0 0.712500 0.607394 0.036111 0.035211
0 0.161111 0.781690 0.038889 0.035211
0 0.220833 0.749120 0.036111 0.036972
0 0.161111 0.886444 0.038889 0.036972
0 0.345139 0.641725 0.040278 0.036972
0 0.712500 0.818662 0.038889 0.035211
0 0.527778 0.823063 0.036111 0.036972
0 0.160417 0.463028 0.037500 0.035211
0 0.408333 0.464789 0.036111 0.031690
0 0.040278 0.566901 0.038889 0.035211
0 0.834722 0.641725 0.036111 0.036972
0 0.100694 0.323063 0.037500 0.033451
0 0.037500 0.850352 0.038889 0.035211
0 0.713194 0.572183 0.037500 0.031690
0 0.284028 0.747359 0.037500 0.036972
0 0.085417 0.117077 0.026389 0.033451
0 0.283333 0.463908 0.038889 0.036972
0 0.345833 0.534331 0.036111 0.033451
0 0.161111 0.533451 0.036111 0.031690
0 0.270139 0.235915 0.023611 0.031690
0 0.711806 0.855634 0.037500 0.031690
0 0.774306 0.398768 0.037500 0.033451
0 0.283333 0.781690 0.036111 0.035211
0 0.222917 0.817782 0.037500 0.033451
0 0.835417 0.748239 0.037500 0.038732
0 0.283333 0.431338 0.038889 0.031690
0 0.835417 0.854754 0.037500 0.036972
0 0.590278 0.889085 0.038889 0.038732
0 0.834722 0.819542 0.038889 0.036972
0 0.085417 0.158451 0.026389 0.035211
0 0.897917 0.502641 0.040278 0.036972
0 0.162500 0.639965 0.036111 0.036972
0 0.405556 0.678697 0.036111 0.036972
0 0.177083 0.160211 0.026389 0.031690
0 0.085417 0.197183 0.026389 0.035211
0 0.038889 0.426937 0.041667 0.036972
0 0.345139 0.602113 0.040278 0.042254
0 0.345833 0.427817 0.033333 0.035211
0 0.589583 0.784331 0.040278 0.036972
0 0.270139 0.083627 0.029167 0.033451
0 0.774306 0.817782 0.040278 0.036972
0 0.209722 0.084507 0.027778 0.031690
0 0.590278 0.572183 0.038889 0.035211
0 0.712500 0.889085 0.041667 0.038732
0 0.896528 0.678697 0.037500 0.036972
0 0.407639 0.534331 0.037500 0.033451
0 0.209028 0.198063 0.023611 0.033451
0 0.650694 0.819542 0.037500 0.040493
0 0.711806 0.641725 0.037500 0.036972
0 0.836111 0.361796 0.036111 0.036972
0 0.527778 0.747359 0.036111 0.036972
0 0.834722 0.502641 0.038889 0.033451
0 0.712500 0.431338 0.036111 0.038732
0 0.284028 0.854754 0.037500 0.036972
0 0.177083 0.198944 0.026389 0.031690
0 0.038194 0.709507 0.040278 0.038732
0 0.038889 0.355634 0.038889 0.035211
0 0.774306 0.324824 0.034722 0.036972
0 0.117361 0.198063 0.026389 0.029930
0 0.161806 0.748239 0.037500 0.038732
0 0.527778 0.711268 0.036111 0.035211
0 0.284722 0.354754 0.041667 0.040493
0 0.239583 0.235915 0.026389 0.031690
0 0.222222 0.781690 0.038889 0.035211
0 0.773611 0.854754 0.038889 0.036972
0 0.895833 0.363556 0.036111 0.036972
0 0.408333 0.572183 0.038889 0.031690
0 0.161806 0.426056 0.037500 0.038732
0 0.222222 0.888204 0.038889 0.036972
0 0.713194 0.395246 0.037500 0.029930
0 0.650694 0.363556 0.037500 0.036972
0 0.161806 0.710387 0.037500 0.036972
0 0.162500 0.604754 0.036111 0.036972
0 0.775000 0.641725 0.038889 0.033451
0 0.302083 0.082746 0.029167 0.035211
0 0.161111 0.817782 0.038889 0.036972
0 0.283333 0.817782 0.038889 0.036972
0 0.773611 0.712148 0.038889 0.036972
0 0.284028 0.710387 0.040278 0.036972
0 0.240278 0.121479 0.025000 0.035211
0 0.527778 0.678697 0.036111 0.033451
0 0.160417 0.496479 0.034722 0.035211
0 0.270139 0.120599 0.023611 0.033451
0 0.774306 0.573063 0.040278 0.036972
0 0.345139 0.677817 0.037500 0.035211
0 0.712500 0.715669 0.038889 0.033451
0 0.773611 0.678697 0.038889 0.036972
0 0.774306 0.539613 0.040278 0.036972
0 0.896528 0.468310 0.037500 0.038732
0 0.344444 0.710387 0.038889 0.036972
0 0.270139 0.198063 0.023611 0.033451
0 0.896528 0.642606 0.037500 0.035211
0 0.651389 0.607394 0.033333 0.035211
0 0.650694 0.641725 0.037500 0.036972
0 0.301389 0.236796 0.027778 0.033451
0 0.835417 0.539613 0.037500 0.036972
0 0.834722 0.469190 0.038889 0.036972
0 0.527778 0.361796 0.036111 0.036972
0 0.409028 0.320423 0.040278 0.038732
0 0.408333 0.501761 0.038889 0.038732
0 0.590278 0.324824 0.038889 0.044014
0 0.408333 0.360915 0.038889 0.035211
0 0.712500 0.362676 0.038889 0.038732
