0 0.587956 0.743455 0.023719 0.036789
0 0.119918 0.813978 0.022590 0.035116
0 0.244321 0.353097 0.039202 0.030567
0 0.509668 0.738314 0.020280 0.026827
0 0.120828 0.729145 0.022573 0.033469
0 0.094720 0.728530 0.021462 0.033442
0 0.503635 0.368273 0.042588 0.035587
0 0.503953 0.338623 0.040401 0.038830
0 0.146704 0.854977 0.023719 0.036789
0 0.147623 0.769321 0.021462 0.033442
0 0.588643 0.783015 0.023684 0.033495
0 0.147482 0.730598 0.022590 0.035116
0 0.094305 0.767240 0.023701 0.035142
0 0.505984 0.201092 0.043646 0.030672
0 0.354888 0.819519 0.021479 0.035090
0 0.505260 0.268629 0.041424 0.030620
0 0.069714 0.728764 0.024812 0.035168
0 0.069299 0.767474 0.024795 0.033521
0 0.331002 0.818955 0.022590 0.035116
0 0.146590 0.813783 0.022643 0.040058
0 0.121524 0.767882 0.022626 0.038410
0 0.565417 0.410098 0.020351 0.033416
0 0.298444 0.228327 0.033771 0.041967
0 0.600618 0.702563 0.032678 0.043588
0 0.612502 0.786049 0.022590 0.035116
0 0.354263 0.774193 0.021497 0.036737
0 0.353576 0.734634 0.021462 0.033442
0 0.134037 0.689089 0.039326 0.042098
0 0.329690 0.734070 0.022573 0.033469
0 0.082863 0.642572 0.040419 0.040477
0 0.082412 0.684577 0.040507 0.048713
0 0.098543 0.475705 0.023666 0.031848
0 0.072426 0.475913 0.022573 0.033469
0 0.504671 0.168108 0.042606 0.037235
0 0.098093 0.517709 0.023719 0.036789
0 0.073310 0.393551 0.024795 0.033521
0 0.330377 0.773630 0.022608 0.036763
0 0.612379 0.745679 0.021497 0.036737
0 0.072886 0.433085 0.024759 0.030227
0 0.914538 0.288989 0.035993 0.042019
0 0.434747 0.781858 0.022590 0.035116
0 0.100529 0.394193 0.021462 0.033442
0 0.506726 0.131908 0.043717 0.037261
0 0.135043 0.647098 0.036010 0.043666
0 0.914944 0.251102 0.035993 0.042019
0 0.459083 0.740417 0.021462 0.033442
0 0.296891 0.269482 0.031514 0.038620
0 0.458077 0.782408 0.022590 0.035116
0 0.433522 0.740638 0.023701 0.035142
0 0.704467 0.707483 0.036028 0.045314
0 0.186261 0.689497 0.037157 0.046987
0 0.563891 0.448782 0.024848 0.038463
0 0.500881 0.521440 0.029256 0.035273
0 0.706961 0.371420 0.038215 0.042072
0 0.098994 0.433700 0.025906 0.033547
0 0.862860 0.289418 0.032660 0.041941
0 0.141902 0.266651 0.037157 0.046987
0 0.503973 0.233174 0.042659 0.042176
0 0.343446 0.694851 0.038232 0.043719
0 0.088662 0.309059 0.035993 0.042019
0 0.186712 0.647492 0.034882 0.041993
0 0.084424 0.600594 0.038321 0.051955
0 0.755034 0.707027 0.034917 0.045288
0 0.194126 0.267059 0.037139 0.045340
0 0.089686 0.265420 0.037157 0.046987
0 0.862400 0.332246 0.034917 0.045288
0 0.808186 0.620955 0.037174 0.048634
0 0.807268 0.706611 0.032660 0.041941
0 0.807709 0.665431 0.032660 0.041941
0 0.504351 0.301560 0.040419 0.040477
0 0.343914 0.651199 0.038250 0.045366
0 0.759575 0.283687 0.034952 0.048582
0 0.757073 0.620574 0.037157 0.046987
0 0.088221 0.350240 0.038215 0.042072
0 0.394568 0.694409 0.033753 0.040320
0 0.244216 0.311079 0.036028 0.045314
0 0.345493 0.607573 0.033788 0.043614
0 0.755476 0.665847 0.034917 0.045288
0 0.703798 0.666276 0.033771 0.041967
0 0.295303 0.313931 0.036028 0.045314
0 0.298938 0.182205 0.033841 0.048556
0 0.602180 0.660584 0.032660 0.041941
0 0.246324 0.269937 0.032660 0.041941
0 0.656324 0.326563 0.031496 0.036973
0 0.914616 0.333477 0.037174 0.048634
0 0.136640 0.601825 0.036099 0.051903
0 0.398728 0.358385 0.034899 0.043640
0 0.652729 0.661776 0.033771 0.041967
0 0.704310 0.618506 0.036063 0.048608
0 0.348074 0.315176 0.034882 0.041993
0 0.452064 0.358819 0.034917 0.045288
0 0.654308 0.618151 0.036046 0.046961
0 0.760200 0.329013 0.032642 0.040293
0 0.916003 0.204169 0.037227 0.053576
0 0.706318 0.327742 0.033788 0.043614
0 0.707897 0.284116 0.033841 0.048556
0 0.605132 0.281693 0.032731 0.048530
0 0.602101 0.616096 0.036063 0.048608
0 0.549513 0.701358 0.037121 0.043693
0 0.501738 0.441549 0.040490 0.047066
0 0.549964 0.659353 0.037104 0.042045
0 0.863337 0.244943 0.037174 0.048634
0 0.396095 0.655725 0.033771 0.041967
0 0.348188 0.356370 0.033806 0.045261
0 0.652252 0.706252 0.038250 0.045366
0 0.246263 0.223802 0.033841 0.048556
0 0.810680 0.284892 0.037174 0.048634
0 0.452496 0.318462 0.037086 0.040398
0 0.446211 0.697274 0.034864 0.040346
0 0.655874 0.368568 0.033841 0.048556
0 0.447772 0.655296 0.032695 0.045235
0 0.399161 0.318028 0.034882 0.041993
0 0.401842 0.275252 0.037174 0.048634
0 0.396607 0.607955 0.036063 0.048608
0 0.604117 0.324508 0.033771 0.041967
0 0.139916 0.348163 0.037210 0.051929
0 0.455169 0.276510 0.034917 0.045288
0 0.759176 0.372651 0.036063 0.048608
0 0.656819 0.280441 0.033859 0.050203
0 0.552527 0.368602 0.038268 0.047013
0 0.554662 0.324990 0.034882 0.041993
0 0.348551 0.270700 0.034952 0.048582
0 0.604743 0.369834 0.033824 0.046909
0 0.449360 0.610846 0.037174 0.048634
0 0.810854 0.372222 0.037174 0.048634
0 0.810185 0.331015 0.034917 0.045288
0 0.554601 0.278854 0.036063 0.048608
0 0.188300 0.603043 0.039432 0.051981
0 0.550459 0.613230 0.037174 0.048634
0 0.192149 0.347747 0.037210 0.051929
0 0.502390 0.484404 0.038197 0.040424
