0 0.840000 0.341772 0.027500 0.025316
0 0.840000 0.499209 0.022500 0.033228
0 0.714375 0.878956 0.036250 0.036392
0 0.828125 0.370253 0.033750 0.031646
0 0.659375 0.878956 0.033750 0.033228
0 0.814375 0.436709 0.021250 0.022152
0 0.715000 0.851266 0.035000 0.034810
0 0.660000 0.849684 0.035000 0.031646
0 0.842500 0.436709 0.022500 0.034810
0 0.660625 0.817247 0.036250 0.033228
0 0.660625 0.784810 0.036250 0.031646
0 0.716875 0.688291 0.033750 0.028481
0 0.771875 0.657437 0.033750 0.033228
0 0.716250 0.720728 0.035000 0.033228
0 0.840625 0.469146 0.021250 0.026899
0 0.773750 0.370253 0.035000 0.037975
0 0.715625 0.818829 0.033750 0.033228
0 0.827500 0.403481 0.035000 0.034810
0 0.770625 0.784019 0.033750 0.033228
0 0.717500 0.659019 0.035000 0.033228
0 0.715625 0.787184 0.033750 0.033228
0 0.770625 0.850475 0.033750 0.033228
0 0.716875 0.628165 0.033750 0.034810
0 0.770000 0.880538 0.035000 0.033228
0 0.770625 0.817247 0.033750 0.033228
0 0.771250 0.753956 0.032500 0.033228
0 0.813125 0.465981 0.021250 0.030063
0 0.771875 0.529272 0.033750 0.033228
0 0.660000 0.754747 0.035000 0.034810
0 0.770625 0.720728 0.033750 0.033228
0 0.661875 0.402690 0.033750 0.030063
0 0.716250 0.754747 0.035000 0.034810
0 0.771250 0.690665 0.032500 0.033228
0 0.883125 0.406646 0.033750 0.031646
0 0.716250 0.499209 0.037500 0.033228
0 0.883125 0.372627 0.033750 0.036392
0 0.771250 0.562500 0.035000 0.033228
0 0.827500 0.563291 0.035000 0.031646
0 0.771875 0.466772 0.033750 0.028481
0 0.661875 0.527690 0.033750 0.030063
0 0.661250 0.657437 0.035000 0.033228
0 0.826875 0.595728 0.033750 0.033228
0 0.772500 0.403481 0.032500 0.031646
0 0.716250 0.532437 0.037500 0.030063
0 0.771875 0.437500 0.033750 0.033228
0 0.717500 0.404272 0.037500 0.033228
0 0.660625 0.720728 0.033750 0.033228
0 0.717500 0.369462 0.037500 0.033228
0 0.661875 0.465981 0.033750 0.033228
0 0.717500 0.595728 0.035000 0.033228
0 0.662500 0.498418 0.035000 0.031646
0 0.662500 0.369462 0.037500 0.039557
0 0.771250 0.625791 0.035000 0.033228
0 0.826875 0.531646 0.033750 0.034810
0 0.813750 0.341772 0.020000 0.025316
0 0.716875 0.562500 0.036250 0.033228
0 0.661250 0.625791 0.035000 0.033228
0 0.661250 0.688291 0.035000 0.031646
0 0.661875 0.435127 0.033750 0.031646
0 0.771250 0.499209 0.035000 0.033228
0 0.716875 0.465981 0.036250 0.030063
0 0.883125 0.436709 0.033750 0.028481
0 0.771250 0.595728 0.035000 0.030063
0 0.716875 0.436709 0.036250 0.028481
0 0.661250 0.561709 0.032500 0.034810
0 0.881875 0.469146 0.033750 0.033228
0 0.661250 0.594146 0.032500 0.030063
0 0.333125 0.651899 0.036250 0.044304
0 0.510000 0.680380 0.022500 0.028481
0 0.498125 0.397152 0.036250 0.028481
0 0.278125 0.659019 0.033750 0.033228
0 0.509375 0.708070 0.021250 0.023734
0 0.180625 0.498418 0.021250 0.028481
0 0.153125 0.431171 0.021250 0.026899
0 0.151875 0.464399 0.021250 0.023734
0 0.166250 0.817247 0.037500 0.033228
0 0.111875 0.625791 0.033750 0.033228
0 0.221875 0.625791 0.033750 0.033228
0 0.331250 0.817247 0.035000 0.033228
0 0.278125 0.435918 0.033750 0.033228
0 0.166875 0.720728 0.036250 0.033228
0 0.151875 0.497627 0.023750 0.030063
0 0.181250 0.432753 0.025000 0.036392
0 0.552500 0.851266 0.032500 0.028481
0 0.331250 0.595728 0.035000 0.033228
0 0.111250 0.562500 0.032500 0.033228
0 0.167500 0.784810 0.035000 0.031646
0 0.166875 0.753956 0.033750 0.033228
0 0.333125 0.432753 0.031250 0.030063
0 0.277500 0.726266 0.035000 0.034810
0 0.181250 0.465981 0.022500 0.023734
0 0.111250 0.531646 0.032500 0.031646
0 0.166875 0.851266 0.036250 0.034810
0 0.553125 0.466772 0.031250 0.031646
0 0.551875 0.724684 0.033750 0.028481
0 0.443125 0.402690 0.036250 0.039557
0 0.552500 0.787184 0.032500 0.026899
0 0.278125 0.531646 0.033750 0.031646
0 0.278125 0.465981 0.033750 0.033228
0 0.111875 0.594937 0.033750 0.031646
0 0.277500 0.562500 0.035000 0.033228
0 0.553125 0.883703 0.031250 0.033228
0 0.222500 0.594146 0.032500 0.033228
0 0.609375 0.403481 0.031250 0.031646
0 0.553125 0.531646 0.031250 0.031646
0 0.111250 0.465190 0.032500 0.028481
0 0.222500 0.561709 0.032500 0.028481
0 0.277500 0.821203 0.035000 0.034810
0 0.223125 0.788766 0.033750 0.033228
0 0.388750 0.435918 0.032500 0.039557
0 0.333750 0.401899 0.032500 0.034810
0 0.553750 0.401108 0.035000 0.042722
0 0.553125 0.595728 0.031250 0.033228
0 0.551875 0.659019 0.033750 0.033228
0 0.223750 0.532437 0.032500 0.030063
0 0.222500 0.658228 0.035000 0.034810
0 0.110625 0.497627 0.031250 0.033228
0 0.111250 0.435127 0.032500 0.031646
0 0.277500 0.595728 0.035000 0.033228
0 0.166875 0.594937 0.033750 0.031646
0 0.551875 0.754747 0.033750 0.034810
0 0.110625 0.402690 0.033750 0.033228
0 0.166250 0.625791 0.035000 0.033228
0 0.609375 0.436709 0.033750 0.034810
0 0.223125 0.692247 0.036250 0.033228
0 0.222500 0.401108 0.032500 0.036392
0 0.333125 0.499209 0.036250 0.033228
0 0.552500 0.628165 0.032500 0.034810
0 0.551875 0.692247 0.033750 0.033228
0 0.553125 0.498418 0.031250 0.028481
0 0.331250 0.561709 0.035000 0.034810
0 0.333750 0.465190 0.032500 0.034810
0 0.277500 0.499209 0.035000 0.033228
0 0.223750 0.465981 0.030000 0.033228
0 0.223125 0.435127 0.031250 0.031646
0 0.110625 0.368671 0.036250 0.034810
0 0.277500 0.402690 0.035000 0.039557
0 0.553125 0.563291 0.031250 0.031646
0 0.223750 0.499209 0.032500 0.033228
0 0.551250 0.818038 0.035000 0.037975
0 0.166875 0.561709 0.036250 0.034810
0 0.153125 0.338608 0.023750 0.028481
0 0.181875 0.333861 0.021250 0.028481
0 0.496875 0.799051 0.028750 0.028481
0 0.111875 0.753956 0.031250 0.033228
0 0.333125 0.630538 0.033750 0.039557
0 0.609375 0.340190 0.033750 0.028481
0 0.498125 0.452532 0.036250 0.034810
0 0.111250 0.784810 0.035000 0.031646
0 0.166875 0.401108 0.033750 0.030063
0 0.111250 0.658228 0.032500 0.034810
0 0.332500 0.722310 0.035000 0.033228
0 0.333125 0.528481 0.031250 0.028481
0 0.331250 0.754747 0.035000 0.034810
0 0.278125 0.883703 0.033750 0.026899
0 0.277500 0.852848 0.032500 0.031646
0 0.222500 0.723892 0.032500 0.026899
0 0.222500 0.753956 0.035000 0.033228
0 0.332500 0.882120 0.035000 0.030063
0 0.111875 0.721519 0.033750 0.031646
0 0.111875 0.690665 0.033750 0.030063
0 0.167500 0.368671 0.032500 0.034810
0 0.277500 0.787975 0.035000 0.031646
0 0.110625 0.850475 0.036250 0.033228
0 0.333125 0.851266 0.033750 0.034810
0 0.277500 0.755538 0.035000 0.030063
0 0.277500 0.692247 0.037500 0.033228
0 0.332500 0.784810 0.032500 0.031646
0 0.166875 0.658228 0.033750 0.034810
0 0.388125 0.401108 0.028750 0.033228
0 0.180625 0.529272 0.023750 0.026899
0 0.166875 0.688291 0.036250 0.031646
0 0.511875 0.660601 0.021250 0.011076
0 0.509375 0.646361 0.021250 0.014241
0 0.511875 0.629747 0.021250 0.015823
0 0.510000 0.613924 0.017500 0.015823
0 0.509375 0.597310 0.018750 0.017405
0 0.498125 0.547468 0.028750 0.009494
0 0.499375 0.342563 0.036250 0.036392
0 0.510625 0.579114 0.021250 0.018987
0 0.498750 0.424842 0.035000 0.023734
0 0.499375 0.508703 0.031250 0.023734
0 0.498750 0.530854 0.035000 0.023734
0 0.498750 0.369462 0.035000 0.020570
0 0.553750 0.435918 0.032500 0.033228
0 0.333125 0.691456 0.036250 0.034810
0 0.609375 0.368671 0.031250 0.034810
0 0.278125 0.628956 0.031250 0.030063
0 0.510625 0.856013 0.021250 0.022152
0 0.109375 0.883703 0.038750 0.033228
0 0.111875 0.817247 0.033750 0.033228
0 0.511250 0.880538 0.022500 0.026899
0 0.389375 0.339399 0.033750 0.039557
0 0.388750 0.369462 0.035000 0.023734
