0 0.766383 0.339755 0.037621 0.049037
0 0.767597 0.699650 0.040049 0.047285
0 0.077063 0.829247 0.023058 0.036778
0 0.894417 0.340630 0.024272 0.036778
0 0.924150 0.922067 0.025485 0.036778
0 0.782160 0.923818 0.023058 0.036778
0 0.104369 0.784588 0.024272 0.035026
0 0.078883 0.740806 0.024272 0.035026
0 0.782767 0.877408 0.024272 0.038529
0 0.105583 0.831874 0.024272 0.042032
0 0.837985 0.742557 0.023058 0.035026
0 0.754248 0.922067 0.025485 0.036778
0 0.487864 0.308231 0.048544 0.035026
0 0.951456 0.924694 0.024272 0.038529
0 0.836165 0.785464 0.021845 0.033275
0 0.948422 0.385289 0.023058 0.035026
0 0.837985 0.383538 0.020631 0.038529
0 0.949636 0.876532 0.025485 0.040280
0 0.656553 0.699650 0.041262 0.047285
0 0.077063 0.783713 0.025485 0.040280
0 0.783981 0.830123 0.021845 0.038529
0 0.950243 0.788091 0.024272 0.035026
0 0.487864 0.342382 0.050971 0.040280
0 0.697209 0.784588 0.023058 0.035026
0 0.780340 0.383538 0.024272 0.038529
0 0.131675 0.428196 0.025485 0.033275
0 0.756068 0.785464 0.024272 0.033275
0 0.949636 0.830998 0.025485 0.036778
0 0.836165 0.427320 0.019417 0.031524
0 0.949029 0.426445 0.024272 0.040280
0 0.754854 0.873905 0.024272 0.042032
0 0.486650 0.515762 0.031553 0.040280
0 0.780947 0.428196 0.025485 0.040280
0 0.891990 0.247811 0.024272 0.036778
0 0.922937 0.876532 0.025485 0.040280
0 0.879248 0.700525 0.037621 0.052539
0 0.950243 0.745184 0.024272 0.036778
0 0.893204 0.473730 0.021845 0.036778
0 0.780947 0.744308 0.025485 0.035026
0 0.162015 0.563047 0.023058 0.033275
0 0.431432 0.339755 0.040049 0.045534
0 0.033374 0.341506 0.037621 0.049037
0 0.725121 0.787215 0.025485 0.036778
0 0.260922 0.701401 0.036408 0.054291
0 0.894417 0.429072 0.021845 0.038529
0 0.754854 0.830123 0.024272 0.038529
0 0.756068 0.742557 0.021845 0.035026
0 0.922330 0.830998 0.024272 0.036778
0 0.135316 0.563923 0.023058 0.031524
0 0.487864 0.090193 0.050971 0.040280
0 0.781553 0.784588 0.024272 0.035026
0 0.668689 0.429947 0.024272 0.036778
0 0.725121 0.380911 0.023058 0.036778
0 0.924150 0.744308 0.025485 0.035026
0 0.132888 0.473730 0.023058 0.040280
0 0.487864 0.127846 0.050971 0.038529
0 0.162015 0.428196 0.023058 0.033275
0 0.699029 0.471103 0.021845 0.035026
0 0.867112 0.473730 0.023058 0.036778
0 0.923544 0.786340 0.024272 0.035026
0 0.148665 0.339755 0.040049 0.049037
0 0.641990 0.429072 0.021845 0.038529
0 0.147451 0.699650 0.035194 0.047285
0 0.838592 0.560420 0.021845 0.031524
0 0.865291 0.247811 0.021845 0.036778
0 0.812500 0.472855 0.023058 0.035026
0 0.034587 0.295096 0.040049 0.043783
0 0.725728 0.472855 0.024272 0.035026
0 0.891990 0.386165 0.024272 0.036778
0 0.163835 0.518389 0.024272 0.035026
0 0.161408 0.387040 0.021845 0.038529
0 0.092840 0.699650 0.042476 0.047285
0 0.163835 0.475482 0.026699 0.043783
0 0.489078 0.273205 0.050971 0.042032
0 0.865898 0.338004 0.023058 0.035026
0 0.697209 0.380035 0.023058 0.031524
0 0.697816 0.246935 0.021845 0.035026
0 0.725121 0.745184 0.025485 0.036778
0 0.316748 0.701401 0.038835 0.054291
0 0.864684 0.383538 0.023058 0.038529
0 0.035801 0.651489 0.042476 0.042032
0 0.544903 0.200525 0.038835 0.040280
0 0.148665 0.247811 0.037621 0.047285
0 0.811893 0.561296 0.021845 0.033275
0 0.812500 0.381786 0.025485 0.035026
0 0.091626 0.340630 0.035194 0.047285
0 0.839806 0.516637 0.019417 0.031524
0 0.262136 0.655867 0.036408 0.043783
0 0.697209 0.743433 0.023058 0.040280
0 0.091626 0.655867 0.037621 0.043783
0 0.864684 0.293345 0.025485 0.036778
0 0.373180 0.699650 0.040049 0.047285
0 0.035801 0.603327 0.042476 0.050788
0 0.812500 0.514886 0.023058 0.031524
0 0.813714 0.427320 0.023058 0.035026
0 0.725121 0.247811 0.023058 0.036778
0 0.935680 0.698774 0.038835 0.045534
0 0.726335 0.336252 0.023058 0.035026
0 0.879248 0.608581 0.035194 0.050788
0 0.260922 0.608581 0.036408 0.050788
0 0.203883 0.651489 0.036408 0.042032
0 0.935680 0.655867 0.036408 0.043783
0 0.640777 0.384413 0.021845 0.040280
0 0.132888 0.384413 0.025485 0.040280
0 0.725728 0.428196 0.024272 0.033275
0 0.697209 0.337128 0.020631 0.036778
0 0.893204 0.295096 0.021845 0.040280
0 0.768811 0.604203 0.037621 0.049037
0 0.091626 0.295972 0.037621 0.045534
0 0.666869 0.385289 0.025485 0.038529
0 0.203883 0.696147 0.036408 0.050788
0 0.146238 0.607706 0.040049 0.049037
0 0.697816 0.292469 0.024272 0.035026
0 0.879248 0.655867 0.035194 0.043783
0 0.698422 0.427320 0.023058 0.035026
0 0.542476 0.245184 0.036408 0.042032
0 0.373180 0.656743 0.037621 0.045534
0 0.725121 0.292469 0.023058 0.038529
0 0.767597 0.295972 0.035194 0.042032
0 0.316141 0.653240 0.037621 0.045534
0 0.205097 0.292469 0.036408 0.045534
0 0.148665 0.293345 0.037621 0.043783
0 0.091626 0.247811 0.040049 0.047285
0 0.091626 0.605079 0.040049 0.054291
0 0.710558 0.603327 0.037621 0.047285
0 0.203883 0.339755 0.038835 0.049037
0 0.823422 0.698774 0.035194 0.045534
0 0.203883 0.240806 0.038835 0.061296
0 0.262136 0.246935 0.036408 0.049037
0 0.431432 0.246935 0.035194 0.042032
0 0.934466 0.295096 0.033981 0.043783
0 0.654733 0.607706 0.040049 0.052539
0 0.430218 0.290718 0.040049 0.049037
0 0.317354 0.607706 0.040049 0.052539
0 0.033374 0.248687 0.042476 0.049037
0 0.766383 0.248687 0.040049 0.052539
0 0.432646 0.197898 0.037621 0.052539
0 0.823422 0.653240 0.035194 0.045534
0 0.260922 0.294221 0.036408 0.045534
0 0.935680 0.607706 0.038835 0.049037
0 0.711772 0.698774 0.040049 0.049037
0 0.655340 0.657618 0.036408 0.043783
0 0.147451 0.655867 0.037621 0.043783
0 0.486650 0.423818 0.046117 0.049037
0 0.203883 0.605079 0.036408 0.050788
0 0.316141 0.340630 0.040049 0.050788
0 0.768811 0.653240 0.037621 0.045534
0 0.867112 0.428196 0.027913 0.040280
0 0.709345 0.650613 0.035194 0.047285
0 0.542476 0.291594 0.038835 0.047285
0 0.373180 0.292469 0.037621 0.045534
0 0.656553 0.339755 0.038835 0.049037
0 0.317354 0.293345 0.040049 0.043783
0 0.599515 0.291594 0.036408 0.047285
0 0.487257 0.471979 0.042476 0.047285
0 0.824636 0.607706 0.035194 0.049037
0 0.599515 0.339755 0.036408 0.049037
0 0.936286 0.339755 0.035194 0.049037
0 0.654733 0.243433 0.035194 0.045534
0 0.375607 0.605079 0.040049 0.054291
0 0.543689 0.152364 0.036408 0.056042
0 0.823422 0.339755 0.040049 0.045534
0 0.599515 0.243433 0.036408 0.049037
0 0.318568 0.246060 0.035194 0.050788
0 0.935680 0.246935 0.036408 0.049037
0 0.655340 0.290718 0.036408 0.049037
0 0.375607 0.244308 0.037621 0.050788
0 0.823422 0.295096 0.035194 0.043783
0 0.820995 0.246935 0.037621 0.056042
0 0.373180 0.339755 0.040049 0.049037
0 0.485437 0.200525 0.048544 0.040280
0 0.486650 0.164623 0.050971 0.035026
0 0.104976 0.743433 0.023058 0.033275
0 0.104369 0.877408 0.026699 0.038529
0 0.486650 0.236427 0.048544 0.035026
0 0.260922 0.342382 0.038835 0.054291
0 0.501214 0.740806 0.026699 0.035026
0 0.135316 0.521891 0.025485 0.038529
0 0.037015 0.697023 0.040049 0.052539
