0 0.508363 0.272112 0.042854 0.031685
0 0.661433 0.287778 0.033897 0.027961
0 0.506837 0.341268 0.045147 0.035086
0 0.507312 0.370137 0.047405 0.036840
0 0.508614 0.739425 0.021790 0.032308
0 0.825122 0.426760 0.022973 0.035655
0 0.509889 0.202956 0.047296 0.031900
0 0.143597 0.303046 0.033113 0.042726
0 0.816655 0.760135 0.022937 0.034009
0 0.290177 0.688446 0.034187 0.041133
0 0.865807 0.346317 0.034224 0.042780
0 0.754837 0.715105 0.033186 0.046019
0 0.507997 0.238304 0.045402 0.046612
0 0.816912 0.798884 0.027488 0.039164
0 0.403237 0.275255 0.035225 0.037894
0 0.145420 0.724282 0.024120 0.037356
0 0.299754 0.355125 0.036590 0.049474
0 0.091605 0.341732 0.037701 0.049528
0 0.145086 0.764650 0.025267 0.039056
0 0.510615 0.170025 0.045293 0.041672
0 0.508765 0.304274 0.043108 0.043211
0 0.502159 0.528126 0.033041 0.039433
0 0.092568 0.298098 0.033004 0.037786
0 0.511396 0.134624 0.047477 0.040133
0 0.609332 0.331404 0.031894 0.037733
0 0.558450 0.370145 0.034260 0.044427
0 0.143745 0.346733 0.033150 0.044373
0 0.406349 0.235022 0.035407 0.046127
0 0.663433 0.247491 0.034296 0.046073
0 0.548873 0.703466 0.034296 0.046073
0 0.085009 0.590310 0.037628 0.046235
0 0.351764 0.315615 0.032039 0.044319
0 0.664432 0.202211 0.034405 0.051013
0 0.755764 0.673117 0.033077 0.041080
0 0.805921 0.717582 0.033113 0.042726
0 0.559395 0.327334 0.034187 0.041133
0 0.919854 0.264873 0.032003 0.042672
0 0.560357 0.283700 0.032148 0.049259
0 0.756763 0.627837 0.033259 0.049312
0 0.920020 0.307738 0.034296 0.046073
0 0.094641 0.254518 0.037628 0.046235
0 0.289993 0.646405 0.034296 0.046073
0 0.763304 0.381729 0.033222 0.047666
0 0.300699 0.312314 0.034151 0.039487
0 0.135094 0.638068 0.033150 0.044373
0 0.550928 0.660710 0.034296 0.046073
0 0.867288 0.304356 0.033150 0.044373
0 0.238909 0.643927 0.036517 0.046181
0 0.186343 0.683410 0.035298 0.041187
0 0.798911 0.506256 0.022973 0.035655
0 0.826453 0.467208 0.022937 0.034009
0 0.800356 0.465943 0.021826 0.033955
0 0.806902 0.673125 0.033186 0.046019
0 0.352172 0.271954 0.033186 0.046019
0 0.611369 0.289471 0.034296 0.046073
0 0.825527 0.509196 0.023046 0.038948
0 0.237964 0.686738 0.036517 0.046181
0 0.550835 0.614552 0.034369 0.049366
0 0.294323 0.601286 0.034405 0.051013
0 0.922018 0.217177 0.034442 0.052659
0 0.084028 0.634767 0.037628 0.046235
0 0.764267 0.338095 0.035334 0.042834
0 0.136075 0.593611 0.035443 0.047774
0 0.083621 0.678428 0.038702 0.044642
0 0.248504 0.309782 0.032003 0.042672
0 0.134113 0.682525 0.037664 0.047881
0 0.194291 0.348361 0.034296 0.046073
0 0.455598 0.320651 0.035298 0.041187
0 0.710851 0.290175 0.033222 0.047666
0 0.456005 0.276990 0.034369 0.049366
0 0.454671 0.362639 0.035480 0.049420
0 0.867714 0.259872 0.032112 0.047612
0 0.709426 0.379940 0.034369 0.049366
0 0.815148 0.299355 0.033186 0.046019
0 0.246468 0.351716 0.034260 0.044427
0 0.354245 0.228374 0.033222 0.047666
0 0.808993 0.628722 0.033186 0.046019
0 0.709870 0.334632 0.033150 0.044373
0 0.197846 0.262820 0.035407 0.046127
0 0.300605 0.266156 0.034369 0.049366
0 0.661062 0.329793 0.035480 0.049420
0 0.813778 0.386650 0.032075 0.045965
0 0.188287 0.595319 0.035407 0.046127
0 0.407420 0.186448 0.035589 0.054360
0 0.765212 0.295284 0.035480 0.049420
0 0.187306 0.639776 0.035407 0.046127
0 0.402311 0.317242 0.037701 0.049528
0 0.239926 0.597824 0.036517 0.046181
0 0.502475 0.488582 0.040887 0.043103
0 0.195236 0.305550 0.034296 0.046073
0 0.503993 0.444975 0.042106 0.048097
0 0.145688 0.258642 0.037701 0.049528
0 0.249504 0.264502 0.034333 0.047720
0 0.612404 0.242544 0.034405 0.051013
0 0.814204 0.342165 0.033186 0.046019
