0 0.860556 0.244243 0.036667 0.024671
0 0.912222 0.534539 0.028889 0.039474
0 0.602222 0.329770 0.033333 0.041118
0 0.911667 0.329770 0.034444 0.037829
0 0.756667 0.332237 0.033333 0.039474
0 0.653333 0.371711 0.033333 0.039474
0 0.653333 0.328947 0.033333 0.042763
0 0.807222 0.245066 0.034444 0.046053
0 0.602222 0.371711 0.033333 0.042763
0 0.602222 0.414474 0.033333 0.042763
0 0.602778 0.245066 0.034444 0.046053
0 0.911667 0.496711 0.036667 0.039474
0 0.654444 0.157895 0.033333 0.042763
0 0.911667 0.414474 0.036667 0.039474
0 0.911667 0.246711 0.034444 0.039474
0 0.704444 0.371711 0.037778 0.042763
0 0.652222 0.414474 0.035556 0.039474
0 0.911667 0.453947 0.036667 0.042763
0 0.705556 0.285362 0.033333 0.044408
0 0.705556 0.327303 0.035556 0.046053
0 0.755556 0.244243 0.037778 0.044408
0 0.859444 0.287829 0.036667 0.049342
0 0.653333 0.289474 0.035556 0.039474
0 0.653333 0.246711 0.035556 0.042763
0 0.653333 0.202303 0.033333 0.042763
0 0.911667 0.202303 0.036667 0.046053
0 0.602222 0.289474 0.035556 0.039474
0 0.807222 0.289474 0.034444 0.046053
0 0.756667 0.289474 0.033333 0.046053
0 0.756667 0.374178 0.035556 0.041118
0 0.911667 0.371711 0.036667 0.042763
0 0.756667 0.202303 0.035556 0.042763
0 0.859444 0.202303 0.036667 0.052632
0 0.911111 0.157895 0.037778 0.046053
0 0.756111 0.157895 0.036667 0.046053
0 0.911667 0.289474 0.036667 0.046053
