0 0.497945 0.612754 0.023288 0.027726
0 0.365068 0.379852 0.034247 0.038817
0 0.365753 0.360444 0.041096 0.073937
0 0.497260 0.579482 0.021918 0.020333
0 0.413014 0.296673 0.023288 0.031423
0 0.500000 0.701479 0.021918 0.024030
0 0.500000 0.725508 0.021918 0.024030
0 0.443151 0.296673 0.023288 0.031423
0 0.350685 0.300370 0.024658 0.031423
0 0.925342 0.087800 0.023288 0.031423
0 0.184247 0.378928 0.036986 0.040665
0 0.061644 0.407579 0.038356 0.046211
0 0.060959 0.380776 0.036986 0.040665
0 0.484932 0.414048 0.038356 0.040665
0 0.424658 0.671904 0.035616 0.038817
0 0.486301 0.335490 0.038356 0.031423
0 0.425342 0.339187 0.039726 0.031423
0 0.498630 0.639556 0.024658 0.025878
0 0.484932 0.300370 0.038356 0.042514
0 0.498630 0.929760 0.024658 0.025878
0 0.364384 0.785582 0.038356 0.040665
0 0.363699 0.819778 0.039726 0.038817
0 0.364384 0.671904 0.035616 0.038817
0 0.499315 0.904806 0.023288 0.024030
0 0.894521 0.088725 0.030137 0.033272
0 0.122603 0.414048 0.036986 0.025878
0 0.848630 0.376155 0.036986 0.031423
0 0.380822 0.300370 0.024658 0.035120
0 0.121918 0.566543 0.038356 0.027726
0 0.424658 0.638632 0.035616 0.035120
0 0.603425 0.896488 0.036986 0.036969
0 0.484932 0.831793 0.035616 0.033272
0 0.606164 0.820702 0.034247 0.036969
0 0.183562 0.342884 0.038356 0.042514
0 0.907534 0.784658 0.036986 0.038817
0 0.923288 0.169131 0.030137 0.035120
0 0.604795 0.786506 0.034247 0.038817
0 0.122603 0.896488 0.034247 0.036969
0 0.923288 0.247689 0.024658 0.033272
0 0.363699 0.637708 0.039726 0.036969
0 0.364384 0.859519 0.038356 0.033272
0 0.122603 0.713494 0.036986 0.033272
0 0.908219 0.747689 0.038356 0.038817
0 0.666438 0.564695 0.036986 0.035120
0 0.603425 0.930684 0.036986 0.038817
0 0.786301 0.600739 0.035616 0.036969
0 0.363699 0.751386 0.039726 0.035120
0 0.422603 0.823475 0.039726 0.038817
0 0.908219 0.857671 0.038356 0.036969
0 0.410274 0.414048 0.020548 0.025878
0 0.786986 0.414048 0.034247 0.033272
0 0.665753 0.750462 0.038356 0.033272
0 0.122603 0.746765 0.036986 0.036969
0 0.605479 0.599815 0.038356 0.038817
0 0.122603 0.859519 0.034247 0.033272
0 0.348630 0.487985 0.023288 0.033272
0 0.847260 0.409427 0.039726 0.042514
0 0.440411 0.486137 0.023288 0.033272
0 0.906164 0.673752 0.036986 0.038817
0 0.302740 0.785582 0.038356 0.040665
0 0.908219 0.898336 0.041096 0.044362
0 0.122603 0.674677 0.034247 0.036969
0 0.906164 0.819778 0.036986 0.038817
0 0.908904 0.600739 0.042466 0.033272
0 0.424658 0.860444 0.038356 0.038817
0 0.907534 0.712569 0.039726 0.038817
0 0.121918 0.931608 0.035616 0.040665
0 0.923288 0.207948 0.024658 0.031423
0 0.665068 0.932532 0.036986 0.031423
0 0.665753 0.859519 0.041096 0.036969
0 0.122603 0.637708 0.034247 0.040665
0 0.484932 0.373383 0.038356 0.040665
0 0.893151 0.127542 0.027397 0.036969
0 0.908219 0.637708 0.041096 0.040665
0 0.184247 0.414972 0.036986 0.035120
0 0.606164 0.858595 0.039726 0.038817
0 0.922603 0.127542 0.026027 0.033272
0 0.122603 0.598891 0.036986 0.036969
0 0.908219 0.564695 0.041096 0.038817
0 0.423973 0.750462 0.036986 0.036969
0 0.606164 0.710721 0.036986 0.035120
0 0.061644 0.339187 0.035616 0.042514
0 0.424658 0.374307 0.038356 0.038817
0 0.908219 0.449168 0.038356 0.033272
0 0.423973 0.785582 0.036986 0.040665
0 0.665753 0.824399 0.038356 0.040665
0 0.893151 0.168207 0.027397 0.033272
0 0.665753 0.784658 0.038356 0.038817
0 0.787671 0.564695 0.035616 0.038817
0 0.347945 0.528651 0.024658 0.036969
0 0.243836 0.334566 0.038356 0.040665
0 0.123288 0.824399 0.035616 0.036969
0 0.906164 0.414972 0.042466 0.038817
0 0.787671 0.336414 0.038356 0.044362
0 0.302740 0.823475 0.038356 0.038817
0 0.665753 0.672828 0.038356 0.033272
0 0.379452 0.560998 0.024658 0.038817
0 0.604795 0.637708 0.039726 0.036969
0 0.605479 0.747689 0.035616 0.042514
0 0.607534 0.449168 0.034247 0.033272
0 0.727397 0.341035 0.038356 0.038817
0 0.665068 0.898336 0.039726 0.040665
0 0.786301 0.448244 0.035616 0.038817
0 0.606164 0.673752 0.039726 0.038817
0 0.606849 0.373383 0.035616 0.033272
0 0.726027 0.566543 0.035616 0.038817
0 0.908219 0.526802 0.038356 0.040665
0 0.424658 0.599815 0.032877 0.038817
0 0.607534 0.564695 0.036986 0.038817
0 0.665753 0.598891 0.035616 0.036969
0 0.121233 0.335490 0.039726 0.042514
0 0.907534 0.486137 0.039726 0.036969
0 0.726712 0.451941 0.036986 0.035120
0 0.726712 0.414972 0.036986 0.035120
0 0.846575 0.453789 0.038356 0.038817
0 0.182192 0.302218 0.041096 0.038817
0 0.364384 0.898336 0.038356 0.040665
0 0.304110 0.672828 0.038356 0.033272
0 0.786986 0.525878 0.034247 0.038817
0 0.302740 0.859519 0.038356 0.033272
0 0.665068 0.375231 0.036986 0.036969
0 0.787671 0.487061 0.038356 0.038817
0 0.605479 0.525878 0.038356 0.038817
0 0.605479 0.487061 0.038356 0.038817
0 0.242466 0.525878 0.035616 0.035120
0 0.243836 0.451941 0.038356 0.038817
0 0.665753 0.449168 0.038356 0.036969
0 0.302740 0.487061 0.041096 0.038817
0 0.241781 0.600739 0.039726 0.040665
0 0.244521 0.374307 0.039726 0.038817
0 0.726027 0.526802 0.038356 0.040665
0 0.665753 0.487061 0.038356 0.038817
0 0.499315 0.682994 0.023288 0.012939
0 0.497945 0.561922 0.020548 0.018484
0 0.486986 0.544362 0.028767 0.009242
0 0.848630 0.341035 0.036986 0.038817
0 0.424658 0.711645 0.038356 0.040665
0 0.905479 0.379852 0.038356 0.038817
0 0.441781 0.414048 0.026027 0.040665
0 0.606849 0.336414 0.038356 0.040665
0 0.485616 0.441774 0.034247 0.018484
0 0.486301 0.526802 0.038356 0.025878
0 0.498630 0.665434 0.024658 0.022181
0 0.121918 0.528651 0.038356 0.044362
0 0.243836 0.413124 0.038356 0.038817
0 0.302740 0.712569 0.041096 0.038817
0 0.242466 0.487985 0.035616 0.036969
0 0.665753 0.526802 0.038356 0.040665
0 0.484932 0.495379 0.038356 0.033272
0 0.060274 0.491682 0.038356 0.040665
0 0.304110 0.525878 0.038356 0.038817
0 0.242466 0.560998 0.035616 0.038817
0 0.304110 0.599815 0.038356 0.038817
0 0.786301 0.378928 0.035616 0.040665
0 0.304110 0.414048 0.038356 0.040665
0 0.060959 0.451941 0.039726 0.038817
0 0.304795 0.374307 0.034247 0.038817
0 0.440411 0.449168 0.023288 0.029575
0 0.379452 0.487061 0.027397 0.038817
0 0.365068 0.448244 0.036986 0.038817
0 0.545205 0.335490 0.035616 0.046211
0 0.425342 0.564695 0.036986 0.035120
0 0.302740 0.638632 0.038356 0.038817
0 0.365068 0.597967 0.042466 0.042514
0 0.665753 0.335490 0.035616 0.042514
0 0.907534 0.339187 0.039726 0.042514
0 0.409589 0.447320 0.024658 0.033272
0 0.121918 0.487061 0.038356 0.038817
0 0.666438 0.634935 0.036986 0.038817
0 0.302740 0.896488 0.038356 0.036969
0 0.304110 0.560998 0.038356 0.035120
0 0.726712 0.487061 0.036986 0.038817
0 0.423973 0.525878 0.034247 0.042514
0 0.380137 0.525878 0.023288 0.031423
0 0.847945 0.301294 0.038356 0.040665
0 0.726712 0.301294 0.039726 0.040665
0 0.304110 0.452865 0.038356 0.033272
0 0.304795 0.334566 0.039726 0.040665
0 0.183562 0.452865 0.038356 0.036969
0 0.607534 0.412200 0.036986 0.040665
0 0.363699 0.712569 0.039726 0.038817
0 0.123288 0.379852 0.038356 0.042514
0 0.665753 0.413124 0.035616 0.038817
0 0.302740 0.932532 0.035616 0.038817
0 0.122603 0.449168 0.034247 0.036969
0 0.304110 0.751386 0.038356 0.038817
0 0.727397 0.380776 0.038356 0.040665
0 0.365068 0.414048 0.036986 0.033272
0 0.665753 0.711645 0.038356 0.040665
0 0.122603 0.785582 0.039726 0.040665
