0 0.358889 0.458882 0.022222 0.032895
0 0.335556 0.419408 0.022222 0.036184
0 0.293333 0.211349 0.033333 0.050987
0 0.087222 0.298520 0.036667 0.047697
0 0.706667 0.708882 0.035556 0.046053
0 0.137222 0.619243 0.036667 0.050987
0 0.436667 0.501645 0.022222 0.032895
0 0.087222 0.340461 0.036667 0.039474
0 0.901667 0.423520 0.023333 0.037829
0 0.808333 0.421053 0.030000 0.042763
0 0.434444 0.461349 0.020000 0.034539
0 0.462778 0.458882 0.023333 0.032895
0 0.449444 0.380757 0.036667 0.037829
0 0.396667 0.620066 0.033333 0.039474
0 0.462778 0.539474 0.023333 0.032895
0 0.358333 0.340461 0.021111 0.032895
0 0.334444 0.459704 0.020000 0.031250
0 0.603333 0.342928 0.035556 0.037829
0 0.335556 0.340461 0.020000 0.036184
0 0.462778 0.499178 0.023333 0.034539
0 0.358889 0.300164 0.022222 0.037829
0 0.335556 0.298520 0.022222 0.034539
0 0.900556 0.461349 0.021111 0.031250
0 0.501667 0.255757 0.045556 0.041118
0 0.757222 0.345395 0.034444 0.039474
0 0.358333 0.418586 0.021111 0.031250
0 0.461667 0.421053 0.023333 0.036184
0 0.913333 0.302632 0.033333 0.042763
0 0.502222 0.320724 0.042222 0.039474
0 0.358889 0.379112 0.020000 0.031250
0 0.719444 0.787007 0.021111 0.037829
0 0.409444 0.909539 0.021111 0.032895
0 0.912778 0.342928 0.034444 0.041118
0 0.410000 0.746711 0.020000 0.036184
0 0.084444 0.620066 0.040000 0.049342
0 0.385556 0.746711 0.022222 0.032895
0 0.410000 0.827303 0.020000 0.032895
0 0.136111 0.708882 0.036667 0.042763
0 0.705556 0.298520 0.035556 0.047697
0 0.083333 0.708882 0.037778 0.046053
0 0.435000 0.421053 0.021111 0.029605
0 0.605556 0.258224 0.035556 0.032895
0 0.437222 0.746711 0.021111 0.032895
0 0.292222 0.297697 0.035556 0.042763
0 0.385556 0.824836 0.022222 0.031250
0 0.292222 0.258224 0.035556 0.032895
0 0.926667 0.423520 0.022222 0.034539
0 0.461667 0.745066 0.021111 0.036184
0 0.501111 0.157895 0.051111 0.036184
0 0.926667 0.461349 0.020000 0.031250
0 0.083333 0.664474 0.037778 0.046053
0 0.809444 0.342928 0.036667 0.031250
0 0.502778 0.193257 0.047778 0.034539
0 0.911667 0.380757 0.034444 0.037829
0 0.356667 0.501645 0.026667 0.032895
0 0.384444 0.909539 0.022222 0.032895
0 0.719444 0.749178 0.021111 0.031250
0 0.460556 0.787007 0.023333 0.034539
0 0.201667 0.789474 0.023333 0.032895
0 0.410556 0.782895 0.021111 0.029605
0 0.757222 0.380757 0.032222 0.041118
0 0.695556 0.787007 0.022222 0.034539
0 0.860556 0.300987 0.032222 0.042763
0 0.694444 0.746711 0.020000 0.032895
0 0.385556 0.782895 0.024444 0.032895
0 0.201667 0.746711 0.023333 0.036184
0 0.552222 0.337993 0.035556 0.031250
0 0.136667 0.666941 0.033333 0.044408
0 0.502222 0.385691 0.046667 0.031250
0 0.500000 0.537007 0.031111 0.041118
0 0.860556 0.262336 0.034444 0.031250
0 0.501111 0.288651 0.046667 0.031250
0 0.502222 0.356086 0.046667 0.034539
0 0.860556 0.376645 0.034444 0.052632
0 0.410556 0.869243 0.023333 0.031250
0 0.512778 0.731908 0.023333 0.026316
0 0.860556 0.338816 0.032222 0.032895
0 0.501111 0.224507 0.046667 0.027961
0 0.385556 0.867599 0.022222 0.034539
0 0.512778 0.753289 0.021111 0.023026
0 0.190556 0.383224 0.036667 0.046053
0 0.396667 0.302632 0.035556 0.046053
0 0.553333 0.255757 0.037778 0.047697
0 0.086667 0.383224 0.037778 0.046053
0 0.810556 0.258224 0.034444 0.046053
0 0.345556 0.666118 0.033333 0.042763
0 0.189444 0.298520 0.036667 0.047697
0 0.241667 0.300164 0.036667 0.044408
0 0.447222 0.300164 0.036667 0.047697
0 0.138333 0.383224 0.036667 0.046053
0 0.449444 0.619243 0.036667 0.044408
0 0.345556 0.621711 0.033333 0.049342
0 0.397778 0.380757 0.033333 0.041118
0 0.346667 0.708882 0.033333 0.042763
0 0.241667 0.258224 0.034444 0.046053
0 0.758333 0.706414 0.036667 0.044408
0 0.655556 0.341283 0.033333 0.044408
0 0.501667 0.454770 0.038889 0.044408
0 0.705556 0.621711 0.033333 0.046053
0 0.706667 0.664474 0.033333 0.042763
0 0.447222 0.664474 0.034444 0.039474
0 0.705556 0.342928 0.035556 0.041118
0 0.138333 0.342928 0.036667 0.041118
0 0.552778 0.375822 0.036667 0.044408
0 0.704444 0.385691 0.037778 0.047697
0 0.605556 0.213816 0.035556 0.052632
0 0.293333 0.340461 0.033333 0.039474
0 0.758333 0.621711 0.036667 0.046053
0 0.860556 0.215461 0.036667 0.052632
0 0.758333 0.666941 0.036667 0.041118
0 0.138333 0.298520 0.034444 0.047697
0 0.188333 0.340461 0.036667 0.039474
0 0.292222 0.380757 0.035556 0.041118
0 0.552778 0.421053 0.034444 0.039474
0 0.397778 0.707237 0.035556 0.042763
0 0.553333 0.302632 0.033333 0.042763
0 0.603333 0.380757 0.035556 0.041118
0 0.447222 0.704770 0.036667 0.044408
0 0.603333 0.297697 0.035556 0.042763
0 0.757222 0.300164 0.036667 0.047697
0 0.500556 0.496711 0.038889 0.039474
0 0.448333 0.342928 0.034444 0.041118
0 0.809444 0.302632 0.032222 0.042763
0 0.190556 0.620066 0.034444 0.046053
0 0.397778 0.342928 0.033333 0.034539
0 0.188889 0.707237 0.037778 0.042763
0 0.653333 0.383224 0.035556 0.039474
0 0.655556 0.298520 0.037778 0.044408
0 0.395556 0.664474 0.031111 0.042763
0 0.335556 0.379112 0.022222 0.031250
0 0.808333 0.378289 0.034444 0.039474
0 0.188333 0.664474 0.036667 0.042763
