0 0.154780 0.275723 0.045524 0.027331
0 0.028832 0.276527 0.042489 0.025723
0 0.451442 0.304662 0.031866 0.020900
0 0.806525 0.274920 0.040971 0.025723
0 0.500000 0.276527 0.040971 0.025723
0 0.343703 0.276527 0.040971 0.025723
0 0.457511 0.802251 0.022762 0.028939
0 0.153263 0.839228 0.042489 0.035370
0 0.093323 0.839228 0.040971 0.035370
0 0.697269 0.540193 0.028832 0.032154
0 0.089530 0.427653 0.042489 0.038585
0 0.700303 0.684887 0.028832 0.028939
0 0.028832 0.838424 0.039454 0.040193
0 0.697269 0.430064 0.031866 0.036977
0 0.092564 0.726688 0.042489 0.035370
0 0.622914 0.836013 0.040971 0.035370
0 0.697269 0.315113 0.028832 0.028939
0 0.280728 0.839228 0.039454 0.028939
0 0.155539 0.914791 0.040971 0.035370
0 0.619879 0.430064 0.040971 0.033762
0 0.761002 0.836013 0.028832 0.028939
0 0.731411 0.835209 0.027314 0.033762
0 0.026555 0.578778 0.040971 0.032154
0 0.025797 0.726688 0.039454 0.035370
0 0.869499 0.536977 0.045524 0.038585
0 0.761002 0.905949 0.031866 0.033762
0 0.090288 0.539389 0.040971 0.036977
0 0.091806 0.764469 0.040971 0.036977
0 0.561457 0.868167 0.042489 0.035370
0 0.343703 0.876206 0.040971 0.035370
0 0.622914 0.871383 0.040971 0.035370
0 0.499241 0.909968 0.039454 0.032154
0 0.281487 0.912379 0.040971 0.036977
0 0.153263 0.765273 0.042489 0.035370
0 0.451442 0.228296 0.031866 0.028939
0 0.027314 0.913183 0.036419 0.035370
0 0.667678 0.501608 0.030349 0.028939
0 0.153263 0.877010 0.042489 0.036977
0 0.152504 0.353698 0.037936 0.035370
0 0.560698 0.906752 0.040971 0.035370
0 0.154021 0.726688 0.044006 0.035370
0 0.500000 0.873794 0.044006 0.040193
0 0.760243 0.871383 0.027314 0.032154
0 0.745068 0.649518 0.039454 0.035370
0 0.698027 0.722669 0.036419 0.036977
0 0.342944 0.838424 0.039454 0.036977
0 0.668437 0.352894 0.028832 0.030547
0 0.500000 0.797428 0.037936 0.032154
0 0.025797 0.874598 0.039454 0.035370
0 0.452200 0.199357 0.030349 0.025723
0 0.559939 0.799839 0.036419 0.033762
0 0.732170 0.871383 0.028832 0.032154
0 0.700303 0.649518 0.031866 0.035370
0 0.867982 0.575563 0.042489 0.035370
0 0.559939 0.764469 0.036419 0.036977
0 0.025797 0.540193 0.045524 0.041801
0 0.217754 0.577170 0.037936 0.032154
0 0.498483 0.427653 0.040971 0.035370
0 0.025797 0.764469 0.042489 0.036977
0 0.622914 0.908360 0.040971 0.032154
0 0.153263 0.803055 0.042489 0.033762
0 0.621396 0.540193 0.040971 0.035370
0 0.500000 0.501608 0.037936 0.032154
0 0.499241 0.835209 0.042489 0.036977
0 0.089530 0.466238 0.042489 0.035370
0 0.217754 0.540193 0.040971 0.035370
0 0.731411 0.906752 0.030349 0.035370
0 0.500000 0.688103 0.040971 0.035370
0 0.808801 0.906752 0.042489 0.035370
0 0.558422 0.614148 0.039454 0.035370
0 0.089530 0.614148 0.039454 0.035370
0 0.561457 0.725884 0.039454 0.040193
0 0.807284 0.725884 0.042489 0.040193
0 0.342185 0.614148 0.037936 0.035370
0 0.559939 0.689711 0.042489 0.035370
0 0.669196 0.614148 0.033384 0.038585
0 0.668437 0.539389 0.031866 0.033762
0 0.217754 0.504823 0.040971 0.035370
0 0.091806 0.503215 0.040971 0.035370
0 0.621396 0.651929 0.040971 0.036977
0 0.805766 0.352894 0.036419 0.033762
0 0.279970 0.581190 0.040971 0.036977
0 0.808042 0.836013 0.040971 0.035370
0 0.152504 0.389068 0.040971 0.035370
0 0.155539 0.504019 0.040971 0.033762
0 0.558422 0.311897 0.039454 0.038585
0 0.343703 0.578778 0.040971 0.035370
0 0.500000 0.651125 0.040971 0.038585
0 0.498483 0.577170 0.040971 0.035370
0 0.402124 0.352894 0.039454 0.036977
0 0.026555 0.315113 0.044006 0.038585
0 0.621396 0.575563 0.040971 0.035370
0 0.026555 0.388264 0.044006 0.033762
0 0.806525 0.427653 0.040971 0.035370
0 0.621396 0.800643 0.040971 0.035370
0 0.404401 0.466238 0.037936 0.035370
0 0.806525 0.501608 0.040971 0.035370
0 0.343703 0.765273 0.040971 0.035370
0 0.867223 0.389068 0.040971 0.035370
0 0.342185 0.729100 0.040971 0.036977
0 0.805766 0.610932 0.036419 0.038585
0 0.667678 0.389068 0.030349 0.035370
0 0.498483 0.353698 0.040971 0.035370
0 0.556146 0.353698 0.040971 0.038585
0 0.619879 0.688103 0.040971 0.035370
0 0.280728 0.315113 0.039454 0.038585
0 0.807284 0.463023 0.042489 0.035370
0 0.402883 0.503215 0.040971 0.038585
0 0.342944 0.392283 0.039454 0.035370
0 0.154021 0.614148 0.040971 0.035370
0 0.745068 0.722669 0.039454 0.036977
0 0.154021 0.466238 0.044006 0.035370
0 0.216237 0.356109 0.040971 0.036977
0 0.153263 0.578778 0.042489 0.035370
0 0.090288 0.577974 0.040971 0.036977
0 0.500000 0.465434 0.040971 0.033762
0 0.744310 0.427653 0.040971 0.035370
0 0.620637 0.466238 0.039454 0.035370
0 0.090288 0.389068 0.040971 0.035370
0 0.216237 0.427653 0.040971 0.038585
0 0.402883 0.430868 0.040971 0.035370
0 0.216237 0.392283 0.040971 0.035370
0 0.558422 0.504019 0.042489 0.036977
0 0.558422 0.575563 0.039454 0.038585
0 0.558422 0.466238 0.039454 0.035370
0 0.742792 0.315113 0.044006 0.038585
0 0.743551 0.352894 0.039454 0.036977
0 0.806525 0.649518 0.040971 0.035370
0 0.451442 0.266077 0.031866 0.033762
0 0.450683 0.413987 0.033384 0.030547
0 0.449924 0.450965 0.034901 0.036977
0 0.450683 0.375402 0.036419 0.040193
0 0.451442 0.289389 0.031866 0.016077
0 0.619879 0.276527 0.040971 0.025723
0 0.403642 0.578778 0.039454 0.035370
0 0.342185 0.649518 0.037936 0.035370
0 0.154021 0.315113 0.037936 0.035370
0 0.868741 0.352894 0.040971 0.036977
0 0.345220 0.912379 0.044006 0.036977
0 0.698786 0.610932 0.031866 0.032154
0 0.026555 0.501608 0.040971 0.035370
0 0.807284 0.686495 0.039454 0.035370
0 0.402883 0.541801 0.040971 0.035370
0 0.699545 0.466238 0.027314 0.032154
0 0.342185 0.803055 0.040971 0.033762
0 0.280728 0.874598 0.042489 0.035370
0 0.558422 0.539389 0.039454 0.033762
0 0.500000 0.762058 0.040971 0.038585
0 0.561457 0.834405 0.039454 0.035370
0 0.092564 0.803055 0.042489 0.036977
0 0.667678 0.652733 0.030349 0.032154
0 0.808042 0.763666 0.040971 0.035370
0 0.668437 0.575563 0.028832 0.035370
0 0.745068 0.687299 0.039454 0.033762
0 0.698027 0.391479 0.030349 0.033762
0 0.154021 0.426849 0.044006 0.040193
0 0.027314 0.652733 0.039454 0.038585
0 0.281487 0.765273 0.040971 0.038585
0 0.091806 0.652733 0.040971 0.038585
0 0.744310 0.797428 0.040971 0.035370
0 0.027314 0.802251 0.039454 0.035370
0 0.669196 0.688103 0.033384 0.035370
0 0.867223 0.463023 0.040971 0.035370
0 0.667678 0.315113 0.030349 0.035370
0 0.499241 0.723473 0.039454 0.032154
0 0.089530 0.689711 0.042489 0.035370
0 0.619879 0.762058 0.044006 0.038585
0 0.027314 0.614148 0.039454 0.038585
0 0.745068 0.610932 0.039454 0.035370
0 0.402124 0.315113 0.039454 0.038585
0 0.666920 0.426849 0.031866 0.033762
0 0.027314 0.691318 0.039454 0.035370
0 0.026555 0.465434 0.040971 0.036977
0 0.867982 0.500804 0.045524 0.033762
0 0.697269 0.501608 0.031866 0.035370
0 0.745068 0.761254 0.042489 0.036977
0 0.806525 0.800643 0.040971 0.035370
0 0.025797 0.424437 0.042489 0.038585
0 0.619879 0.723473 0.040971 0.035370
0 0.809560 0.871383 0.040971 0.035370
0 0.153263 0.540193 0.042489 0.038585
0 0.697269 0.352894 0.031866 0.036977
0 0.280728 0.803859 0.042489 0.038585
0 0.089530 0.311897 0.042489 0.035370
0 0.091806 0.352090 0.040971 0.038585
0 0.667678 0.465434 0.033384 0.036977
0 0.342185 0.545016 0.040971 0.035370
0 0.867982 0.424437 0.042489 0.035370
0 0.279970 0.652733 0.040971 0.035370
0 0.744310 0.539389 0.040971 0.036977
0 0.806525 0.575563 0.040971 0.035370
0 0.697269 0.575563 0.034901 0.035370
0 0.154021 0.690514 0.044006 0.036977
0 0.026555 0.352894 0.044006 0.036977
0 0.868741 0.311897 0.040971 0.041801
0 0.153263 0.652733 0.042489 0.035370
0 0.278452 0.728296 0.040971 0.038585
0 0.619879 0.612540 0.040971 0.038585
0 0.559939 0.430064 0.042489 0.036977
0 0.620637 0.315113 0.045524 0.035370
0 0.342944 0.468650 0.042489 0.036977
0 0.621396 0.504019 0.040971 0.036977
0 0.279970 0.690514 0.040971 0.036977
0 0.401366 0.392283 0.037936 0.038585
0 0.744310 0.464630 0.040971 0.035370
0 0.342185 0.315113 0.040971 0.035370
0 0.619879 0.392283 0.037936 0.035370
0 0.500000 0.613344 0.040971 0.036977
0 0.342185 0.507235 0.044006 0.040193
0 0.743551 0.391479 0.039454 0.036977
0 0.808042 0.539389 0.040971 0.040193
0 0.744310 0.575563 0.040971 0.035370
0 0.279970 0.543408 0.040971 0.035370
0 0.500000 0.392283 0.040971 0.038585
0 0.217754 0.466238 0.040971 0.035370
0 0.558422 0.651929 0.042489 0.036977
0 0.280728 0.392283 0.042489 0.038585
0 0.805766 0.389068 0.045524 0.038585
0 0.619120 0.353698 0.036419 0.038585
0 0.279970 0.504823 0.040971 0.035370
0 0.342944 0.689711 0.042489 0.041801
0 0.216995 0.315113 0.045524 0.045016
0 0.804249 0.311897 0.042489 0.038585
0 0.342185 0.353698 0.040971 0.038585
0 0.559181 0.392283 0.040971 0.038585
0 0.281487 0.352894 0.040971 0.036977
0 0.744310 0.501608 0.040971 0.035370
0 0.279970 0.617363 0.040971 0.035370
0 0.498483 0.314309 0.040971 0.040193
0 0.500000 0.539389 0.040971 0.040193
0 0.342944 0.430064 0.045524 0.040193
