0 0.880255 0.213930 0.041987 0.054310
0 0.302712 0.602114 0.039135 0.048830
0 0.721529 0.218885 0.035646 0.046228
0 0.801255 0.402960 0.039135 0.048830
0 0.290793 0.521212 0.039998 0.047557
0 0.284936 0.479475 0.040449 0.050767
0 0.600962 0.467487 0.042850 0.053037
0 0.295111 0.560072 0.036547 0.052649
0 0.611137 0.548085 0.040674 0.052373
0 0.753559 0.075174 0.039174 0.056524
0 0.816316 0.146406 0.041987 0.054310
0 0.204741 0.288010 0.036997 0.055859
0 0.676361 0.277046 0.038498 0.051708
0 0.495100 0.452948 0.047015 0.060456
0 0.313318 0.681743 0.033920 0.048773
0 0.777642 0.242762 0.041311 0.049495
0 0.811210 0.101928 0.035684 0.053922
0 0.703983 0.813531 0.035646 0.046228
0 0.710791 0.134275 0.039322 0.042741
0 0.475953 0.316497 0.045664 0.050824
0 0.484307 0.380073 0.048252 0.047005
0 0.465630 0.251012 0.046114 0.054034
0 0.763918 0.791875 0.024953 0.036815
0 0.452433 0.152922 0.046301 0.047946
0 0.480571 0.349406 0.047164 0.046673
0 0.470473 0.285526 0.044537 0.042797
0 0.545625 0.732158 0.027354 0.039085
0 0.460899 0.217300 0.046038 0.038646
0 0.457595 0.185665 0.045889 0.052429
0 0.786532 0.661921 0.041762 0.052705
0 0.828461 0.228913 0.042850 0.053037
0 0.627174 0.290396 0.042399 0.049827
0 0.638661 0.372267 0.038498 0.051708
0 0.833548 0.269212 0.039586 0.052040
0 0.789448 0.322861 0.036322 0.051043
0 0.689799 0.356647 0.038498 0.051708
0 0.223192 0.415466 0.041762 0.052705
0 0.279417 0.440145 0.040223 0.049162
0 0.783048 0.281289 0.036959 0.048165
0 0.211592 0.332793 0.041987 0.054310
0 0.583862 0.349663 0.038910 0.047225
0 0.710177 0.857676 0.041124 0.055583
0 0.672675 0.614667 0.040674 0.052373
0 0.605731 0.509557 0.038047 0.048497
0 0.746544 0.757004 0.041987 0.054310
0 0.691745 0.734400 0.042850 0.053037
0 0.577462 0.308092 0.041350 0.057189
0 0.229912 0.455266 0.043938 0.053370
0 0.308118 0.640641 0.039135 0.048830
0 0.839067 0.308542 0.038910 0.047225
0 0.761183 0.837074 0.043113 0.062337
0 0.874286 0.171389 0.041762 0.052705
0 0.703171 0.088053 0.044201 0.062669
0 0.646582 0.412537 0.035646 0.046228
0 0.766923 0.162330 0.038498 0.051708
0 0.792614 0.705264 0.041762 0.052705
0 0.734218 0.301226 0.038047 0.048497
0 0.863993 0.470013 0.042438 0.057521
0 0.771466 0.202795 0.038047 0.048497
0 0.867979 0.126441 0.039586 0.052040
0 0.682855 0.315241 0.038498 0.051708
0 0.700837 0.435306 0.038498 0.051708
0 0.666711 0.192103 0.038723 0.053313
0 0.570179 0.264278 0.034146 0.050379
0 0.686113 0.694268 0.038047 0.048497
0 0.851530 0.389277 0.041762 0.052705
0 0.845674 0.347539 0.037410 0.051376
0 0.589700 0.387222 0.038498 0.051708
0 0.858362 0.429880 0.039361 0.050435
0 0.821085 0.188476 0.039361 0.050435
0 0.719044 0.556977 0.040674 0.052373
0 0.724357 0.598881 0.041762 0.052705
0 0.651012 0.452199 0.038498 0.051708
0 0.422112 0.312853 0.041762 0.052705
0 0.417344 0.270783 0.039586 0.052040
0 0.267366 0.354261 0.041350 0.057189
0 0.522212 0.282278 0.041762 0.052705
0 0.736163 0.678980 0.038498 0.051708
0 0.631717 0.330861 0.038498 0.051708
0 0.713413 0.516845 0.040674 0.052373
0 0.620679 0.252201 0.038948 0.054919
0 0.217448 0.374531 0.041987 0.054310
0 0.739624 0.339754 0.040674 0.052373
0 0.527956 0.323213 0.041987 0.054310
0 0.409836 0.225364 0.042438 0.057521
0 0.769319 0.543295 0.042850 0.053037
0 0.795849 0.364432 0.037410 0.051376
0 0.427518 0.351381 0.041311 0.049495
0 0.715785 0.177950 0.042850 0.053037
0 0.668994 0.572265 0.040674 0.052373
0 0.365324 0.284161 0.044427 0.064275
0 0.660962 0.531192 0.038498 0.051708
0 0.670729 0.236913 0.038498 0.051708
0 0.273561 0.398407 0.042850 0.053037
0 0.694005 0.394704 0.036096 0.049438
0 0.514704 0.236859 0.042438 0.057521
0 0.742545 0.716373 0.039998 0.047557
0 0.727386 0.260623 0.043075 0.054643
0 0.750887 0.420019 0.038498 0.051708
0 0.434463 0.392786 0.039586 0.052040
0 0.595444 0.428157 0.038272 0.050103
0 0.762693 0.500118 0.039586 0.052040
0 0.656325 0.494103 0.036959 0.048165
0 0.745368 0.380689 0.037822 0.046892
0 0.698802 0.776609 0.040449 0.050767
0 0.730419 0.638045 0.037822 0.046892
0 0.318631 0.723647 0.041987 0.054310
0 0.760204 0.122530 0.038498 0.051708
0 0.705493 0.476574 0.038272 0.050103
0 0.758150 0.459653 0.036959 0.048165
0 0.680257 0.652530 0.040674 0.052373
0 0.775813 0.581490 0.042850 0.053037
0 0.779700 0.621318 0.039361 0.050435
