0 0.801342 0.281563 0.021477 0.030060
0 0.904027 0.771543 0.041611 0.036072
0 0.503356 0.590180 0.024161 0.026052
0 0.787248 0.402806 0.033557 0.036072
0 0.783893 0.929860 0.037584 0.044088
0 0.828859 0.765531 0.022819 0.036072
0 0.712752 0.483968 0.024161 0.034068
0 0.772483 0.283567 0.022819 0.030060
0 0.785235 0.887776 0.037584 0.044088
0 0.830872 0.726453 0.024161 0.034068
0 0.257718 0.402806 0.034899 0.044088
0 0.859732 0.320641 0.022819 0.036072
0 0.257047 0.368737 0.036242 0.052104
0 0.492617 0.497996 0.032215 0.030060
0 0.784564 0.844689 0.036242 0.042084
0 0.784564 0.967936 0.041611 0.040080
0 0.860403 0.484970 0.024161 0.036072
0 0.740940 0.484970 0.021477 0.036072
0 0.256376 0.445892 0.034899 0.046092
0 0.787248 0.722445 0.036242 0.046092
0 0.491275 0.280561 0.032215 0.040080
0 0.859732 0.441884 0.020134 0.030060
0 0.844295 0.886774 0.037584 0.042084
0 0.830872 0.684369 0.024161 0.034068
0 0.787248 0.445892 0.038926 0.046092
0 0.255034 0.607214 0.037584 0.036072
0 0.786577 0.806613 0.037584 0.038076
0 0.843624 0.845691 0.033557 0.040080
0 0.492617 0.361723 0.032215 0.050100
0 0.726846 0.446894 0.038926 0.040080
0 0.077181 0.923848 0.036242 0.040080
0 0.493289 0.318637 0.033557 0.036072
0 0.316107 0.399800 0.038926 0.038076
0 0.842953 0.929860 0.037584 0.044088
0 0.667114 0.844689 0.037584 0.038076
0 0.844295 0.805611 0.032215 0.044088
0 0.801342 0.685371 0.024161 0.036072
0 0.078523 0.318637 0.036242 0.044088
0 0.075168 0.685371 0.034899 0.044088
0 0.076510 0.885772 0.034899 0.040080
0 0.135570 0.764529 0.032215 0.038076
0 0.607383 0.445892 0.036242 0.042084
0 0.860403 0.568136 0.021477 0.034068
0 0.830872 0.361723 0.021477 0.034068
0 0.905369 0.686373 0.038926 0.042084
0 0.859732 0.606212 0.022819 0.034068
0 0.830872 0.644289 0.024161 0.034068
0 0.608054 0.887776 0.037584 0.036072
0 0.257718 0.483968 0.034899 0.042084
0 0.904027 0.405812 0.033557 0.038076
0 0.771141 0.643287 0.022819 0.036072
0 0.859732 0.404810 0.022819 0.036072
0 0.075839 0.442886 0.038926 0.040080
0 0.905369 0.648297 0.038926 0.042084
0 0.787248 0.765531 0.036242 0.044088
0 0.904698 0.728457 0.040268 0.042084
0 0.075839 0.801603 0.036242 0.040080
0 0.607383 0.927856 0.038926 0.040080
0 0.905369 0.569138 0.030872 0.040080
0 0.801342 0.644289 0.024161 0.034068
0 0.801342 0.605210 0.024161 0.032064
0 0.664430 0.929860 0.037584 0.036072
0 0.137584 0.482966 0.033557 0.036072
0 0.075839 0.844689 0.036242 0.042084
0 0.432886 0.806613 0.036242 0.042084
0 0.665772 0.765531 0.037584 0.044088
0 0.608054 0.848697 0.037584 0.042084
0 0.195973 0.684369 0.037584 0.042084
0 0.373154 0.930862 0.037584 0.042084
0 0.313423 0.929860 0.038926 0.044088
0 0.608054 0.405812 0.037584 0.042084
0 0.433557 0.970942 0.034899 0.042084
0 0.314094 0.971944 0.040268 0.040080
0 0.136913 0.361723 0.034899 0.042084
0 0.667114 0.643287 0.037584 0.040080
0 0.435570 0.318637 0.036242 0.044088
0 0.904698 0.366733 0.037584 0.044088
0 0.136913 0.562124 0.034899 0.042084
0 0.252349 0.848697 0.034899 0.042084
0 0.197315 0.605210 0.037584 0.040080
0 0.374497 0.807615 0.037584 0.036072
0 0.606040 0.728457 0.033557 0.042084
0 0.194631 0.807615 0.037584 0.044088
0 0.137584 0.399800 0.036242 0.038076
0 0.433557 0.766533 0.034899 0.038076
0 0.316107 0.319639 0.038926 0.046092
0 0.375839 0.441884 0.034899 0.042084
0 0.434228 0.686373 0.036242 0.042084
0 0.373154 0.971944 0.040268 0.040080
0 0.076510 0.643287 0.037584 0.040080
0 0.313423 0.849699 0.038926 0.044088
0 0.905369 0.484970 0.036242 0.040080
0 0.667114 0.441884 0.034899 0.038076
0 0.606040 0.766533 0.036242 0.042084
0 0.136913 0.441884 0.034899 0.042084
0 0.313423 0.685371 0.038926 0.044088
0 0.135570 0.723447 0.037584 0.040080
0 0.549664 0.886774 0.033557 0.042084
0 0.667114 0.565130 0.032215 0.040080
0 0.315436 0.564128 0.037584 0.042084
0 0.254362 0.769539 0.036242 0.040080
0 0.606040 0.644289 0.033557 0.038076
0 0.549664 0.648297 0.033557 0.038076
0 0.374497 0.565130 0.034899 0.040080
0 0.196644 0.402806 0.036242 0.040080
0 0.548993 0.806613 0.034899 0.042084
0 0.434228 0.522044 0.036242 0.042084
0 0.374497 0.845691 0.037584 0.040080
0 0.741611 0.527054 0.025503 0.036072
0 0.604698 0.685371 0.036242 0.044088
0 0.548993 0.445892 0.034899 0.038076
0 0.077181 0.563126 0.038926 0.044088
0 0.905369 0.527054 0.038926 0.044088
0 0.607383 0.607214 0.036242 0.036072
0 0.667785 0.403808 0.036242 0.042084
0 0.726846 0.405812 0.036242 0.042084
0 0.667785 0.363727 0.036242 0.042084
0 0.254362 0.971944 0.041611 0.040080
0 0.548993 0.845691 0.034899 0.040080
0 0.196644 0.361723 0.036242 0.042084
0 0.373826 0.643287 0.036242 0.036072
0 0.432886 0.887776 0.038926 0.044088
0 0.728188 0.366733 0.036242 0.040080
0 0.315436 0.606212 0.037584 0.042084
0 0.195973 0.441884 0.034899 0.046092
0 0.255034 0.642285 0.037584 0.042084
0 0.373826 0.605210 0.036242 0.040080
0 0.608054 0.366733 0.037584 0.040080
0 0.433557 0.728457 0.037584 0.042084
0 0.313423 0.483968 0.038926 0.042084
0 0.315436 0.522044 0.037584 0.042084
0 0.667785 0.320641 0.036242 0.044088
0 0.196644 0.564128 0.036242 0.042084
0 0.374497 0.685371 0.034899 0.044088
0 0.313423 0.766533 0.038926 0.042084
0 0.255034 0.685371 0.037584 0.044088
0 0.136242 0.643287 0.033557 0.040080
0 0.253691 0.929860 0.037584 0.044088
0 0.375839 0.319639 0.037584 0.046092
0 0.666443 0.526052 0.033557 0.038076
0 0.728188 0.282565 0.036242 0.044088
0 0.375168 0.403808 0.038926 0.042084
0 0.549664 0.928858 0.033557 0.042084
0 0.374497 0.770541 0.034899 0.042084
0 0.314094 0.727455 0.040268 0.040080
0 0.257718 0.525050 0.037584 0.040080
0 0.313423 0.808617 0.038926 0.042084
0 0.434228 0.445892 0.036242 0.042084
0 0.548993 0.685371 0.034899 0.044088
0 0.195302 0.727455 0.036242 0.044088
0 0.136242 0.604208 0.036242 0.042084
0 0.375168 0.481964 0.033557 0.042084
0 0.548993 0.363727 0.034899 0.038076
0 0.373826 0.888778 0.038926 0.046092
0 0.607383 0.526052 0.036242 0.042084
0 0.255034 0.728457 0.037584 0.042084
0 0.375839 0.363727 0.037584 0.042084
0 0.548993 0.728457 0.034899 0.042084
0 0.666443 0.483968 0.033557 0.042084
0 0.728188 0.325651 0.036242 0.042084
0 0.257718 0.565130 0.037584 0.044088
0 0.548322 0.484970 0.033557 0.040080
0 0.606040 0.483968 0.036242 0.042084
0 0.548993 0.564128 0.034899 0.038076
0 0.548993 0.404810 0.034899 0.044088
0 0.375168 0.525050 0.036242 0.044088
0 0.608054 0.568136 0.037584 0.042084
0 0.195973 0.525050 0.034899 0.044088
0 0.607383 0.319639 0.038926 0.046092
0 0.548322 0.528056 0.033557 0.042084
0 0.434899 0.606212 0.034899 0.042084
0 0.434228 0.564128 0.036242 0.042084
0 0.434899 0.361723 0.037584 0.042084
0 0.434899 0.404810 0.034899 0.036072
0 0.548993 0.320641 0.037584 0.048096
0 0.548993 0.606212 0.034899 0.042084
0 0.195302 0.766533 0.036242 0.038076
0 0.316107 0.361723 0.038926 0.042084
0 0.772483 0.564128 0.022819 0.042084
0 0.666443 0.726453 0.036242 0.038076
0 0.135570 0.805611 0.037584 0.044088
0 0.665772 0.886774 0.037584 0.042084
0 0.904698 0.606212 0.034899 0.042084
0 0.786577 0.488978 0.037584 0.036072
0 0.136913 0.522044 0.034899 0.042084
0 0.432886 0.929860 0.036242 0.036072
0 0.135570 0.845691 0.037584 0.040080
0 0.504698 0.616232 0.021477 0.026052
0 0.504698 0.667335 0.021477 0.024048
0 0.505369 0.691383 0.020134 0.020040
0 0.255034 0.886774 0.034899 0.042084
0 0.666443 0.808617 0.036242 0.042084
0 0.256376 0.320641 0.034899 0.044088
0 0.134899 0.886774 0.038926 0.042084
0 0.491275 0.406814 0.034899 0.044088
0 0.196644 0.482966 0.033557 0.036072
0 0.077181 0.402806 0.038926 0.044088
0 0.136913 0.318637 0.034899 0.044088
0 0.904698 0.282565 0.037584 0.044088
0 0.196644 0.318637 0.036242 0.044088
0 0.075168 0.723447 0.034899 0.040080
0 0.196644 0.643287 0.036242 0.040080
0 0.859732 0.361723 0.022819 0.034068
0 0.789262 0.363727 0.032215 0.042084
0 0.493289 0.529058 0.033557 0.036072
0 0.504698 0.642285 0.021477 0.030060
0 0.789262 0.319639 0.037584 0.038076
0 0.492617 0.857715 0.034899 0.036072
0 0.136913 0.966934 0.040268 0.042084
0 0.075168 0.764529 0.037584 0.042084
0 0.831544 0.605210 0.022819 0.036072
0 0.076510 0.521042 0.040268 0.040080
0 0.861074 0.526052 0.022819 0.042084
0 0.313423 0.888778 0.038926 0.038076
0 0.787248 0.525050 0.036242 0.036072
0 0.771812 0.607214 0.024161 0.036072
0 0.832886 0.323647 0.022819 0.038076
0 0.711409 0.526052 0.024161 0.038076
0 0.075168 0.482966 0.040268 0.040080
0 0.196644 0.970942 0.038926 0.042084
0 0.433557 0.845691 0.037584 0.040080
0 0.077852 0.966934 0.042953 0.046092
0 0.549664 0.766533 0.033557 0.038076
0 0.194631 0.849699 0.037584 0.040080
0 0.136242 0.685371 0.036242 0.044088
0 0.607383 0.967936 0.038926 0.044088
0 0.667114 0.606212 0.034899 0.038076
0 0.254362 0.807615 0.033557 0.044088
0 0.830872 0.442886 0.024161 0.036072
0 0.077181 0.361723 0.038926 0.042084
0 0.373154 0.728457 0.032215 0.038076
0 0.195973 0.928858 0.037584 0.042084
0 0.905369 0.325651 0.036242 0.042084
0 0.314094 0.644289 0.034899 0.038076
0 0.195302 0.887776 0.036242 0.036072
0 0.314094 0.440882 0.040268 0.044088
0 0.608054 0.806613 0.034899 0.042084
0 0.434228 0.484970 0.036242 0.036072
0 0.904698 0.445892 0.034899 0.042084
0 0.830872 0.482966 0.021477 0.036072
0 0.549664 0.966934 0.033557 0.038076
0 0.802013 0.568136 0.025503 0.042084
0 0.434899 0.648297 0.034899 0.038076
0 0.830872 0.565130 0.024161 0.036072
0 0.667114 0.685371 0.037584 0.044088
0 0.666443 0.967936 0.033557 0.040080
0 0.830872 0.405812 0.021477 0.030060
0 0.830872 0.525050 0.024161 0.036072
0 0.136242 0.928858 0.038926 0.042084
0 0.077181 0.604208 0.036242 0.042084
