0 0.098333 0.825123 0.023333 0.034483
0 0.087222 0.373563 0.038889 0.044335
0 0.603333 0.663383 0.035556 0.039409
0 0.073889 0.455665 0.021111 0.037767
0 0.098889 0.454023 0.022222 0.037767
0 0.913889 0.334975 0.032222 0.039409
0 0.295556 0.289819 0.037778 0.041051
0 0.398333 0.334154 0.036667 0.037767
0 0.653333 0.702791 0.037778 0.045977
0 0.798889 0.457307 0.020000 0.034483
0 0.411667 0.744663 0.021111 0.034483
0 0.097222 0.784072 0.023333 0.034483
0 0.554444 0.620690 0.033333 0.049261
0 0.294444 0.206076 0.033333 0.054187
0 0.071111 0.743842 0.022222 0.032841
0 0.501111 0.183908 0.042222 0.039409
0 0.200556 0.785714 0.027778 0.034483
0 0.386111 0.456486 0.023333 0.036125
0 0.668889 0.456486 0.022222 0.032841
0 0.412778 0.456486 0.023333 0.039409
0 0.644444 0.744663 0.022222 0.034483
0 0.822222 0.458128 0.022222 0.036125
0 0.088333 0.292282 0.038889 0.045977
0 0.200556 0.746305 0.025556 0.037767
0 0.822222 0.418719 0.020000 0.032841
0 0.503333 0.316092 0.042222 0.041051
0 0.668333 0.538588 0.023333 0.032841
0 0.667222 0.498358 0.023333 0.037767
0 0.386667 0.742200 0.022222 0.032841
0 0.398333 0.702791 0.032222 0.042693
0 0.243333 0.413793 0.033333 0.036125
0 0.073333 0.783251 0.022222 0.036125
0 0.643889 0.412972 0.021111 0.034483
0 0.553333 0.665025 0.033333 0.039409
0 0.098333 0.866174 0.021111 0.037767
0 0.072778 0.866995 0.025556 0.036125
0 0.386111 0.826765 0.021111 0.034483
0 0.072222 0.412972 0.022222 0.034483
0 0.757222 0.252053 0.034444 0.031199
0 0.072778 0.823481 0.023333 0.034483
0 0.667778 0.415435 0.022222 0.036125
0 0.098889 0.743842 0.022222 0.036125
0 0.387222 0.413793 0.025556 0.036125
0 0.501111 0.149425 0.046667 0.032841
0 0.412222 0.413793 0.022222 0.032841
0 0.861667 0.334154 0.034444 0.034483
0 0.706667 0.333333 0.035556 0.029557
0 0.644444 0.865353 0.022222 0.036125
0 0.912778 0.254516 0.036667 0.032841
0 0.502778 0.535304 0.030000 0.039409
0 0.643889 0.784893 0.021111 0.036125
0 0.707778 0.416256 0.035556 0.034483
0 0.411667 0.784072 0.021111 0.031199
0 0.644444 0.825944 0.022222 0.032841
0 0.501111 0.247947 0.042222 0.039409
0 0.670556 0.912151 0.021111 0.034483
0 0.386111 0.785714 0.023333 0.037767
0 0.243333 0.330870 0.033333 0.031199
0 0.552222 0.707718 0.037778 0.045977
0 0.503333 0.351396 0.042222 0.032841
0 0.073333 0.910509 0.024444 0.037767
0 0.669444 0.825123 0.021111 0.037767
0 0.098889 0.911330 0.022222 0.036125
0 0.503333 0.377668 0.044444 0.036125
0 0.513333 0.735632 0.022222 0.026273
0 0.861111 0.416256 0.037778 0.027915
0 0.295556 0.331691 0.037778 0.036125
0 0.668333 0.784072 0.023333 0.034483
0 0.087222 0.331691 0.034444 0.036125
0 0.191111 0.332512 0.033333 0.037767
0 0.670556 0.866174 0.023333 0.037767
0 0.667222 0.743021 0.021111 0.034483
0 0.501111 0.218391 0.044444 0.029557
0 0.410556 0.866995 0.023333 0.036125
0 0.502222 0.283251 0.040000 0.031199
0 0.295556 0.251232 0.033333 0.032841
0 0.201667 0.866995 0.025556 0.039409
0 0.098333 0.415435 0.023333 0.032841
0 0.643333 0.909688 0.022222 0.039409
0 0.513333 0.754516 0.031111 0.008210
0 0.552222 0.290640 0.035556 0.045977
0 0.502222 0.494253 0.037778 0.042693
0 0.655556 0.292282 0.033333 0.049261
0 0.860556 0.250411 0.036667 0.047619
0 0.605556 0.291461 0.035556 0.047619
0 0.705556 0.247947 0.035556 0.049261
0 0.346111 0.662562 0.036667 0.044335
0 0.553333 0.375205 0.037778 0.044335
0 0.757222 0.207718 0.036667 0.054187
0 0.808333 0.293103 0.036667 0.050903
0 0.346111 0.373563 0.034444 0.044335
0 0.190556 0.662562 0.036667 0.041051
0 0.502778 0.450739 0.041111 0.044335
0 0.912222 0.208539 0.035556 0.052545
0 0.450556 0.706897 0.036667 0.044335
0 0.451667 0.663383 0.034444 0.042693
0 0.808333 0.374384 0.034444 0.049261
0 0.141667 0.291461 0.036667 0.044335
0 0.757222 0.375205 0.036667 0.044335
0 0.451667 0.291461 0.036667 0.044335
0 0.398333 0.290640 0.036667 0.049261
0 0.861667 0.295567 0.034444 0.042693
0 0.757222 0.293103 0.034444 0.047619
0 0.192222 0.374384 0.037778 0.045977
0 0.139444 0.372742 0.036667 0.042693
0 0.140000 0.332512 0.037778 0.041051
0 0.603333 0.374384 0.037778 0.042693
0 0.346111 0.707718 0.036667 0.045977
0 0.912222 0.374384 0.035556 0.042693
0 0.398333 0.663383 0.032222 0.042693
0 0.451667 0.334975 0.034444 0.039409
0 0.347778 0.619048 0.033333 0.045977
0 0.191667 0.618227 0.034444 0.047619
0 0.603333 0.334975 0.035556 0.039409
0 0.553333 0.334975 0.033333 0.039409
0 0.450556 0.375205 0.036667 0.044335
0 0.605556 0.619869 0.033333 0.047619
0 0.757778 0.334154 0.035556 0.037767
0 0.706667 0.295567 0.033333 0.042693
0 0.243333 0.250411 0.033333 0.047619
0 0.450556 0.617406 0.036667 0.045977
0 0.085556 0.616585 0.035556 0.047619
0 0.605556 0.705255 0.037778 0.047619
0 0.190556 0.705255 0.036667 0.044335
0 0.654444 0.374384 0.037778 0.042693
0 0.348333 0.290640 0.036667 0.045977
0 0.295556 0.372742 0.037778 0.045977
0 0.138333 0.618227 0.034444 0.047619
0 0.655556 0.334975 0.033333 0.039409
0 0.861667 0.374384 0.036667 0.045977
0 0.137222 0.663383 0.034444 0.042693
0 0.706667 0.372742 0.035556 0.045977
0 0.192778 0.291461 0.034444 0.044335
0 0.085556 0.661741 0.037778 0.042693
0 0.912222 0.291461 0.035556 0.044335
0 0.397222 0.618227 0.032222 0.047619
0 0.085556 0.706076 0.037778 0.045977
0 0.243333 0.295567 0.033333 0.042693
0 0.643889 0.454844 0.021111 0.039409
0 0.347222 0.333333 0.034444 0.039409
0 0.655556 0.663383 0.033333 0.039409
0 0.655556 0.619048 0.033333 0.049261
0 0.797222 0.416256 0.021111 0.031199
0 0.243333 0.370279 0.033333 0.044335
0 0.643889 0.496716 0.018889 0.031199
0 0.398333 0.372742 0.036667 0.039409
0 0.411667 0.824302 0.023333 0.036125
0 0.097778 0.495895 0.026667 0.039409
0 0.137778 0.705255 0.037778 0.044335
