0 0.499361 0.274319 0.048531 0.035019
0 0.675607 0.284047 0.038314 0.031128
0 0.499361 0.356031 0.051086 0.038911
0 0.500639 0.390078 0.053640 0.040856
0 0.511494 0.825875 0.024266 0.036965
0 0.867178 0.438716 0.025543 0.040856
0 0.499361 0.192607 0.053640 0.035019
0 0.081098 0.331712 0.037037 0.048638
0 0.865900 0.832685 0.025543 0.038911
0 0.259259 0.778210 0.038314 0.046693
0 0.911877 0.341440 0.038314 0.048638
0 0.793742 0.783074 0.037037 0.052529
0 0.498084 0.234436 0.051086 0.052529
0 0.867178 0.878405 0.030651 0.044747
0 0.378672 0.284047 0.039591 0.042802
0 0.093870 0.828794 0.026820 0.042802
0 0.261814 0.384241 0.040868 0.056420
0 0.022350 0.380350 0.042146 0.056420
0 0.094508 0.876459 0.028097 0.044747
0 0.499361 0.153696 0.051086 0.046693
0 0.500639 0.312257 0.048531 0.048638
0 0.498723 0.576848 0.037037 0.044747
0 0.022350 0.328794 0.037037 0.042802
0 0.499361 0.111868 0.053640 0.044747
0 0.616858 0.338521 0.035760 0.042802
0 0.559387 0.387160 0.038314 0.050584
0 0.082375 0.383268 0.037037 0.050584
0 0.381226 0.236381 0.039591 0.052529
0 0.676884 0.236381 0.038314 0.052529
0 0.556833 0.781128 0.038314 0.052529
0 0.021073 0.674125 0.042146 0.052529
0 0.320562 0.334630 0.035760 0.050584
0 0.676884 0.182879 0.038314 0.058366
0 0.793742 0.733463 0.037037 0.046693
0 0.852490 0.783074 0.037037 0.048638
0 0.559387 0.336576 0.038314 0.046693
0 0.971903 0.242218 0.035760 0.048638
0 0.559387 0.285019 0.035760 0.056420
0 0.793742 0.679961 0.037037 0.056420
0 0.973180 0.292802 0.038314 0.052529
0 0.023627 0.277237 0.042146 0.052529
0 0.257982 0.728599 0.038314 0.052529
0 0.795019 0.389105 0.037037 0.054475
0 0.261814 0.333658 0.038314 0.044747
0 0.079821 0.727626 0.037037 0.050584
0 0.558110 0.730545 0.038314 0.052529
0 0.912516 0.291829 0.037037 0.050584
0 0.199234 0.728599 0.040868 0.052529
0 0.139847 0.778210 0.039591 0.046693
0 0.839080 0.534047 0.025543 0.040856
0 0.869732 0.486381 0.025543 0.038911
0 0.839719 0.486381 0.024266 0.038911
0 0.852490 0.730545 0.037037 0.052529
0 0.319923 0.283074 0.037037 0.052529
0 0.618135 0.288911 0.038314 0.052529
0 0.869732 0.535992 0.025543 0.044747
0 0.199234 0.779183 0.040868 0.052529
0 0.556833 0.676070 0.038314 0.056420
0 0.261814 0.675097 0.038314 0.058366
0 0.973180 0.185798 0.038314 0.060311
0 0.021073 0.726654 0.042146 0.052529
0 0.795019 0.337549 0.039591 0.048638
0 0.079821 0.675097 0.039591 0.054475
0 0.021711 0.778210 0.043423 0.050584
0 0.201788 0.333658 0.035760 0.048638
0 0.079821 0.780156 0.042146 0.054475
0 0.140485 0.382296 0.038314 0.052529
0 0.439974 0.334630 0.039591 0.046693
0 0.732439 0.284047 0.037037 0.054475
0 0.439336 0.283074 0.038314 0.056420
0 0.439974 0.384241 0.039591 0.056420
0 0.911877 0.239300 0.035760 0.054475
0 0.733078 0.390078 0.038314 0.056420
0 0.852490 0.288911 0.037037 0.052529
0 0.200511 0.383268 0.038314 0.050584
0 0.321201 0.231518 0.037037 0.054475
0 0.853768 0.678016 0.037037 0.052529
0 0.732439 0.336576 0.037037 0.050584
0 0.142401 0.281128 0.039591 0.052529
0 0.260536 0.279183 0.038314 0.056420
0 0.676245 0.333658 0.039591 0.056420
0 0.853129 0.392023 0.035760 0.052529
0 0.139847 0.674125 0.039591 0.052529
0 0.381226 0.178988 0.039591 0.062257
0 0.795019 0.286965 0.039591 0.056420
0 0.139847 0.726654 0.039591 0.052529
0 0.378672 0.333658 0.042146 0.056420
0 0.199234 0.674125 0.040868 0.052529
0 0.498084 0.530156 0.045977 0.048638
0 0.140485 0.331712 0.038314 0.052529
0 0.498723 0.478599 0.047254 0.054475
0 0.082375 0.279183 0.042146 0.056420
0 0.201788 0.280156 0.038314 0.054475
0 0.618135 0.233463 0.038314 0.058366
0 0.852490 0.339494 0.037037 0.052529
