0 0.853470 0.338789 0.028278 0.026187
0 0.614396 0.389525 0.033419 0.052373
0 0.102828 0.530278 0.030848 0.026187
0 0.512853 0.869885 0.023136 0.024550
0 0.329049 0.795417 0.033419 0.022913
0 0.853470 0.501637 0.023136 0.034370
0 0.514139 0.572831 0.020566 0.022913
0 0.442802 0.696399 0.032134 0.034370
0 0.555913 0.734861 0.032134 0.036007
0 0.273136 0.630115 0.037275 0.022913
0 0.372751 0.331424 0.025707 0.031097
0 0.555913 0.759411 0.034704 0.036007
0 0.442159 0.725859 0.035990 0.040917
0 0.555270 0.860884 0.035990 0.029460
0 0.724293 0.894435 0.037275 0.037643
0 0.273779 0.365794 0.033419 0.024550
0 0.614396 0.366612 0.030848 0.036007
0 0.102185 0.505728 0.037275 0.045827
0 0.611825 0.597381 0.033419 0.019640
0 0.841260 0.368249 0.034704 0.032733
0 0.667738 0.894435 0.034704 0.034370
0 0.827121 0.436989 0.021851 0.022913
0 0.400386 0.335516 0.026992 0.032733
0 0.273779 0.497545 0.033419 0.019640
0 0.329049 0.662029 0.035990 0.021277
0 0.614396 0.432897 0.033419 0.034370
0 0.724936 0.865794 0.035990 0.036007
0 0.388817 0.397709 0.034704 0.029460
0 0.668380 0.864157 0.035990 0.032733
0 0.330334 0.596563 0.033419 0.034370
0 0.856041 0.436989 0.023136 0.036007
0 0.669023 0.830606 0.037275 0.034370
0 0.669023 0.797054 0.037275 0.032733
0 0.387532 0.631751 0.032134 0.032733
0 0.386889 0.661211 0.033419 0.029460
0 0.726864 0.697218 0.034704 0.029460
0 0.556555 0.831424 0.033419 0.029460
0 0.783419 0.665303 0.034704 0.034370
0 0.726221 0.730769 0.035990 0.034370
0 0.102828 0.594926 0.030848 0.034370
0 0.273136 0.691489 0.037275 0.027823
0 0.385604 0.566285 0.033419 0.022913
0 0.854113 0.470540 0.021851 0.027823
0 0.442159 0.761866 0.033419 0.034370
0 0.329049 0.765957 0.035990 0.042553
0 0.158740 0.859247 0.034704 0.026187
0 0.442159 0.830606 0.035990 0.034370
0 0.785347 0.368249 0.035990 0.039280
0 0.725578 0.832242 0.034704 0.034370
0 0.840617 0.402619 0.035990 0.036007
0 0.329049 0.729951 0.035990 0.029460
0 0.782134 0.796236 0.034704 0.034370
0 0.373393 0.431260 0.021851 0.024550
0 0.102185 0.560556 0.032134 0.034370
0 0.273136 0.826514 0.034704 0.032733
0 0.442159 0.666121 0.035990 0.036007
0 0.161311 0.432079 0.034704 0.032733
0 0.389460 0.366612 0.035990 0.029460
0 0.556555 0.500818 0.033419 0.029460
0 0.727506 0.666939 0.035990 0.034370
0 0.725578 0.799509 0.034704 0.034370
0 0.782134 0.864975 0.034704 0.034370
0 0.442802 0.795417 0.032134 0.036007
0 0.330334 0.565466 0.033419 0.034370
0 0.726864 0.635025 0.034704 0.036007
0 0.384961 0.695581 0.034704 0.036007
0 0.160026 0.500000 0.034704 0.034370
0 0.161311 0.465630 0.034704 0.034370
0 0.442802 0.864975 0.037275 0.037643
0 0.401028 0.501637 0.023136 0.034370
0 0.781491 0.896072 0.035990 0.034370
0 0.159383 0.630115 0.033419 0.029460
0 0.782134 0.830606 0.034704 0.034370
0 0.556555 0.699673 0.033419 0.034370
0 0.385604 0.731588 0.035990 0.039280
0 0.273136 0.729133 0.034704 0.034370
0 0.329049 0.694763 0.035990 0.037643
0 0.271208 0.895254 0.035990 0.029460
0 0.498715 0.806056 0.033419 0.037643
0 0.386247 0.597381 0.032134 0.036007
0 0.159383 0.660393 0.033419 0.034370
0 0.271208 0.861702 0.035990 0.034370
0 0.101542 0.436170 0.033419 0.031097
0 0.612468 0.895254 0.032134 0.029460
0 0.273136 0.760229 0.034704 0.034370
0 0.782776 0.765139 0.033419 0.034370
0 0.825835 0.467267 0.021851 0.031097
0 0.556555 0.531097 0.033419 0.034370
0 0.102828 0.465630 0.035990 0.034370
0 0.101542 0.664484 0.033419 0.032733
0 0.611183 0.830606 0.034704 0.034370
0 0.783419 0.532733 0.034704 0.034370
0 0.158740 0.730769 0.037275 0.031097
0 0.668380 0.765957 0.035990 0.036007
0 0.782134 0.730769 0.034704 0.034370
0 0.670308 0.401800 0.034704 0.031097
0 0.160026 0.531097 0.034704 0.034370
0 0.611825 0.731588 0.033419 0.029460
0 0.726221 0.765957 0.035990 0.036007
0 0.782776 0.699673 0.033419 0.034370
0 0.329049 0.531097 0.033419 0.034370
0 0.445373 0.500818 0.034704 0.032733
0 0.444087 0.532733 0.034704 0.031097
0 0.897815 0.405892 0.034704 0.032733
0 0.555913 0.665303 0.032134 0.034370
0 0.555270 0.891162 0.035990 0.037643
0 0.726221 0.501637 0.038560 0.034370
0 0.897815 0.370704 0.034704 0.037643
0 0.446015 0.466448 0.033419 0.036007
0 0.330334 0.430442 0.030848 0.029460
0 0.444087 0.597381 0.034704 0.032733
0 0.401671 0.431260 0.026992 0.034370
0 0.782776 0.567103 0.035990 0.034370
0 0.273779 0.596563 0.038560 0.037643
0 0.401028 0.466448 0.023136 0.029460
0 0.273136 0.529460 0.034704 0.034370
0 0.444730 0.432079 0.033419 0.032733
0 0.386889 0.532733 0.035990 0.037643
0 0.612468 0.666121 0.034704 0.036007
0 0.330334 0.400982 0.030848 0.032733
0 0.273136 0.467267 0.037275 0.040917
0 0.217866 0.366612 0.037275 0.036007
0 0.840617 0.567921 0.035990 0.032733
0 0.557841 0.366612 0.035990 0.039280
0 0.100900 0.397709 0.034704 0.039280
0 0.330334 0.465630 0.030848 0.034370
0 0.557198 0.601473 0.034704 0.034370
0 0.557198 0.566285 0.034704 0.036007
0 0.613753 0.567921 0.034704 0.036007
0 0.273779 0.400164 0.033419 0.037643
0 0.160026 0.561375 0.034704 0.032733
0 0.783419 0.468085 0.034704 0.029460
0 0.273136 0.560556 0.037275 0.031097
0 0.670308 0.531097 0.034704 0.031097
0 0.611825 0.761866 0.035990 0.034370
0 0.445373 0.400982 0.032134 0.032733
0 0.102828 0.630115 0.033419 0.036007
0 0.273136 0.661211 0.037275 0.036007
0 0.442802 0.630933 0.032134 0.034370
0 0.669666 0.665303 0.035990 0.034370
0 0.372108 0.465630 0.021851 0.034370
0 0.272494 0.795417 0.035990 0.036007
0 0.500643 0.349427 0.032134 0.018003
0 0.501285 0.368249 0.033419 0.019640
0 0.500643 0.388707 0.032134 0.021277
0 0.501285 0.417349 0.035990 0.032733
0 0.501928 0.328151 0.032134 0.024550
0 0.499357 0.452537 0.034704 0.037643
0 0.330334 0.365794 0.033419 0.037643
0 0.612468 0.535188 0.032134 0.032733
0 0.217866 0.401800 0.037275 0.034370
0 0.839974 0.601473 0.034704 0.034370
0 0.329692 0.496727 0.032134 0.031097
0 0.557841 0.401800 0.033419 0.031097
0 0.784062 0.402619 0.033419 0.032733
0 0.613753 0.467267 0.034704 0.034370
0 0.726221 0.536007 0.038560 0.031097
0 0.783419 0.437807 0.034704 0.034370
0 0.612468 0.501637 0.032134 0.034370
0 0.727506 0.403437 0.038560 0.034370
0 0.669023 0.730769 0.034704 0.034370
0 0.553985 0.797054 0.035990 0.039280
0 0.158740 0.760229 0.037275 0.034370
0 0.727506 0.367430 0.038560 0.034370
0 0.444087 0.565466 0.034704 0.034370
0 0.670308 0.467267 0.034704 0.034370
0 0.727506 0.601473 0.035990 0.034370
0 0.670951 0.500818 0.035990 0.032733
0 0.611825 0.700491 0.033419 0.032733
0 0.160026 0.596563 0.034704 0.034370
0 0.670951 0.367430 0.038560 0.040917
0 0.782776 0.632570 0.035990 0.034370
0 0.329692 0.630933 0.037275 0.034370
0 0.158098 0.695581 0.035990 0.036007
0 0.445373 0.365794 0.034704 0.037643
0 0.839974 0.535188 0.034704 0.036007
0 0.611825 0.630115 0.035990 0.036007
0 0.514139 0.614566 0.020566 0.021277
0 0.501285 0.532733 0.033419 0.024550
0 0.514139 0.592471 0.020566 0.019640
0 0.515424 0.633388 0.023136 0.016367
0 0.514139 0.679214 0.017995 0.016367
0 0.514139 0.699673 0.017995 0.024550
0 0.826478 0.338789 0.020566 0.026187
0 0.329049 0.864157 0.030848 0.026187
0 0.514781 0.648936 0.021851 0.018003
0 0.514139 0.664484 0.020566 0.013093
0 0.501285 0.549918 0.038560 0.009820
0 0.329049 0.828151 0.035990 0.042553
0 0.513496 0.896072 0.026992 0.027823
0 0.500643 0.507365 0.037275 0.029460
0 0.726864 0.567103 0.037275 0.034370
0 0.669666 0.632570 0.035990 0.034370
0 0.669666 0.697218 0.035990 0.032733
0 0.670308 0.435352 0.034704 0.032733
0 0.160668 0.396072 0.038560 0.042553
0 0.100257 0.697218 0.035990 0.039280
0 0.160026 0.794599 0.034704 0.034370
0 0.556555 0.630933 0.033419 0.027823
0 0.782776 0.501637 0.035990 0.034370
0 0.726864 0.467267 0.037275 0.031097
0 0.897815 0.436989 0.034704 0.029460
0 0.557841 0.435352 0.033419 0.032733
0 0.782776 0.601473 0.035990 0.031097
0 0.329049 0.895254 0.038560 0.036007
0 0.158740 0.828969 0.037275 0.034370
0 0.611183 0.864157 0.034704 0.032733
0 0.726864 0.436989 0.037275 0.029460
0 0.669666 0.566285 0.033419 0.036007
0 0.896530 0.470540 0.034704 0.034370
0 0.159383 0.890344 0.035990 0.036007
0 0.669666 0.599836 0.033419 0.031097
0 0.556555 0.468085 0.033419 0.032733
0 0.611183 0.796236 0.034704 0.034370
0 0.273779 0.431260 0.033419 0.027823
