0 0.860556 0.660066 0.032222 0.039604
0 0.666111 0.451320 0.021111 0.037954
0 0.913333 0.659241 0.035556 0.041254
0 0.860556 0.702970 0.036667 0.046205
0 0.758333 0.617162 0.032222 0.046205
0 0.643333 0.410891 0.022222 0.033003
0 0.860556 0.617987 0.032222 0.047855
0 0.644444 0.827558 0.026667 0.037954
0 0.910556 0.286304 0.036667 0.047855
0 0.717222 0.450495 0.023333 0.036304
0 0.756111 0.328383 0.036667 0.039604
0 0.642222 0.452970 0.020000 0.034653
0 0.926667 0.783003 0.026667 0.034653
0 0.902778 0.740099 0.023333 0.037954
0 0.901667 0.782178 0.023333 0.036304
0 0.914444 0.699670 0.037778 0.042904
0 0.926111 0.740924 0.023333 0.036304
0 0.644444 0.745875 0.020000 0.036304
0 0.666111 0.412541 0.021111 0.036304
0 0.672778 0.912541 0.023333 0.039604
0 0.716111 0.411716 0.021111 0.034653
0 0.670556 0.746700 0.021111 0.031353
0 0.807222 0.329208 0.034444 0.041254
0 0.645556 0.868812 0.026667 0.037954
0 0.910556 0.329208 0.034444 0.041254
0 0.671667 0.827558 0.025556 0.034653
0 0.718333 0.532178 0.023333 0.034653
0 0.645556 0.912541 0.026667 0.036304
0 0.671111 0.869637 0.022222 0.039604
0 0.670556 0.785479 0.023333 0.036304
0 0.513333 0.740099 0.022222 0.031353
0 0.809444 0.660066 0.036667 0.039604
0 0.910556 0.370462 0.036667 0.041254
0 0.913333 0.613036 0.037778 0.047855
0 0.706111 0.699670 0.036667 0.049505
0 0.858333 0.330033 0.032222 0.039604
0 0.654444 0.701320 0.037778 0.049505
0 0.656667 0.617987 0.035556 0.057756
0 0.705556 0.287954 0.037778 0.047855
0 0.704444 0.369637 0.037778 0.049505
0 0.806667 0.283003 0.033333 0.047855
0 0.809444 0.617987 0.036667 0.047855
0 0.756667 0.286304 0.035556 0.047855
0 0.857222 0.371287 0.034444 0.042904
0 0.857222 0.287129 0.034444 0.046205
0 0.810556 0.701320 0.036667 0.042904
0 0.756667 0.370462 0.035556 0.047855
0 0.759444 0.706271 0.036667 0.049505
0 0.653333 0.368812 0.037778 0.047855
0 0.707778 0.621287 0.035556 0.051155
0 0.758333 0.660066 0.036667 0.042904
0 0.807778 0.372937 0.035556 0.046205
0 0.652222 0.288779 0.033333 0.049505
0 0.644444 0.783003 0.022222 0.037954
0 0.179444 0.494224 0.023333 0.034653
0 0.203333 0.328383 0.022222 0.039604
0 0.335000 0.325908 0.021111 0.037954
0 0.336667 0.243399 0.022222 0.034653
0 0.256111 0.617162 0.021111 0.036304
0 0.359444 0.245875 0.023333 0.033003
0 0.256111 0.285479 0.018889 0.029703
0 0.360000 0.494224 0.020000 0.031353
0 0.256111 0.328383 0.021111 0.039604
0 0.283333 0.410891 0.024444 0.033003
0 0.335000 0.151815 0.021111 0.039604
0 0.335000 0.410891 0.021111 0.033003
0 0.126111 0.285479 0.021111 0.033003
0 0.178333 0.660066 0.023333 0.039604
0 0.204444 0.368812 0.022222 0.037954
0 0.178889 0.409241 0.022222 0.033003
0 0.463333 0.368812 0.022222 0.034653
0 0.307778 0.278878 0.022222 0.029703
0 0.282778 0.286304 0.018889 0.031353
0 0.358333 0.368812 0.021111 0.028053
0 0.617222 0.289604 0.021111 0.037954
0 0.282222 0.576733 0.024444 0.034653
0 0.336667 0.702145 0.024444 0.031353
0 0.256667 0.534653 0.022222 0.036304
0 0.256111 0.494224 0.021111 0.034653
0 0.283333 0.368812 0.022222 0.034653
0 0.463333 0.245875 0.022222 0.033003
0 0.283333 0.453795 0.024444 0.039604
0 0.257222 0.577558 0.021111 0.036304
0 0.411667 0.534653 0.023333 0.033003
0 0.255000 0.409241 0.021111 0.036304
0 0.178333 0.536304 0.023333 0.033003
0 0.178889 0.576733 0.020000 0.034653
0 0.231667 0.534653 0.021111 0.033003
0 0.179444 0.243399 0.021111 0.034653
0 0.282222 0.151815 0.022222 0.036304
0 0.230556 0.368812 0.021111 0.031353
0 0.336667 0.660066 0.022222 0.039604
0 0.503333 0.279703 0.042222 0.031353
0 0.178333 0.702970 0.025556 0.036304
0 0.255000 0.368812 0.021111 0.028053
0 0.336667 0.534653 0.022222 0.029703
0 0.503333 0.209571 0.046667 0.029703
0 0.178333 0.149340 0.023333 0.041254
0 0.179444 0.617987 0.023333 0.031353
0 0.178333 0.198020 0.018889 0.026403
0 0.282778 0.617162 0.023333 0.033003
0 0.282778 0.532178 0.023333 0.031353
0 0.503333 0.376238 0.042222 0.033003
0 0.411667 0.409241 0.023333 0.026403
0 0.282222 0.198845 0.022222 0.037954
0 0.503333 0.345710 0.042222 0.031353
0 0.501111 0.494224 0.040000 0.031353
0 0.087222 0.285479 0.034444 0.046205
0 0.605556 0.245050 0.031111 0.044554
0 0.554444 0.413366 0.033333 0.044554
0 0.412222 0.453795 0.026667 0.036304
0 0.411667 0.617987 0.023333 0.037954
0 0.231667 0.408416 0.023333 0.037954
0 0.230556 0.200495 0.021111 0.037954
0 0.359444 0.328383 0.021111 0.039604
0 0.359444 0.536304 0.021111 0.036304
0 0.438333 0.247525 0.021111 0.036304
0 0.411667 0.577558 0.023333 0.036304
0 0.360556 0.410891 0.021111 0.033003
0 0.438333 0.201320 0.021111 0.042904
0 0.231667 0.576733 0.023333 0.037954
0 0.256667 0.451320 0.022222 0.037954
0 0.336667 0.494224 0.022222 0.034653
0 0.230556 0.243399 0.021111 0.034653
0 0.463333 0.153465 0.022222 0.036304
0 0.386667 0.328383 0.022222 0.036304
0 0.437222 0.368812 0.021111 0.034653
0 0.087222 0.368812 0.030000 0.044554
0 0.256111 0.243399 0.021111 0.034653
0 0.606667 0.153465 0.033333 0.049505
0 0.231667 0.494224 0.023333 0.037954
0 0.503333 0.142739 0.044444 0.034653
0 0.360556 0.201320 0.023333 0.036304
0 0.335556 0.368812 0.022222 0.037954
0 0.335556 0.285479 0.020000 0.033003
0 0.257778 0.664191 0.022222 0.037954
0 0.360556 0.153465 0.023333 0.039604
0 0.502222 0.178218 0.042222 0.039604
0 0.566667 0.150990 0.024444 0.037954
0 0.087222 0.498350 0.036667 0.042904
0 0.462222 0.454620 0.022222 0.031353
0 0.256111 0.153465 0.021111 0.039604
0 0.283333 0.494224 0.022222 0.034653
0 0.438333 0.153465 0.021111 0.039604
0 0.178333 0.453795 0.023333 0.036304
0 0.335556 0.576733 0.022222 0.034653
0 0.232778 0.617162 0.023333 0.033003
0 0.412778 0.200495 0.023333 0.041254
0 0.231667 0.664191 0.023333 0.034653
0 0.151667 0.287954 0.023333 0.034653
0 0.230556 0.328383 0.021111 0.033003
0 0.565000 0.328383 0.021111 0.039604
0 0.283333 0.325908 0.022222 0.037954
0 0.178889 0.328383 0.020000 0.033003
0 0.566667 0.285479 0.022222 0.039604
0 0.205556 0.287954 0.022222 0.037954
0 0.088333 0.538779 0.038889 0.041254
0 0.566667 0.245875 0.024444 0.033003
0 0.359444 0.453795 0.021111 0.033003
0 0.178889 0.287954 0.022222 0.037954
0 0.257778 0.702145 0.022222 0.034653
0 0.463333 0.410891 0.022222 0.039604
0 0.178889 0.368812 0.022222 0.037954
0 0.386667 0.286304 0.017778 0.037954
0 0.231667 0.451320 0.023333 0.034653
0 0.335000 0.198020 0.021111 0.036304
0 0.283333 0.243399 0.022222 0.041254
0 0.439444 0.494224 0.021111 0.034653
0 0.087222 0.413366 0.032222 0.041254
0 0.411111 0.660066 0.022222 0.036304
0 0.566667 0.202970 0.024444 0.036304
0 0.503333 0.312706 0.042222 0.041254
0 0.440000 0.328383 0.020000 0.033003
0 0.502778 0.243399 0.043333 0.041254
0 0.439444 0.410891 0.021111 0.039604
0 0.463333 0.287954 0.020000 0.037954
0 0.336667 0.617987 0.024444 0.037954
0 0.086111 0.584158 0.038889 0.049505
0 0.334444 0.453795 0.022222 0.039604
0 0.463333 0.200495 0.022222 0.034653
0 0.232222 0.704620 0.024444 0.036304
0 0.411111 0.153465 0.024444 0.039604
0 0.360556 0.286304 0.021111 0.037954
0 0.087222 0.453795 0.034444 0.042904
0 0.411111 0.704620 0.024444 0.039604
0 0.463333 0.328383 0.022222 0.039604
0 0.088333 0.328383 0.034444 0.039604
0 0.231667 0.285479 0.023333 0.039604
0 0.411111 0.494224 0.024444 0.034653
0 0.412222 0.328383 0.022222 0.036304
0 0.256111 0.200495 0.023333 0.037954
0 0.411111 0.287954 0.022222 0.034653
0 0.554444 0.460396 0.037778 0.046205
0 0.412778 0.245875 0.023333 0.039604
0 0.463333 0.494224 0.024444 0.041254
0 0.553333 0.368812 0.033333 0.047855
0 0.438333 0.453795 0.023333 0.036304
0 0.502778 0.449670 0.041111 0.047855
0 0.606667 0.200495 0.031111 0.037954
0 0.439444 0.287954 0.021111 0.037954
0 0.411111 0.370462 0.022222 0.037954
