0 0.514797 0.478967 0.048089 0.036329
0 0.800863 0.239962 0.038224 0.036329
0 0.168311 0.917782 0.040691 0.053537
0 0.742293 0.242830 0.034525 0.049713
0 0.571517 0.193117 0.035758 0.045889
0 0.684340 0.725621 0.036991 0.047801
0 0.340321 0.722753 0.039457 0.049713
0 0.911837 0.486616 0.038224 0.047801
0 0.168311 0.242830 0.035758 0.045889
0 0.399507 0.191205 0.039457 0.045889
0 0.056104 0.434990 0.040691 0.051625
0 0.110974 0.624283 0.036991 0.047801
0 0.856350 0.774379 0.038224 0.049713
0 0.914303 0.434034 0.040691 0.049713
0 0.054871 0.486616 0.038224 0.047801
0 0.341554 0.772467 0.036991 0.045889
0 0.971023 0.870937 0.038224 0.051625
0 0.856350 0.969407 0.040691 0.053537
0 0.800863 0.483748 0.040691 0.045889
0 0.688039 0.091778 0.039457 0.053537
0 0.857583 0.824092 0.035758 0.045889
0 0.455610 0.193117 0.035758 0.045889
0 0.112207 0.577438 0.034525 0.045889
0 0.455610 0.242830 0.038224 0.045889
0 0.167078 0.868069 0.038224 0.045889
0 0.056104 0.382409 0.040691 0.049713
0 0.398274 0.144359 0.041924 0.047801
0 0.399507 0.530593 0.039457 0.047801
0 0.741060 0.775335 0.041924 0.051625
0 0.168311 0.818356 0.040691 0.045889
0 0.856350 0.675908 0.040691 0.051625
0 0.628853 0.579350 0.036991 0.049713
0 0.571517 0.091778 0.040691 0.057361
0 0.398274 0.432122 0.036991 0.053537
0 0.971023 0.678776 0.040691 0.045889
0 0.857583 0.385277 0.035758 0.047801
0 0.914303 0.291587 0.035758 0.043977
0 0.914303 0.385277 0.038224 0.047801
0 0.226264 0.338432 0.038224 0.045889
0 0.340321 0.237094 0.036991 0.053537
0 0.340321 0.385277 0.034525 0.047801
0 0.456227 0.478967 0.036991 0.047801
0 0.911837 0.533461 0.038224 0.049713
0 0.856350 0.870937 0.038224 0.047801
0 0.971023 0.388145 0.040691 0.049713
0 0.628853 0.094646 0.039457 0.055449
0 0.971023 0.630019 0.040691 0.051625
0 0.684340 0.480880 0.039457 0.043977
0 0.455610 0.141491 0.038224 0.053537
0 0.743527 0.388145 0.036991 0.045889
0 0.398274 0.286807 0.039457 0.053537
0 0.911837 0.580306 0.038224 0.047801
0 0.168311 0.577438 0.035758 0.049713
0 0.970407 0.969407 0.041924 0.053537
0 0.800247 0.675908 0.039457 0.051625
0 0.742293 0.580306 0.039457 0.047801
0 0.340321 0.673996 0.039457 0.051625
0 0.686806 0.195985 0.036991 0.047801
0 0.226264 0.769598 0.038224 0.047801
0 0.339088 0.434990 0.036991 0.047801
0 0.972256 0.725621 0.038224 0.051625
0 0.168311 0.339388 0.038224 0.051625
0 0.688039 0.144359 0.039457 0.051625
0 0.225031 0.868069 0.040691 0.045889
0 0.742293 0.481836 0.034525 0.045889
0 0.399507 0.237094 0.039457 0.045889
0 0.630086 0.289675 0.036991 0.047801
0 0.168311 0.772467 0.038224 0.045889
0 0.858816 0.627151 0.038224 0.045889
0 0.971640 0.338432 0.039457 0.045889
0 0.226264 0.091778 0.040691 0.053537
0 0.857583 0.486616 0.035758 0.043977
0 0.399507 0.577438 0.036991 0.045889
0 0.111591 0.865201 0.038224 0.047801
0 0.628853 0.486616 0.039457 0.043977
0 0.226264 0.385277 0.038224 0.047801
0 0.972256 0.437859 0.038224 0.045889
0 0.226264 0.914914 0.040691 0.051625
0 0.527744 0.760994 0.022195 0.019120
0 0.529593 0.740918 0.025894 0.024857
0 0.226264 0.722753 0.038224 0.045889
0 0.800863 0.289675 0.038224 0.051625
0 0.456227 0.527725 0.036991 0.045889
0 0.055487 0.675908 0.039457 0.047801
0 0.743527 0.292543 0.036991 0.045889
0 0.226264 0.193117 0.038224 0.049713
0 0.226264 0.432122 0.035758 0.045889
0 0.168311 0.973231 0.040691 0.053537
0 0.054254 0.772467 0.041924 0.049713
0 0.340937 0.286807 0.033292 0.045889
0 0.857583 0.530593 0.033292 0.040153
0 0.858816 0.722753 0.038224 0.045889
0 0.398274 0.385277 0.041924 0.047801
0 0.686806 0.434990 0.036991 0.047801
0 0.856350 0.919694 0.040691 0.049713
0 0.111591 0.193117 0.038224 0.049713
0 0.627620 0.675908 0.039457 0.047801
0 0.167078 0.289675 0.038224 0.047801
0 0.284217 0.292543 0.040691 0.049713
0 0.971023 0.774379 0.038224 0.045889
0 0.741060 0.627151 0.036991 0.045889
0 0.167078 0.530593 0.038224 0.043977
0 0.339088 0.481836 0.036991 0.045889
0 0.111591 0.242830 0.038224 0.049713
0 0.226264 0.144359 0.038224 0.047801
0 0.799630 0.627151 0.040691 0.038241
0 0.054871 0.533461 0.038224 0.045889
0 0.225031 0.818356 0.040691 0.045889
0 0.112824 0.530593 0.035758 0.051625
0 0.054254 0.580306 0.036991 0.047801
0 0.856350 0.338432 0.035758 0.045889
0 0.168311 0.193117 0.035758 0.045889
0 0.282984 0.239962 0.040691 0.051625
0 0.168311 0.138623 0.035758 0.055449
0 0.398274 0.769598 0.041924 0.051625
0 0.398274 0.089866 0.041924 0.053537
0 0.226264 0.969407 0.040691 0.053537
0 0.799630 0.387189 0.038224 0.043977
0 0.914303 0.725621 0.038224 0.047801
0 0.398274 0.483748 0.036991 0.045889
0 0.572750 0.242830 0.038224 0.045889
0 0.742293 0.530593 0.036991 0.051625
0 0.513564 0.429254 0.045623 0.051625
0 0.398274 0.338432 0.036991 0.045889
0 0.167078 0.624283 0.038224 0.047801
0 0.111591 0.434990 0.038224 0.051625
0 0.914303 0.339388 0.035758 0.043977
0 0.684340 0.772467 0.041924 0.045889
0 0.743527 0.725621 0.039457 0.051625
0 0.914303 0.774379 0.040691 0.049713
0 0.630086 0.245698 0.036991 0.047801
0 0.455610 0.086998 0.038224 0.055449
0 0.226264 0.481836 0.040691 0.049713
0 0.223798 0.675908 0.038224 0.047801
0 0.972873 0.242830 0.041924 0.053537
0 0.168311 0.432122 0.040691 0.053537
0 0.913070 0.678776 0.040691 0.045889
0 0.684340 0.527725 0.039457 0.045889
0 0.168311 0.483748 0.035758 0.049713
0 0.688039 0.244742 0.039457 0.049713
0 0.631319 0.195985 0.036991 0.047801
0 0.628853 0.436902 0.039457 0.051625
0 0.571517 0.341300 0.038224 0.047801
0 0.456843 0.338432 0.035758 0.045889
0 0.914303 0.242830 0.035758 0.053537
0 0.914303 0.630019 0.038224 0.051625
0 0.630086 0.388145 0.036991 0.045889
0 0.742293 0.434990 0.034525 0.047801
0 0.570900 0.147228 0.036991 0.045889
0 0.857583 0.577438 0.040691 0.049713
0 0.398274 0.966539 0.041924 0.055449
0 0.686806 0.292543 0.036991 0.045889
0 0.340937 0.338432 0.035758 0.049713
0 0.628853 0.530593 0.036991 0.051625
0 0.455610 0.289675 0.035758 0.047801
0 0.226264 0.577438 0.038224 0.053537
0 0.456843 0.385277 0.040691 0.051625
0 0.168311 0.722753 0.040691 0.045889
0 0.799630 0.530593 0.038224 0.047801
0 0.630086 0.147228 0.036991 0.045889
0 0.112207 0.675908 0.039457 0.047801
0 0.628853 0.629063 0.036991 0.045889
0 0.800863 0.434034 0.040691 0.049713
0 0.743527 0.339388 0.036991 0.051625
0 0.570900 0.292543 0.036991 0.049713
0 0.856350 0.436902 0.038224 0.055449
0 0.686806 0.341300 0.036991 0.047801
0 0.802096 0.341300 0.040691 0.047801
0 0.630086 0.338432 0.036991 0.049713
0 0.742293 0.673040 0.036991 0.049713
0 0.168311 0.673996 0.040691 0.051625
0 0.800247 0.580306 0.039457 0.051625
0 0.684340 0.629063 0.039457 0.049713
0 0.686806 0.388145 0.036991 0.045889
0 0.684340 0.678776 0.039457 0.049713
0 0.685573 0.577438 0.036991 0.049713
0 0.971640 0.533461 0.039457 0.042065
0 0.053021 0.868069 0.036991 0.045889
0 0.455610 0.432122 0.033292 0.038241
0 0.899507 0.824092 0.023428 0.038241
0 0.398274 0.722753 0.036991 0.049713
0 0.514797 0.191205 0.048089 0.045889
0 0.054871 0.191205 0.040691 0.045889
0 0.397041 0.914914 0.036991 0.040153
0 0.054254 0.917782 0.039457 0.045889
0 0.742293 0.149140 0.041924 0.053537
0 0.627620 0.774379 0.036991 0.049713
0 0.627620 0.819312 0.036991 0.043977
0 0.055487 0.239962 0.039457 0.047801
0 0.627620 0.865201 0.032059 0.047801
0 0.398274 0.816444 0.039457 0.042065
0 0.898890 0.966539 0.027127 0.040153
0 0.225031 0.239962 0.035758 0.047801
0 0.927867 0.966539 0.025894 0.040153
0 0.628237 0.724665 0.038224 0.049713
0 0.516030 0.115679 0.045623 0.040153
0 0.112207 0.914914 0.039457 0.051625
0 0.516030 0.074570 0.048089 0.038241
0 0.514797 0.229446 0.048089 0.034417
0 0.927250 0.919694 0.024661 0.034417
0 0.514797 0.152008 0.048089 0.032505
0 0.515413 0.304971 0.049322 0.036329
0 0.927867 0.823136 0.023428 0.036329
0 0.517263 0.341300 0.048089 0.043977
0 0.844636 0.289675 0.024661 0.040153
0 0.898274 0.920650 0.025894 0.043977
0 0.226264 0.292543 0.035758 0.038241
0 0.112207 0.722753 0.039457 0.045889
0 0.743527 0.094646 0.039457 0.055449
0 0.109741 0.966539 0.041924 0.051625
0 0.055487 0.289675 0.041924 0.047801
0 0.341554 0.577438 0.034525 0.042065
0 0.899507 0.870937 0.025894 0.040153
0 0.398274 0.673040 0.039457 0.042065
0 0.871763 0.292543 0.024661 0.038241
0 0.111591 0.341300 0.038224 0.047801
0 0.398274 0.624283 0.036991 0.055449
0 0.929100 0.870937 0.023428 0.040153
0 0.800247 0.724665 0.039457 0.049713
0 0.112824 0.141491 0.040691 0.053537
0 0.743527 0.195985 0.036991 0.040153
0 0.971023 0.920650 0.038224 0.043977
0 0.226264 0.527725 0.040691 0.045889
0 0.340321 0.868069 0.039457 0.045889
0 0.054254 0.818356 0.041924 0.049713
0 0.341554 0.818356 0.036991 0.045889
0 0.455610 0.574570 0.033292 0.047801
0 0.340321 0.914914 0.039457 0.047801
0 0.971023 0.483748 0.040691 0.049713
0 0.339088 0.530593 0.036991 0.055449
0 0.971640 0.292543 0.039457 0.045889
0 0.054254 0.722753 0.041924 0.045889
0 0.111591 0.295411 0.038224 0.051625
0 0.111591 0.818356 0.038224 0.045889
0 0.341554 0.621415 0.034525 0.045889
0 0.055487 0.138623 0.039457 0.051625
0 0.226264 0.627151 0.035758 0.042065
0 0.845869 0.239962 0.022195 0.043977
0 0.112207 0.480880 0.036991 0.043977
0 0.054254 0.624283 0.036991 0.047801
0 0.051788 0.969407 0.041924 0.057361
0 0.054871 0.336520 0.038224 0.045889
0 0.527744 0.777247 0.024661 0.013384
0 0.340321 0.966539 0.041924 0.055449
0 0.969790 0.821224 0.035758 0.047801
0 0.872380 0.239962 0.023428 0.040153
0 0.970407 0.577438 0.036991 0.045889
0 0.168311 0.385277 0.038224 0.043977
0 0.111591 0.388145 0.038224 0.045889
0 0.515413 0.268642 0.046856 0.043977
0 0.110974 0.771511 0.036991 0.051625
0 0.398274 0.865201 0.041924 0.055449
