0 0.294444 0.336349 0.033333 0.041118
0 0.770556 0.423520 0.023333 0.034539
0 0.099444 0.878289 0.021111 0.032895
0 0.098333 0.923520 0.023333 0.034539
0 0.773333 0.546053 0.024444 0.036184
0 0.075556 0.923520 0.024444 0.034539
0 0.295556 0.296053 0.031111 0.039474
0 0.773333 0.467928 0.024444 0.034539
0 0.203333 0.463816 0.022222 0.039474
0 0.862222 0.253289 0.035556 0.046053
0 0.190556 0.628289 0.036667 0.049342
0 0.240556 0.713816 0.036667 0.046053
0 0.810000 0.296053 0.031111 0.042763
0 0.916667 0.208882 0.035556 0.049342
0 0.707778 0.211349 0.035556 0.054276
0 0.138333 0.626645 0.032222 0.046053
0 0.242222 0.296053 0.035556 0.046053
0 0.811667 0.340461 0.034444 0.042763
0 0.295556 0.251645 0.033333 0.049342
0 0.189444 0.716283 0.036667 0.044408
0 0.139444 0.383224 0.032222 0.042763
0 0.191667 0.341283 0.034444 0.037829
0 0.190556 0.673520 0.034444 0.037829
0 0.760556 0.380757 0.038889 0.041118
0 0.242778 0.340461 0.036667 0.042763
0 0.706667 0.258224 0.033333 0.036184
0 0.086111 0.383224 0.036667 0.049342
0 0.087222 0.629112 0.036667 0.044408
0 0.706667 0.298520 0.033333 0.047697
0 0.137778 0.673520 0.035556 0.044408
0 0.916667 0.255757 0.033333 0.041118
0 0.190556 0.380757 0.036667 0.041118
0 0.759444 0.340461 0.036667 0.039474
0 0.137222 0.716283 0.034444 0.044408
0 0.242778 0.630757 0.034444 0.047697
0 0.811667 0.380757 0.036667 0.041118
0 0.915556 0.298520 0.037778 0.044408
0 0.086111 0.673520 0.036667 0.047697
0 0.139444 0.296053 0.032222 0.046053
0 0.086667 0.715461 0.037778 0.039474
0 0.758333 0.296053 0.032222 0.049342
0 0.191667 0.296053 0.034444 0.052632
0 0.087222 0.340461 0.034444 0.042763
0 0.241667 0.383224 0.036667 0.042763
0 0.138333 0.340461 0.032222 0.042763
0 0.862222 0.337993 0.031111 0.037829
0 0.811667 0.717928 0.036667 0.044408
0 0.074444 0.836349 0.026667 0.037829
0 0.812222 0.630757 0.031111 0.044408
0 0.098333 0.755757 0.021111 0.034539
0 0.179444 0.508224 0.023333 0.036184
0 0.099444 0.798520 0.023333 0.034539
0 0.179444 0.423520 0.023333 0.037829
0 0.150556 0.798520 0.025556 0.037829
0 0.203333 0.423520 0.022222 0.034539
0 0.087222 0.296053 0.032222 0.042763
0 0.178333 0.465461 0.023333 0.039474
0 0.072222 0.798520 0.022222 0.037829
0 0.073333 0.879112 0.024444 0.037829
0 0.073333 0.755757 0.022222 0.034539
0 0.178333 0.548520 0.023333 0.034539
0 0.863333 0.297697 0.031111 0.042763
0 0.812778 0.673520 0.034444 0.047697
0 0.150000 0.758224 0.022222 0.032895
0 0.502778 0.373355 0.047778 0.039474
0 0.501667 0.276316 0.045556 0.032895
0 0.501111 0.340461 0.044444 0.026316
0 0.501667 0.205592 0.047778 0.029605
0 0.566667 0.868421 0.024444 0.032895
0 0.513889 0.743421 0.021111 0.032895
0 0.566111 0.910362 0.023333 0.027961
0 0.500556 0.240954 0.045556 0.041118
0 0.500000 0.138980 0.048889 0.037829
0 0.500556 0.172697 0.045556 0.039474
0 0.501111 0.305921 0.044444 0.039474
0 0.616667 0.618421 0.024444 0.036184
0 0.565556 0.783717 0.022222 0.037829
0 0.540556 0.741776 0.021111 0.032895
0 0.540556 0.907895 0.021111 0.032895
0 0.500000 0.529605 0.031111 0.036184
0 0.540556 0.867599 0.021111 0.031250
0 0.565000 0.744243 0.021111 0.034539
0 0.539444 0.784539 0.023333 0.032895
0 0.563333 0.407895 0.022222 0.032895
0 0.563333 0.533717 0.024444 0.041118
0 0.667222 0.410362 0.021111 0.031250
0 0.462778 0.281250 0.021111 0.036184
0 0.437778 0.282895 0.022222 0.036184
0 0.615000 0.411184 0.021111 0.032895
0 0.550556 0.701480 0.038889 0.041118
0 0.397778 0.327303 0.035556 0.036184
0 0.667778 0.450658 0.022222 0.032895
0 0.346667 0.660362 0.035556 0.037829
0 0.566667 0.828125 0.024444 0.037829
0 0.540556 0.829770 0.023333 0.034539
0 0.590556 0.577303 0.021111 0.032895
0 0.590556 0.450658 0.021111 0.029605
0 0.642222 0.452303 0.022222 0.032895
0 0.590556 0.407895 0.021111 0.036184
0 0.642778 0.409539 0.023333 0.036184
0 0.592778 0.537007 0.023333 0.034539
0 0.655556 0.659539 0.033333 0.039474
0 0.397778 0.367599 0.035556 0.047697
0 0.564444 0.451480 0.022222 0.037829
0 0.615556 0.493421 0.022222 0.032895
0 0.616111 0.576480 0.023333 0.037829
0 0.397778 0.615954 0.033333 0.044408
0 0.396667 0.704770 0.033333 0.044408
0 0.345556 0.701480 0.037778 0.044408
0 0.448889 0.659539 0.031111 0.039474
0 0.654444 0.324836 0.031111 0.041118
0 0.591667 0.492599 0.023333 0.037829
0 0.655556 0.702303 0.035556 0.046053
0 0.500556 0.444901 0.041111 0.044408
0 0.397778 0.660362 0.033333 0.044408
0 0.654444 0.615954 0.033333 0.047697
0 0.552778 0.615132 0.034444 0.046053
0 0.616667 0.452303 0.022222 0.032895
0 0.552778 0.662007 0.034444 0.044408
0 0.448333 0.705592 0.036667 0.046053
0 0.346667 0.370888 0.035556 0.044408
0 0.345556 0.615132 0.033333 0.049342
0 0.500556 0.489309 0.038889 0.044408
0 0.654444 0.280428 0.033333 0.047697
0 0.448333 0.615954 0.034444 0.047697
0 0.603333 0.367599 0.033333 0.044408
0 0.552778 0.328125 0.034444 0.037829
0 0.345556 0.280428 0.033333 0.044408
0 0.654444 0.367599 0.033333 0.047697
0 0.603333 0.282895 0.033333 0.042763
0 0.345556 0.324836 0.033333 0.044408
0 0.552222 0.369243 0.035556 0.044408
0 0.552778 0.283717 0.034444 0.047697
0 0.603333 0.324836 0.035556 0.041118
0 0.397778 0.282895 0.035556 0.049342
