0 0.731932 0.901220 0.031537 0.036585
0 0.791064 0.747561 0.034166 0.051220
0 0.908016 0.353659 0.036794 0.058537
0 0.675427 0.213415 0.036794 0.026829
0 0.848226 0.798780 0.035480 0.041463
0 0.385020 0.596341 0.034166 0.046341
0 0.327201 0.203659 0.034166 0.051220
0 0.325887 0.797561 0.036794 0.053659
0 0.151774 0.932927 0.035480 0.051220
0 0.659658 0.800000 0.023653 0.043902
0 0.515112 0.709756 0.023653 0.029268
0 0.513798 0.902439 0.023653 0.039024
0 0.513798 0.559756 0.021025 0.031707
0 0.907359 0.309756 0.035480 0.043902
0 0.661629 0.552439 0.022339 0.041463
0 0.514455 0.941463 0.024967 0.043902
0 0.660972 0.309756 0.021025 0.034146
0 0.661629 0.359756 0.022339 0.041463
0 0.660972 0.406098 0.018397 0.041463
0 0.660315 0.452439 0.019711 0.036585
0 0.662286 0.502439 0.021025 0.039024
0 0.688568 0.312195 0.018397 0.034146
0 0.688568 0.358537 0.015769 0.039024
0 0.500657 0.131707 0.031537 0.029268
0 0.500000 0.189024 0.032852 0.031707
0 0.501971 0.368293 0.036794 0.039024
0 0.501314 0.404878 0.032852 0.034146
0 0.500657 0.428049 0.034166 0.012195
0 0.513141 0.447561 0.022339 0.021951
0 0.515112 0.470732 0.026281 0.024390
0 0.514455 0.762195 0.022339 0.026829
0 0.515769 0.682927 0.019711 0.034146
0 0.515769 0.624390 0.022339 0.034146
0 0.514455 0.582927 0.019711 0.024390
0 0.732589 0.792683 0.035480 0.053659
0 0.268725 0.695122 0.032852 0.048780
0 0.384363 0.895122 0.035480 0.053659
0 0.326544 0.450000 0.032852 0.046341
0 0.210907 0.158537 0.038108 0.053659
0 0.732589 0.603659 0.038108 0.051220
0 0.559133 0.165854 0.035480 0.053659
0 0.442181 0.747561 0.032852 0.051220
0 0.618265 0.159756 0.035480 0.051220
0 0.444809 0.212195 0.035480 0.053659
0 0.268725 0.792683 0.038108 0.048780
0 0.616951 0.502439 0.035480 0.043902
0 0.560447 0.308537 0.032852 0.051220
0 0.386334 0.158537 0.034166 0.058537
0 0.210907 0.597561 0.032852 0.053659
0 0.733246 0.650000 0.036794 0.051220
0 0.269382 0.843902 0.034166 0.053659
0 0.616951 0.651220 0.038108 0.043902
0 0.616951 0.604878 0.035480 0.048780
0 0.617608 0.456098 0.036794 0.048780
0 0.210907 0.792683 0.035480 0.053659
0 0.442181 0.700000 0.032852 0.048780
0 0.732589 0.700000 0.035480 0.048780
0 0.210250 0.696341 0.034166 0.051220
0 0.210907 0.495122 0.032852 0.048780
0 0.325887 0.648780 0.036794 0.048780
0 0.615637 0.845122 0.035480 0.051220
0 0.210250 0.302439 0.034166 0.053659
0 0.268068 0.552439 0.034166 0.051220
0 0.443495 0.500000 0.035480 0.043902
0 0.443495 0.650000 0.035480 0.051220
0 0.210907 0.648780 0.035480 0.048780
0 0.210907 0.843902 0.035480 0.048780
0 0.616951 0.896341 0.035480 0.051220
0 0.659658 0.701220 0.028909 0.051220
0 0.791721 0.410976 0.032852 0.051220
0 0.153088 0.696341 0.038108 0.056098
0 0.617608 0.210976 0.034166 0.041463
0 0.687911 0.895122 0.022339 0.043902
0 0.559790 0.354878 0.034166 0.046341
0 0.385020 0.257317 0.036794 0.046341
0 0.848883 0.213415 0.034166 0.051220
0 0.384363 0.501220 0.032852 0.041463
0 0.688568 0.945122 0.026281 0.051220
0 0.559790 0.114634 0.034166 0.053659
0 0.444809 0.158537 0.038108 0.053659
0 0.385020 0.353659 0.036794 0.048780
0 0.385020 0.307317 0.036794 0.048780
0 0.094612 0.158537 0.034166 0.058537
0 0.849540 0.458537 0.032852 0.043902
0 0.790407 0.210976 0.035480 0.060976
0 0.848883 0.410976 0.031537 0.051220
0 0.210250 0.450000 0.034166 0.046341
0 0.325887 0.501220 0.031537 0.051220
0 0.908016 0.457317 0.039422 0.051220
0 0.515112 0.656098 0.021025 0.029268
0 0.326544 0.939024 0.032852 0.043902
0 0.906045 0.946341 0.035480 0.048780
0 0.326544 0.353659 0.032852 0.043902
0 0.268725 0.307317 0.038108 0.048780
0 0.498686 0.800000 0.035480 0.029268
0 0.499343 0.281707 0.034166 0.056098
0 0.501971 0.102439 0.036794 0.034146
0 0.498029 0.826829 0.034166 0.019512
0 0.269382 0.153659 0.034166 0.058537
0 0.443495 0.403659 0.032852 0.051220
0 0.615637 0.798780 0.035480 0.051220
0 0.442181 0.896341 0.032852 0.041463
0 0.384363 0.798780 0.035480 0.051220
0 0.906045 0.803659 0.035480 0.046341
0 0.503285 0.158537 0.034166 0.029268
0 0.905388 0.847561 0.036794 0.041463
0 0.152431 0.503659 0.034166 0.041463
0 0.789750 0.946341 0.039422 0.043902
0 0.513141 0.736585 0.024967 0.024390
0 0.441524 0.943902 0.036794 0.048780
0 0.501314 0.229268 0.035480 0.053659
0 0.614980 0.747561 0.036794 0.051220
0 0.616951 0.308537 0.035480 0.051220
0 0.325887 0.306098 0.036794 0.051220
0 0.789750 0.897561 0.036794 0.048780
0 0.906045 0.702439 0.035480 0.048780
0 0.849540 0.947561 0.038108 0.046341
0 0.906045 0.748780 0.035480 0.053659
0 0.906045 0.656098 0.035480 0.048780
0 0.383706 0.843902 0.036794 0.043902
0 0.326544 0.843902 0.038108 0.043902
0 0.385020 0.456098 0.034166 0.048780
0 0.618265 0.358537 0.032852 0.043902
0 0.385020 0.693902 0.036794 0.051220
0 0.268068 0.451220 0.034166 0.053659
0 0.325887 0.748780 0.036794 0.048780
0 0.210907 0.230488 0.035480 0.080488
0 0.687911 0.648780 0.022339 0.034146
0 0.094612 0.204878 0.034166 0.043902
0 0.848883 0.748780 0.036794 0.048780
0 0.790407 0.508537 0.035480 0.051220
0 0.791064 0.360976 0.031537 0.043902
0 0.152431 0.895122 0.036794 0.053659
0 0.905388 0.895122 0.036794 0.053659
0 0.908673 0.507317 0.035480 0.048780
0 0.849540 0.553659 0.035480 0.053659
0 0.849540 0.701220 0.035480 0.051220
0 0.094612 0.693902 0.034166 0.051220
0 0.732589 0.941463 0.035480 0.053659
0 0.733246 0.359756 0.028909 0.036585
0 0.789750 0.792683 0.036794 0.053659
0 0.848226 0.897561 0.038108 0.048780
0 0.326544 0.248780 0.032852 0.053659
0 0.152431 0.642683 0.036794 0.051220
0 0.849540 0.264634 0.032852 0.051220
0 0.327201 0.553659 0.034166 0.053659
0 0.153088 0.204878 0.032852 0.048780
0 0.790407 0.701220 0.035480 0.051220
0 0.442181 0.598780 0.032852 0.046341
0 0.152431 0.451220 0.034166 0.058537
0 0.325887 0.598780 0.036794 0.046341
0 0.152431 0.746341 0.036794 0.043902
0 0.659658 0.843902 0.023653 0.043902
0 0.849540 0.604878 0.038108 0.048780
0 0.687911 0.745122 0.022339 0.036585
0 0.660972 0.600000 0.023653 0.039024
0 0.630749 0.114634 0.023653 0.043902
0 0.688568 0.114634 0.023653 0.043902
0 0.093298 0.940244 0.036794 0.051220
0 0.733246 0.501220 0.034166 0.051220
0 0.907359 0.553659 0.038108 0.053659
0 0.560447 0.404878 0.032852 0.053659
0 0.848883 0.503659 0.031537 0.046341
0 0.268725 0.353659 0.038108 0.053659
0 0.688568 0.796341 0.021025 0.041463
0 0.093955 0.641463 0.035480 0.053659
0 0.790407 0.652439 0.035480 0.051220
0 0.733903 0.552439 0.035480 0.051220
0 0.092641 0.791463 0.032852 0.046341
0 0.908016 0.606098 0.036794 0.051220
0 0.662286 0.115854 0.026281 0.041463
0 0.791064 0.604878 0.034166 0.053659
0 0.268725 0.404878 0.035480 0.043902
0 0.849540 0.310976 0.035480 0.051220
0 0.848226 0.843902 0.038108 0.058537
0 0.559790 0.457317 0.031537 0.051220
0 0.093955 0.250000 0.035480 0.051220
0 0.326544 0.397561 0.032852 0.053659
0 0.658344 0.947561 0.023653 0.041463
0 0.094612 0.448780 0.034166 0.043902
0 0.093298 0.595122 0.036794 0.048780
0 0.153088 0.791463 0.038108 0.051220
0 0.791721 0.310976 0.032852 0.051220
0 0.789750 0.554878 0.036794 0.051220
0 0.688568 0.597561 0.023653 0.043902
0 0.153745 0.352439 0.034166 0.051220
0 0.659658 0.745122 0.023653 0.036585
0 0.444152 0.306098 0.034166 0.046341
0 0.849540 0.650000 0.038108 0.051220
0 0.689225 0.456098 0.022339 0.039024
0 0.153088 0.159756 0.032852 0.051220
0 0.268725 0.895122 0.032852 0.043902
0 0.659001 0.892683 0.022339 0.039024
0 0.151774 0.596341 0.035480 0.051220
0 0.559790 0.258537 0.034166 0.048780
0 0.689225 0.552439 0.022339 0.046341
0 0.268725 0.647561 0.032852 0.046341
0 0.676084 0.167073 0.035480 0.051220
0 0.848883 0.360976 0.034166 0.053659
0 0.907359 0.264634 0.038108 0.051220
0 0.689882 0.501220 0.021025 0.041463
0 0.093955 0.841463 0.035480 0.048780
0 0.093955 0.745122 0.035480 0.051220
0 0.790407 0.848780 0.035480 0.053659
0 0.687911 0.404878 0.022339 0.043902
0 0.733903 0.746341 0.035480 0.043902
0 0.442181 0.553659 0.032852 0.058537
0 0.733246 0.456098 0.034166 0.048780
0 0.269382 0.204878 0.034166 0.048780
0 0.659001 0.651220 0.024967 0.043902
0 0.153088 0.842683 0.038108 0.051220
0 0.791064 0.263415 0.034166 0.048780
0 0.093298 0.301220 0.034166 0.046341
0 0.325887 0.895122 0.036794 0.053659
0 0.385677 0.547561 0.035480 0.051220
0 0.092641 0.351220 0.032852 0.048780
0 0.733903 0.264634 0.032852 0.051220
0 0.269382 0.256098 0.034166 0.053659
0 0.210250 0.945122 0.036794 0.046341
0 0.907359 0.407317 0.038108 0.053659
0 0.675427 0.257317 0.036794 0.056098
0 0.688568 0.696341 0.023653 0.046341
0 0.384363 0.747561 0.032852 0.051220
0 0.384363 0.643902 0.038108 0.053659
0 0.093298 0.889024 0.036794 0.051220
0 0.385677 0.209756 0.035480 0.048780
0 0.792378 0.458537 0.034166 0.043902
0 0.153745 0.397561 0.036794 0.048780
0 0.442181 0.797561 0.032852 0.048780
0 0.733903 0.309756 0.032852 0.048780
0 0.444809 0.258537 0.035480 0.048780
0 0.688568 0.845122 0.023653 0.041463
0 0.327201 0.158537 0.036794 0.048780
0 0.093298 0.546341 0.034166 0.043902
0 0.559790 0.213415 0.034166 0.051220
0 0.617608 0.257317 0.031537 0.051220
0 0.384363 0.945122 0.035480 0.046341
0 0.210250 0.746341 0.034166 0.043902
0 0.151117 0.545122 0.036794 0.051220
0 0.152431 0.302439 0.034166 0.048780
0 0.094612 0.493902 0.036794 0.056098
0 0.443495 0.353659 0.030223 0.053659
0 0.268068 0.598780 0.034166 0.051220
0 0.908673 0.213415 0.035480 0.060976
0 0.210250 0.895122 0.034166 0.053659
0 0.153088 0.254878 0.035480 0.051220
0 0.733903 0.209756 0.038108 0.053659
0 0.210907 0.352439 0.035480 0.051220
0 0.093955 0.397561 0.032852 0.048780
0 0.268725 0.939024 0.035480 0.053659
0 0.616951 0.947561 0.038108 0.051220
0 0.616951 0.696341 0.038108 0.051220
0 0.326544 0.696341 0.038108 0.051220
0 0.385020 0.403659 0.036794 0.051220
0 0.617608 0.406098 0.036794 0.051220
0 0.210907 0.545122 0.032852 0.051220
0 0.268068 0.501220 0.034166 0.051220
0 0.616951 0.553659 0.035480 0.053659
0 0.441524 0.850000 0.036794 0.056098
0 0.732589 0.851220 0.035480 0.053659
0 0.733903 0.404878 0.035480 0.053659
0 0.210907 0.403659 0.035480 0.051220
0 0.444152 0.454878 0.034166 0.051220
0 0.268725 0.746341 0.035480 0.053659
