0 0.872222 0.742175 0.022222 0.034596
0 0.903333 0.779242 0.022222 0.029654
0 0.125000 0.612026 0.021111 0.037891
0 0.125000 0.570016 0.021111 0.029654
0 0.927778 0.822076 0.022222 0.036244
0 0.126667 0.700165 0.024444 0.036244
0 0.126111 0.655684 0.023333 0.036244
0 0.927778 0.780066 0.022222 0.034596
0 0.461111 0.907743 0.022222 0.036244
0 0.126111 0.528830 0.021111 0.029654
0 0.848333 0.281713 0.021111 0.029654
0 0.926111 0.530478 0.023333 0.032949
0 0.849444 0.741351 0.021111 0.032949
0 0.152222 0.658155 0.024444 0.037891
0 0.152778 0.742998 0.023333 0.036244
0 0.126111 0.405272 0.021111 0.029654
0 0.849444 0.780066 0.021111 0.034596
0 0.126667 0.443987 0.022222 0.034596
0 0.281667 0.742175 0.021111 0.034596
0 0.151111 0.447282 0.022222 0.037891
0 0.151667 0.614498 0.025556 0.036244
0 0.255000 0.406096 0.021111 0.031301
0 0.255556 0.448105 0.022222 0.032949
0 0.872222 0.324547 0.024444 0.036244
0 0.900556 0.405272 0.021111 0.032949
0 0.230556 0.445634 0.021111 0.034596
0 0.127778 0.488468 0.024444 0.037891
0 0.086111 0.702636 0.036667 0.044481
0 0.138333 0.363262 0.034444 0.044481
0 0.901111 0.488468 0.022222 0.034596
0 0.241111 0.703460 0.037778 0.049423
0 0.925000 0.445634 0.021111 0.034596
0 0.189444 0.703460 0.032222 0.042834
0 0.151667 0.529654 0.023333 0.034596
0 0.912778 0.698517 0.036667 0.042834
0 0.242778 0.658979 0.034444 0.042834
0 0.086667 0.320428 0.033333 0.041186
0 0.926111 0.407743 0.021111 0.031301
0 0.190556 0.364909 0.034444 0.044481
0 0.191667 0.276771 0.036667 0.046129
0 0.293333 0.658979 0.033333 0.042834
0 0.912222 0.654860 0.035556 0.041186
0 0.900556 0.447282 0.025556 0.037891
0 0.293333 0.610379 0.035556 0.047776
0 0.138333 0.322076 0.032222 0.041186
0 0.912222 0.366557 0.033333 0.041186
0 0.927778 0.487644 0.024444 0.032949
0 0.861667 0.696870 0.034444 0.046129
0 0.190556 0.658155 0.032222 0.044481
0 0.231667 0.405272 0.023333 0.036244
0 0.138333 0.277595 0.036667 0.044481
0 0.086667 0.614498 0.037778 0.049423
0 0.086667 0.659802 0.035556 0.044481
0 0.190556 0.613674 0.032222 0.047776
0 0.242222 0.318781 0.033333 0.037891
0 0.086111 0.363262 0.038889 0.044481
0 0.294444 0.322900 0.033333 0.039539
0 0.242778 0.613674 0.036667 0.047776
0 0.242222 0.364086 0.037778 0.046129
0 0.086667 0.276771 0.037778 0.049423
0 0.190556 0.322076 0.036667 0.041186
0 0.242222 0.277595 0.035556 0.044481
0 0.293333 0.277595 0.033333 0.044481
0 0.860556 0.654860 0.032222 0.041186
0 0.912778 0.282537 0.036667 0.047776
0 0.912222 0.611203 0.035556 0.046129
0 0.860556 0.610379 0.034444 0.044481
0 0.912778 0.325371 0.034444 0.041186
0 0.097778 0.864086 0.028889 0.041186
0 0.437778 0.908567 0.022222 0.034596
0 0.902778 0.820428 0.023333 0.032949
0 0.098333 0.779242 0.027778 0.036244
0 0.126111 0.741351 0.021111 0.032949
0 0.851667 0.863262 0.023333 0.032949
0 0.902222 0.864086 0.024444 0.034596
0 0.927778 0.741351 0.022222 0.036244
0 0.097222 0.742998 0.023333 0.029654
0 0.873889 0.783361 0.021111 0.034596
0 0.872222 0.281713 0.022222 0.029654
0 0.152222 0.405272 0.020000 0.032949
0 0.295556 0.363262 0.035556 0.044481
0 0.850556 0.822076 0.023333 0.032949
0 0.151667 0.572488 0.023333 0.031301
0 0.903333 0.908567 0.024444 0.037891
0 0.281667 0.780066 0.021111 0.034596
0 0.293333 0.700165 0.035556 0.042834
0 0.875000 0.864909 0.021111 0.032949
0 0.307222 0.780066 0.021111 0.031301
0 0.927222 0.908567 0.023333 0.034596
0 0.850556 0.905272 0.023333 0.034596
0 0.927222 0.863262 0.023333 0.036244
0 0.307222 0.741351 0.021111 0.029654
0 0.902222 0.738056 0.024444 0.032949
0 0.151111 0.700165 0.022222 0.036244
