0 0.273484 0.325601 0.035672 0.042955
0 0.550535 0.724227 0.035672 0.042955
0 0.618906 0.419244 0.020214 0.034364
0 0.782996 0.416667 0.024970 0.036082
0 0.454221 0.721649 0.028537 0.037801
0 0.453032 0.943299 0.023781 0.034364
0 0.064804 0.891753 0.022592 0.034364
0 0.426278 0.852234 0.024970 0.037801
0 0.063615 0.939003 0.024970 0.036082
0 0.785969 0.544674 0.026159 0.037801
0 0.039239 0.939003 0.026159 0.036082
0 0.426873 0.894330 0.026159 0.036082
0 0.452438 0.852234 0.024970 0.041237
0 0.497027 0.139175 0.047562 0.034364
0 0.454221 0.808419 0.026159 0.036082
0 0.274673 0.283505 0.033294 0.041237
0 0.497027 0.204467 0.049941 0.027491
0 0.453032 0.761168 0.023781 0.037801
0 0.453032 0.896907 0.023781 0.037801
0 0.785969 0.463058 0.026159 0.036082
0 0.175981 0.458763 0.023781 0.041237
0 0.505351 0.766323 0.026159 0.030928
0 0.618906 0.549828 0.027348 0.034364
0 0.881094 0.238832 0.038050 0.048110
0 0.550535 0.328179 0.035672 0.041237
0 0.495838 0.500859 0.040428 0.046392
0 0.162307 0.630584 0.039239 0.051546
0 0.549941 0.280928 0.036861 0.049828
0 0.441736 0.280928 0.039239 0.049828
0 0.215815 0.719931 0.039239 0.048110
0 0.661118 0.238832 0.035672 0.048110
0 0.825208 0.283505 0.033294 0.044674
0 0.939358 0.192440 0.038050 0.051546
0 0.715815 0.195017 0.038050 0.056701
0 0.550535 0.371993 0.035672 0.049828
0 0.106421 0.628866 0.034483 0.048110
0 0.496433 0.454467 0.041617 0.046392
0 0.217598 0.283505 0.038050 0.048110
0 0.441736 0.327320 0.036861 0.046392
0 0.826992 0.329897 0.036861 0.044674
0 0.274673 0.237113 0.035672 0.051546
0 0.441736 0.371993 0.036861 0.042955
0 0.161118 0.722509 0.039239 0.046392
0 0.497027 0.236254 0.045184 0.039519
0 0.606421 0.283505 0.035672 0.048110
0 0.107610 0.374570 0.034483 0.044674
0 0.163496 0.330756 0.036861 0.039519
0 0.384661 0.628866 0.036861 0.051546
0 0.162307 0.677835 0.036861 0.039519
0 0.772295 0.371993 0.041617 0.042955
0 0.218193 0.329897 0.039239 0.044674
0 0.714625 0.243986 0.035672 0.037801
0 0.050535 0.374570 0.039239 0.051546
0 0.383472 0.677835 0.034483 0.042955
0 0.051724 0.631443 0.039239 0.046392
0 0.714625 0.286082 0.035672 0.049828
0 0.105826 0.677835 0.038050 0.046392
0 0.939358 0.241409 0.035672 0.042955
0 0.606421 0.374570 0.035672 0.044674
0 0.162307 0.371993 0.039239 0.042955
0 0.593936 0.416667 0.022592 0.036082
0 0.771106 0.329897 0.039239 0.041237
0 0.329964 0.192440 0.036861 0.054983
0 0.105232 0.722509 0.036861 0.046392
0 0.218193 0.633162 0.036861 0.049828
0 0.328775 0.286082 0.036861 0.049828
0 0.826992 0.371993 0.039239 0.042955
0 0.938169 0.286082 0.040428 0.046392
0 0.050535 0.677835 0.039239 0.049828
0 0.107610 0.283505 0.034483 0.048110
0 0.051130 0.721649 0.040428 0.041237
0 0.606421 0.675258 0.038050 0.048110
0 0.769917 0.283505 0.034483 0.051546
0 0.499405 0.309278 0.042806 0.041237
0 0.163496 0.283505 0.036861 0.054983
0 0.607610 0.630584 0.035672 0.044674
0 0.384661 0.721649 0.034483 0.048110
0 0.051724 0.329897 0.036861 0.044674
0 0.399524 0.280928 0.023781 0.042955
0 0.428656 0.457904 0.022592 0.039519
0 0.330559 0.241409 0.033294 0.042955
0 0.550535 0.631443 0.035672 0.046392
0 0.495838 0.544674 0.030916 0.041237
0 0.593936 0.456186 0.022592 0.036082
0 0.217004 0.374570 0.039239 0.044674
0 0.453032 0.419244 0.021403 0.037801
0 0.606421 0.329897 0.035672 0.041237
0 0.106421 0.329897 0.034483 0.044674
0 0.881094 0.327320 0.033294 0.039519
0 0.660523 0.329897 0.034483 0.041237
0 0.618906 0.461340 0.022592 0.039519
0 0.427467 0.416667 0.022592 0.036082
0 0.454221 0.502577 0.023781 0.039519
0 0.826992 0.724227 0.039239 0.046392
0 0.549346 0.679553 0.038050 0.049828
0 0.454221 0.589347 0.023781 0.041237
0 0.038050 0.847938 0.028537 0.039519
0 0.606421 0.724227 0.038050 0.046392
0 0.497027 0.378866 0.045184 0.036082
0 0.660523 0.286082 0.034483 0.042955
0 0.827586 0.633162 0.033294 0.046392
0 0.063615 0.763746 0.022592 0.036082
0 0.150416 0.505155 0.024970 0.037801
0 0.426873 0.675258 0.026159 0.037801
0 0.427467 0.586770 0.022592 0.039519
0 0.429845 0.502577 0.022592 0.036082
0 0.064804 0.808419 0.024970 0.036082
0 0.150416 0.416667 0.024970 0.039519
0 0.453032 0.460481 0.023781 0.037801
0 0.426278 0.717354 0.024970 0.039519
0 0.497622 0.274055 0.043995 0.032646
0 0.119501 0.808419 0.027348 0.039519
0 0.175981 0.416667 0.023781 0.036082
0 0.427467 0.630584 0.024970 0.037801
0 0.453032 0.631443 0.023781 0.039519
0 0.426873 0.805842 0.026159 0.037801
0 0.051724 0.283505 0.034483 0.044674
0 0.149227 0.460481 0.024970 0.041237
0 0.035672 0.808419 0.023781 0.039519
0 0.036861 0.892612 0.026159 0.039519
0 0.427467 0.761168 0.024970 0.041237
0 0.495838 0.169244 0.045184 0.039519
0 0.036861 0.763746 0.023781 0.036082
0 0.427467 0.542096 0.022592 0.042955
0 0.149227 0.547251 0.024970 0.036082
0 0.497622 0.343643 0.043995 0.034364
0 0.372771 0.280928 0.024970 0.039519
0 0.882283 0.285223 0.033294 0.044674
0 0.453032 0.675258 0.026159 0.041237
0 0.454221 0.547251 0.023781 0.036082
0 0.828181 0.677835 0.036861 0.049828
0 0.118906 0.766323 0.023781 0.034364
0 0.426278 0.941581 0.024970 0.037801
