0 0.893900 0.648787 0.025735 0.039513
0 0.928677 0.677823 0.025190 0.034637
0 0.142375 0.701331 0.025001 0.042495
0 0.631704 0.373325 0.021902 0.033830
0 0.137748 0.659885 0.024094 0.034368
0 0.464284 0.755072 0.025916 0.041138
0 0.957511 0.714162 0.025916 0.041138
0 0.153728 0.787883 0.028109 0.041677
0 0.476983 0.873856 0.027012 0.041408
0 0.148280 0.744133 0.027012 0.041408
0 0.952884 0.672716 0.025735 0.039513
0 0.506547 0.911685 0.025916 0.041138
0 0.422019 0.724534 0.041437 0.056014
0 0.488948 0.749018 0.024457 0.037619
0 0.405950 0.469649 0.025001 0.042495
0 0.462454 0.138505 0.051310 0.048952
0 0.501190 0.868749 0.025001 0.042495
0 0.134307 0.618983 0.024094 0.034368
0 0.819612 0.200293 0.024094 0.034368
0 0.479411 0.305504 0.047840 0.046520
0 0.923747 0.426883 0.026649 0.038157
0 0.659261 0.408308 0.026649 0.038157
0 0.871338 0.653490 0.024457 0.037619
0 0.174313 0.740248 0.028290 0.043302
0 0.467909 0.792589 0.026649 0.038157
0 0.184207 0.823818 0.027012 0.041408
0 0.120697 0.497084 0.024094 0.034368
0 0.875602 0.691685 0.024638 0.039244
0 0.761025 0.381660 0.027012 0.041408
0 0.471896 0.712292 0.042170 0.053032
0 0.125510 0.535144 0.025735 0.039513
0 0.401322 0.428203 0.026649 0.038157
0 0.311274 0.791794 0.024638 0.039244
0 0.149989 0.532476 0.026098 0.042764
0 0.168956 0.697312 0.029205 0.041946
0 0.247946 0.466685 0.024276 0.035993
0 0.253121 0.507996 0.025553 0.037888
0 0.847898 0.236766 0.028109 0.041677
0 0.884743 0.309546 0.024457 0.037619
0 0.228185 0.511612 0.024638 0.039244
0 0.504090 0.526549 0.034686 0.043291
0 0.471422 0.239001 0.047470 0.052752
0 0.131505 0.578759 0.028290 0.043302
0 0.113989 0.800141 0.041074 0.052763
0 0.384637 0.389717 0.041437 0.056014
0 0.128128 0.452678 0.038882 0.052225
0 0.894455 0.391491 0.025735 0.039513
0 0.634415 0.412737 0.023361 0.037350
0 0.266999 0.763420 0.042715 0.057908
0 0.913305 0.343447 0.024638 0.039244
0 0.798660 0.249687 0.023179 0.035724
0 0.216026 0.775931 0.036508 0.050061
0 0.159610 0.613607 0.026831 0.039782
0 0.929102 0.595895 0.040893 0.051138
0 0.263743 0.719132 0.038700 0.050599
0 0.072436 0.422931 0.037422 0.048705
0 0.773996 0.255741 0.024276 0.035993
0 0.756851 0.344277 0.026649 0.038157
0 0.910227 0.305796 0.024276 0.035993
0 0.793027 0.209323 0.025735 0.039513
0 0.179830 0.441658 0.038882 0.052225
0 0.727036 0.647162 0.040885 0.060620
0 0.778009 0.634651 0.040893 0.051138
0 0.171218 0.354434 0.041255 0.054388
0 0.313620 0.706890 0.037604 0.050330
0 0.923745 0.552958 0.039615 0.049243
0 0.466539 0.669355 0.040893 0.051138
0 0.889370 0.350992 0.029386 0.043571
0 0.308267 0.658943 0.040341 0.055744
0 0.573183 0.217363 0.037604 0.050330
0 0.123591 0.412045 0.036326 0.048436
0 0.891988 0.268526 0.037422 0.048705
0 0.920673 0.384220 0.027746 0.038426
0 0.878496 0.606646 0.039063 0.053850
0 0.365050 0.693431 0.037422 0.048705
0 0.212131 0.730966 0.036689 0.051687
0 0.224835 0.471523 0.027012 0.041408
0 0.118691 0.368161 0.041074 0.052763
0 0.675606 0.660621 0.040341 0.055744
0 0.104829 0.713052 0.042715 0.057908
0 0.654905 0.369300 0.026649 0.038157
0 0.416205 0.682545 0.038519 0.048974
0 0.109819 0.757748 0.039978 0.052494
0 0.207232 0.687082 0.037052 0.054937
0 0.772286 0.593474 0.038519 0.048974
0 0.225722 0.383637 0.037060 0.045454
0 0.532471 0.311684 0.038519 0.048974
0 0.461639 0.625472 0.041255 0.054388
0 0.076607 0.465324 0.043266 0.053301
0 0.717328 0.560207 0.040341 0.055744
0 0.638859 0.331492 0.040159 0.054119
0 0.827429 0.623355 0.041437 0.056014
0 0.277697 0.375054 0.037241 0.047080
0 0.379094 0.350166 0.038337 0.047349
0 0.410575 0.637170 0.038511 0.058457
0 0.258753 0.674436 0.041437 0.056014
0 0.230712 0.428333 0.042352 0.054657
0 0.328031 0.361865 0.037422 0.048705
0 0.529121 0.271595 0.036145 0.046811
0 0.369950 0.737315 0.039978 0.052494
0 0.578816 0.257727 0.037241 0.047080
0 0.067628 0.379860 0.042715 0.057908
0 0.670706 0.616737 0.037785 0.051956
0 0.175112 0.399399 0.040711 0.049512
0 0.823897 0.581641 0.038700 0.050599
0 0.666903 0.572584 0.040341 0.055744
0 0.221185 0.343004 0.039978 0.052494
0 0.271610 0.330627 0.037785 0.051956
0 0.872772 0.565469 0.036326 0.048436
0 0.374104 0.305469 0.039245 0.055475
0 0.883281 0.185500 0.041437 0.056014
0 0.918936 0.509887 0.040159 0.054119
0 0.867873 0.521586 0.038882 0.052225
0 0.569107 0.170772 0.035956 0.054668
0 0.332930 0.405748 0.038511 0.058457
0 0.767386 0.549590 0.041437 0.056014
0 0.738888 0.304435 0.041437 0.056014
0 0.729633 0.221543 0.038882 0.052225
0 0.494745 0.442845 0.046918 0.057359
0 0.431621 0.336438 0.038519 0.048974
0 0.361065 0.647653 0.040341 0.055744
0 0.629332 0.246163 0.037785 0.051956
0 0.888000 0.227758 0.038519 0.048974
0 0.323040 0.317168 0.040159 0.054119
0 0.634231 0.290047 0.037422 0.048705
0 0.426630 0.291742 0.038700 0.050599
0 0.818726 0.535319 0.037052 0.054937
0 0.678660 0.234055 0.037785 0.051956
0 0.583806 0.302423 0.037785 0.051956
0 0.683560 0.277939 0.037422 0.048705
0 0.688278 0.320197 0.038148 0.055206
0 0.523492 0.226220 0.037967 0.053581
0 0.499644 0.486728 0.044363 0.053570
0 0.475963 0.274623 0.044922 0.039480
0 0.143283 0.956598 0.033038 0.047629
0 0.539925 0.731496 0.024094 0.034368
0 0.483617 0.918148 0.025735 0.039513
0 0.932665 0.718590 0.026649 0.038157
0 0.474090 0.832819 0.028109 0.041677
0 0.134486 0.872759 0.031397 0.042484
0 0.157717 0.828650 0.024457 0.037619
0 0.886959 0.773226 0.026649 0.038157
0 0.936926 0.761796 0.027927 0.040051
0 0.948619 0.634521 0.025916 0.041138
0 0.129397 0.837271 0.026286 0.034906
0 0.441601 0.799047 0.026649 0.038157
0 0.900081 0.689016 0.024638 0.039244
0 0.843180 0.194508 0.025190 0.034637
0 0.492483 0.785723 0.025372 0.036262
0 0.803473 0.287748 0.026649 0.038157
0 0.536731 0.354890 0.038708 0.041117
0 0.146457 0.490761 0.023361 0.037350
0 0.283239 0.414606 0.039978 0.052494
0 0.881326 0.732862 0.026649 0.038157
0 0.164328 0.655866 0.026468 0.036532
0 0.942922 0.805411 0.028290 0.043302
0 0.315448 0.829176 0.024638 0.039244
0 0.318157 0.747523 0.039796 0.050869
0 0.910160 0.769201 0.024457 0.037619
0 0.486579 0.369705 0.047659 0.044894
0 0.340660 0.822988 0.024276 0.035993
0 0.966490 0.799626 0.026831 0.039782
0 0.435601 0.760443 0.029938 0.038964
0 0.484775 0.338420 0.046199 0.041375
0 0.468889 0.206225 0.050403 0.040826
0 0.441453 0.379111 0.026098 0.042764
0 0.890490 0.814941 0.026831 0.039782
0 0.768457 0.211179 0.025553 0.037888
0 0.961500 0.754929 0.027012 0.041408
0 0.336396 0.784793 0.024094 0.034368
0 0.923044 0.637458 0.027746 0.038426
0 0.177844 0.781963 0.025916 0.041138
0 0.464802 0.174666 0.048021 0.048145
