0 0.651476 0.905398 0.033307 0.031282
0 0.723217 0.823179 0.037348 0.041232
0 0.874934 0.603523 0.040589 0.046544
0 0.674085 0.454946 0.037126 0.026447
0 0.770748 0.870312 0.037503 0.035385
0 0.362357 0.623134 0.036815 0.038140
0 0.351510 0.359402 0.037348 0.041232
0 0.285421 0.735498 0.040057 0.043452
0 0.108816 0.776617 0.038569 0.041569
0 0.595361 0.822696 0.026778 0.033896
0 0.470876 0.728403 0.025180 0.024621
0 0.448610 0.850194 0.026245 0.030805
0 0.486039 0.632991 0.023004 0.025492
0 0.879119 0.575528 0.037770 0.036931
0 0.624232 0.666290 0.025291 0.032013
0 0.444958 0.875098 0.028000 0.034234
0 0.650128 0.512301 0.023270 0.027038
0 0.645277 0.544161 0.025291 0.032013
0 0.639605 0.573365 0.021627 0.031002
0 0.633933 0.602569 0.022315 0.028247
0 0.630304 0.634767 0.023803 0.030130
0 0.675508 0.520929 0.020828 0.026364
0 0.670447 0.550301 0.018918 0.028781
0 0.520578 0.358309 0.032508 0.026644
0 0.513707 0.394470 0.033995 0.028527
0 0.495959 0.508601 0.038458 0.034177
0 0.491352 0.531621 0.034262 0.030073
0 0.488211 0.546139 0.033085 0.016497
0 0.497682 0.561710 0.023159 0.019646
0 0.496983 0.576902 0.027090 0.022203
0 0.464538 0.761472 0.023692 0.022738
0 0.474417 0.711567 0.022049 0.026701
0 0.480811 0.674464 0.024491 0.027376
0 0.484118 0.647846 0.020983 0.020517
0 0.663941 0.836773 0.038835 0.043115
0 0.243484 0.655901 0.035860 0.039349
0 0.329113 0.812341 0.038835 0.043115
0 0.323993 0.515372 0.035594 0.037803
0 0.248355 0.300959 0.041278 0.043790
0 0.684587 0.716964 0.041012 0.042244
0 0.571196 0.394958 0.038835 0.043115
0 0.398966 0.733650 0.036126 0.040895
0 0.626819 0.406267 0.038569 0.041569
0 0.459883 0.394993 0.038835 0.043115
0 0.232828 0.717738 0.040745 0.040698
0 0.588170 0.623133 0.037770 0.036931
0 0.556833 0.485732 0.036126 0.040895
0 0.411396 0.345977 0.038147 0.045870
0 0.200404 0.579226 0.036393 0.042441
0 0.680136 0.746505 0.039790 0.041906
0 0.227845 0.750371 0.037614 0.042778
0 0.571919 0.717435 0.040212 0.037606
0 0.576981 0.688062 0.038303 0.040023
0 0.593842 0.593929 0.039524 0.040360
0 0.179092 0.702901 0.038835 0.043115
0 0.404161 0.703504 0.035860 0.039349
0 0.674064 0.778028 0.038303 0.040023
0 0.189004 0.641668 0.037348 0.041232
0 0.211592 0.514297 0.035860 0.039349
0 0.301672 0.641197 0.039524 0.040360
0 0.549520 0.839999 0.038569 0.041569
0 0.232027 0.392001 0.037614 0.042778
0 0.258458 0.565295 0.037348 0.041232
0 0.427227 0.577075 0.037770 0.036931
0 0.410843 0.672150 0.038569 0.041569
0 0.194809 0.611691 0.038303 0.040023
0 0.173498 0.735365 0.038303 0.040023
0 0.545147 0.872801 0.038569 0.041569
0 0.606150 0.760086 0.032463 0.039883
0 0.760590 0.610010 0.036126 0.040895
0 0.135878 0.626999 0.041544 0.045335
0 0.620615 0.438563 0.036282 0.035048
0 0.611229 0.890237 0.025557 0.033559
0 0.551161 0.514936 0.036815 0.038140
0 0.399386 0.408250 0.039257 0.038815
0 0.835294 0.499458 0.037348 0.041232
0 0.372136 0.562674 0.035061 0.034711
0 0.606379 0.922097 0.030020 0.039209
0 0.577401 0.362662 0.037614 0.042778
0 0.465743 0.360983 0.041278 0.043790
0 0.388863 0.469314 0.039524 0.040360
0 0.393925 0.439941 0.039524 0.040360
0 0.140271 0.271116 0.038147 0.045870
0 0.809132 0.654992 0.035327 0.036257
0 0.781213 0.482906 0.039635 0.047753
0 0.813716 0.624678 0.034905 0.040558
0 0.215910 0.485529 0.036815 0.038140
0 0.317789 0.547668 0.034905 0.040558
0 0.863612 0.669225 0.042233 0.042581
0 0.476737 0.694393 0.022737 0.023946
0 0.270581 0.825331 0.035327 0.036257
0 0.808368 0.978678 0.038303 0.040023
0 0.334516 0.454308 0.035327 0.036257
0 0.285841 0.410098 0.040745 0.040698
0 0.445754 0.781387 0.036171 0.027656
0 0.502974 0.453046 0.037880 0.044324
0 0.524996 0.340095 0.037925 0.031085
0 0.442213 0.798224 0.033885 0.021135
0 0.303235 0.312873 0.038147 0.045870
0 0.437749 0.516011 0.036126 0.040895
0 0.554581 0.810626 0.038569 0.041569
0 0.382716 0.827952 0.035061 0.034711
0 0.339635 0.751277 0.038569 0.041569
0 0.823952 0.888241 0.038036 0.038477
0 0.520090 0.375989 0.034950 0.027319
0 0.818546 0.915899 0.038725 0.035723
0 0.156313 0.504702 0.036282 0.035048
0 0.700284 0.948835 0.041434 0.037943
0 0.466114 0.744903 0.025868 0.021866
0 0.376911 0.857929 0.039524 0.040360
0 0.510533 0.420315 0.038835 0.043115
0 0.559565 0.777993 0.039790 0.041906
0 0.609348 0.500232 0.038569 0.041569
0 0.339100 0.423994 0.039790 0.041906
0 0.705612 0.917917 0.039524 0.040360
0 0.835008 0.824085 0.038303 0.040023
0 0.755720 0.964951 0.040479 0.039152
0 0.829946 0.853458 0.038835 0.043115
0 0.840069 0.794713 0.038303 0.040023
0 0.334096 0.779708 0.038991 0.037269
0 0.280971 0.765040 0.040212 0.037606
0 0.377675 0.534243 0.037081 0.039686
0 0.605108 0.532260 0.035327 0.036257
0 0.351701 0.684971 0.039790 0.041906
0 0.269513 0.501139 0.037614 0.042778
0 0.290749 0.704580 0.039524 0.040360
0 0.240496 0.346564 0.041766 0.060120
0 0.638135 0.734098 0.024491 0.027376
0 0.135210 0.300489 0.036548 0.036594
0 0.776820 0.838789 0.039524 0.040360
0 0.748713 0.671510 0.038569 0.041569
0 0.765441 0.578150 0.034106 0.035920
0 0.113556 0.752824 0.040057 0.043452
0 0.813352 0.946045 0.040057 0.043452
0 0.858762 0.701085 0.038303 0.040023
0 0.798742 0.715284 0.038835 0.043115
0 0.782626 0.808812 0.038569 0.041569
0 0.081797 0.610448 0.037348 0.041232
0 0.647691 0.931075 0.038835 0.043115
0 0.711837 0.562539 0.030864 0.030608
0 0.717067 0.851442 0.040057 0.043452
0 0.759959 0.932922 0.040745 0.040698
0 0.345971 0.387833 0.036393 0.042441
0 0.141128 0.592820 0.039790 0.041906
0 0.830310 0.532091 0.036126 0.040895
0 0.313282 0.581243 0.037614 0.042778
0 0.189557 0.315495 0.035860 0.039349
0 0.727668 0.793638 0.038569 0.041569
0 0.415216 0.639348 0.035594 0.037803
0 0.162040 0.471465 0.038147 0.045870
0 0.307133 0.609505 0.039257 0.038815
0 0.129806 0.658522 0.038991 0.037269
0 0.590566 0.850522 0.026778 0.033896
0 0.793148 0.747748 0.040745 0.040698
0 0.627613 0.795162 0.024758 0.028921
0 0.618427 0.696267 0.026245 0.030805
0 0.643350 0.380871 0.026778 0.033896
0 0.697086 0.395708 0.026778 0.033896
0 0.053670 0.766249 0.039790 0.041906
0 0.696386 0.652203 0.037348 0.041232
0 0.852479 0.730121 0.041278 0.043790
0 0.546310 0.546796 0.036393 0.042441
0 0.803593 0.683424 0.034372 0.037466
0 0.280780 0.439471 0.041278 0.043790
0 0.622629 0.827795 0.024069 0.031676
0 0.086914 0.577042 0.038835 0.043115
0 0.732996 0.762719 0.038569 0.041569
0 0.691403 0.684836 0.038569 0.041569
0 0.069310 0.671779 0.035594 0.037803
0 0.847362 0.763527 0.039790 0.041906
0 0.672528 0.389737 0.028954 0.033025
0 0.738801 0.732742 0.037614 0.042778
0 0.275185 0.471935 0.037770 0.036931
0 0.825249 0.561464 0.038569 0.041569
0 0.765820 0.898912 0.041811 0.046881
0 0.539972 0.579865 0.034905 0.040558
0 0.129671 0.328920 0.038569 0.041569
0 0.329721 0.482135 0.036393 0.042441
0 0.578023 0.915887 0.026512 0.032351
0 0.108570 0.455082 0.036548 0.036594
0 0.091365 0.547500 0.039524 0.040360
0 0.125489 0.687291 0.041012 0.042244
0 0.771512 0.546627 0.036126 0.040895
0 0.743041 0.700714 0.039790 0.041906
0 0.644340 0.701802 0.026778 0.033896
0 0.174051 0.409192 0.037348 0.041232
0 0.601355 0.787912 0.025979 0.029259
0 0.449016 0.454343 0.036815 0.038140
0 0.788220 0.776348 0.041012 0.042244
0 0.660402 0.612307 0.025024 0.030467
0 0.194485 0.286895 0.036126 0.040895
0 0.221640 0.782667 0.035327 0.036257
0 0.584627 0.881272 0.025024 0.030467
0 0.145579 0.563279 0.038569 0.041569
0 0.561683 0.453872 0.037081 0.039686
0 0.649879 0.673371 0.025823 0.035105
0 0.248679 0.625755 0.035594 0.037803
0 0.679757 0.425742 0.038569 0.041569
0 0.819177 0.592987 0.037614 0.042778
0 0.884047 0.546928 0.041012 0.042244
0 0.656084 0.641075 0.024069 0.031676
0 0.065070 0.703808 0.038303 0.040023
0 0.075592 0.642743 0.038569 0.041569
0 0.711551 0.887167 0.038835 0.043115
0 0.664775 0.579505 0.025557 0.033559
0 0.670224 0.807738 0.037770 0.036931
0 0.420145 0.610749 0.036926 0.045533
0 0.701315 0.623603 0.037081 0.039686
0 0.297640 0.345338 0.037081 0.039686
0 0.611001 0.728225 0.028000 0.034234
0 0.119894 0.719755 0.041012 0.042244
0 0.776096 0.516312 0.037081 0.039686
0 0.123466 0.361216 0.036815 0.038140
0 0.274766 0.797336 0.040057 0.043452
0 0.368295 0.592384 0.038569 0.041569
0 0.117394 0.392739 0.035860 0.039349
0 0.722837 0.502417 0.036126 0.040895
0 0.292046 0.377802 0.037614 0.042778
0 0.161832 0.799353 0.039257 0.038815
0 0.868463 0.637365 0.041278 0.043790
0 0.669289 0.482773 0.040323 0.044998
0 0.633551 0.764412 0.027045 0.035442
0 0.345230 0.718813 0.036126 0.040895
0 0.356551 0.653111 0.041278 0.043790
0 0.059264 0.733785 0.039790 0.041906
0 0.405191 0.378273 0.038303 0.040023
0 0.756006 0.640324 0.036548 0.036594
0 0.169122 0.437792 0.039524 0.040360
0 0.393505 0.765342 0.035860 0.039349
0 0.717909 0.531016 0.035860 0.039349
0 0.454821 0.424366 0.038303 0.040023
0 0.617301 0.858714 0.026512 0.032351
0 0.356438 0.330802 0.039524 0.040360
0 0.096693 0.516582 0.036548 0.036594
0 0.566612 0.425272 0.037348 0.041232
0 0.615553 0.467936 0.034905 0.040558
0 0.323652 0.844033 0.038036 0.038477
0 0.183543 0.673360 0.036548 0.036594
0 0.150563 0.530646 0.039790 0.041906
0 0.178290 0.377163 0.037081 0.039686
0 0.103642 0.483681 0.040323 0.044998
0 0.443210 0.484320 0.033950 0.041766
0 0.253396 0.594668 0.037348 0.041232
0 0.890862 0.514801 0.039635 0.047753
0 0.167293 0.767661 0.037614 0.042778
0 0.184096 0.347186 0.038569 0.041569
0 0.728831 0.467633 0.041278 0.043790
0 0.227176 0.423861 0.038569 0.041569
0 0.113554 0.422449 0.035860 0.039349
0 0.216845 0.810494 0.038835 0.043115
0 0.539552 0.905265 0.041012 0.042244
0 0.566991 0.746034 0.041012 0.042244
0 0.297087 0.671511 0.041012 0.042244
0 0.383402 0.501005 0.039790 0.041906
0 0.599303 0.562237 0.039790 0.041906
0 0.206131 0.545989 0.036126 0.040895
0 0.264052 0.532831 0.037348 0.041232
0 0.582575 0.655598 0.038835 0.043115
0 0.387167 0.798410 0.040323 0.044998
0 0.657548 0.873875 0.038835 0.043115
0 0.707520 0.591308 0.038835 0.043115
0 0.221582 0.456325 0.038569 0.041569
0 0.432766 0.548644 0.037348 0.041232
0 0.237890 0.688365 0.038835 0.043115
