0 0.479902 0.383099 0.045695 0.049128
0 0.413879 0.318352 0.039303 0.052578
0 0.624542 0.323932 0.038512 0.053756
0 0.745099 0.612598 0.026297 0.035585
0 0.498671 0.502229 0.040831 0.044248
0 0.878705 0.179177 0.026862 0.038782
0 0.692689 0.335719 0.027993 0.045176
0 0.348534 0.254195 0.041623 0.043070
0 0.662320 0.820178 0.041735 0.055018
0 0.476171 0.355504 0.045129 0.045931
0 0.298313 0.275557 0.041282 0.063768
0 0.683579 0.423886 0.024939 0.033566
0 0.719451 0.623489 0.026579 0.037183
0 0.357658 0.903511 0.043319 0.052662
0 0.706795 0.412237 0.024657 0.031967
0 0.733443 0.702615 0.027427 0.041979
0 0.726094 0.661054 0.025278 0.041138
0 0.554222 0.735150 0.026862 0.038782
0 0.366167 0.938637 0.038738 0.049381
0 0.759233 0.692523 0.026862 0.038782
0 0.715615 0.452368 0.027145 0.040380
0 0.448693 0.226108 0.048297 0.041219
0 0.751232 0.653780 0.027145 0.040380
0 0.464489 0.900160 0.037664 0.048960
0 0.731106 0.533472 0.024995 0.039539
0 0.847998 0.148466 0.027427 0.041979
0 0.871638 0.139215 0.025278 0.041138
0 0.460000 0.290048 0.047278 0.046772
0 0.633515 0.660537 0.043375 0.058635
0 0.896623 0.342224 0.039530 0.048203
0 0.468736 0.319958 0.048692 0.054764
0 0.648186 0.740252 0.041735 0.055018
0 0.704242 0.543984 0.025561 0.042736
0 0.440186 0.158509 0.047561 0.048370
0 0.811400 0.760128 0.039021 0.050979
0 0.157254 0.977908 0.042244 0.044184
0 0.690787 0.464648 0.026918 0.044755
0 0.736137 0.571667 0.026918 0.044755
0 0.804474 0.720965 0.038738 0.049381
0 0.136959 0.857421 0.038738 0.049381
0 0.902474 0.381807 0.036080 0.051316
0 0.670697 0.217850 0.025278 0.041138
0 0.677622 0.257013 0.025561 0.042736
0 0.214684 0.986409 0.043092 0.027182
0 0.712243 0.582727 0.027993 0.045176
0 0.143601 0.894986 0.044450 0.059056
0 0.655394 0.781014 0.041453 0.053419
0 0.722427 0.494140 0.026070 0.039960
0 0.641656 0.700080 0.040095 0.051400
0 0.818608 0.800890 0.042018 0.056616
0 0.184776 0.838709 0.038229 0.052157
0 0.646519 0.227312 0.026918 0.044755
0 0.208295 0.961962 0.043884 0.055859
0 0.349421 0.558072 0.034157 0.046100
0 0.783132 0.600278 0.041735 0.055018
0 0.179208 0.800723 0.042244 0.052241
0 0.670744 0.861318 0.044450 0.059056
0 0.300275 0.579014 0.039021 0.050979
0 0.625769 0.619986 0.038738 0.049381
0 0.328825 0.740463 0.039021 0.050979
0 0.427684 0.701776 0.039021 0.050979
0 0.472489 0.938903 0.037946 0.050559
0 0.874998 0.219938 0.037664 0.048960
0 0.271356 0.421982 0.037154 0.051737
0 0.098796 0.657860 0.037946 0.050559
0 0.909824 0.423369 0.042527 0.053840
0 0.513494 0.878419 0.038512 0.053756
0 0.669586 0.344760 0.026918 0.044755
0 0.200550 0.921411 0.043092 0.057037
0 0.393604 0.801424 0.036589 0.048540
0 0.790199 0.640240 0.039586 0.054177
0 0.091861 0.306785 0.043941 0.061832
0 0.700689 0.374462 0.027145 0.040380
0 0.415879 0.920892 0.039303 0.052578
0 0.521127 0.921578 0.039077 0.056953
0 0.157752 0.682644 0.041170 0.051821
0 0.731656 0.322179 0.036589 0.048540
0 0.169709 0.760003 0.038512 0.053756
0 0.817031 0.200749 0.039021 0.050979
0 0.150046 0.941175 0.040943 0.056196
0 0.372018 0.974346 0.044450 0.051307
0 0.810106 0.161585 0.039303 0.052578
0 0.455676 0.255849 0.047335 0.052745
0 0.696780 0.505031 0.026353 0.041558
0 0.685340 0.294158 0.027427 0.041979
0 0.129778 0.820067 0.042244 0.052241
0 0.505494 0.839676 0.040378 0.052999
0 0.444114 0.193717 0.046260 0.052325
0 0.882065 0.259900 0.039813 0.049801
0 0.401322 0.838568 0.036872 0.050138
0 0.193200 0.879849 0.042527 0.053840
0 0.751884 0.144205 0.036872 0.050138
0 0.449959 0.821244 0.039586 0.054177
0 0.676116 0.384933 0.024713 0.037941
0 0.662237 0.303199 0.026353 0.041558
0 0.178603 0.498444 0.037946 0.050559
0 0.743008 0.097259 0.039925 0.061749
0 0.186603 0.537187 0.040943 0.056196
0 0.455375 0.562755 0.037946 0.050559
0 0.351807 0.863927 0.044167 0.057457
0 0.142647 0.288619 0.043941 0.061832
0 0.753649 0.440048 0.041453 0.053419
0 0.135449 0.559769 0.040095 0.051400
0 0.796870 0.681212 0.042527 0.053840
0 0.084945 0.579533 0.035797 0.049718
0 0.162971 0.416541 0.040378 0.052999
0 0.774849 0.559936 0.039303 0.052578
0 0.477481 0.678016 0.038738 0.049381
0 0.286678 0.498879 0.037381 0.047362
0 0.049441 0.375513 0.039869 0.055775
0 0.793767 0.075686 0.042583 0.059813
0 0.685127 0.072055 0.042018 0.056616
0 0.342818 0.819590 0.042018 0.056616
0 0.421872 0.961275 0.039869 0.055775
0 0.610776 0.239590 0.038229 0.052157
0 0.822515 0.244749 0.038002 0.056532
0 0.391406 0.191271 0.039586 0.054177
0 0.163575 0.718821 0.040378 0.052999
0 0.611918 0.541659 0.039303 0.052578
0 0.801823 0.121244 0.039586 0.054177
0 0.421879 0.357095 0.036872 0.050138
0 0.539525 0.129034 0.043658 0.060234
0 0.193953 0.578748 0.042527 0.053840
0 0.758527 0.181770 0.039303 0.052578
0 0.121778 0.781324 0.040378 0.052999
0 0.737648 0.362562 0.037154 0.051737
0 0.277999 0.459547 0.039021 0.050979
0 0.106796 0.696603 0.040378 0.052999
0 0.456347 0.860618 0.042527 0.053840
0 0.107691 0.396301 0.037946 0.050559
0 0.484548 0.717979 0.039869 0.055775
0 0.773085 0.264093 0.039021 0.050979
0 0.888623 0.303481 0.043092 0.057037
0 0.435401 0.738921 0.038738 0.049381
0 0.785993 0.031727 0.042301 0.058215
0 0.385604 0.762681 0.040152 0.057374
0 0.063858 0.457037 0.039303 0.052578
0 0.674831 0.605059 0.040152 0.057374
0 0.654943 0.268452 0.026918 0.044755
0 0.148413 0.334218 0.038512 0.053756
0 0.746723 0.400885 0.036872 0.050138
0 0.364517 0.640185 0.036080 0.051316
0 0.546365 0.174213 0.043092 0.057037
0 0.769281 0.521951 0.039021 0.050979
0 0.093765 0.619664 0.038738 0.049381
0 0.407597 0.880550 0.040152 0.057374
0 0.723656 0.283436 0.039586 0.054177
0 0.156045 0.377378 0.038512 0.053756
0 0.470838 0.640451 0.039586 0.054177
0 0.341704 0.520928 0.039303 0.052578
0 0.199295 0.621950 0.041226 0.057794
0 0.170321 0.458103 0.040943 0.056196
0 0.554280 0.218971 0.038794 0.055355
0 0.100058 0.353141 0.043375 0.058635
0 0.605530 0.502285 0.037946 0.050559
0 0.759924 0.482030 0.039869 0.055775
0 0.314550 0.659739 0.040887 0.050222
0 0.373195 0.679517 0.035005 0.050896
0 0.078133 0.537762 0.039021 0.050979
0 0.335468 0.778028 0.039303 0.052578
0 0.114146 0.738164 0.042527 0.053840
0 0.575113 0.343276 0.035232 0.046521
0 0.371799 0.379257 0.039303 0.052578
0 0.694399 0.117991 0.044167 0.057457
0 0.499643 0.800092 0.042810 0.055438
0 0.448846 0.522582 0.039586 0.054177
0 0.716447 0.242674 0.039869 0.055775
0 0.128099 0.518208 0.040661 0.054597
0 0.142375 0.598933 0.040943 0.056196
0 0.407020 0.581678 0.042244 0.052241
0 0.597388 0.462743 0.038512 0.053756
0 0.056649 0.416275 0.043319 0.052662
0 0.113966 0.438283 0.042810 0.055438
0 0.570743 0.597937 0.040661 0.054597
0 0.667340 0.562699 0.037720 0.054934
0 0.070783 0.496201 0.041735 0.055018
0 0.151901 0.643060 0.044167 0.057457
0 0.765622 0.225140 0.038794 0.055355
0 0.631723 0.361287 0.036589 0.048540
0 0.560555 0.260952 0.036080 0.051316
0 0.638535 0.403058 0.033931 0.050475
0 0.463630 0.599689 0.038738 0.049381
0 0.264403 0.379411 0.038512 0.053756
0 0.709381 0.202712 0.041453 0.053419
0 0.492294 0.758531 0.042244 0.052241
0 0.308699 0.620155 0.043884 0.055859
0 0.441790 0.778295 0.042810 0.055438
0 0.293066 0.538252 0.039869 0.055775
0 0.702172 0.161950 0.043884 0.055859
0 0.491293 0.457261 0.046881 0.061495
0 0.398360 0.233842 0.040943 0.056196
0 0.414483 0.620631 0.041453 0.053419
0 0.549033 0.481666 0.037946 0.050559
0 0.561669 0.559614 0.037664 0.048960
0 0.421833 0.662193 0.038738 0.049381
0 0.556100 0.521629 0.037946 0.050559
0 0.511126 0.280296 0.038229 0.052157
0 0.321617 0.699702 0.041453 0.053419
0 0.618844 0.580822 0.039021 0.050979
0 0.659198 0.523156 0.035005 0.050896
0 0.653461 0.480964 0.033365 0.047278
0 0.121824 0.476226 0.042810 0.055438
0 0.198493 0.312057 0.039360 0.058552
0 0.504200 0.241132 0.038512 0.053756
0 0.320079 0.398642 0.040605 0.048623
0 0.378254 0.721120 0.039586 0.054177
0 0.442712 0.481400 0.039303 0.052578
0 0.334496 0.480166 0.039586 0.054177
0 0.222606 0.441914 0.043375 0.058635
0 0.569262 0.303692 0.038229 0.052157
0 0.533684 0.401362 0.036080 0.051316
0 0.434174 0.442867 0.038512 0.053756
0 0.357846 0.599213 0.039586 0.054177
0 0.206549 0.357614 0.042810 0.055438
0 0.385000 0.460402 0.037437 0.053335
0 0.363375 0.338116 0.039303 0.052578
0 0.582830 0.380420 0.038794 0.055355
0 0.616910 0.280772 0.038512 0.053756
0 0.328503 0.439783 0.039586 0.054177
0 0.214973 0.398755 0.042810 0.055438
0 0.496144 0.195575 0.043658 0.060234
0 0.354951 0.296975 0.039869 0.055775
0 0.248884 0.294901 0.042866 0.061412
0 0.307020 0.318296 0.036872 0.050138
0 0.645998 0.442011 0.037437 0.053335
0 0.312871 0.357880 0.037720 0.054934
0 0.391133 0.501584 0.039303 0.052578
0 0.405992 0.277001 0.036080 0.051316
0 0.400632 0.542305 0.041453 0.053419
0 0.378725 0.418420 0.039021 0.050979
0 0.589925 0.423790 0.037154 0.051737
0 0.541033 0.442923 0.038229 0.052157
0 0.427362 0.401096 0.039586 0.054177
0 0.518758 0.323456 0.039360 0.058552
0 0.257053 0.337850 0.040095 0.051400
0 0.527041 0.363797 0.037946 0.050559
