0 0.704444 0.704770 0.037778 0.047697
0 0.807222 0.704770 0.034444 0.044408
0 0.921667 0.374178 0.023333 0.037829
0 0.859444 0.708882 0.038889 0.046053
0 0.858333 0.664474 0.036667 0.042763
0 0.910556 0.294408 0.032222 0.042763
0 0.858333 0.378289 0.036667 0.046053
0 0.756667 0.664474 0.035556 0.039474
0 0.601667 0.249178 0.034444 0.041118
0 0.600556 0.202303 0.032222 0.049342
0 0.756111 0.706414 0.036667 0.047697
0 0.806667 0.336349 0.033333 0.041118
0 0.807778 0.620066 0.033333 0.049342
0 0.857222 0.336349 0.034444 0.041118
0 0.702222 0.336349 0.033333 0.041118
0 0.652222 0.332237 0.033333 0.039474
0 0.704444 0.620066 0.033333 0.049342
0 0.910556 0.249178 0.038889 0.047697
0 0.601667 0.291941 0.036667 0.044408
0 0.755556 0.333882 0.035556 0.039474
0 0.858333 0.620066 0.036667 0.049342
0 0.651667 0.374178 0.036667 0.047697
0 0.806667 0.376645 0.033333 0.039474
0 0.756667 0.620066 0.035556 0.049342
0 0.806667 0.289474 0.033333 0.049342
0 0.873333 0.870066 0.026667 0.032895
0 0.911667 0.332237 0.036667 0.029605
0 0.770556 0.871711 0.023333 0.032895
0 0.870556 0.749178 0.027778 0.034539
0 0.768333 0.749178 0.023333 0.031250
0 0.818333 0.749178 0.023333 0.037829
0 0.820556 0.787007 0.023333 0.034539
0 0.769444 0.789474 0.027778 0.036184
0 0.150556 0.832237 0.023333 0.032895
0 0.922222 0.416118 0.024444 0.036184
0 0.703333 0.662007 0.033333 0.041118
0 0.807778 0.664474 0.035556 0.042763
0 0.871667 0.789474 0.025556 0.036184
0 0.755556 0.289474 0.035556 0.046053
0 0.702222 0.291941 0.035556 0.047697
0 0.703333 0.376645 0.033333 0.042763
0 0.755556 0.374178 0.033333 0.041118
0 0.858333 0.291941 0.036667 0.047697
0 0.651667 0.287829 0.036667 0.049342
0 0.294444 0.336349 0.033333 0.041118
0 0.553333 0.717928 0.033333 0.041118
0 0.463333 0.715461 0.026667 0.036184
0 0.503333 0.157895 0.044444 0.032895
0 0.295556 0.296053 0.031111 0.039474
0 0.503333 0.220395 0.046667 0.026316
0 0.462222 0.753289 0.022222 0.036184
0 0.203333 0.463816 0.022222 0.039474
0 0.511111 0.758224 0.024444 0.029605
0 0.553333 0.338816 0.033333 0.039474
0 0.502222 0.504112 0.037778 0.044408
0 0.190556 0.628289 0.036667 0.049342
0 0.552778 0.293586 0.034444 0.047697
0 0.451667 0.293586 0.036667 0.047697
0 0.240556 0.713816 0.036667 0.046053
0 0.553333 0.380757 0.033333 0.047697
0 0.138333 0.626645 0.032222 0.046053
0 0.502778 0.459704 0.038889 0.044408
0 0.242222 0.296053 0.035556 0.046053
0 0.451667 0.337993 0.034444 0.044408
0 0.295556 0.251645 0.033333 0.049342
0 0.451667 0.380757 0.034444 0.041118
0 0.189444 0.716283 0.036667 0.044408
0 0.503333 0.250822 0.042222 0.037829
0 0.139444 0.383224 0.032222 0.042763
0 0.191667 0.341283 0.034444 0.037829
0 0.398333 0.626645 0.034444 0.049342
0 0.190556 0.673520 0.034444 0.037829
0 0.242778 0.340461 0.036667 0.042763
0 0.086111 0.383224 0.036667 0.049342
0 0.397222 0.673520 0.032222 0.041118
0 0.087222 0.629112 0.036667 0.044408
0 0.137778 0.673520 0.035556 0.044408
0 0.190556 0.380757 0.036667 0.041118
0 0.347222 0.208882 0.034444 0.052632
0 0.137222 0.716283 0.034444 0.044408
0 0.242778 0.630757 0.034444 0.047697
0 0.346111 0.298520 0.034444 0.047697
0 0.086111 0.673520 0.036667 0.047697
0 0.139444 0.296053 0.032222 0.046053
0 0.086667 0.715461 0.037778 0.039474
0 0.505556 0.320724 0.040000 0.039474
0 0.191667 0.296053 0.034444 0.052632
0 0.398333 0.715461 0.032222 0.046053
0 0.087222 0.340461 0.034444 0.042763
0 0.412222 0.293586 0.022222 0.041118
0 0.439444 0.462993 0.021111 0.037829
0 0.347778 0.255757 0.031111 0.041118
0 0.553333 0.629112 0.033333 0.044408
0 0.502222 0.546053 0.028889 0.039474
0 0.241667 0.383224 0.036667 0.042763
0 0.462222 0.425987 0.020000 0.036184
0 0.138333 0.340461 0.032222 0.042763
0 0.438333 0.423520 0.021111 0.034539
0 0.463333 0.505757 0.022222 0.037829
0 0.552222 0.675164 0.035556 0.047697
0 0.463333 0.588816 0.022222 0.039474
0 0.503333 0.387336 0.042222 0.034539
0 0.098333 0.755757 0.021111 0.034539
0 0.179444 0.508224 0.023333 0.036184
0 0.437778 0.671053 0.024444 0.036184
0 0.438333 0.586349 0.021111 0.037829
0 0.440556 0.505757 0.021111 0.034539
0 0.179444 0.423520 0.023333 0.037829
0 0.462222 0.465461 0.022222 0.036184
0 0.437222 0.711349 0.023333 0.037829
0 0.503889 0.287007 0.041111 0.031250
0 0.203333 0.423520 0.022222 0.034539
0 0.438333 0.628289 0.023333 0.036184
0 0.462222 0.629112 0.022222 0.037829
0 0.087222 0.296053 0.032222 0.042763
0 0.178333 0.465461 0.023333 0.039474
0 0.438333 0.753289 0.023333 0.039474
0 0.502222 0.186678 0.042222 0.037829
0 0.073333 0.755757 0.022222 0.034539
0 0.438333 0.543586 0.021111 0.041118
0 0.178333 0.548520 0.023333 0.034539
0 0.503889 0.353618 0.041111 0.032895
0 0.387222 0.293586 0.023333 0.037829
0 0.462222 0.671053 0.024444 0.039474
0 0.463333 0.548520 0.022222 0.034539
0 0.150000 0.758224 0.022222 0.032895
