0 0.079918 0.450287 0.047814 0.059273
0 0.334016 0.404398 0.045082 0.055449
0 0.524590 0.234226 0.040984 0.051625
0 0.904372 0.512428 0.046448 0.057361
0 0.525956 0.368069 0.038251 0.055449
0 0.335383 0.657744 0.045082 0.057361
0 0.399590 0.591778 0.045082 0.055449
0 0.846995 0.941683 0.040984 0.043977
0 0.593579 0.843212 0.045082 0.049713
0 0.399590 0.845124 0.042350 0.049713
0 0.653689 0.627151 0.039617 0.049713
0 0.081284 0.669216 0.042350 0.057361
0 0.653005 0.358509 0.040984 0.055449
0 0.209016 0.397706 0.040984 0.061185
0 0.399590 0.302103 0.039617 0.053537
0 0.778005 0.281071 0.036885 0.049713
0 0.590847 0.748566 0.045082 0.055449
0 0.656421 0.747610 0.045082 0.057361
0 0.589481 0.356597 0.039617 0.055449
0 0.588798 0.235182 0.038251 0.049713
0 0.841530 0.365201 0.040984 0.053537
0 0.908470 0.841300 0.040984 0.049713
0 0.650956 0.233270 0.039617 0.049713
0 0.143443 0.280115 0.040984 0.051625
0 0.398224 0.892925 0.042350 0.049713
0 0.272541 0.751434 0.045082 0.061185
0 0.272541 0.896750 0.039617 0.045889
0 0.208333 0.751434 0.045082 0.057361
0 0.272541 0.944551 0.039617 0.049713
0 0.528689 0.671128 0.043716 0.061185
0 0.464481 0.263862 0.049180 0.049713
0 0.844945 0.843212 0.039617 0.049713
0 0.209016 0.316444 0.043716 0.059273
0 0.905738 0.666348 0.040984 0.055449
0 0.398907 0.436902 0.040984 0.055449
0 0.527322 0.517208 0.043716 0.059273
0 0.526639 0.589866 0.047814 0.063098
0 0.335383 0.749522 0.045082 0.057361
0 0.083333 0.947419 0.049180 0.055449
0 0.336749 0.943595 0.047814 0.055449
0 0.720628 0.845124 0.045082 0.053537
0 0.336066 0.566922 0.038251 0.059273
0 0.400956 0.751434 0.045082 0.057361
0 0.399590 0.669216 0.045082 0.057361
0 0.591530 0.496176 0.038251 0.055449
0 0.778005 0.230402 0.039617 0.055449
0 0.398907 0.368069 0.038251 0.055449
0 0.842896 0.588910 0.040984 0.061185
0 0.842896 0.660612 0.040984 0.055449
0 0.336749 0.488528 0.039617 0.055449
0 0.841530 0.439771 0.040984 0.053537
0 0.527322 0.439771 0.040984 0.057361
0 0.464481 0.307839 0.049180 0.045889
0 0.413251 0.801147 0.028689 0.038241
0 0.477459 0.753346 0.025956 0.034417
0 0.530055 0.750478 0.043716 0.059273
0 0.719262 0.748566 0.042350 0.055449
0 0.081284 0.298279 0.045082 0.057361
0 0.336749 0.844168 0.047814 0.051625
0 0.271175 0.397706 0.042350 0.057361
0 0.840847 0.299235 0.045082 0.055449
0 0.714481 0.232314 0.040984 0.055449
0 0.903005 0.433078 0.046448 0.055449
0 0.903689 0.364245 0.042350 0.055449
0 0.542350 0.797323 0.027322 0.034417
0 0.092213 0.797323 0.034153 0.042065
0 0.463115 0.222753 0.049180 0.036329
0 0.463115 0.335564 0.051913 0.043977
0 0.921448 0.797323 0.025956 0.038241
0 0.669399 0.799235 0.024590 0.034417
0 0.606557 0.798279 0.024590 0.036329
0 0.272541 0.231358 0.039617 0.057361
0 0.081284 0.599426 0.045082 0.059273
0 0.079918 0.371893 0.045082 0.059273
0 0.336749 0.235182 0.045082 0.053537
0 0.965164 0.282027 0.045082 0.047801
0 0.271175 0.582218 0.045082 0.055449
0 0.716530 0.587954 0.045082 0.055449
0 0.717896 0.666348 0.045082 0.059273
0 0.842896 0.515296 0.040984 0.059273
0 0.398224 0.236138 0.039617 0.055449
0 0.081284 0.231358 0.042350 0.057361
0 0.400956 0.514340 0.045082 0.061185
0 0.903689 0.296367 0.045082 0.053537
0 0.840847 0.231358 0.042350 0.053537
0 0.902322 0.232314 0.039617 0.055449
0 0.207650 0.488528 0.040984 0.055449
0 0.210383 0.656788 0.046448 0.059273
0 0.965164 0.229446 0.039617 0.049713
0 0.146175 0.231358 0.040984 0.049713
0 0.334016 0.321224 0.042350 0.061185
0 0.590164 0.629063 0.040984 0.057361
0 0.207650 0.232314 0.040984 0.055449
0 0.713798 0.300191 0.039617 0.049713
0 0.846995 0.744742 0.046448 0.055449
0 0.272541 0.845124 0.042350 0.053537
0 0.461749 0.418738 0.046448 0.057361
0 0.905738 0.587954 0.043716 0.055449
0 0.079918 0.533461 0.045082 0.061185
0 0.223361 0.800191 0.025956 0.036329
0 0.859290 0.794455 0.027322 0.036329
0 0.286202 0.801147 0.025956 0.034417
0 0.349727 0.799235 0.024590 0.038241
0 0.528689 0.941683 0.040984 0.055449
0 0.732240 0.796367 0.024590 0.032505
0 0.463115 0.071702 0.051913 0.040153
0 0.462432 0.163480 0.053279 0.055449
0 0.081967 0.847992 0.046448 0.055449
0 0.720628 0.937859 0.045082 0.055449
0 0.593579 0.939771 0.045082 0.055449
0 0.529372 0.847036 0.045082 0.061185
0 0.080601 0.746654 0.043716 0.055449
0 0.592213 0.891013 0.042350 0.045889
0 0.908470 0.890057 0.040984 0.047801
0 0.080601 0.896750 0.040984 0.049713
0 0.657787 0.841300 0.045082 0.049713
0 0.713798 0.509560 0.036885 0.051625
0 0.654372 0.490440 0.038251 0.055449
0 0.399590 0.940727 0.045082 0.049713
0 0.909153 0.939771 0.045082 0.051625
0 0.336749 0.892925 0.042350 0.045889
0 0.846995 0.892925 0.040984 0.049713
0 0.656421 0.937859 0.045082 0.055449
0 0.210383 0.572658 0.040984 0.055449
0 0.461749 0.112811 0.051913 0.045889
0 0.209699 0.847036 0.042350 0.049713
0 0.526639 0.303059 0.036885 0.055449
0 0.208333 0.941683 0.047814 0.055449
0 0.907104 0.746654 0.046448 0.055449
0 0.713798 0.433078 0.039617 0.055449
0 0.713798 0.362333 0.045082 0.055449
