0 0.862222 0.545902 0.037778 0.049180
0 0.815556 0.913934 0.033333 0.037705
0 0.759444 0.347541 0.030000 0.042623
0 0.811111 0.419672 0.033333 0.045902
0 0.865556 0.827869 0.033333 0.042623
0 0.450556 0.872131 0.034444 0.042623
0 0.348333 0.875410 0.032222 0.039344
0 0.348333 0.916393 0.032222 0.042623
0 0.813889 0.829508 0.032222 0.042623
0 0.863333 0.677869 0.033333 0.047541
0 0.194444 0.918852 0.040000 0.047541
0 0.400556 0.915574 0.038889 0.047541
0 0.712778 0.831148 0.036667 0.045902
0 0.759444 0.304098 0.032222 0.047541
0 0.812222 0.611475 0.033333 0.052459
0 0.812222 0.672951 0.033333 0.047541
0 0.811111 0.483607 0.033333 0.045902
0 0.711667 0.748361 0.034444 0.047541
0 0.810556 0.363115 0.036667 0.047541
0 0.707778 0.305738 0.033333 0.047541
0 0.861111 0.477869 0.037778 0.047541
0 0.861667 0.418852 0.034444 0.047541
0 0.876111 0.790164 0.021111 0.032787
0 0.911667 0.348361 0.036667 0.040984
0 0.709444 0.610656 0.036667 0.047541
0 0.710556 0.677869 0.036667 0.050820
0 0.812222 0.548361 0.033333 0.050820
0 0.861667 0.360656 0.036667 0.045902
0 0.810556 0.304918 0.034444 0.045902
0 0.860556 0.305738 0.032222 0.047541
0 0.911667 0.303279 0.032222 0.042623
0 0.707222 0.363934 0.032222 0.042623
0 0.815556 0.745082 0.037778 0.047541
0 0.863333 0.610656 0.035556 0.047541
0 0.825556 0.787705 0.022222 0.031148
0 0.556667 0.913934 0.033333 0.047541
0 0.722222 0.789344 0.020000 0.027869
0 0.712778 0.910656 0.036667 0.047541
0 0.609444 0.912295 0.036667 0.047541
0 0.608333 0.870492 0.034444 0.039344
0 0.865556 0.869672 0.033333 0.040984
0 0.192222 0.875410 0.033333 0.042623
0 0.707222 0.543443 0.030000 0.044262
0 0.451667 0.913115 0.036667 0.042623
0 0.866111 0.912295 0.036667 0.044262
0 0.400556 0.872131 0.034444 0.039344
0 0.815556 0.872131 0.033333 0.042623
0 0.660556 0.910656 0.036667 0.047541
0 0.296111 0.913934 0.038889 0.047541
0 0.864444 0.746721 0.037778 0.047541
0 0.707222 0.477869 0.032222 0.047541
0 0.707222 0.417213 0.036667 0.047541
0 0.176111 0.537705 0.023333 0.036066
0 0.202778 0.540164 0.023333 0.037705
0 0.176111 0.663934 0.021111 0.036066
0 0.137222 0.663934 0.034444 0.042623
0 0.202222 0.624590 0.022222 0.039344
0 0.188333 0.370492 0.036667 0.045902
0 0.177222 0.619672 0.023333 0.036066
0 0.396111 0.706557 0.036667 0.042623
0 0.202222 0.709016 0.024444 0.037705
0 0.406111 0.418033 0.023333 0.036066
0 0.561667 0.372951 0.023333 0.040984
0 0.291667 0.248361 0.034444 0.037705
0 0.176667 0.577869 0.024444 0.034426
0 0.240556 0.290164 0.034444 0.042623
0 0.561667 0.414754 0.023333 0.036066
0 0.449444 0.706557 0.032222 0.042623
0 0.601667 0.248361 0.034444 0.040984
0 0.408333 0.455738 0.023333 0.032787
0 0.600556 0.201639 0.032222 0.049180
0 0.188333 0.288525 0.036667 0.052459
0 0.239444 0.245902 0.036667 0.045902
0 0.135556 0.372951 0.033333 0.044262
0 0.652222 0.331148 0.033333 0.039344
0 0.137222 0.619672 0.034444 0.045902
0 0.291667 0.290984 0.036667 0.047541
0 0.396667 0.332787 0.035556 0.042623
0 0.343333 0.332787 0.035556 0.039344
0 0.601667 0.290984 0.036667 0.044262
0 0.498889 0.448361 0.040000 0.047541
0 0.137222 0.706557 0.036667 0.045902
0 0.291667 0.201639 0.036667 0.052459
0 0.498333 0.490984 0.041111 0.040984
0 0.549444 0.290984 0.032222 0.044262
0 0.395556 0.622131 0.033333 0.047541
0 0.651667 0.372951 0.036667 0.047541
0 0.448333 0.664754 0.036667 0.040984
0 0.500556 0.344262 0.043333 0.032787
0 0.499444 0.308197 0.043333 0.039344
0 0.498333 0.279508 0.043333 0.031148
0 0.498333 0.210656 0.045556 0.027869
0 0.500556 0.375410 0.043333 0.036066
0 0.498333 0.532787 0.036667 0.039344
0 0.500556 0.145902 0.045556 0.032787
0 0.396667 0.664754 0.033333 0.040984
0 0.201111 0.414754 0.020000 0.036066
0 0.500556 0.179508 0.043333 0.034426
0 0.498333 0.244262 0.043333 0.039344
0 0.136667 0.332787 0.033333 0.039344
0 0.511667 0.737705 0.021111 0.026230
0 0.202778 0.500000 0.023333 0.032787
0 0.150556 0.786885 0.023333 0.032787
0 0.176667 0.417213 0.024444 0.037705
0 0.201111 0.666393 0.022222 0.034426
0 0.240556 0.332787 0.036667 0.039344
0 0.150556 0.750820 0.025556 0.032787
0 0.548333 0.332787 0.036667 0.036066
0 0.175556 0.497541 0.022222 0.037705
0 0.175556 0.457377 0.022222 0.036066
0 0.202778 0.457377 0.023333 0.039344
0 0.136667 0.290984 0.033333 0.047541
0 0.396667 0.288525 0.035556 0.045902
0 0.447222 0.332787 0.034444 0.042623
0 0.447222 0.619672 0.036667 0.049180
0 0.448333 0.286066 0.036667 0.044262
0 0.343333 0.288525 0.033333 0.045902
0 0.447222 0.372951 0.032222 0.040984
0 0.549444 0.244262 0.036667 0.045902
0 0.651667 0.286885 0.036667 0.049180
0 0.396667 0.372951 0.035556 0.044262
0 0.343333 0.372951 0.037778 0.044262
