0 0.918646 0.675325 0.024941 0.033395
0 0.493468 0.358071 0.051069 0.044527
0 0.492280 0.248609 0.048694 0.037106
0 0.491686 0.320965 0.047506 0.029685
0 0.492280 0.168831 0.051069 0.033395
0 0.561758 0.916512 0.026128 0.037106
0 0.505344 0.775510 0.022565 0.037106
0 0.270784 0.728200 0.035629 0.050093
0 0.891924 0.820037 0.023753 0.040816
0 0.061758 0.779221 0.023753 0.040816
0 0.061164 0.823748 0.024941 0.040816
0 0.105107 0.350649 0.039192 0.048237
0 0.561164 0.963822 0.024941 0.031540
0 0.285629 0.916512 0.024941 0.040816
0 0.491093 0.208720 0.048694 0.046382
0 0.917458 0.725417 0.024941 0.040816
0 0.490499 0.093692 0.052257 0.042672
0 0.945962 0.725417 0.024941 0.037106
0 0.491093 0.131725 0.048694 0.044527
0 0.491686 0.282004 0.047506 0.044527
0 0.615202 0.634508 0.026128 0.040816
0 0.918646 0.771800 0.022565 0.037106
0 0.945962 0.679035 0.024941 0.037106
0 0.918646 0.632653 0.024941 0.037106
0 0.890143 0.400742 0.022565 0.037106
0 0.944774 0.631725 0.022565 0.035250
0 0.560570 0.820965 0.023753 0.042672
0 0.945962 0.772727 0.024941 0.038961
0 0.946556 0.819109 0.028504 0.042672
0 0.533848 0.773655 0.022565 0.037106
0 0.891924 0.776438 0.023753 0.035250
0 0.533848 0.961039 0.022565 0.037106
0 0.862827 0.776438 0.022565 0.038961
0 0.918052 0.397032 0.021378 0.037106
0 0.945368 0.584416 0.023753 0.037106
0 0.888361 0.538033 0.026128 0.040816
0 0.944181 0.400742 0.023753 0.037106
0 0.945368 0.536178 0.026128 0.033395
0 0.918646 0.585343 0.022565 0.038961
0 0.490499 0.534323 0.033254 0.040816
0 0.533848 0.915584 0.022565 0.035250
0 0.559976 0.776438 0.022565 0.038961
0 0.532660 0.821892 0.024941 0.037106
0 0.159739 0.209647 0.039192 0.037106
0 0.889549 0.443414 0.023753 0.040816
0 0.558195 0.397032 0.023753 0.037106
0 0.918646 0.443414 0.022565 0.040816
0 0.558195 0.538961 0.026128 0.046382
0 0.669240 0.399814 0.022565 0.035250
0 0.450713 0.254174 0.022565 0.040816
0 0.942993 0.443414 0.023753 0.037106
0 0.945368 0.489796 0.023753 0.040816
0 0.918646 0.489796 0.022565 0.033395
0 0.423990 0.256030 0.023753 0.040816
0 0.613420 0.400742 0.022565 0.037106
0 0.544537 0.728200 0.041568 0.046382
0 0.285036 0.819109 0.023753 0.038961
0 0.381235 0.306122 0.038005 0.040816
0 0.256532 0.820965 0.026128 0.042672
0 0.284442 0.870130 0.024941 0.040816
0 0.918646 0.536178 0.022565 0.037106
0 0.669834 0.445269 0.023753 0.037106
0 0.103919 0.301484 0.039192 0.046382
0 0.256532 0.868275 0.023753 0.037106
0 0.326603 0.681818 0.038005 0.042672
0 0.561758 0.871058 0.026128 0.042672
0 0.533848 0.872913 0.024941 0.038961
0 0.587292 0.588126 0.022565 0.037106
0 0.587292 0.445269 0.022565 0.033395
0 0.889549 0.490724 0.026128 0.038961
0 0.862827 0.490724 0.022565 0.038961
0 0.862827 0.398887 0.024941 0.037106
0 0.642518 0.447124 0.023753 0.037106
0 0.875891 0.724490 0.039192 0.050093
0 0.160926 0.252319 0.039192 0.044527
0 0.587292 0.397032 0.022565 0.040816
0 0.256532 0.775510 0.023753 0.037106
0 0.710214 0.628015 0.035629 0.050093
0 0.285036 0.775510 0.023753 0.037106
0 0.048694 0.680891 0.040380 0.044527
0 0.875891 0.628015 0.034442 0.050093
0 0.929929 0.353432 0.040380 0.046382
0 0.105107 0.256030 0.034442 0.048237
0 0.863420 0.443414 0.023753 0.040816
0 0.643112 0.398887 0.024941 0.040816
0 0.929335 0.305195 0.039192 0.050093
0 0.048694 0.256957 0.038005 0.053803
0 0.589667 0.542672 0.024941 0.038961
0 0.046912 0.729128 0.041568 0.051948
0 0.159739 0.155844 0.036817 0.063080
0 0.048694 0.303340 0.038005 0.046382
0 0.048694 0.630798 0.040380 0.055659
0 0.656770 0.680891 0.035629 0.044527
0 0.766033 0.349722 0.038005 0.046382
0 0.381235 0.351577 0.038005 0.053803
0 0.819477 0.208720 0.035629 0.046382
0 0.875891 0.679035 0.036817 0.048237
0 0.270784 0.681818 0.035629 0.042672
0 0.710214 0.730056 0.035629 0.053803
0 0.559382 0.446197 0.023753 0.042672
0 0.614014 0.493506 0.023753 0.037106
0 0.614608 0.587199 0.024941 0.042672
0 0.381235 0.631725 0.035629 0.050093
0 0.380048 0.731911 0.035629 0.050093
0 0.818884 0.158627 0.036817 0.057514
0 0.325416 0.728200 0.040380 0.050093
0 0.435867 0.680891 0.033254 0.044527
0 0.655582 0.303340 0.033254 0.046382
0 0.588480 0.492579 0.024941 0.042672
0 0.269596 0.631725 0.035629 0.057514
0 0.656770 0.729128 0.038005 0.051948
0 0.818884 0.257885 0.034442 0.044527
0 0.491093 0.438776 0.043943 0.050093
0 0.711401 0.678108 0.035629 0.050093
0 0.930523 0.255102 0.039192 0.053803
0 0.381235 0.681818 0.035629 0.050093
0 0.766033 0.303340 0.038005 0.050093
0 0.269596 0.353432 0.035629 0.046382
0 0.655582 0.631725 0.035629 0.053803
0 0.270784 0.253247 0.035629 0.050093
0 0.215558 0.728200 0.039192 0.050093
0 0.546912 0.630798 0.036817 0.051948
0 0.048694 0.351577 0.040380 0.053803
0 0.873515 0.353432 0.036817 0.046382
0 0.213777 0.253247 0.035629 0.050093
0 0.615202 0.447124 0.023753 0.037106
0 0.710214 0.349722 0.038005 0.057514
0 0.159739 0.303340 0.041568 0.050093
0 0.820071 0.303340 0.039192 0.050093
0 0.546912 0.683673 0.036817 0.050093
0 0.709026 0.258813 0.035629 0.053803
0 0.875891 0.256957 0.036817 0.050093
0 0.435273 0.732839 0.039192 0.051948
0 0.215558 0.681818 0.036817 0.046382
0 0.326603 0.355288 0.038005 0.050093
0 0.325416 0.630798 0.035629 0.055659
0 0.491093 0.488868 0.041568 0.050093
0 0.655582 0.253247 0.035629 0.053803
0 0.435273 0.631725 0.036817 0.053803
0 0.766033 0.257885 0.033254 0.044527
0 0.103919 0.206865 0.036817 0.053803
0 0.600950 0.351577 0.035629 0.050093
0 0.546912 0.307050 0.036817 0.042672
0 0.325416 0.253247 0.035629 0.050093
0 0.655582 0.351577 0.035629 0.053803
0 0.215558 0.629870 0.039192 0.053803
0 0.600950 0.256030 0.035629 0.048237
0 0.325416 0.303340 0.035629 0.050093
0 0.874703 0.305195 0.039192 0.050093
0 0.269596 0.302412 0.035629 0.048237
0 0.546318 0.353432 0.038005 0.050093
0 0.546912 0.256957 0.036817 0.053803
0 0.213777 0.302412 0.035629 0.048237
0 0.600950 0.303340 0.038005 0.046382
0 0.381235 0.256030 0.038005 0.055659
0 0.214371 0.351577 0.039192 0.053803
0 0.764846 0.208720 0.035629 0.053803
