0 0.716507 0.781536 0.040670 0.053016
0 0.147727 0.597806 0.025120 0.040219
0 0.176435 0.600548 0.025120 0.042048
0 0.147727 0.738574 0.022727 0.040219
0 0.105861 0.738574 0.037081 0.047532
0 0.175837 0.694698 0.023923 0.043876
0 0.160885 0.411335 0.039474 0.051188
0 0.148923 0.689214 0.025120 0.040219
0 0.050239 0.322669 0.040670 0.053016
0 0.384569 0.786106 0.039474 0.047532
0 0.827153 0.781536 0.037081 0.049360
0 0.950359 0.414077 0.025120 0.042048
0 0.175837 0.788848 0.026316 0.042048
0 0.395335 0.464351 0.025120 0.040219
0 0.562799 0.414077 0.025120 0.045704
0 0.272129 0.275137 0.037081 0.042048
0 0.050239 0.416819 0.040670 0.051188
0 0.883373 0.786106 0.041866 0.051188
0 0.148325 0.642596 0.026316 0.038391
0 0.882177 0.736746 0.039474 0.047532
0 0.217105 0.321755 0.037081 0.047532
0 0.562799 0.460695 0.025120 0.040219
0 0.441986 0.786106 0.034689 0.047532
0 0.938397 0.325411 0.034689 0.047532
0 0.882177 0.418647 0.039474 0.051188
0 0.772727 0.736746 0.038278 0.043876
0 0.605861 0.275137 0.037081 0.045704
0 0.397727 0.506399 0.025120 0.036563
0 0.604665 0.223035 0.034689 0.054845
0 0.772129 0.783364 0.039474 0.053016
0 0.160885 0.319927 0.039474 0.058501
0 0.826555 0.372029 0.035885 0.045704
0 0.215909 0.272395 0.039474 0.051188
0 0.104067 0.414077 0.035885 0.049360
0 0.827751 0.687386 0.035885 0.054845
0 0.880981 0.372029 0.037081 0.045704
0 0.714115 0.372029 0.035885 0.045704
0 0.660287 0.367459 0.035885 0.043876
0 0.105861 0.689214 0.037081 0.051188
0 0.272129 0.322669 0.039474 0.053016
0 0.716507 0.687386 0.035885 0.054845
0 0.385167 0.369287 0.038278 0.047532
0 0.938397 0.275137 0.041866 0.053016
0 0.327751 0.369287 0.038278 0.043876
0 0.605861 0.322669 0.039474 0.049360
0 0.495215 0.498172 0.043062 0.053016
0 0.105861 0.786106 0.039474 0.051188
0 0.272129 0.223035 0.039474 0.058501
0 0.771531 0.369287 0.038278 0.043876
0 0.494617 0.545704 0.044258 0.045704
0 0.549641 0.322669 0.034689 0.049360
0 0.882177 0.687386 0.039474 0.054845
0 0.383971 0.691956 0.035885 0.053016
0 0.659689 0.414077 0.039474 0.053016
0 0.826555 0.416819 0.035885 0.043876
0 0.772727 0.687386 0.038278 0.054845
0 0.440789 0.739488 0.039474 0.045704
0 0.826555 0.319927 0.035885 0.054845
0 0.497010 0.382084 0.046651 0.036563
0 0.898325 0.965265 0.028708 0.036563
0 0.495813 0.341865 0.046651 0.043876
0 0.494617 0.309872 0.046651 0.034735
0 0.494617 0.233090 0.049043 0.031079
0 0.497010 0.416819 0.046651 0.040219
0 0.939593 0.367459 0.039474 0.032907
0 0.494617 0.592322 0.039474 0.043876
0 0.787679 0.967093 0.025120 0.036563
0 0.497010 0.160878 0.049043 0.036563
0 0.385167 0.739488 0.035885 0.045704
0 0.174641 0.460695 0.021531 0.040219
0 0.895335 0.830896 0.029904 0.038391
0 0.785287 0.830896 0.025120 0.034735
0 0.497010 0.198355 0.046651 0.038391
0 0.839115 0.830896 0.025120 0.042048
0 0.494617 0.270567 0.046651 0.043876
0 0.105263 0.369287 0.035885 0.043876
0 0.841507 0.872943 0.025120 0.038391
0 0.786483 0.875686 0.029904 0.040219
0 0.508971 0.820841 0.022727 0.029250
0 0.120215 0.923218 0.025120 0.036563
0 0.950957 0.460695 0.026316 0.040219
0 0.050239 0.369287 0.038278 0.043876
0 0.176435 0.555759 0.025120 0.036563
0 0.120215 0.875686 0.025120 0.036563
0 0.148325 0.463437 0.026316 0.042048
0 0.715311 0.734004 0.035885 0.045704
0 0.174641 0.741316 0.023923 0.038391
0 0.217105 0.369287 0.039474 0.043876
0 0.827751 0.736746 0.038278 0.047532
0 0.120215 0.835466 0.027512 0.036563
0 0.548445 0.369287 0.039474 0.040219
0 0.147129 0.553016 0.023923 0.042048
0 0.147129 0.508227 0.023923 0.040219
0 0.896531 0.875686 0.027512 0.040219
0 0.176435 0.508227 0.025120 0.043876
0 0.105263 0.322669 0.035885 0.053016
0 0.385167 0.319927 0.038278 0.051188
0 0.439593 0.369287 0.037081 0.047532
0 0.439593 0.689214 0.039474 0.054845
0 0.440789 0.317185 0.039474 0.049360
0 0.327751 0.319927 0.035885 0.051188
0 0.771531 0.319927 0.038278 0.051188
0 0.439593 0.414077 0.034689 0.045704
0 0.714115 0.322669 0.038278 0.053016
0 0.715311 0.416819 0.035885 0.047532
0 0.771531 0.414077 0.035885 0.045704
0 0.549641 0.270567 0.039474 0.051188
0 0.882177 0.322669 0.039474 0.053016
0 0.659689 0.318099 0.039474 0.054845
0 0.385167 0.414077 0.038278 0.049360
0 0.327751 0.414077 0.040670 0.049360
