0 0.900556 0.655684 0.023333 0.029654
0 0.502778 0.373970 0.047778 0.039539
0 0.501667 0.276771 0.045556 0.032949
0 0.501111 0.341021 0.044444 0.026359
0 0.501667 0.205931 0.047778 0.029654
0 0.566667 0.869852 0.024444 0.032949
0 0.513889 0.744646 0.021111 0.032949
0 0.294444 0.702636 0.033333 0.044481
0 0.875556 0.784185 0.022222 0.036244
0 0.098889 0.747941 0.022222 0.036244
0 0.098333 0.787479 0.023333 0.036244
0 0.139444 0.367381 0.036667 0.042834
0 0.566111 0.911862 0.023333 0.028007
0 0.308333 0.869852 0.023333 0.036244
0 0.500556 0.241351 0.045556 0.041186
0 0.899444 0.700165 0.023333 0.036244
0 0.500000 0.139209 0.048889 0.037891
0 0.926111 0.700165 0.023333 0.032949
0 0.500556 0.172982 0.045556 0.039539
0 0.501111 0.306425 0.044444 0.039539
0 0.616667 0.619440 0.024444 0.036244
0 0.900556 0.741351 0.021111 0.032949
0 0.926111 0.658979 0.023333 0.032949
0 0.900556 0.617792 0.023333 0.032949
0 0.873889 0.411862 0.021111 0.032949
0 0.925000 0.616969 0.021111 0.031301
0 0.565556 0.785008 0.022222 0.037891
0 0.926111 0.742175 0.023333 0.034596
0 0.926667 0.783361 0.026667 0.037891
0 0.540556 0.742998 0.021111 0.032949
0 0.875556 0.745470 0.022222 0.031301
0 0.540556 0.909390 0.021111 0.032949
0 0.848333 0.745470 0.021111 0.034596
0 0.900000 0.408567 0.020000 0.032949
0 0.925556 0.574959 0.022222 0.032949
0 0.872222 0.533773 0.024444 0.036244
0 0.924444 0.411862 0.022222 0.032949
0 0.925556 0.532125 0.024444 0.029654
0 0.900556 0.575783 0.021111 0.034596
0 0.500000 0.530478 0.031111 0.036244
0 0.540556 0.869028 0.021111 0.031301
0 0.565000 0.745470 0.021111 0.034596
0 0.539444 0.785832 0.023333 0.032949
0 0.190556 0.242175 0.036667 0.032949
0 0.873333 0.449753 0.022222 0.036244
0 0.563333 0.408567 0.022222 0.032949
0 0.900556 0.449753 0.021111 0.036244
0 0.563333 0.534596 0.024444 0.041186
0 0.667222 0.411038 0.021111 0.031301
0 0.462778 0.281713 0.021111 0.036244
0 0.923333 0.449753 0.022222 0.032949
0 0.925556 0.490939 0.022222 0.036244
0 0.900556 0.490939 0.021111 0.029654
0 0.437778 0.283361 0.022222 0.036244
0 0.615000 0.411862 0.021111 0.032949
0 0.550556 0.702636 0.038889 0.041186
0 0.307778 0.783361 0.022222 0.034596
0 0.397778 0.327842 0.035556 0.036244
0 0.281111 0.785008 0.024444 0.037891
0 0.307222 0.828666 0.023333 0.036244
0 0.900556 0.532125 0.021111 0.032949
0 0.667778 0.451400 0.022222 0.032949
0 0.138333 0.323723 0.036667 0.041186
0 0.281111 0.827018 0.022222 0.032949
0 0.346667 0.661450 0.035556 0.037891
0 0.566667 0.829489 0.024444 0.037891
0 0.540556 0.831137 0.023333 0.034596
0 0.590556 0.578254 0.021111 0.032949
0 0.590556 0.451400 0.021111 0.029654
0 0.873333 0.491763 0.024444 0.034596
0 0.848333 0.491763 0.021111 0.034596
0 0.848333 0.410214 0.023333 0.032949
0 0.642222 0.453048 0.022222 0.032949
0 0.860556 0.699341 0.036667 0.044481
0 0.191667 0.280066 0.036667 0.039539
0 0.590556 0.408567 0.021111 0.036244
0 0.281111 0.744646 0.022222 0.032949
0 0.705556 0.613674 0.033333 0.044481
0 0.307778 0.744646 0.022222 0.032949
0 0.086667 0.660626 0.037778 0.039539
0 0.860556 0.613674 0.032222 0.044481
0 0.911111 0.369852 0.037778 0.041186
0 0.139444 0.283361 0.032222 0.042834
0 0.848889 0.449753 0.022222 0.036244
0 0.642778 0.410214 0.023333 0.036244
0 0.910556 0.327018 0.036667 0.044481
0 0.086667 0.284185 0.035556 0.047776
0 0.592778 0.537891 0.023333 0.034596
0 0.085000 0.703460 0.038889 0.046129
0 0.190556 0.194399 0.034444 0.056013
0 0.086667 0.325371 0.035556 0.041186
0 0.086667 0.616145 0.037778 0.049423
0 0.655556 0.660626 0.033333 0.039539
0 0.757778 0.366557 0.035556 0.041186
0 0.397778 0.368204 0.035556 0.047776
0 0.807778 0.241351 0.033333 0.041186
0 0.860556 0.658979 0.034444 0.042834
0 0.294444 0.661450 0.033333 0.037891
0 0.705556 0.704283 0.033333 0.047776
0 0.564444 0.452224 0.022222 0.037891
0 0.615556 0.494234 0.022222 0.032949
0 0.616111 0.577430 0.023333 0.037891
0 0.397778 0.616969 0.033333 0.044481
0 0.396667 0.705931 0.033333 0.044481
0 0.807222 0.196870 0.034444 0.051071
0 0.345556 0.702636 0.037778 0.044481
0 0.448889 0.660626 0.031111 0.039539
0 0.654444 0.325371 0.031111 0.041186
0 0.591667 0.493410 0.023333 0.037891
0 0.293333 0.616969 0.033333 0.051071
0 0.655556 0.703460 0.035556 0.046129
0 0.807222 0.285008 0.032222 0.039539
0 0.500556 0.445634 0.041111 0.044481
0 0.706667 0.658155 0.033333 0.044481
0 0.911667 0.282537 0.036667 0.047776
0 0.397778 0.661450 0.033333 0.044481
0 0.757778 0.325371 0.035556 0.044481
0 0.293333 0.369852 0.033333 0.041186
0 0.654444 0.616969 0.033333 0.047776
0 0.294444 0.280890 0.033333 0.044481
0 0.242778 0.702636 0.036667 0.044481
0 0.552778 0.616145 0.034444 0.046129
0 0.086667 0.368204 0.037778 0.047776
0 0.858333 0.369852 0.034444 0.041186
0 0.241111 0.280890 0.033333 0.044481
0 0.616667 0.453048 0.022222 0.032949
0 0.705556 0.366557 0.035556 0.051071
0 0.190556 0.325371 0.038889 0.044481
0 0.808333 0.325371 0.036667 0.044481
0 0.552778 0.663097 0.034444 0.044481
0 0.704444 0.285832 0.033333 0.047776
0 0.860556 0.284185 0.034444 0.044481
0 0.448333 0.706755 0.036667 0.046129
0 0.242778 0.661450 0.034444 0.041186
0 0.346667 0.371499 0.035556 0.044481
0 0.345556 0.616145 0.033333 0.049423
0 0.500556 0.490115 0.038889 0.044481
0 0.654444 0.280890 0.033333 0.047776
0 0.448333 0.616969 0.034444 0.047776
0 0.757778 0.285008 0.031111 0.039539
0 0.138333 0.239703 0.034444 0.047776
0 0.603333 0.368204 0.033333 0.044481
0 0.552778 0.328666 0.034444 0.037891
0 0.345556 0.280890 0.033333 0.044481
0 0.654444 0.368204 0.033333 0.047776
0 0.242778 0.615321 0.036667 0.047776
0 0.603333 0.283361 0.033333 0.042834
0 0.345556 0.325371 0.033333 0.044481
0 0.859444 0.327018 0.036667 0.044481
0 0.293333 0.324547 0.033333 0.042834
0 0.552222 0.369852 0.035556 0.044481
0 0.552778 0.284185 0.034444 0.047776
0 0.241111 0.324547 0.033333 0.042834
0 0.603333 0.325371 0.035556 0.041186
0 0.397778 0.283361 0.035556 0.049423
0 0.241667 0.368204 0.036667 0.047776
0 0.756667 0.241351 0.033333 0.047776
