0 0.692778 0.705446 0.021111 0.031353
0 0.088333 0.619637 0.036667 0.041254
0 0.087222 0.786304 0.034444 0.037954
0 0.718889 0.787129 0.022222 0.033003
0 0.502222 0.208746 0.044444 0.028053
0 0.087778 0.748350 0.037778 0.041254
0 0.088333 0.661716 0.036667 0.039604
0 0.911667 0.577558 0.034444 0.033003
0 0.692778 0.740924 0.021111 0.029703
0 0.908333 0.331683 0.034444 0.042904
0 0.087222 0.917492 0.036667 0.046205
0 0.087222 0.706271 0.036667 0.046205
0 0.138333 0.537954 0.034444 0.042904
0 0.190556 0.579208 0.034444 0.033003
0 0.190556 0.705446 0.036667 0.041254
0 0.088333 0.199670 0.034444 0.042904
0 0.502778 0.173267 0.041111 0.039604
0 0.693333 0.537129 0.022222 0.031353
0 0.718889 0.747525 0.022222 0.033003
0 0.857222 0.329208 0.030000 0.041254
0 0.718889 0.701320 0.022222 0.033003
0 0.088333 0.538779 0.032222 0.037954
0 0.087222 0.827558 0.036667 0.041254
0 0.757778 0.240924 0.033333 0.033003
0 0.138333 0.578383 0.032222 0.041254
0 0.086111 0.871287 0.036667 0.042904
0 0.190000 0.618812 0.031111 0.039604
0 0.717222 0.619637 0.021111 0.037954
0 0.691667 0.620462 0.025556 0.033003
0 0.692778 0.660891 0.021111 0.037954
0 0.692778 0.577558 0.021111 0.036304
0 0.191667 0.412541 0.034444 0.046205
0 0.140556 0.620462 0.034444 0.046205
0 0.717778 0.537954 0.020000 0.033003
0 0.088333 0.578383 0.034444 0.041254
0 0.908333 0.287954 0.034444 0.047855
0 0.705556 0.329208 0.033333 0.041254
0 0.859444 0.498350 0.032222 0.042904
0 0.912778 0.790429 0.032222 0.039604
0 0.807778 0.371287 0.033333 0.046205
0 0.088333 0.327558 0.034444 0.044554
0 0.807222 0.329208 0.032222 0.041254
0 0.718333 0.660891 0.021111 0.031353
0 0.296667 0.240924 0.031111 0.036304
0 0.705556 0.496700 0.035556 0.042904
0 0.502778 0.273102 0.043333 0.031353
0 0.502222 0.140264 0.042222 0.033003
0 0.912222 0.923267 0.033333 0.044554
0 0.912222 0.748350 0.031111 0.041254
0 0.911667 0.707096 0.036667 0.041254
0 0.503889 0.306931 0.041111 0.039604
0 0.910556 0.196370 0.036667 0.026403
0 0.910556 0.495050 0.036667 0.026403
0 0.860556 0.532178 0.036667 0.024752
0 0.859444 0.410891 0.032222 0.019802
0 0.706667 0.872112 0.033333 0.041254
0 0.910556 0.455446 0.036667 0.046205
0 0.090556 0.150165 0.034444 0.052805
0 0.653333 0.917492 0.035556 0.046205
0 0.911667 0.537954 0.034444 0.049505
0 0.717222 0.578383 0.021111 0.037954
0 0.654444 0.872112 0.031111 0.041254
0 0.705556 0.917492 0.033333 0.046205
0 0.859444 0.577558 0.032222 0.049505
0 0.756667 0.367987 0.033333 0.042904
0 0.087222 0.497525 0.034444 0.047855
0 0.913333 0.877888 0.033333 0.046205
0 0.296667 0.282178 0.031111 0.042904
0 0.910556 0.410066 0.034444 0.041254
0 0.243333 0.150165 0.033333 0.049505
0 0.704444 0.241749 0.037778 0.037954
0 0.653333 0.788779 0.033333 0.039604
0 0.757778 0.326733 0.031111 0.036304
0 0.911667 0.665842 0.036667 0.041254
0 0.088333 0.285479 0.034444 0.039604
0 0.190556 0.661716 0.032222 0.042904
0 0.190000 0.496700 0.031111 0.039604
0 0.654444 0.411716 0.031111 0.044554
0 0.909444 0.371287 0.032222 0.039604
0 0.909444 0.239274 0.036667 0.049505
0 0.806111 0.247525 0.032222 0.042904
0 0.502222 0.240099 0.046667 0.041254
0 0.190556 0.457921 0.032222 0.041254
0 0.912778 0.830858 0.034444 0.041254
0 0.655556 0.829208 0.033333 0.041254
0 0.706667 0.829208 0.033333 0.047855
0 0.296111 0.198020 0.034444 0.042904
0 0.191667 0.198020 0.034444 0.042904
0 0.910556 0.155116 0.034444 0.049505
0 0.451667 0.286304 0.034444 0.047855
0 0.654444 0.452970 0.031111 0.037954
0 0.860556 0.622112 0.034444 0.046205
0 0.807778 0.288779 0.031111 0.039604
0 0.089444 0.369637 0.032222 0.039604
0 0.856111 0.287129 0.036667 0.042904
0 0.603333 0.287129 0.035556 0.046205
0 0.704444 0.411716 0.033333 0.041254
0 0.705556 0.285479 0.033333 0.046205
0 0.654444 0.537954 0.031111 0.042904
0 0.242222 0.198845 0.033333 0.047855
0 0.296667 0.151815 0.035556 0.046205
0 0.140556 0.151815 0.036667 0.046205
0 0.191111 0.325908 0.033333 0.041254
0 0.757778 0.152640 0.033333 0.047855
0 0.808333 0.155116 0.032222 0.049505
0 0.190556 0.538779 0.036667 0.047855
0 0.705556 0.152640 0.035556 0.047855
0 0.192778 0.240924 0.034444 0.046205
0 0.653333 0.707096 0.033333 0.037954
0 0.140556 0.287954 0.032222 0.041254
0 0.859444 0.667492 0.036667 0.044554
0 0.911667 0.619637 0.036667 0.047855
0 0.088333 0.242574 0.036667 0.039604
0 0.705556 0.200495 0.035556 0.041254
0 0.191111 0.370462 0.033333 0.047855
0 0.140556 0.370462 0.032222 0.041254
0 0.400556 0.198845 0.034444 0.047855
0 0.400556 0.150165 0.034444 0.049505
0 0.139444 0.329208 0.036667 0.041254
0 0.088333 0.455446 0.032222 0.039604
0 0.348333 0.150990 0.036667 0.051155
0 0.140556 0.198020 0.036667 0.042904
0 0.654444 0.285479 0.033333 0.042904
0 0.139444 0.456271 0.036667 0.041254
0 0.552778 0.245050 0.032222 0.041254
0 0.553333 0.285479 0.031111 0.039604
0 0.089444 0.410891 0.032222 0.042904
0 0.192778 0.286304 0.032222 0.041254
0 0.756667 0.200495 0.033333 0.047855
0 0.653333 0.369637 0.031111 0.039604
0 0.757778 0.283003 0.033333 0.044554
0 0.242222 0.241749 0.031111 0.041254
0 0.653333 0.495875 0.033333 0.044554
0 0.140556 0.497525 0.034444 0.041254
0 0.654444 0.622112 0.031111 0.039604
0 0.553333 0.200495 0.033333 0.047855
0 0.654444 0.328383 0.033333 0.042904
0 0.552222 0.150165 0.035556 0.049505
0 0.808333 0.200495 0.032222 0.047855
0 0.139444 0.411716 0.036667 0.044554
0 0.859444 0.450495 0.036667 0.049505
0 0.348333 0.200495 0.036667 0.041254
0 0.860556 0.375413 0.032222 0.047855
0 0.347778 0.287129 0.033333 0.042904
0 0.347222 0.241749 0.034444 0.041254
0 0.703333 0.370462 0.035556 0.041254
0 0.705556 0.455446 0.035556 0.042904
0 0.192778 0.151815 0.034444 0.046205
0 0.653333 0.748350 0.035556 0.041254
0 0.139444 0.241749 0.032222 0.047855
0 0.242222 0.285479 0.033333 0.042904
0 0.654444 0.580858 0.033333 0.042904
0 0.653333 0.666667 0.033333 0.042904
