0 0.699833 0.238325 0.038347 0.043727
0 0.494852 0.242723 0.043857 0.040613
0 0.132570 0.161574 0.035059 0.046907
0 0.493454 0.139465 0.046034 0.037400
0 0.495053 0.175491 0.043901 0.043891
0 0.133747 0.207450 0.033903 0.043596
0 0.498837 0.372960 0.043790 0.035696
0 0.516802 0.756114 0.020196 0.015340
0 0.516036 0.740559 0.021329 0.017012
0 0.515292 0.726644 0.020151 0.012062
0 0.499004 0.344261 0.044879 0.034089
0 0.708287 0.698823 0.031682 0.043531
0 0.809924 0.613026 0.032770 0.041924
0 0.394944 0.456364 0.033837 0.038679
0 0.447742 0.580244 0.036125 0.043662
0 0.236548 0.207701 0.037192 0.040416
0 0.554473 0.706634 0.037236 0.043694
0 0.807094 0.486035 0.035059 0.046907
0 0.761130 0.784989 0.037303 0.048611
0 0.342187 0.499730 0.031682 0.043531
0 0.703215 0.488275 0.033837 0.038679
0 0.700432 0.282578 0.033903 0.043596
0 0.803733 0.278715 0.036103 0.042023
0 0.240541 0.502724 0.032792 0.043563
0 0.858772 0.527144 0.035014 0.043629
0 0.339934 0.415353 0.033926 0.045235
0 0.339936 0.333369 0.033837 0.038679
0 0.548784 0.286226 0.030549 0.041859
0 0.186065 0.419066 0.032792 0.043563
0 0.497624 0.447601 0.041724 0.047103
0 0.391495 0.201497 0.033992 0.050152
0 0.852482 0.144466 0.037303 0.048611
0 0.655563 0.744648 0.033903 0.043596
0 0.600482 0.410957 0.032726 0.038646
0 0.703805 0.449725 0.031637 0.040253
0 0.342155 0.456279 0.032815 0.045202
0 0.805964 0.361453 0.036125 0.043662
0 0.291075 0.500415 0.033970 0.048513
0 0.553906 0.746822 0.037214 0.042055
0 0.700496 0.369479 0.033903 0.043596
0 0.290533 0.419268 0.034970 0.040351
0 0.706631 0.740684 0.033837 0.038679
0 0.854835 0.236218 0.037258 0.045333
0 0.239439 0.585560 0.035036 0.045268
0 0.549893 0.368176 0.034992 0.041990
0 0.553287 0.618946 0.035036 0.045268
0 0.811055 0.696616 0.032770 0.041924
0 0.759978 0.658768 0.033970 0.048513
0 0.812175 0.779386 0.035014 0.043629
0 0.863844 0.737692 0.034992 0.041990
0 0.862125 0.610668 0.035014 0.043629
0 0.858195 0.484530 0.037236 0.043694
0 0.184346 0.292042 0.032859 0.048480
0 0.854247 0.192784 0.037236 0.043694
0 0.808270 0.572903 0.035014 0.043629
0 0.605529 0.742842 0.033859 0.040318
0 0.444956 0.497522 0.028327 0.041794
0 0.704881 0.529218 0.033881 0.041957
0 0.699256 0.195710 0.038347 0.043727
0 0.288705 0.202065 0.035125 0.051824
0 0.236569 0.291323 0.037280 0.046972
0 0.554427 0.785339 0.032792 0.043563
0 0.650452 0.325862 0.032726 0.038646
0 0.706067 0.616905 0.031682 0.043531
0 0.599295 0.323270 0.037325 0.050250
0 0.649286 0.280806 0.033948 0.046874
0 0.702128 0.407963 0.033837 0.038679
0 0.291032 0.456146 0.032726 0.038646
0 0.132734 0.296842 0.033926 0.045235
0 0.855445 0.281291 0.037236 0.043694
0 0.759420 0.740768 0.032770 0.041924
0 0.151716 0.878366 0.022684 0.035074
0 0.500422 0.490150 0.043724 0.030779
0 0.150607 0.796415 0.022684 0.035074
0 0.607192 0.865768 0.033903 0.043596
0 0.126220 0.924208 0.021595 0.036680
0 0.602169 0.494531 0.033926 0.045235
0 0.240045 0.794600 0.030571 0.043498
0 0.451189 0.917094 0.033881 0.041957
0 0.087352 0.844189 0.034948 0.038712
0 0.658273 0.780640 0.033815 0.037040
0 0.240047 0.712616 0.035014 0.043629
0 0.397173 0.621085 0.033903 0.043596
0 0.556190 0.915641 0.039480 0.045399
0 0.133310 0.339456 0.036059 0.038745
0 0.607204 0.825596 0.030549 0.041859
0 0.085023 0.672092 0.034948 0.038712
0 0.237700 0.374913 0.037280 0.046972
0 0.081620 0.379511 0.033903 0.043596
0 0.451679 0.871169 0.036147 0.045301
0 0.553370 0.871453 0.037258 0.045333
0 0.864387 0.777848 0.032792 0.043563
0 0.710516 0.863545 0.038369 0.045366
0 0.753743 0.280188 0.033837 0.038679
0 0.237188 0.419199 0.032792 0.043563
0 0.497994 0.310677 0.043879 0.042252
0 0.813861 0.903952 0.037280 0.046972
0 0.396628 0.662913 0.033926 0.045235
0 0.857086 0.402579 0.037236 0.043694
0 0.238864 0.460962 0.030504 0.038581
0 0.187230 0.464122 0.033970 0.048513
0 0.599297 0.241286 0.034881 0.033795
0 0.658925 0.910975 0.038413 0.048644
0 0.082215 0.587732 0.033903 0.043596
0 0.448383 0.709759 0.033859 0.040318
0 0.448927 0.749915 0.033881 0.041957
0 0.708862 0.823421 0.033903 0.043596
0 0.603279 0.535490 0.032682 0.035368
0 0.804290 0.237707 0.036059 0.038745
0 0.135059 0.632906 0.038325 0.042088
0 0.554981 0.826315 0.032792 0.043563
0 0.085110 0.760632 0.037214 0.042055
0 0.081065 0.338536 0.036125 0.043662
0 0.864920 0.817185 0.037236 0.043694
0 0.136639 0.503325 0.036103 0.042023
0 0.084447 0.629477 0.035036 0.045268
0 0.136682 0.588587 0.038413 0.048644
0 0.082174 0.420486 0.033903 0.043596
0 0.238894 0.627387 0.035014 0.043629
0 0.757660 0.487491 0.033859 0.040318
0 0.708307 0.782446 0.033903 0.043596
0 0.343884 0.625115 0.033792 0.035401
0 0.546464 0.196932 0.032792 0.043563
0 0.447795 0.666325 0.033926 0.045235
0 0.550523 0.496872 0.032792 0.043563
0 0.086776 0.801574 0.035081 0.048546
0 0.396693 0.749814 0.038369 0.045366
0 0.804299 0.320510 0.033903 0.043596
0 0.811045 0.654805 0.029460 0.043465
0 0.345582 0.709508 0.035059 0.046907
0 0.237145 0.333938 0.032792 0.043563
0 0.603309 0.660924 0.033903 0.043596
0 0.862668 0.650824 0.032726 0.038646
0 0.658315 0.865902 0.036125 0.043662
0 0.748603 0.146706 0.036125 0.043662
0 0.862134 0.693472 0.032859 0.048480
0 0.081651 0.463953 0.036147 0.045301
0 0.235938 0.162628 0.037303 0.048611
0 0.237092 0.247857 0.034948 0.038712
0 0.289914 0.291392 0.034926 0.037073
0 0.085600 0.714706 0.037303 0.048611
0 0.753211 0.240852 0.033926 0.045235
0 0.396641 0.581749 0.033859 0.040318
0 0.446056 0.455678 0.027194 0.040122
0 0.444306 0.244212 0.033815 0.037040
0 0.396138 0.708838 0.038369 0.045366
0 0.345016 0.667713 0.035036 0.045268
0 0.241710 0.835543 0.035014 0.043629
0 0.702108 0.324341 0.033926 0.045235
0 0.148910 0.712022 0.023861 0.040024
0 0.243431 0.880583 0.037258 0.045333
0 0.346144 0.874278 0.033881 0.041957
0 0.092720 0.296381 0.022728 0.038352
0 0.494397 0.209123 0.048145 0.029270
0 0.153993 0.923389 0.023861 0.040024
0 0.125610 0.879135 0.021573 0.035041
0 0.123927 0.672586 0.021484 0.028485
0 0.906459 0.191246 0.035059 0.046907
0 0.496428 0.277110 0.043768 0.034057
0 0.136116 0.546792 0.038347 0.043727
0 0.150617 0.838226 0.023772 0.033468
0 0.348432 0.920121 0.037303 0.048611
0 0.243997 0.922378 0.037192 0.040416
0 0.125622 0.838962 0.022750 0.039991
0 0.344481 0.751352 0.033837 0.038679
0 0.124481 0.713561 0.021661 0.041597
0 0.126135 0.753684 0.021550 0.033402
0 0.148388 0.673505 0.023794 0.035107
0 0.345612 0.834942 0.031615 0.038614
0 0.598119 0.277394 0.033859 0.040318
0 0.813251 0.858879 0.039480 0.045399
0 0.399544 0.919436 0.039458 0.043760
0 0.087873 0.882706 0.035014 0.043629
0 0.083327 0.546707 0.032792 0.043563
0 0.241190 0.756034 0.033881 0.041957
0 0.124501 0.797184 0.021617 0.038319
0 0.856532 0.361603 0.034970 0.040351
0 0.751457 0.193353 0.036192 0.048579
0 0.082206 0.504929 0.033837 0.038679
0 0.865485 0.858980 0.032770 0.041924
0 0.088472 0.926959 0.037280 0.046972
0 0.450013 0.830226 0.033881 0.041957
0 0.647632 0.240682 0.033881 0.041957
0 0.134408 0.420587 0.033815 0.037040
0 0.397290 0.876051 0.038369 0.045366
0 0.907080 0.237139 0.037325 0.050250
0 0.606072 0.782998 0.033881 0.041957
0 0.151131 0.752948 0.024928 0.036778
0 0.807073 0.443404 0.033859 0.040318
0 0.239470 0.670002 0.035014 0.043629
0 0.608324 0.908366 0.037236 0.043694
0 0.449448 0.788432 0.038347 0.043727
0 0.866084 0.903233 0.035081 0.048546
0 0.812708 0.818723 0.037192 0.040416
0 0.239418 0.542929 0.029393 0.038548
0 0.552144 0.534537 0.032704 0.037007
0 0.905816 0.143715 0.037325 0.050250
0 0.705533 0.659552 0.031637 0.040253
0 0.346713 0.793097 0.035059 0.046907
0 0.806530 0.403248 0.033881 0.041957
0 0.711093 0.906159 0.036103 0.042023
0 0.134952 0.460743 0.036103 0.042023
0 0.858730 0.441882 0.032748 0.040285
0 0.855455 0.323103 0.038325 0.042088
0 0.397236 0.789970 0.036125 0.043662
0 0.133832 0.377973 0.033903 0.043596
0 0.760532 0.699744 0.029393 0.038548
0 0.134335 0.250884 0.033926 0.045235
0 0.398901 0.830912 0.038347 0.043727
0 0.446077 0.539301 0.033903 0.043596
0 0.600492 0.452769 0.031682 0.043531
0 0.184400 0.337131 0.033903 0.043596
0 0.342753 0.541525 0.033970 0.048513
0 0.754340 0.406425 0.033837 0.038679
0 0.551577 0.574725 0.035036 0.045268
0 0.698602 0.147359 0.036192 0.048579
0 0.757116 0.447335 0.036103 0.042023
0 0.604974 0.701867 0.031637 0.040253
0 0.811599 0.736772 0.032792 0.043563
0 0.288802 0.332416 0.033903 0.043596
0 0.551046 0.453405 0.035036 0.045268
0 0.184977 0.379746 0.036125 0.043662
0 0.704346 0.571865 0.036147 0.045301
0 0.549328 0.326381 0.035014 0.043629
0 0.392116 0.247389 0.038347 0.043727
0 0.448341 0.624497 0.036169 0.046940
0 0.288781 0.248794 0.038391 0.047005
0 0.653857 0.536460 0.033859 0.040318
0 0.654390 0.575796 0.033859 0.040318
0 0.651027 0.409468 0.033837 0.038679
0 0.859360 0.570578 0.037258 0.045333
0 0.807715 0.531927 0.035014 0.043629
0 0.759379 0.614515 0.031659 0.041892
0 0.343352 0.585778 0.033926 0.045235
0 0.652682 0.449592 0.033903 0.043596
0 0.340457 0.371886 0.033903 0.043596
0 0.804257 0.194257 0.037325 0.050250
0 0.657750 0.824107 0.036147 0.045301
0 0.655521 0.659386 0.038347 0.043727
0 0.396086 0.540773 0.033859 0.040318
0 0.753797 0.366269 0.033903 0.043596
0 0.654986 0.702033 0.036125 0.043662
0 0.758824 0.573539 0.036147 0.045301
0 0.339239 0.199757 0.036214 0.050218
0 0.758248 0.530925 0.036147 0.045301
0 0.754331 0.323622 0.036125 0.043662
0 0.289945 0.375834 0.035036 0.045268
0 0.599928 0.369982 0.035036 0.045268
0 0.553852 0.660741 0.037280 0.046972
0 0.604399 0.618260 0.035014 0.043629
0 0.652148 0.492239 0.033903 0.043596
0 0.444925 0.372088 0.036081 0.040384
0 0.394401 0.416208 0.031682 0.043531
0 0.339893 0.248108 0.033926 0.045235
0 0.393258 0.372790 0.030549 0.041859
0 0.650451 0.366854 0.033970 0.048513
0 0.603266 0.575662 0.033903 0.043596
0 0.443707 0.199959 0.036258 0.053496
0 0.598687 0.196213 0.037347 0.051889
0 0.647033 0.196429 0.034014 0.051791
0 0.654389 0.616788 0.037236 0.043694
0 0.393248 0.330979 0.033903 0.043596
0 0.547063 0.241185 0.039502 0.047038
0 0.394388 0.497372 0.033970 0.048513
0 0.550470 0.410791 0.037214 0.042055
0 0.445504 0.332719 0.036125 0.043662
0 0.392715 0.291643 0.033859 0.040318
0 0.445491 0.413883 0.033926 0.045235
0 0.444338 0.287663 0.035081 0.048546
0 0.340503 0.293181 0.033948 0.046874
