0 0.310948 0.297388 0.036727 0.047307
0 0.533309 0.726482 0.036727 0.047307
0 0.622824 0.449687 0.021673 0.036317
0 0.775021 0.477386 0.026225 0.038821
0 0.444327 0.706344 0.029677 0.041106
0 0.424190 0.916417 0.024977 0.036972
0 0.069053 0.796193 0.023875 0.036754
0 0.407233 0.825103 0.026373 0.040451
0 0.063894 0.840805 0.026225 0.038821
0 0.766780 0.599379 0.027474 0.040669
0 0.041318 0.836327 0.027327 0.039039
0 0.404168 0.865152 0.027327 0.039039
0 0.431461 0.829909 0.026668 0.043711
0 0.533997 0.161580 0.047002 0.041341
0 0.436875 0.788667 0.027327 0.039039
0 0.315664 0.257668 0.034377 0.045240
0 0.528390 0.223527 0.048614 0.035257
0 0.439832 0.743619 0.025272 0.040232
0 0.428175 0.872402 0.025272 0.040232
0 0.773790 0.521946 0.027327 0.039039
0 0.209208 0.405815 0.025567 0.043493
0 0.487845 0.758121 0.026884 0.034149
0 0.611609 0.573580 0.028280 0.037627
0 0.881148 0.326684 0.039372 0.052635
0 0.567322 0.350728 0.036580 0.045677
0 0.501834 0.504512 0.041427 0.051441
0 0.181787 0.566319 0.040769 0.056113
0 0.570830 0.305790 0.038419 0.054046
0 0.470614 0.285912 0.040621 0.054483
0 0.223670 0.660918 0.040474 0.052853
0 0.677413 0.286274 0.037170 0.052198
0 0.825552 0.358802 0.034672 0.048500
0 0.939095 0.293373 0.039668 0.055895
0 0.731835 0.254753 0.040110 0.060785
0 0.563559 0.392298 0.037317 0.053828
0 0.130175 0.554423 0.036069 0.051979
0 0.506368 0.460607 0.042529 0.051660
0 0.262804 0.247183 0.039372 0.052635
0 0.466630 0.329927 0.038124 0.050786
0 0.823220 0.403144 0.037976 0.049156
0 0.319649 0.213653 0.037465 0.055458
0 0.462793 0.372311 0.037828 0.047526
0 0.172791 0.653315 0.040326 0.051223
0 0.525660 0.253685 0.045242 0.045794
0 0.622918 0.318610 0.037170 0.052198
0 0.153115 0.313377 0.035773 0.048719
0 0.208638 0.282074 0.037533 0.044265
0 0.387872 0.605536 0.038566 0.055676
0 0.177729 0.611149 0.037533 0.044265
0 0.768946 0.433035 0.042233 0.048399
0 0.259370 0.291306 0.040179 0.049593
0 0.726528 0.300994 0.036284 0.042417
0 0.100254 0.302892 0.040769 0.056113
0 0.382565 0.651778 0.035626 0.047089
0 0.079295 0.546820 0.040326 0.051223
0 0.722913 0.340933 0.037317 0.053828
0 0.125418 0.600773 0.039225 0.051004
0 0.934889 0.339833 0.036727 0.047307
0 0.615098 0.405009 0.036875 0.048937
0 0.203995 0.320979 0.040031 0.047962
0 0.599919 0.442655 0.024023 0.038384
0 0.771460 0.392878 0.039883 0.046332
0 0.374694 0.181426 0.038861 0.058937
0 0.121031 0.643049 0.038124 0.050786
0 0.233325 0.579031 0.038419 0.054046
0 0.365551 0.270051 0.038419 0.054046
0 0.819604 0.443083 0.040031 0.047962
0 0.929951 0.381998 0.041427 0.051441
0 0.074209 0.590616 0.040621 0.054483
0 0.160936 0.226978 0.036069 0.051979
0 0.070997 0.632295 0.040985 0.046551
0 0.589274 0.690289 0.039372 0.052635
0 0.774343 0.348645 0.036364 0.055240
0 0.521591 0.323404 0.043187 0.046988
0 0.212696 0.237244 0.038861 0.058937
0 0.594212 0.648123 0.036875 0.048937
0 0.379903 0.693565 0.036069 0.051979
0 0.105192 0.260726 0.037976 0.049156
0 0.431519 0.278158 0.025714 0.045123
0 0.443301 0.451417 0.024318 0.041644
0 0.371039 0.227995 0.034525 0.046870
0 0.541277 0.638453 0.037022 0.050568
0 0.498071 0.546082 0.032175 0.044803
0 0.596525 0.480149 0.024023 0.038384
0 0.254432 0.333472 0.040179 0.049593
0 0.469197 0.419216 0.023069 0.039795
0 0.618934 0.362625 0.036580 0.045677
0 0.155851 0.270774 0.035773 0.048719
0 0.873549 0.410638 0.034229 0.043610
0 0.669042 0.372564 0.035478 0.045459
0 0.619209 0.489626 0.024318 0.041644
0 0.445741 0.412074 0.024023 0.038384
0 0.463142 0.498497 0.025419 0.041863
0 0.789354 0.777268 0.040326 0.051223
0 0.536044 0.683879 0.039520 0.054265
0 0.455690 0.580821 0.025567 0.043493
0 0.048037 0.749709 0.029824 0.042736
0 0.585068 0.736748 0.039225 0.051004
0 0.513412 0.388989 0.044947 0.042534
0 0.672805 0.330994 0.035626 0.047089
0 0.797725 0.690978 0.034820 0.050131
0 0.078945 0.674527 0.024023 0.038384
0 0.181546 0.445133 0.026373 0.040451
0 0.422982 0.657305 0.027474 0.040669
0 0.431132 0.573461 0.024318 0.041644
0 0.440566 0.494019 0.024023 0.038384
0 0.076210 0.717130 0.026225 0.038821
0 0.189146 0.361179 0.026521 0.042081
0 0.465656 0.458340 0.025272 0.040232
0 0.418816 0.697135 0.026521 0.042081
0 0.522964 0.289658 0.043551 0.039055
0 0.126868 0.727178 0.028723 0.042518
0 0.212823 0.365876 0.025124 0.038602
0 0.427370 0.615030 0.026373 0.040451
0 0.450973 0.620541 0.025419 0.041863
0 0.411767 0.781198 0.027474 0.040669
0 0.109177 0.216711 0.035773 0.048719
0 0.184282 0.402530 0.026668 0.043711
0 0.049229 0.711779 0.025419 0.041863
0 0.043099 0.791875 0.027622 0.042299
0 0.416155 0.738923 0.026668 0.043711
0 0.530313 0.189890 0.045242 0.045794
0 0.054167 0.669613 0.025124 0.038602
0 0.434969 0.531076 0.024613 0.044904
0 0.176830 0.484854 0.026225 0.038821
0 0.516988 0.355680 0.043698 0.040685
0 0.406740 0.273243 0.026521 0.042081
0 0.878265 0.370917 0.034672 0.048500
0 0.447210 0.662111 0.027769 0.043930
0 0.459305 0.540882 0.025124 0.038602
0 0.794439 0.733472 0.038419 0.054046
0 0.129933 0.687130 0.024977 0.036972
0 0.399559 0.909872 0.026373 0.040451
