0 0.912551 0.552865 0.026383 0.035084
0 0.488344 0.375093 0.051603 0.050964
0 0.476148 0.279576 0.048661 0.043911
0 0.482938 0.343038 0.046813 0.037137
0 0.468057 0.209759 0.050475 0.041222
0 0.607944 0.847772 0.027854 0.038611
0 0.541629 0.737625 0.024569 0.037774
0 0.320556 0.751320 0.037932 0.052208
0 0.902588 0.685787 0.026041 0.041300
0 0.132999 0.845070 0.026041 0.041300
0 0.136967 0.884177 0.027136 0.041579
0 0.129505 0.459823 0.041029 0.051421
0 0.612195 0.889314 0.026195 0.033461
0 0.353342 0.912634 0.027136 0.041579
0 0.471007 0.244947 0.049601 0.052029
0 0.916536 0.596982 0.027136 0.041579
0 0.458794 0.144420 0.052510 0.049619
0 0.942818 0.590287 0.026759 0.038332
0 0.463199 0.177565 0.049413 0.050406
0 0.478987 0.308942 0.048318 0.050127
0 0.628623 0.588422 0.028231 0.041858
0 0.922335 0.637295 0.024569 0.037774
0 0.938114 0.549695 0.026759 0.038332
0 0.908224 0.515520 0.026759 0.038332
0 0.858423 0.319259 0.024569 0.037774
0 0.932221 0.508571 0.024381 0.036150
0 0.597159 0.764433 0.026229 0.042924
0 0.947616 0.631690 0.026948 0.039955
0 0.952867 0.672142 0.030609 0.044039
0 0.567723 0.729306 0.024569 0.037774
0 0.898167 0.647631 0.025476 0.036429
0 0.586726 0.893295 0.024569 0.037774
0 0.871338 0.654466 0.024757 0.039397
0 0.883781 0.309456 0.023474 0.037495
0 0.927971 0.467029 0.025664 0.038053
0 0.870704 0.439828 0.028231 0.041858
0 0.908248 0.306566 0.025664 0.038053
0 0.923079 0.424814 0.027478 0.035363
0 0.903426 0.474117 0.024757 0.039397
0 0.503481 0.530038 0.034801 0.043532
0 0.582116 0.853516 0.024381 0.036150
0 0.592096 0.725604 0.024757 0.039397
0 0.571519 0.771800 0.026759 0.038332
0 0.165579 0.323593 0.039900 0.041679
0 0.862203 0.356743 0.026041 0.041300
0 0.551976 0.393986 0.025664 0.038053
0 0.889032 0.349908 0.024946 0.041021
0 0.566370 0.518195 0.028795 0.046729
0 0.654647 0.370337 0.024381 0.036150
0 0.438385 0.294212 0.024946 0.041021
0 0.911481 0.344189 0.025664 0.038053
0 0.918375 0.384222 0.026041 0.041300
0 0.893736 0.390499 0.024193 0.034526
0 0.413934 0.302112 0.026041 0.041300
0 0.603273 0.384261 0.024569 0.037774
0 0.572968 0.687016 0.043031 0.050356
0 0.342916 0.827531 0.025853 0.039676
0 0.379592 0.355994 0.039181 0.044648
0 0.316823 0.835850 0.028419 0.043482
0 0.347543 0.872321 0.027136 0.041579
0 0.898440 0.431090 0.024569 0.037774
0 0.659804 0.409977 0.025664 0.038053
0 0.123424 0.417076 0.040841 0.049798
0 0.321621 0.877254 0.025664 0.038053
0 0.367320 0.697617 0.039370 0.046271
0 0.603335 0.807992 0.028419 0.043482
0 0.577789 0.816172 0.026948 0.039955
0 0.598185 0.554387 0.024569 0.037774
0 0.583697 0.429366 0.024193 0.034526
0 0.867001 0.398146 0.028043 0.040234
0 0.842362 0.404423 0.024757 0.039397
0 0.833048 0.324052 0.026759 0.038332
0 0.634806 0.418017 0.025664 0.038053
0 0.878115 0.605934 0.041217 0.053045
0 0.171001 0.360658 0.040653 0.048174
0 0.578805 0.387151 0.024946 0.041021
0 0.312213 0.796071 0.025664 0.038053
0 0.715570 0.560422 0.037932 0.052208
0 0.338495 0.789375 0.025664 0.038053
0 0.110981 0.762085 0.041748 0.048453
0 0.868331 0.521504 0.036837 0.051929
0 0.890310 0.268510 0.041936 0.050077
0 0.119909 0.377017 0.036649 0.050305
0 0.838112 0.362880 0.026041 0.041300
0 0.630461 0.375662 0.027136 0.041579
0 0.884870 0.226435 0.041217 0.053045
0 0.067988 0.391080 0.040499 0.056013
0 0.595765 0.514050 0.026948 0.039955
0 0.114230 0.804719 0.043596 0.055226
0 0.160122 0.276507 0.040344 0.063852
0 0.072692 0.431672 0.039746 0.049519
0 0.105901 0.718247 0.042877 0.058195
0 0.671654 0.619250 0.037368 0.047337
0 0.738814 0.303762 0.039746 0.049519
0 0.384202 0.395773 0.040499 0.056013
0 0.773793 0.167810 0.037556 0.048961
0 0.873505 0.566155 0.038839 0.050863
0 0.315852 0.710729 0.037179 0.045713
0 0.725918 0.649723 0.038308 0.055455
0 0.558057 0.436733 0.026229 0.042924
0 0.613228 0.465304 0.025664 0.038053
0 0.623277 0.547159 0.027324 0.043203
0 0.412613 0.640945 0.037932 0.052208
0 0.421678 0.728901 0.037932 0.052208
0 0.768165 0.124111 0.039780 0.058982
0 0.370929 0.738487 0.042312 0.053324
0 0.467972 0.671139 0.035177 0.046779
0 0.632270 0.289115 0.035366 0.048403
0 0.589590 0.470490 0.027324 0.043203
0 0.309677 0.667169 0.038685 0.058703
0 0.676546 0.661465 0.040310 0.054390
0 0.778231 0.210976 0.036273 0.047058
0 0.494338 0.446280 0.045598 0.054161
0 0.721745 0.603981 0.037932 0.052208
0 0.880885 0.182317 0.041594 0.056292
0 0.417693 0.684784 0.037932 0.052208
0 0.734111 0.263170 0.040122 0.052766
0 0.281454 0.423621 0.037556 0.048961
0 0.665573 0.576502 0.038308 0.055455
0 0.272389 0.335665 0.037932 0.052208
0 0.269635 0.764292 0.041217 0.053045
0 0.565280 0.601216 0.039215 0.054111
0 0.077584 0.473887 0.042689 0.056571
0 0.838294 0.281762 0.038651 0.049240
0 0.219826 0.349055 0.037932 0.052208
0 0.609619 0.424433 0.025664 0.038053
0 0.687346 0.316874 0.040875 0.059260
0 0.175080 0.405587 0.043407 0.053603
0 0.783936 0.250477 0.041217 0.053045
0 0.570643 0.647490 0.039027 0.052487
0 0.677032 0.237593 0.038308 0.055455
0 0.830700 0.196774 0.039027 0.052487
0 0.472693 0.716741 0.041405 0.054669
0 0.264932 0.723701 0.038651 0.049240
0 0.334205 0.411854 0.040122 0.052766
0 0.361051 0.653245 0.038497 0.057079
0 0.499419 0.490119 0.043407 0.053603
0 0.627190 0.245276 0.038308 0.055455
0 0.462438 0.628252 0.039403 0.055734
0 0.729501 0.223391 0.035177 0.046779
0 0.113828 0.334269 0.039403 0.055734
0 0.586789 0.344163 0.037932 0.052208
0 0.532448 0.317889 0.038275 0.045992
0 0.322762 0.322832 0.037932 0.052208
0 0.637162 0.331330 0.038308 0.055455
0 0.259663 0.678239 0.041594 0.056292
0 0.577099 0.260545 0.037744 0.050584
0 0.327842 0.366670 0.037932 0.052208
0 0.834497 0.239268 0.041217 0.053045
0 0.276280 0.378970 0.037744 0.050584
0 0.536604 0.358619 0.040122 0.052766
0 0.527367 0.274050 0.039403 0.055734
0 0.224812 0.392082 0.037744 0.050584
0 0.581897 0.301948 0.039746 0.049519
0 0.374512 0.312155 0.040687 0.057637
0 0.230345 0.434970 0.041594 0.056292
0 0.723420 0.180643 0.038308 0.055455
