0 0.359929 0.451713 0.022974 0.034008
0 0.337528 0.411073 0.023051 0.037296
0 0.300171 0.200985 0.034500 0.052656
0 0.092154 0.277598 0.037755 0.049538
0 0.701685 0.719293 0.036606 0.047838
0 0.134663 0.600680 0.037831 0.052826
0 0.436666 0.498415 0.022974 0.034008
0 0.091179 0.319513 0.037563 0.041319
0 0.903208 0.444040 0.024200 0.038996
0 0.809987 0.436817 0.030977 0.044267
0 0.435383 0.458030 0.020792 0.035539
0 0.463756 0.457009 0.024085 0.034065
0 0.452249 0.378250 0.037525 0.039676
0 0.393935 0.614727 0.034232 0.041149
0 0.461882 0.537553 0.024085 0.034065
0 0.362129 0.333334 0.021864 0.033951
0 0.335480 0.451289 0.020715 0.032251
0 0.606926 0.348288 0.036415 0.039619
0 0.339365 0.332172 0.020830 0.037182
0 0.462819 0.497281 0.024123 0.035708
0 0.363622 0.293090 0.023089 0.038939
0 0.340340 0.290257 0.023013 0.035652
0 0.901217 0.481790 0.021826 0.032308
0 0.507348 0.255986 0.046485 0.043416
0 0.760666 0.358599 0.035342 0.041206
0 0.360311 0.411412 0.021826 0.032308
0 0.463526 0.419145 0.024161 0.037352
0 0.917680 0.323819 0.034308 0.044437
0 0.506392 0.320943 0.043115 0.041603
0 0.361785 0.371990 0.020715 0.032251
0 0.712637 0.798023 0.021979 0.038883
0 0.399971 0.904680 0.021864 0.033951
0 0.916187 0.364062 0.035381 0.042850
0 0.404314 0.741976 0.020830 0.037182
0 0.081898 0.598811 0.041124 0.051352
0 0.379884 0.740730 0.022974 0.034008
0 0.402439 0.822521 0.020753 0.033895
0 0.131468 0.690208 0.037640 0.044607
0 0.710121 0.309118 0.036644 0.049482
0 0.078721 0.687518 0.038827 0.047951
0 0.436875 0.417786 0.021787 0.030664
0 0.611118 0.263748 0.036300 0.034688
0 0.431520 0.743364 0.021864 0.033951
0 0.297052 0.287226 0.036529 0.044550
0 0.378066 0.818809 0.022936 0.032364
0 0.297970 0.247775 0.036300 0.034688
0 0.928193 0.445315 0.023013 0.035652
0 0.455988 0.742966 0.021940 0.037239
0 0.509069 0.158154 0.051923 0.038768
0 0.927313 0.483121 0.020715 0.032251
0 0.079754 0.643136 0.038827 0.047951
0 0.812915 0.358795 0.037372 0.033101
0 0.509912 0.193580 0.048553 0.036954
0 0.914197 0.401812 0.035304 0.039562
0 0.356713 0.494337 0.027416 0.034235
0 0.374985 0.903406 0.022974 0.034008
0 0.713517 0.760216 0.021826 0.032308
0 0.453902 0.784826 0.024123 0.035708
0 0.195109 0.774094 0.024085 0.034065
0 0.404027 0.778167 0.021787 0.030664
0 0.759844 0.393939 0.033160 0.042737
0 0.688763 0.796805 0.023013 0.035652
0 0.864972 0.319484 0.033198 0.044380
0 0.688590 0.756476 0.020753 0.033895
0 0.379042 0.776893 0.025195 0.034121
0 0.196104 0.731356 0.024161 0.037352
0 0.555960 0.340752 0.036261 0.033044
0 0.132998 0.648321 0.034347 0.046081
0 0.504880 0.385872 0.047366 0.033610
0 0.499139 0.536985 0.032049 0.042680
0 0.865871 0.280856 0.035151 0.032987
0 0.506027 0.288833 0.047366 0.033610
0 0.505569 0.356284 0.047443 0.036898
0 0.863211 0.395098 0.035648 0.054356
0 0.402018 0.864465 0.024046 0.032421
0 0.507375 0.732422 0.023932 0.027490
0 0.864092 0.357291 0.032968 0.034518
0 0.507520 0.224727 0.047289 0.030323
0 0.377072 0.861547 0.023013 0.035652
0 0.506878 0.753791 0.021634 0.024089
0 0.193456 0.367519 0.037716 0.047894
0 0.401320 0.297481 0.036606 0.047838
0 0.558984 0.258620 0.038865 0.049595
0 0.089629 0.362223 0.038827 0.047951
0 0.815996 0.274198 0.035495 0.047781
0 0.341783 0.658147 0.034308 0.044437
0 0.194316 0.282808 0.037755 0.049538
0 0.246469 0.287114 0.037678 0.046251
0 0.451903 0.297593 0.037755 0.049538
0 0.141265 0.364857 0.037716 0.047894
0 0.446700 0.616596 0.037678 0.046251
0 0.342816 0.613765 0.034461 0.051012
0 0.400612 0.375616 0.034270 0.042793
0 0.341898 0.700941 0.034308 0.044437
0 0.247445 0.245198 0.035495 0.047781
0 0.753378 0.719461 0.037678 0.046251
0 0.659156 0.349307 0.034347 0.046081
0 0.502718 0.454882 0.039899 0.046364
0 0.702602 0.632117 0.034385 0.047725
0 0.702718 0.674911 0.034308 0.044437
0 0.443427 0.661686 0.035342 0.041206
0 0.709088 0.353499 0.036491 0.042907
0 0.142202 0.324585 0.037602 0.042963
0 0.555635 0.378586 0.037678 0.046251
0 0.706982 0.396180 0.038865 0.049595
0 0.612151 0.219366 0.036759 0.054413
0 0.297167 0.330020 0.034232 0.041149
0 0.755349 0.634807 0.037716 0.047894
0 0.866961 0.234009 0.037869 0.054469
0 0.754296 0.680011 0.037602 0.042963
0 0.143235 0.280203 0.035534 0.049425
0 0.192230 0.324668 0.037563 0.041319
0 0.295120 0.370236 0.036491 0.042907
0 0.554583 0.423790 0.035342 0.041206
0 0.393017 0.701903 0.036529 0.044550
0 0.557893 0.305467 0.034308 0.044437
0 0.606046 0.386095 0.036491 0.042907
0 0.442490 0.701958 0.037678 0.046251
0 0.607978 0.303085 0.036529 0.044550
0 0.761719 0.313395 0.037755 0.049538
0 0.500632 0.496741 0.039784 0.041433
0 0.452018 0.340387 0.035381 0.042850
0 0.813853 0.318523 0.033198 0.044380
0 0.187946 0.604220 0.035495 0.047781
0 0.401493 0.337810 0.034117 0.036218
0 0.184252 0.691255 0.038750 0.044664
0 0.655959 0.391109 0.036453 0.041263
0 0.660151 0.306569 0.038788 0.046307
0 0.391791 0.659052 0.032088 0.044324
0 0.338465 0.370801 0.022936 0.032364
0 0.810982 0.394079 0.035342 0.041206
0 0.184692 0.648489 0.037640 0.044607
