0 0.590556 0.741351 0.023333 0.036244
0 0.512222 0.738056 0.020000 0.026359
0 0.502222 0.368204 0.042222 0.034596
0 0.502222 0.338550 0.040000 0.037891
0 0.591667 0.780890 0.023333 0.032949
0 0.502778 0.200988 0.043333 0.029654
0 0.358333 0.822900 0.021111 0.034596
0 0.502778 0.268534 0.041111 0.029654
0 0.334444 0.822900 0.022222 0.034596
0 0.564444 0.408567 0.020000 0.032949
0 0.602778 0.700165 0.032222 0.042834
0 0.615556 0.783361 0.022222 0.034596
0 0.357222 0.777595 0.021111 0.036244
0 0.356111 0.738056 0.021111 0.032949
0 0.332222 0.738056 0.022222 0.032949
0 0.501111 0.168040 0.042222 0.036244
0 0.333333 0.777595 0.022222 0.036244
0 0.615000 0.742998 0.021111 0.036244
0 0.912222 0.279242 0.035556 0.041186
0 0.437778 0.783361 0.022222 0.034596
0 0.502778 0.131796 0.043333 0.036244
0 0.912222 0.241351 0.035556 0.041186
0 0.461667 0.741351 0.021111 0.032949
0 0.461111 0.783361 0.022222 0.034596
0 0.436111 0.742175 0.023333 0.034596
0 0.706667 0.702636 0.035556 0.044481
0 0.563333 0.447282 0.024444 0.037891
0 0.501111 0.521417 0.028889 0.034596
0 0.705556 0.366557 0.037778 0.041186
0 0.860556 0.280890 0.032222 0.041186
0 0.501111 0.233114 0.042222 0.041186
0 0.345556 0.698517 0.037778 0.042834
0 0.757222 0.700988 0.034444 0.044481
0 0.860556 0.323723 0.034444 0.044481
0 0.809444 0.613674 0.036667 0.047776
0 0.809444 0.699341 0.032222 0.041186
0 0.809444 0.658155 0.032222 0.041186
0 0.502222 0.301483 0.040000 0.039539
0 0.345556 0.654860 0.037778 0.044481
0 0.757222 0.277595 0.034444 0.047776
0 0.758333 0.614498 0.036667 0.046129
0 0.396667 0.696870 0.033333 0.039539
0 0.346667 0.611203 0.033333 0.042834
0 0.757222 0.659802 0.034444 0.044481
0 0.705556 0.661450 0.033333 0.041186
0 0.603889 0.658155 0.032222 0.041186
0 0.654444 0.322900 0.031111 0.036244
0 0.912778 0.323723 0.036667 0.047776
0 0.397222 0.360791 0.034444 0.042834
0 0.654444 0.658155 0.033333 0.041186
0 0.705556 0.613674 0.035556 0.047776
0 0.346111 0.318781 0.034444 0.041186
0 0.450556 0.359967 0.034444 0.044481
0 0.655556 0.614498 0.035556 0.046129
0 0.758333 0.322900 0.032222 0.039539
0 0.912778 0.194399 0.036667 0.052718
0 0.704444 0.322900 0.033333 0.042834
0 0.705556 0.279242 0.033333 0.047776
0 0.602778 0.279242 0.032222 0.047776
0 0.603333 0.613674 0.035556 0.047776
0 0.551667 0.700165 0.036667 0.042834
0 0.501111 0.441516 0.040000 0.046129
0 0.551667 0.658155 0.036667 0.041186
0 0.860556 0.236409 0.036667 0.047776
0 0.397778 0.658155 0.033333 0.041186
0 0.346667 0.359967 0.033333 0.044481
0 0.654444 0.702636 0.037778 0.044481
0 0.808333 0.277595 0.036667 0.047776
0 0.450556 0.319605 0.036667 0.039539
0 0.448333 0.698517 0.034444 0.039539
0 0.654444 0.364909 0.033333 0.047776
0 0.449444 0.656507 0.032222 0.044481
0 0.397222 0.320428 0.034444 0.041186
0 0.399444 0.277595 0.036667 0.047776
0 0.397778 0.610379 0.035556 0.047776
0 0.602222 0.322076 0.033333 0.041186
0 0.452778 0.277595 0.034444 0.044481
0 0.757778 0.366557 0.035556 0.047776
0 0.654444 0.276771 0.033333 0.049423
0 0.551111 0.367381 0.037778 0.046129
0 0.552778 0.323723 0.034444 0.041186
0 0.346111 0.274300 0.034444 0.047776
0 0.603333 0.367381 0.033333 0.046129
0 0.450556 0.612026 0.036667 0.047776
0 0.809444 0.364909 0.036667 0.047776
0 0.808333 0.323723 0.034444 0.044481
0 0.552222 0.277595 0.035556 0.047776
0 0.551667 0.612026 0.036667 0.047776
0 0.502222 0.484349 0.037778 0.039539
0 0.294444 0.702636 0.033333 0.044481
0 0.098889 0.747941 0.022222 0.036244
0 0.098333 0.787479 0.023333 0.036244
0 0.139444 0.367381 0.036667 0.042834
0 0.308333 0.869852 0.023333 0.036244
0 0.190556 0.242175 0.036667 0.032949
0 0.307778 0.783361 0.022222 0.034596
0 0.281111 0.785008 0.024444 0.037891
0 0.307222 0.828666 0.023333 0.036244
0 0.138333 0.323723 0.036667 0.041186
0 0.281111 0.827018 0.022222 0.032949
0 0.191667 0.280066 0.036667 0.039539
0 0.281111 0.744646 0.022222 0.032949
0 0.307778 0.744646 0.022222 0.032949
0 0.086667 0.660626 0.037778 0.039539
0 0.139444 0.283361 0.032222 0.042834
0 0.086667 0.284185 0.035556 0.047776
0 0.085000 0.703460 0.038889 0.046129
0 0.190556 0.194399 0.034444 0.056013
0 0.086667 0.325371 0.035556 0.041186
0 0.086667 0.616145 0.037778 0.049423
0 0.294444 0.661450 0.033333 0.037891
0 0.293333 0.616969 0.033333 0.051071
0 0.293333 0.369852 0.033333 0.041186
0 0.294444 0.280890 0.033333 0.044481
0 0.242778 0.702636 0.036667 0.044481
0 0.086667 0.368204 0.037778 0.047776
0 0.241111 0.280890 0.033333 0.044481
0 0.190556 0.325371 0.038889 0.044481
0 0.242778 0.661450 0.034444 0.041186
0 0.138333 0.239703 0.034444 0.047776
0 0.242778 0.615321 0.036667 0.047776
0 0.293333 0.324547 0.033333 0.042834
0 0.241111 0.324547 0.033333 0.042834
0 0.241667 0.368204 0.036667 0.047776
