0 0.273125 0.850475 0.036250 0.033228
0 0.095625 0.342563 0.018750 0.023734
0 0.896875 0.505538 0.023750 0.030063
0 0.163750 0.435918 0.032500 0.033228
0 0.122500 0.435127 0.025000 0.034810
0 0.788125 0.265823 0.021250 0.028481
0 0.881875 0.412184 0.033750 0.033228
0 0.273125 0.658228 0.036250 0.034810
0 0.273125 0.466772 0.036250 0.037975
0 0.896250 0.476266 0.022500 0.028481
0 0.869375 0.475475 0.021250 0.030063
0 0.093125 0.532437 0.023750 0.033228
0 0.272500 0.818038 0.035000 0.034810
0 0.677500 0.159810 0.025000 0.031646
0 0.121250 0.561709 0.022500 0.028481
0 0.273750 0.435918 0.035000 0.030063
0 0.896250 0.443829 0.025000 0.033228
0 0.881875 0.379747 0.033750 0.028481
0 0.704375 0.193829 0.028750 0.030063
0 0.881875 0.602057 0.033750 0.030063
0 0.880625 0.664557 0.033750 0.031646
0 0.093750 0.431962 0.022500 0.028481
0 0.165000 0.398734 0.035000 0.037975
0 0.881875 0.571994 0.033750 0.033228
0 0.273125 0.562500 0.031250 0.033228
0 0.272500 0.784810 0.035000 0.031646
0 0.272500 0.881329 0.035000 0.031646
0 0.121250 0.465190 0.022500 0.028481
0 0.094375 0.498418 0.023750 0.028481
0 0.120625 0.339399 0.023750 0.030063
0 0.897500 0.345728 0.020000 0.023734
0 0.273750 0.499209 0.037500 0.033228
0 0.760000 0.197785 0.025000 0.028481
0 0.107500 0.401899 0.032500 0.031646
0 0.869375 0.442247 0.021250 0.023734
0 0.870625 0.349684 0.021250 0.028481
0 0.871250 0.503956 0.022500 0.026899
0 0.108750 0.370253 0.032500 0.028481
0 0.789375 0.162975 0.026250 0.031646
0 0.121875 0.526899 0.021250 0.028481
0 0.731875 0.267405 0.023750 0.031646
0 0.883125 0.538766 0.036250 0.033228
0 0.093125 0.465190 0.021250 0.028481
0 0.881250 0.635285 0.032500 0.033228
0 0.273750 0.532437 0.035000 0.033228
0 0.827500 0.412975 0.032500 0.031646
0 0.273125 0.594937 0.036250 0.031646
0 0.761250 0.163766 0.025000 0.033228
0 0.273125 0.690665 0.036250 0.030063
0 0.788125 0.231804 0.023750 0.033228
0 0.121875 0.498418 0.021250 0.028481
0 0.758750 0.266614 0.027500 0.030063
0 0.733125 0.162184 0.023750 0.030063
0 0.828125 0.380538 0.033750 0.033228
0 0.760000 0.232595 0.025000 0.028481
0 0.703125 0.265823 0.026250 0.028481
0 0.272500 0.625000 0.035000 0.031646
0 0.272500 0.753956 0.037500 0.033228
0 0.828125 0.346519 0.036250 0.034810
0 0.789375 0.196994 0.026250 0.033228
0 0.732500 0.231804 0.022500 0.033228
0 0.163750 0.466772 0.035000 0.034810
0 0.881250 0.697785 0.035000 0.034810
0 0.106250 0.690665 0.035000 0.030063
0 0.163750 0.594937 0.032500 0.034810
0 0.273125 0.720728 0.031250 0.033228
0 0.827500 0.442247 0.032500 0.033228
0 0.163125 0.531646 0.033750 0.034810
0 0.219375 0.435918 0.033750 0.033228
0 0.163750 0.500000 0.035000 0.028481
0 0.702500 0.233386 0.027500 0.030063
0 0.106875 0.721519 0.036250 0.034810
0 0.162500 0.561709 0.032500 0.028481
0 0.106875 0.658228 0.036250 0.034810
0 0.731875 0.196994 0.023750 0.033228
0 0.220000 0.401899 0.032500 0.034810
0 0.106250 0.624209 0.035000 0.033228
0 0.675625 0.196994 0.026250 0.033228
0 0.108125 0.590190 0.036250 0.034810
0 0.706250 0.162184 0.025000 0.033228
0 0.275000 0.401899 0.035000 0.034810
0 0.826875 0.476266 0.033750 0.034810
0 0.219375 0.469937 0.036250 0.034810
