0 0.605625 0.847310 0.031250 0.026899
0 0.441875 0.878956 0.036250 0.036392
0 0.826875 0.469146 0.033750 0.033228
0 0.883125 0.407437 0.033750 0.039557
0 0.275625 0.878956 0.033750 0.033228
0 0.275625 0.847310 0.033750 0.030063
0 0.826875 0.625791 0.033750 0.030063
0 0.771875 0.499209 0.033750 0.033228
0 0.771875 0.437500 0.033750 0.033228
0 0.881875 0.563291 0.033750 0.034810
0 0.771875 0.532437 0.033750 0.033228
0 0.826250 0.500000 0.035000 0.031646
0 0.773750 0.562500 0.035000 0.033228
0 0.826875 0.563291 0.033750 0.031646
0 0.110000 0.720728 0.037500 0.039557
0 0.510625 0.875791 0.021250 0.030063
0 0.883750 0.719146 0.035000 0.039557
0 0.883125 0.690665 0.033750 0.030063
0 0.773750 0.623418 0.035000 0.037975
0 0.828125 0.847310 0.033750 0.033228
0 0.510000 0.851266 0.022500 0.022152
0 0.827500 0.720728 0.032500 0.033228
0 0.828125 0.878956 0.036250 0.036392
0 0.772500 0.595728 0.032500 0.033228
0 0.828125 0.784019 0.036250 0.033228
0 0.718750 0.878165 0.035000 0.031646
0 0.605000 0.868671 0.040000 0.056962
0 0.883750 0.846519 0.035000 0.028481
0 0.882500 0.438291 0.032500 0.028481
0 0.828750 0.817247 0.035000 0.033228
0 0.828125 0.693038 0.033750 0.034810
0 0.096875 0.340190 0.021250 0.028481
0 0.123125 0.339399 0.023750 0.026899
0 0.772500 0.659019 0.035000 0.033228
0 0.718125 0.849684 0.033750 0.031646
0 0.110000 0.402690 0.035000 0.033228
0 0.095000 0.435127 0.022500 0.028481
0 0.110000 0.370253 0.035000 0.031646
0 0.095000 0.465981 0.020000 0.026899
0 0.121875 0.497627 0.023750 0.030063
0 0.221250 0.850475 0.032500 0.033228
0 0.884375 0.624209 0.036250 0.033228
0 0.883125 0.750791 0.036250 0.033228
0 0.883750 0.816456 0.037500 0.031646
0 0.883750 0.878165 0.037500 0.034810
0 0.828125 0.753956 0.033750 0.033228
0 0.881250 0.783228 0.035000 0.034810
0 0.221875 0.879747 0.033750 0.034810
0 0.883125 0.595728 0.033750 0.033228
0 0.441875 0.846519 0.033750 0.028481
0 0.109375 0.560918 0.036250 0.033228
0 0.883125 0.500000 0.033750 0.028481
0 0.110000 0.623418 0.035000 0.028481
0 0.109375 0.528481 0.036250 0.034810
0 0.773750 0.721519 0.032500 0.034810
0 0.772500 0.690665 0.032500 0.030063
0 0.122500 0.465190 0.022500 0.028481
0 0.551875 0.845728 0.033750 0.033228
0 0.882500 0.465981 0.032500 0.033228
0 0.108750 0.686709 0.035000 0.028481
0 0.828125 0.658228 0.036250 0.034810
0 0.771875 0.469146 0.033750 0.030063
0 0.770625 0.402690 0.031250 0.033228
0 0.826875 0.437500 0.033750 0.030063
0 0.123750 0.431962 0.027500 0.034810
0 0.881875 0.658228 0.038750 0.034810
0 0.882500 0.531646 0.032500 0.028481
0 0.552500 0.879747 0.032500 0.034810
0 0.110000 0.594146 0.035000 0.033228
0 0.109375 0.656646 0.038750 0.034810
0 0.828125 0.595728 0.033750 0.033228
0 0.827500 0.406646 0.035000 0.034810
0 0.826250 0.532437 0.035000 0.033228
