0 0.799280 0.378686 0.021866 0.026272
0 0.862131 0.776163 0.040907 0.033497
0 0.503021 0.583941 0.024089 0.023459
0 0.778250 0.472127 0.033449 0.032495
0 0.740463 0.885527 0.037706 0.039290
0 0.792917 0.762096 0.023505 0.031160
0 0.703922 0.526588 0.024616 0.029753
0 0.772423 0.376670 0.023109 0.026439
0 0.744475 0.852651 0.037706 0.039290
0 0.797353 0.731664 0.024616 0.029753
0 0.287877 0.406278 0.035220 0.038956
0 0.850780 0.416629 0.023505 0.031160
0 0.289497 0.379446 0.036990 0.045416
0 0.499143 0.510227 0.031811 0.027608
0 0.746688 0.818739 0.036331 0.037549
0 0.738579 0.915506 0.041171 0.036643
0 0.840589 0.545735 0.024748 0.031327
0 0.729960 0.530880 0.022262 0.030993
0 0.283799 0.439940 0.035352 0.040529
0 0.757218 0.723092 0.036595 0.040696
0 0.512207 0.339341 0.032470 0.035475
0 0.842802 0.511822 0.020623 0.026105
0 0.799234 0.859209 0.037574 0.037716
0 0.800122 0.698621 0.024616 0.029753
0 0.775415 0.505956 0.039081 0.041030
0 0.271941 0.566436 0.037178 0.032996
0 0.751058 0.789093 0.037310 0.034569
0 0.801316 0.826870 0.033713 0.035642
0 0.508110 0.403233 0.033129 0.043342
0 0.719413 0.499231 0.038685 0.036310
0 0.086405 0.792925 0.036199 0.035976
0 0.511566 0.369487 0.033449 0.032495
0 0.342146 0.411179 0.038553 0.034736
0 0.795156 0.892871 0.037706 0.039290
0 0.637924 0.804133 0.037310 0.034569
0 0.804574 0.795484 0.032734 0.038622
0 0.772709 0.695736 0.024748 0.031327
0 0.127471 0.317910 0.036463 0.039123
0 0.100233 0.605434 0.035220 0.038956
0 0.088289 0.762946 0.034956 0.035809
0 0.150960 0.675096 0.032338 0.033902
0 0.608850 0.483589 0.036331 0.037549
0 0.835117 0.611033 0.022130 0.029419
0 0.821352 0.445296 0.022130 0.029419
0 0.868978 0.709459 0.038817 0.037883
0 0.831990 0.640845 0.023373 0.029586
0 0.802759 0.667152 0.024616 0.029753
0 0.580396 0.830618 0.037178 0.032996
0 0.282537 0.470003 0.035088 0.037382
0 0.886196 0.489009 0.033581 0.034068
0 0.747510 0.658938 0.023505 0.031160
0 0.845242 0.482714 0.023505 0.031160
0 0.116810 0.415130 0.038685 0.036310
0 0.871483 0.679563 0.038817 0.037883
0 0.754383 0.756921 0.036463 0.039123
0 0.865587 0.742417 0.040060 0.038050
0 0.093206 0.696777 0.036199 0.035976
0 0.577137 0.862004 0.038685 0.036310
0 0.876692 0.617412 0.031227 0.035308
0 0.775413 0.663480 0.024616 0.029753
0 0.777984 0.632798 0.024484 0.028180
0 0.629833 0.870671 0.037178 0.032996
0 0.171352 0.454277 0.033449 0.032495
0 0.090371 0.730607 0.036331 0.037549
0 0.423521 0.745111 0.036331 0.037549
0 0.641889 0.741815 0.037706 0.039290
0 0.582967 0.799936 0.037574 0.037716
0 0.212171 0.619670 0.037574 0.037716
0 0.360031 0.835237 0.037574 0.037716
0 0.304782 0.827022 0.038949 0.039456
0 0.612109 0.452204 0.037574 0.037716
0 0.413330 0.874217 0.035088 0.037382
0 0.302635 0.860148 0.039928 0.036476
0 0.178708 0.359000 0.035088 0.037382
0 0.651176 0.646002 0.037442 0.036143
0 0.458116 0.362310 0.036463 0.039123
0 0.889389 0.458410 0.037706 0.039290
0 0.165522 0.516345 0.035088 0.037382
0 0.253565 0.755703 0.035088 0.037382
0 0.218623 0.557685 0.037442 0.036143
0 0.369384 0.738637 0.037178 0.032996
0 0.589014 0.705279 0.033845 0.037215
0 0.202818 0.716270 0.037706 0.039290
0 0.176824 0.388979 0.036067 0.034402
0 0.426780 0.713725 0.034824 0.034235
0 0.347421 0.348241 0.039081 0.041030
0 0.394692 0.451649 0.035088 0.037382
0 0.432676 0.650871 0.036331 0.037549
0 0.357328 0.867493 0.039928 0.036476
0 0.104245 0.572558 0.037442 0.036143
0 0.310057 0.764085 0.038949 0.039456
0 0.882230 0.551327 0.036199 0.035976
0 0.664428 0.487870 0.034824 0.034235
0 0.586509 0.735174 0.036331 0.037549
0 0.173433 0.421938 0.035088 0.037382
0 0.320870 0.635062 0.038949 0.039456
0 0.153663 0.642841 0.037442 0.036143
0 0.526390 0.822571 0.033845 0.037215
0 0.656319 0.584637 0.032470 0.035475
0 0.330712 0.540118 0.037574 0.037716
0 0.260638 0.693802 0.036199 0.035976
0 0.594552 0.639194 0.033581 0.034068
0 0.542082 0.635330 0.033581 0.034068
0 0.385339 0.548249 0.034956 0.035809
0 0.231319 0.398683 0.036199 0.035976
0 0.531043 0.759549 0.035088 0.037382
0 0.443489 0.521848 0.036331 0.037549
0 0.366878 0.768532 0.037442 0.036143
0 0.727812 0.564005 0.025991 0.031494
0 0.590606 0.671282 0.036463 0.039123
0 0.554778 0.476328 0.034824 0.034235
0 0.110141 0.509704 0.038949 0.039456
0 0.879461 0.584369 0.038949 0.039456
0 0.598235 0.610252 0.035935 0.032829
0 0.667555 0.458058 0.036331 0.037549
0 0.722117 0.466976 0.036331 0.037549
0 0.670193 0.426589 0.036331 0.037549
0 0.247320 0.852721 0.041171 0.036643
0 0.528472 0.790231 0.034956 0.035809
0 0.234023 0.366428 0.036331 0.037549
0 0.379575 0.609530 0.035935 0.032829
0 0.418181 0.808836 0.038949 0.039456
0 0.725931 0.436460 0.036199 0.035976
0 0.327943 0.573161 0.037574 0.037716
0 0.228126 0.429282 0.035352 0.040529
0 0.269633 0.593972 0.037574 0.037716
0 0.382080 0.579635 0.036199 0.035976
0 0.614680 0.421521 0.037442 0.036143
0 0.429285 0.683830 0.037574 0.037716
0 0.334122 0.476930 0.038817 0.037883
0 0.333481 0.507076 0.037574 0.037716
0 0.673028 0.392760 0.036463 0.039123
0 0.220704 0.525346 0.036331 0.037549
0 0.377427 0.642656 0.035220 0.038956
0 0.315529 0.698786 0.038817 0.037883
0 0.266798 0.627801 0.037706 0.039290
0 0.159560 0.579986 0.033713 0.035642
0 0.249468 0.819595 0.037706 0.039290
0 0.402736 0.355669 0.037838 0.040863
0 0.658269 0.553871 0.033581 0.034068
0 0.731469 0.370375 0.036463 0.039123
0 0.396576 0.421670 0.038817 0.037883
0 0.523621 0.855613 0.033845 0.037215
0 0.371823 0.709528 0.035088 0.037382
0 0.318722 0.668188 0.039928 0.036476
0 0.279833 0.502259 0.037442 0.036143
0 0.312760 0.731829 0.038817 0.037883
0 0.448500 0.462057 0.036331 0.037549
0 0.539021 0.664355 0.035220 0.038956
0 0.208714 0.653415 0.036463 0.039123
0 0.162131 0.549304 0.036331 0.037549
0 0.391433 0.483035 0.033845 0.037215
0 0.560185 0.411817 0.034824 0.034235
0 0.363422 0.802278 0.039081 0.041030
0 0.603575 0.546527 0.036331 0.037549
0 0.263963 0.661630 0.037574 0.037716
0 0.399835 0.390285 0.037574 0.037716
0 0.536186 0.698185 0.035088 0.037382
0 0.661038 0.520829 0.033845 0.037215
0 0.728634 0.404205 0.036331 0.037549
0 0.277196 0.533728 0.037706 0.039290
0 0.551586 0.506927 0.033713 0.035642
0 0.605102 0.513318 0.036331 0.037549
0 0.546998 0.569162 0.034824 0.034235
0 0.557482 0.444073 0.035220 0.038956
0 0.388598 0.516864 0.036463 0.039123
0 0.601428 0.579653 0.037574 0.037716
0 0.222654 0.494580 0.035220 0.038956
0 0.617157 0.384462 0.039081 0.041030
0 0.548750 0.540756 0.033845 0.037215
0 0.438572 0.588016 0.035088 0.037382
0 0.440720 0.554890 0.036331 0.037549
0 0.454660 0.396055 0.037574 0.037716
0 0.451824 0.429885 0.034692 0.032662
0 0.563020 0.377988 0.037969 0.042436
0 0.544229 0.602204 0.035088 0.037382
0 0.206143 0.684098 0.036067 0.034402
0 0.344652 0.381283 0.038817 0.037883
0 0.753962 0.596953 0.023901 0.035880
0 0.645082 0.711216 0.036067 0.034402
0 0.148257 0.707352 0.037706 0.039290
0 0.633912 0.837009 0.037574 0.037716
0 0.873631 0.646437 0.035088 0.037382
0 0.771959 0.539702 0.037178 0.032996
0 0.168159 0.484876 0.035088 0.037382
0 0.415412 0.841878 0.035935 0.032829
0 0.145620 0.738821 0.037442 0.036143
0 0.502550 0.604563 0.021603 0.023126
0 0.499188 0.644686 0.021471 0.021552
0 0.498227 0.663651 0.019964 0.018238
0 0.253546 0.785932 0.035088 0.037382
0 0.639676 0.775728 0.036331 0.037549
0 0.292040 0.341600 0.035220 0.038956
0 0.142295 0.770993 0.038817 0.037883
0 0.503900 0.438469 0.035220 0.038956
0 0.226045 0.461621 0.033449 0.032495
0 0.120690 0.383828 0.038949 0.039456
0 0.181543 0.325171 0.035220 0.038956
0 0.894927 0.392325 0.037706 0.039290
0 0.236858 0.332599 0.036463 0.039123
0 0.097727 0.635329 0.034956 0.035809
0 0.215496 0.587497 0.036199 0.035976
0 0.848077 0.448884 0.023373 0.029586
0 0.782686 0.441695 0.032602 0.037048
0 0.497721 0.534699 0.033449 0.032495
0 0.500836 0.625018 0.021866 0.026272
0 0.785587 0.407079 0.037310 0.034569
0 0.475473 0.792662 0.034692 0.032662
0 0.138885 0.834182 0.040060 0.038050
0 0.095024 0.667585 0.037574 0.037716
0 0.805952 0.636553 0.023505 0.031160
0 0.112289 0.476578 0.039928 0.036476
0 0.838507 0.578074 0.023901 0.035880
0 0.307486 0.794767 0.038553 0.034736
0 0.770207 0.568107 0.035935 0.032829
0 0.750506 0.630699 0.024748 0.031327
0 0.825722 0.415651 0.023637 0.032733
0 0.699910 0.559463 0.024880 0.032900
0 0.113551 0.446516 0.039928 0.036476
0 0.193936 0.844756 0.038817 0.037883
0 0.421571 0.775877 0.037442 0.036143
0 0.084192 0.826837 0.042810 0.041531
0 0.534302 0.728164 0.033581 0.034068
0 0.200049 0.749312 0.037442 0.036143
0 0.156790 0.613029 0.036463 0.039123
0 0.574499 0.893473 0.038949 0.039456
0 0.653616 0.616893 0.034824 0.034235
0 0.258133 0.723698 0.033977 0.038789
0 0.816012 0.509021 0.024748 0.031327
0 0.123393 0.351572 0.038817 0.037883
0 0.373349 0.676319 0.032338 0.033902
0 0.196084 0.811631 0.037574 0.037716
0 0.892713 0.426238 0.036331 0.037549
0 0.324194 0.602889 0.034824 0.034235
0 0.198165 0.779291 0.035935 0.032829
0 0.337579 0.443184 0.040192 0.039623
0 0.585736 0.766893 0.035088 0.037382
0 0.445928 0.492739 0.035935 0.032829
0 0.884180 0.520561 0.035088 0.037382
0 0.813374 0.540489 0.022262 0.030993
0 0.521115 0.885509 0.033581 0.034068
0 0.781045 0.603772 0.026387 0.036214
0 0.435803 0.621059 0.034824 0.034235
0 0.807968 0.605001 0.024748 0.031327
0 0.648407 0.679044 0.037706 0.039290
0 0.629193 0.900817 0.033713 0.035642
0 0.818451 0.479912 0.021866 0.026272
0 0.810605 0.573532 0.024748 0.031327
0 0.140769 0.804203 0.038817 0.037883
0 0.107438 0.541960 0.036331 0.037549
