0 0.273125 0.850475 0.036250 0.033228
0 0.508125 0.668513 0.023750 0.017405
0 0.507500 0.861551 0.020000 0.017405
0 0.509375 0.596519 0.021250 0.018987
0 0.508125 0.636076 0.023750 0.018987
0 0.495625 0.393987 0.028750 0.018987
0 0.496875 0.412975 0.031250 0.018987
0 0.495000 0.439873 0.030000 0.031646
0 0.495625 0.462816 0.021250 0.017405
0 0.507500 0.653481 0.022500 0.018987
0 0.508750 0.883703 0.020000 0.026899
0 0.436875 0.854430 0.028750 0.034810
0 0.437500 0.886867 0.035000 0.030063
0 0.095625 0.342563 0.018750 0.023734
0 0.495000 0.336234 0.032500 0.020570
0 0.497500 0.356013 0.027500 0.018987
0 0.496250 0.375791 0.035000 0.020570
0 0.508125 0.685127 0.021250 0.015823
0 0.328125 0.787184 0.036250 0.033228
0 0.714375 0.760285 0.033750 0.033228
0 0.383750 0.756329 0.032500 0.031646
0 0.661250 0.409810 0.032500 0.028481
0 0.896875 0.505538 0.023750 0.030063
0 0.163750 0.435918 0.032500 0.033228
0 0.122500 0.435127 0.025000 0.034810
0 0.660625 0.628165 0.033750 0.034810
0 0.660625 0.600475 0.031250 0.030063
0 0.788125 0.265823 0.021250 0.028481
0 0.881875 0.412184 0.033750 0.033228
0 0.273125 0.658228 0.036250 0.034810
0 0.771250 0.601266 0.035000 0.028481
0 0.703125 0.300633 0.026250 0.028481
0 0.273125 0.466772 0.036250 0.037975
0 0.716875 0.443038 0.033750 0.031646
0 0.548125 0.788766 0.033750 0.033228
0 0.716875 0.475475 0.033750 0.033228
0 0.896250 0.476266 0.022500 0.028481
0 0.869375 0.475475 0.021250 0.030063
0 0.328125 0.881329 0.036250 0.031646
0 0.093125 0.532437 0.023750 0.033228
0 0.715000 0.727057 0.035000 0.033228
0 0.658125 0.856804 0.033750 0.030063
0 0.272500 0.818038 0.035000 0.034810
0 0.716875 0.412184 0.036250 0.033228
0 0.716250 0.630538 0.032500 0.030063
0 0.328125 0.625791 0.036250 0.036392
0 0.550000 0.659810 0.032500 0.031646
0 0.677500 0.159810 0.025000 0.031646
0 0.121250 0.561709 0.022500 0.028481
0 0.273750 0.435918 0.035000 0.030063
0 0.328125 0.817247 0.036250 0.033228
0 0.896250 0.443829 0.025000 0.033228
0 0.771250 0.539557 0.032500 0.031646
0 0.436875 0.755538 0.033750 0.033228
0 0.547500 0.821994 0.032500 0.033228
0 0.770000 0.826741 0.032500 0.030063
0 0.881875 0.379747 0.033750 0.028481
0 0.716250 0.504747 0.035000 0.028481
0 0.704375 0.193829 0.028750 0.030063
0 0.881875 0.602057 0.033750 0.030063
0 0.771875 0.412184 0.033750 0.030063
0 0.606875 0.441456 0.033750 0.031646
0 0.770000 0.760285 0.032500 0.033228
0 0.880625 0.664557 0.033750 0.031646
0 0.714375 0.857595 0.033750 0.028481
0 0.093750 0.431962 0.022500 0.028481
0 0.770625 0.442247 0.033750 0.030063
0 0.165000 0.398734 0.035000 0.037975
0 0.546875 0.885285 0.033750 0.033228
0 0.770000 0.727057 0.035000 0.033228
0 0.881875 0.571994 0.033750 0.033228
0 0.758750 0.300633 0.025000 0.028481
0 0.273125 0.562500 0.031250 0.033228
0 0.272500 0.784810 0.035000 0.031646
0 0.272500 0.881329 0.035000 0.031646
0 0.658125 0.789557 0.033750 0.031646
0 0.770625 0.633703 0.033750 0.033228
0 0.770625 0.696994 0.036250 0.033228
0 0.384375 0.788766 0.033750 0.033228
0 0.121250 0.465190 0.022500 0.028481
0 0.094375 0.498418 0.023750 0.028481
0 0.120625 0.339399 0.023750 0.030063
0 0.897500 0.345728 0.020000 0.023734
0 0.330000 0.657437 0.035000 0.017405
0 0.383125 0.879747 0.033750 0.041139
0 0.495000 0.542722 0.035000 0.031646
0 0.551250 0.397943 0.032500 0.033228
0 0.382500 0.852848 0.032500 0.037975
0 0.508750 0.617880 0.020000 0.020570
0 0.551875 0.432753 0.033750 0.033228
0 0.494375 0.515032 0.038750 0.036392
0 0.716875 0.571203 0.033750 0.028481
0 0.273750 0.499209 0.037500 0.033228
0 0.508750 0.704114 0.020000 0.022152
0 0.330000 0.435918 0.035000 0.033228
0 0.659375 0.756329 0.033750 0.034810
0 0.760000 0.197785 0.025000 0.028481
0 0.330000 0.500000 0.035000 0.028481
0 0.107500 0.401899 0.032500 0.031646
0 0.550000 0.725475 0.035000 0.030063
0 0.508125 0.578323 0.021250 0.020570
0 0.550625 0.693038 0.033750 0.034810
0 0.716250 0.600475 0.032500 0.033228
0 0.440625 0.567247 0.031250 0.026899
0 0.869375 0.442247 0.021250 0.023734
0 0.870625 0.349684 0.021250 0.028481
0 0.492500 0.799842 0.035000 0.033228
0 0.658125 0.889241 0.033750 0.031646
0 0.871250 0.503956 0.022500 0.026899
0 0.770625 0.571994 0.033750 0.033228
0 0.108750 0.370253 0.032500 0.028481
0 0.660625 0.726266 0.033750 0.034810
0 0.328750 0.469146 0.032500 0.033228
0 0.661250 0.440665 0.035000 0.033228
0 0.768750 0.856804 0.035000 0.033228
0 0.769375 0.890032 0.033750 0.033228
0 0.383750 0.725475 0.032500 0.036392
0 0.384375 0.658228 0.031250 0.028481
0 0.770625 0.663766 0.036250 0.033228
0 0.789375 0.162975 0.026250 0.031646
0 0.121875 0.526899 0.021250 0.028481
0 0.715000 0.790348 0.035000 0.033228
0 0.330000 0.403481 0.037500 0.034810
0 0.328125 0.687500 0.036250 0.036392
0 0.731875 0.267405 0.023750 0.031646
0 0.384375 0.821203 0.033750 0.031646
0 0.883125 0.538766 0.036250 0.033228
0 0.093125 0.465190 0.021250 0.028481
0 0.437500 0.787975 0.035000 0.031646
0 0.770625 0.794304 0.033750 0.034810
0 0.881250 0.635285 0.032500 0.033228
0 0.273750 0.532437 0.035000 0.033228
0 0.547500 0.855222 0.032500 0.033228
0 0.328750 0.595728 0.032500 0.030063
0 0.827500 0.412975 0.032500 0.031646
0 0.439375 0.625791 0.033750 0.026899
0 0.273125 0.594937 0.036250 0.031646
0 0.761250 0.163766 0.025000 0.033228
0 0.328125 0.850475 0.036250 0.036392
0 0.273125 0.690665 0.036250 0.030063
0 0.715625 0.696994 0.033750 0.033228
0 0.788125 0.231804 0.023750 0.033228
0 0.121875 0.498418 0.021250 0.028481
0 0.758750 0.266614 0.027500 0.030063
0 0.606875 0.474684 0.033750 0.034810
0 0.438125 0.692247 0.031250 0.033228
0 0.386250 0.436709 0.035000 0.034810
0 0.733125 0.162184 0.023750 0.030063
0 0.661875 0.375791 0.031250 0.036392
0 0.828125 0.380538 0.033750 0.033228
0 0.788125 0.301424 0.023750 0.033228
0 0.760000 0.232595 0.025000 0.028481
0 0.703125 0.265823 0.026250 0.028481
0 0.385000 0.466772 0.035000 0.031646
0 0.272500 0.625000 0.035000 0.031646
0 0.328750 0.562500 0.032500 0.030063
0 0.548125 0.754747 0.038750 0.034810
0 0.437500 0.725475 0.035000 0.033228
0 0.272500 0.753956 0.037500 0.033228
0 0.828125 0.346519 0.036250 0.034810
0 0.659375 0.822785 0.033750 0.034810
0 0.789375 0.196994 0.026250 0.033228
0 0.732500 0.231804 0.022500 0.033228
0 0.438125 0.821203 0.036250 0.034810
0 0.548125 0.600475 0.031250 0.030063
0 0.550000 0.537975 0.032500 0.031646
0 0.163750 0.466772 0.035000 0.034810
0 0.660000 0.693038 0.035000 0.031646
0 0.328125 0.754747 0.036250 0.034810
0 0.881250 0.697785 0.035000 0.034810
0 0.440000 0.500791 0.035000 0.033228
0 0.328125 0.721519 0.036250 0.031646
0 0.440000 0.470728 0.035000 0.033228
0 0.731875 0.300633 0.023750 0.028481
0 0.715000 0.824367 0.035000 0.034810
0 0.548750 0.629747 0.032500 0.034810
0 0.771250 0.472310 0.035000 0.033228
0 0.383750 0.628165 0.032500 0.031646
0 0.106250 0.690665 0.035000 0.030063
0 0.386875 0.402690 0.036250 0.033228
0 0.607500 0.375000 0.035000 0.034810
0 0.384375 0.534019 0.033750 0.030063
0 0.550625 0.505538 0.031250 0.033228
0 0.163750 0.594937 0.032500 0.034810
0 0.273125 0.720728 0.031250 0.033228
0 0.660625 0.504747 0.033750 0.028481
0 0.827500 0.442247 0.032500 0.033228
0 0.605625 0.409019 0.033750 0.033228
0 0.715000 0.663766 0.035000 0.033228
0 0.714375 0.889241 0.036250 0.034810
0 0.660625 0.662184 0.033750 0.033228
0 0.661875 0.472310 0.033750 0.033228
0 0.438125 0.659810 0.031250 0.034810
0 0.163125 0.531646 0.033750 0.034810
0 0.219375 0.435918 0.033750 0.033228
0 0.163750 0.500000 0.035000 0.028481
0 0.702500 0.233386 0.027500 0.030063
0 0.106875 0.721519 0.036250 0.034810
0 0.661250 0.568038 0.032500 0.031646
0 0.550000 0.567247 0.035000 0.033228
0 0.385000 0.563291 0.035000 0.031646
0 0.162500 0.561709 0.032500 0.028481
0 0.772500 0.378956 0.035000 0.036392
0 0.106875 0.658228 0.036250 0.034810
0 0.731875 0.196994 0.023750 0.033228
0 0.220000 0.401899 0.032500 0.034810
0 0.328125 0.533228 0.036250 0.034810
0 0.384375 0.595728 0.033750 0.033228
0 0.661875 0.537975 0.033750 0.031646
0 0.106250 0.624209 0.035000 0.033228
0 0.771875 0.505538 0.033750 0.033228
0 0.675625 0.196994 0.026250 0.033228
0 0.108125 0.590190 0.036250 0.034810
0 0.706250 0.162184 0.025000 0.033228
0 0.716875 0.537975 0.033750 0.034810
0 0.275000 0.401899 0.035000 0.034810
0 0.440000 0.595728 0.035000 0.033228
0 0.826875 0.476266 0.033750 0.034810
0 0.717500 0.375791 0.035000 0.036392
0 0.219375 0.469937 0.036250 0.034810
0 0.440000 0.534810 0.035000 0.034810
0 0.383750 0.691456 0.032500 0.034810
0 0.440625 0.437500 0.036250 0.033228
0 0.385625 0.503165 0.033750 0.034810
0 0.550625 0.470728 0.033750 0.033228
0 0.440625 0.402690 0.036250 0.039557
