0 0.253737 0.828838 0.038050 0.036452
0 0.498498 0.668816 0.024680 0.019529
0 0.486870 0.861293 0.020940 0.019187
0 0.503848 0.597124 0.022277 0.020879
0 0.500347 0.636463 0.024770 0.021107
0 0.501680 0.393864 0.029757 0.021564
0 0.501844 0.412916 0.032251 0.021792
0 0.498441 0.439573 0.031726 0.034303
0 0.497756 0.462514 0.022187 0.019301
0 0.498731 0.653766 0.023524 0.020993
0 0.486854 0.883501 0.021481 0.028655
0 0.416835 0.847740 0.030659 0.037345
0 0.415609 0.880150 0.036623 0.033182
0 0.105654 0.306037 0.020054 0.025385
0 0.504349 0.336204 0.033588 0.023485
0 0.505715 0.356160 0.028511 0.021450
0 0.503340 0.375772 0.036081 0.023713
0 0.497550 0.685386 0.022097 0.017723
0 0.312202 0.770736 0.038050 0.036452
0 0.698978 0.779188 0.035556 0.036224
0 0.369441 0.745042 0.034219 0.034532
0 0.665971 0.424774 0.034039 0.031375
0 0.895525 0.541775 0.025402 0.032154
0 0.168280 0.405371 0.034309 0.036110
0 0.127182 0.400814 0.026919 0.037003
0 0.652900 0.642502 0.035646 0.037802
0 0.654479 0.614884 0.032882 0.032839
0 0.800723 0.292751 0.022818 0.030348
0 0.885886 0.447294 0.035556 0.036224
0 0.264696 0.637092 0.038140 0.038031
0 0.764770 0.625778 0.036532 0.031604
0 0.713961 0.319706 0.027805 0.030804
0 0.275611 0.446136 0.038320 0.041187
0 0.719557 0.462996 0.035466 0.034646
0 0.531538 0.792409 0.035556 0.036224
0 0.717708 0.495348 0.035556 0.036224
0 0.896570 0.512522 0.024065 0.030462
0 0.869810 0.509278 0.022908 0.031926
0 0.306835 0.864636 0.037959 0.034874
0 0.092337 0.495188 0.025582 0.035311
0 0.701496 0.746103 0.036803 0.036338
0 0.637373 0.870317 0.035376 0.033068
0 0.254963 0.796429 0.036893 0.037916
0 0.721316 0.432222 0.038050 0.036452
0 0.708245 0.649950 0.034129 0.032954
0 0.321402 0.609764 0.038230 0.039609
0 0.540759 0.663961 0.034219 0.034532
0 0.696430 0.176910 0.026739 0.033847
0 0.118720 0.526952 0.024065 0.030462
0 0.277993 0.415419 0.036623 0.033182
0 0.310488 0.800720 0.038050 0.036452
0 0.898419 0.480170 0.026829 0.035425
0 0.768288 0.564230 0.034219 0.034532
0 0.422472 0.749106 0.035556 0.036224
0 0.529021 0.825493 0.034309 0.036110
0 0.750670 0.850551 0.034129 0.032954
0 0.887735 0.414941 0.035286 0.031490
0 0.715416 0.524487 0.036532 0.031604
0 0.721296 0.213295 0.030389 0.032611
0 0.875062 0.636672 0.035376 0.033068
0 0.776172 0.437246 0.035376 0.033068
0 0.609934 0.451370 0.035466 0.034646
0 0.754458 0.784269 0.034309 0.036110
0 0.870252 0.698895 0.035466 0.034646
0 0.693431 0.876244 0.035286 0.031490
0 0.098688 0.395032 0.024065 0.030462
0 0.773212 0.467117 0.035376 0.033068
0 0.171646 0.368399 0.037074 0.041073
0 0.524789 0.888562 0.035556 0.036224
0 0.756352 0.751127 0.036803 0.036338
0 0.876775 0.606687 0.035556 0.036224
0 0.769441 0.324787 0.026558 0.030690
0 0.270154 0.541614 0.033063 0.035996
0 0.256857 0.763287 0.036713 0.034760
0 0.251355 0.859555 0.036713 0.034760
0 0.641206 0.803246 0.035466 0.034646
0 0.762298 0.658073 0.035556 0.036224
0 0.758690 0.721199 0.038050 0.036452
0 0.368215 0.777452 0.035556 0.036224
0 0.124222 0.430685 0.024065 0.030462
0 0.095523 0.461371 0.025312 0.030576
0 0.130769 0.305165 0.025402 0.032154
0 0.905258 0.382438 0.021301 0.025499
0 0.321468 0.641498 0.035901 0.020557
0 0.361782 0.868081 0.036007 0.044115
0 0.492578 0.542153 0.036713 0.034760
0 0.556934 0.402890 0.034309 0.036110
0 0.362692 0.841196 0.034580 0.040844
0 0.502007 0.618372 0.021120 0.022343
0 0.555573 0.437667 0.035556 0.036224
0 0.493533 0.514479 0.040724 0.039837
0 0.712251 0.590827 0.035286 0.031490
0 0.274385 0.478545 0.039296 0.036567
0 0.497091 0.704381 0.021211 0.023921
0 0.334096 0.420557 0.036803 0.036338
0 0.644347 0.770218 0.035646 0.037802
0 0.776550 0.222321 0.026558 0.030690
0 0.330443 0.484472 0.036532 0.031604
0 0.114116 0.366303 0.034219 0.034532
0 0.537016 0.729454 0.036623 0.033182
0 0.503639 0.578861 0.022367 0.022457
0 0.539489 0.697159 0.035646 0.037802
0 0.709959 0.619965 0.034309 0.036110
0 0.436946 0.561648 0.032702 0.029683
0 0.871704 0.476137 0.022548 0.025613
0 0.878228 0.383929 0.022818 0.030348
0 0.475427 0.798375 0.036803 0.036338
0 0.635524 0.902669 0.035466 0.034646
0 0.870057 0.537856 0.023975 0.028884
0 0.765815 0.596525 0.035556 0.036224
0 0.117166 0.334854 0.034039 0.031375
0 0.647308 0.740348 0.035646 0.037802
0 0.330955 0.453584 0.034309 0.036110
0 0.664212 0.455548 0.036803 0.036338
0 0.747709 0.880422 0.036803 0.036338
0 0.746439 0.913620 0.035556 0.036224
0 0.371200 0.714268 0.034490 0.039266
0 0.375656 0.647254 0.032792 0.031261
0 0.760584 0.688058 0.038050 0.036452
0 0.807833 0.190285 0.027986 0.033961
0 0.121327 0.492290 0.022818 0.030348
0 0.697888 0.809230 0.036803 0.036338
0 0.335945 0.388205 0.039387 0.038145
0 0.317884 0.671312 0.038230 0.039609
0 0.744530 0.289191 0.025492 0.033732
0 0.366366 0.809804 0.035466 0.034646
0 0.879916 0.573660 0.038050 0.036452
0 0.096170 0.428116 0.022818 0.030348
0 0.421247 0.781515 0.036713 0.034760
0 0.753142 0.818256 0.035646 0.037802
0 0.872544 0.669756 0.034309 0.036110
0 0.272491 0.511686 0.036803 0.036338
0 0.527126 0.858634 0.034309 0.036110
0 0.323739 0.579836 0.034129 0.032954
0 0.831607 0.443116 0.034219 0.034532
0 0.432362 0.619926 0.035195 0.029911
0 0.268304 0.573966 0.037959 0.034874
0 0.779736 0.188505 0.026829 0.035425
0 0.308594 0.833862 0.038230 0.039609
0 0.262847 0.669444 0.037869 0.033296
0 0.703833 0.716176 0.035556 0.036224
0 0.802663 0.258821 0.025582 0.035311
0 0.122951 0.463883 0.022818 0.030348
0 0.771380 0.290857 0.029142 0.032497
0 0.608040 0.484512 0.035646 0.037802
0 0.427327 0.686094 0.033063 0.035996
0 0.390155 0.426484 0.036893 0.037916
0 0.751775 0.184358 0.025402 0.032154
0 0.668534 0.390901 0.033243 0.039152
0 0.834080 0.410821 0.035556 0.036224
0 0.798694 0.328260 0.025582 0.035311
0 0.774566 0.257041 0.026558 0.030690
0 0.715945 0.284987 0.027805 0.030804
0 0.387194 0.456354 0.036713 0.034760
0 0.265967 0.603894 0.036713 0.034760
0 0.325634 0.546695 0.034129 0.032954
0 0.533477 0.758479 0.040633 0.038259
0 0.424809 0.719178 0.036803 0.036338
0 0.258616 0.732513 0.039296 0.036567
0 0.836019 0.376891 0.038140 0.038031
0 0.640559 0.836501 0.035646 0.037802
0 0.805894 0.224216 0.028076 0.035539
0 0.747183 0.253740 0.024336 0.035196
0 0.419976 0.814713 0.038140 0.038031
0 0.542272 0.604609 0.032882 0.032839
0 0.547705 0.542443 0.034219 0.034532
0 0.166521 0.436145 0.036893 0.037916
0 0.648579 0.707149 0.036713 0.034760
0 0.314051 0.738383 0.038140 0.038031
0 0.868981 0.732093 0.036893 0.037916
0 0.440111 0.495309 0.036803 0.036338
0 0.315945 0.705242 0.037959 0.034874
0 0.441825 0.465324 0.036803 0.036338
0 0.742636 0.322332 0.025312 0.030576
0 0.695949 0.843160 0.036893 0.037916
0 0.541227 0.633861 0.034400 0.037688
0 0.772121 0.497159 0.036803 0.036338
0 0.376747 0.617212 0.034219 0.034532
0 0.096407 0.654202 0.036623 0.033182
0 0.392717 0.392611 0.038050 0.036452
0 0.614346 0.385145 0.036893 0.037916
0 0.382737 0.523369 0.035376 0.033068
0 0.550177 0.510148 0.033063 0.035996
0 0.159215 0.563976 0.034400 0.037688
0 0.261134 0.699429 0.033063 0.035996
0 0.659936 0.519406 0.035286 0.031490
0 0.829939 0.472312 0.034309 0.036110
0 0.610536 0.418904 0.035556 0.036224
0 0.705104 0.682977 0.036803 0.036338
0 0.691627 0.907807 0.038140 0.038031
0 0.650961 0.676432 0.035556 0.036224
0 0.663032 0.487168 0.035556 0.036224
0 0.429176 0.653742 0.033153 0.037574
0 0.162199 0.500792 0.035646 0.037802
0 0.223760 0.410452 0.035556 0.036224
0 0.164627 0.469286 0.036532 0.031604
0 0.717171 0.252578 0.029142 0.032497
0 0.095272 0.685033 0.038140 0.038031
0 0.656951 0.582589 0.034219 0.034532
0 0.546036 0.571639 0.036803 0.036338
0 0.381692 0.552622 0.036713 0.034760
0 0.159862 0.530720 0.034039 0.031375
0 0.778690 0.404162 0.036983 0.039494
0 0.098880 0.621907 0.038140 0.038031
0 0.748544 0.218963 0.025582 0.035311
0 0.226322 0.376579 0.034400 0.037688
0 0.326679 0.517442 0.038140 0.038031
0 0.379219 0.584917 0.035556 0.036224
0 0.659288 0.552662 0.035466 0.034646
0 0.100196 0.587919 0.036803 0.036338
0 0.770851 0.530357 0.035556 0.036224
0 0.692440 0.213825 0.028076 0.035539
0 0.104005 0.554160 0.038140 0.038031
0 0.724970 0.181903 0.026829 0.035425
0 0.714145 0.557685 0.035646 0.037802
0 0.281179 0.381603 0.036893 0.037916
0 0.434699 0.589998 0.036803 0.036338
0 0.827376 0.506185 0.035646 0.037802
0 0.724014 0.395982 0.036983 0.039494
0 0.221820 0.444382 0.038140 0.038031
0 0.438172 0.529239 0.036893 0.037916
0 0.373139 0.680338 0.034400 0.037688
0 0.444343 0.432240 0.038050 0.036452
0 0.385743 0.492709 0.035646 0.037802
0 0.552162 0.475428 0.035556 0.036224
0 0.446327 0.397520 0.038410 0.042765
