0 0.317010 0.627817 0.038425 0.040530
0 0.718281 0.378336 0.024121 0.031885
0 0.514279 0.333983 0.036890 0.026422
0 0.511958 0.372710 0.038299 0.028206
0 0.500273 0.613450 0.019724 0.024967
0 0.503214 0.574831 0.021689 0.020697
0 0.514624 0.354009 0.024336 0.022696
0 0.509292 0.391412 0.029290 0.023560
0 0.505944 0.416384 0.036846 0.037179
0 0.501167 0.593641 0.022030 0.023832
0 0.498056 0.633827 0.019042 0.018697
0 0.494407 0.649962 0.022927 0.020913
0 0.492168 0.664745 0.020836 0.012859
0 0.490099 0.677961 0.020110 0.017346
0 0.489098 0.692960 0.022201 0.025399
0 0.567199 0.862305 0.033857 0.032045
0 0.401569 0.865372 0.039834 0.042313
0 0.189745 0.765350 0.038425 0.040530
0 0.282095 0.426869 0.040902 0.040962
0 0.222025 0.480284 0.035607 0.036963
0 0.827144 0.525893 0.037016 0.038746
0 0.585856 0.708233 0.038084 0.037395
0 0.731175 0.509160 0.025189 0.030533
0 0.443123 0.489285 0.035778 0.038531
0 0.292499 0.331253 0.035948 0.040098
0 0.235585 0.355670 0.035778 0.038531
0 0.656586 0.556850 0.035096 0.032261
0 0.889520 0.474477 0.037698 0.045016
0 0.224562 0.451178 0.034540 0.038315
0 0.209678 0.576360 0.039493 0.039178
0 0.446790 0.455584 0.038425 0.040530
0 0.236874 0.836657 0.037016 0.038746
0 0.589353 0.676099 0.038254 0.038962
0 0.670680 0.433127 0.034540 0.038315
0 0.240285 0.805307 0.036675 0.035611
0 0.268450 0.552267 0.040902 0.040962
0 0.547615 0.537850 0.035437 0.035396
0 0.274312 0.492595 0.038981 0.034476
0 0.385567 0.508000 0.037913 0.035827
0 0.692910 0.756446 0.035778 0.038531
0 0.674710 0.401885 0.038254 0.038962
0 0.810258 0.681073 0.036675 0.035611
0 0.555227 0.473692 0.034540 0.038315
0 0.260753 0.617210 0.039493 0.039178
0 0.769417 0.546175 0.037016 0.038746
0 0.395886 0.413167 0.035607 0.036963
0 0.776069 0.485043 0.037016 0.038746
0 0.264249 0.585076 0.036846 0.037179
0 0.644543 0.684923 0.037187 0.040314
0 0.702269 0.664641 0.036846 0.037179
0 0.203731 0.636816 0.038425 0.040530
0 0.184596 0.314037 0.041584 0.047232
0 0.871481 0.628657 0.037187 0.040314
0 0.200064 0.670517 0.038254 0.038962
0 0.646886 0.651790 0.039322 0.037611
0 0.327329 0.532985 0.035778 0.038531
0 0.217205 0.512985 0.038425 0.040530
0 0.636482 0.747406 0.037187 0.040314
0 0.324174 0.561983 0.035607 0.036963
0 0.765836 0.579092 0.037016 0.038746
0 0.340974 0.407586 0.038254 0.038962
0 0.389342 0.479109 0.039322 0.037611
0 0.708814 0.598699 0.035266 0.033828
0 0.823199 0.556351 0.038084 0.037395
0 0.231384 0.388479 0.037016 0.038746
0 0.764452 0.609198 0.038254 0.038962
0 0.243526 0.775525 0.039493 0.039178
0 0.617069 0.421384 0.041584 0.047232
0 0.228058 0.419045 0.039322 0.037611
0 0.320677 0.594116 0.038254 0.038962
0 0.659208 0.526960 0.037016 0.038746
0 0.214328 0.545227 0.039493 0.039178
0 0.816995 0.619158 0.036846 0.037179
0 0.089854 0.651302 0.041413 0.045664
0 0.289985 0.365953 0.038425 0.040530
0 0.712674 0.569025 0.037187 0.040314
0 0.602998 0.550701 0.041413 0.045664
0 0.592594 0.646317 0.040731 0.039394
0 0.666564 0.465152 0.035266 0.033828
0 0.537574 0.635926 0.037187 0.040314
0 0.470017 0.874112 0.024292 0.033452
0 0.856538 0.783378 0.038937 0.045232
0 0.858989 0.755055 0.036675 0.035611
0 0.599246 0.585185 0.038254 0.038962
0 0.757886 0.669546 0.038766 0.043665
0 0.695510 0.720962 0.036631 0.046368
0 0.787617 0.900736 0.037016 0.038746
0 0.472041 0.849708 0.024677 0.025831
0 0.531178 0.694706 0.034540 0.038315
0 0.800643 0.775230 0.035778 0.038531
0 0.784206 0.932086 0.039834 0.042313
0 0.759632 0.641899 0.035778 0.038531
0 0.794440 0.838037 0.039493 0.039178
0 0.675939 0.912410 0.038084 0.037395
0 0.564277 0.883358 0.045766 0.063338
0 0.466225 0.787201 0.032619 0.031829
0 0.728577 0.411277 0.036334 0.032477
0 0.745161 0.380627 0.025871 0.036803
0 0.842807 0.909560 0.037743 0.034260
0 0.885574 0.504934 0.035266 0.033828
0 0.494583 0.538187 0.037231 0.029557
0 0.791477 0.871062 0.038254 0.038962
0 0.804247 0.747907 0.037187 0.040314
0 0.117872 0.272056 0.024121 0.031885
0 0.520155 0.790215 0.035778 0.038531
0 0.425533 0.645141 0.034369 0.036747
0 0.143962 0.275806 0.026427 0.030749
0 0.752810 0.704598 0.038254 0.038962
0 0.596772 0.607914 0.041584 0.047232
0 0.678390 0.884088 0.036846 0.037179
0 0.124137 0.336238 0.038254 0.038962
0 0.517084 0.818429 0.038254 0.038962
0 0.105781 0.365781 0.025360 0.032101
0 0.127634 0.304105 0.038084 0.037395
0 0.102455 0.396347 0.022713 0.030102
0 0.699029 0.694423 0.034028 0.033612
0 0.125667 0.432338 0.026769 0.033884
0 0.186077 0.799050 0.035778 0.038531
0 0.867391 0.689437 0.039493 0.039178
0 0.728019 0.538159 0.025360 0.032101
0 0.704188 0.502059 0.022883 0.031669
0 0.852507 0.814620 0.039493 0.039178
0 0.846048 0.879778 0.040561 0.037827
0 0.429649 0.613116 0.035778 0.038531
0 0.609628 0.483975 0.034028 0.033612
0 0.450309 0.429045 0.038640 0.031341
0 0.839396 0.940910 0.040902 0.040962
0 0.611545 0.454761 0.034198 0.035180
0 0.497204 0.508297 0.039834 0.042313
0 0.797681 0.808255 0.037016 0.038746
0 0.847153 0.846429 0.038425 0.040530
0 0.570439 0.832523 0.041969 0.039610
0 0.255788 0.680233 0.035778 0.038531
0 0.183541 0.828157 0.037187 0.040314
0 0.410564 0.771107 0.039493 0.039178
0 0.573317 0.800282 0.038425 0.040530
0 0.557678 0.445369 0.035096 0.032261
0 0.869223 0.661007 0.037016 0.038746
0 0.527596 0.727623 0.037016 0.038746
0 0.405065 0.833238 0.036504 0.034044
0 0.406982 0.804024 0.039493 0.039178
0 0.724717 0.440951 0.038254 0.038962
0 0.524014 0.760540 0.037016 0.038746
0 0.347797 0.344887 0.038254 0.038962
0 0.285165 0.398654 0.035266 0.033828
0 0.106462 0.492878 0.039493 0.039178
0 0.681887 0.851955 0.037016 0.038746
0 0.350055 0.312538 0.040902 0.040962
0 0.250348 0.712826 0.039493 0.039178
0 0.879542 0.566174 0.036504 0.034044
0 0.439968 0.518283 0.035607 0.036963
0 0.100344 0.554902 0.037743 0.034260
0 0.433764 0.581090 0.034369 0.036747
0 0.109958 0.460745 0.039663 0.040746
0 0.606580 0.517784 0.035778 0.038531
0 0.437005 0.551308 0.037187 0.040314
0 0.747311 0.766730 0.035948 0.040098
0 0.749398 0.735948 0.035437 0.035396
0 0.129783 0.400313 0.025360 0.032101
0 0.415129 0.740757 0.037187 0.040314
0 0.514122 0.851454 0.037016 0.038746
0 0.381815 0.542484 0.038254 0.038962
0 0.629319 0.813241 0.039663 0.040746
0 0.882590 0.532365 0.035778 0.038531
0 0.092283 0.617385 0.037743 0.034260
0 0.541775 0.603117 0.035948 0.040098
0 0.735290 0.477135 0.027280 0.038587
0 0.808000 0.713422 0.039663 0.040746
0 0.685384 0.819821 0.034369 0.036747
0 0.632281 0.780216 0.038425 0.040530
0 0.772658 0.516393 0.036675 0.035611
0 0.338268 0.438260 0.036846 0.037179
0 0.583320 0.737339 0.037016 0.038746
0 0.545357 0.570200 0.035266 0.033828
0 0.422485 0.678950 0.038596 0.042097
0 0.778583 0.450343 0.034540 0.038315
0 0.830555 0.494543 0.036675 0.035611
0 0.640683 0.714597 0.035266 0.033828
0 0.134603 0.367612 0.030995 0.039234
0 0.196567 0.702650 0.035607 0.036963
0 0.206971 0.607034 0.037743 0.034260
0 0.418540 0.709408 0.036504 0.034044
0 0.861247 0.722706 0.042140 0.041178
0 0.534953 0.665816 0.035266 0.033828
0 0.875511 0.597416 0.035266 0.033828
0 0.238633 0.321861 0.037187 0.040314
0 0.688090 0.789147 0.035778 0.038531
0 0.502640 0.452544 0.038766 0.043665
0 0.676350 0.369428 0.037187 0.040314
0 0.576643 0.769716 0.038254 0.038962
0 0.511074 0.885263 0.035948 0.040098
0 0.192622 0.733108 0.037016 0.038746
0 0.259284 0.648099 0.035607 0.036963
0 0.247022 0.743392 0.036846 0.037179
0 0.271776 0.521701 0.035778 0.038531
0 0.103499 0.525903 0.038254 0.038962
0 0.344556 0.374669 0.038254 0.038962
0 0.708133 0.471601 0.023610 0.027183
0 0.400707 0.380466 0.040902 0.040962
0 0.334152 0.470285 0.038254 0.038962
0 0.096143 0.587711 0.042140 0.041178
0 0.814737 0.651507 0.037016 0.038746
0 0.551560 0.507392 0.036846 0.037179
0 0.834500 0.464085 0.038425 0.040530
0 0.704527 0.632292 0.037016 0.038746
0 0.454595 0.395452 0.042096 0.051934
0 0.819702 0.588484 0.038254 0.038962
0 0.329758 0.499068 0.038084 0.037395
0 0.662449 0.497178 0.037016 0.038746
0 0.650042 0.622792 0.037016 0.038746
0 0.278428 0.460570 0.040731 0.039394
0 0.392305 0.446084 0.038425 0.040530
0 0.654328 0.589199 0.038425 0.040530
0 0.560641 0.412344 0.037698 0.045016
