0 0.883125 0.726266 0.038750 0.028481
0 0.771250 0.851266 0.035000 0.034810
0 0.813125 0.721519 0.021250 0.028481
0 0.772500 0.818038 0.035000 0.034810
0 0.815000 0.690665 0.022500 0.026899
0 0.281250 0.435127 0.032500 0.034810
0 0.280625 0.408228 0.033750 0.041139
0 0.771875 0.784019 0.033750 0.033228
0 0.771875 0.881329 0.038750 0.031646
0 0.280000 0.469146 0.032500 0.036392
0 0.774375 0.687500 0.033750 0.036392
0 0.827500 0.817247 0.035000 0.033228
0 0.278750 0.596519 0.035000 0.028481
0 0.773750 0.753956 0.035000 0.030063
0 0.826875 0.784810 0.031250 0.031646
0 0.113125 0.846519 0.033750 0.031646
0 0.335625 0.432753 0.036250 0.030063
0 0.826250 0.851266 0.035000 0.034810
0 0.662500 0.784019 0.035000 0.030063
0 0.827500 0.753165 0.030000 0.034810
0 0.114375 0.368671 0.033750 0.034810
0 0.111250 0.658228 0.032500 0.034810
0 0.112500 0.816456 0.032500 0.031646
0 0.167500 0.720728 0.030000 0.030063
0 0.884375 0.659019 0.036250 0.033228
0 0.607500 0.818038 0.035000 0.028481
0 0.281250 0.499209 0.032500 0.033228
0 0.883125 0.437500 0.031250 0.030063
0 0.111875 0.466772 0.036250 0.031646
0 0.884375 0.628956 0.036250 0.033228
0 0.774375 0.721519 0.033750 0.034810
0 0.883750 0.692247 0.037500 0.033228
0 0.111875 0.750000 0.033750 0.031646
0 0.606875 0.849684 0.036250 0.031646
0 0.884375 0.566456 0.028750 0.031646
0 0.660000 0.851266 0.035000 0.028481
0 0.169375 0.498418 0.031250 0.028481
0 0.111875 0.784019 0.033750 0.033228
0 0.444375 0.753956 0.033750 0.033228
0 0.661250 0.721519 0.035000 0.034810
0 0.607500 0.787184 0.035000 0.033228
0 0.223750 0.657437 0.035000 0.033228
0 0.388750 0.852057 0.035000 0.033228
0 0.333125 0.851266 0.036250 0.034810
0 0.445000 0.883703 0.032500 0.033228
0 0.333750 0.884494 0.037500 0.031646
0 0.168750 0.402690 0.032500 0.033228
0 0.883750 0.406646 0.035000 0.034810
0 0.168750 0.560918 0.032500 0.033228
0 0.276250 0.787184 0.032500 0.033228
0 0.225000 0.594937 0.035000 0.031646
0 0.390000 0.754747 0.035000 0.028481
0 0.605625 0.692247 0.031250 0.033228
0 0.222500 0.754747 0.035000 0.034810
0 0.169375 0.432753 0.033750 0.030063
0 0.445000 0.722310 0.032500 0.030063
0 0.335625 0.369462 0.036250 0.036392
0 0.391250 0.465981 0.032500 0.033228
0 0.388750 0.884494 0.037500 0.031646
0 0.112500 0.625000 0.035000 0.031646
0 0.333125 0.787975 0.036250 0.034810
0 0.884375 0.500000 0.033750 0.031646
0 0.605625 0.722310 0.033750 0.033228
0 0.168750 0.465981 0.032500 0.033228
0 0.333125 0.658228 0.036250 0.034810
0 0.167500 0.688291 0.035000 0.031646
0 0.553125 0.817247 0.031250 0.033228
0 0.335000 0.562500 0.035000 0.033228
0 0.278125 0.724684 0.033750 0.031646
0 0.390000 0.563291 0.032500 0.031646
0 0.224375 0.435127 0.033750 0.031646
0 0.552500 0.753956 0.032500 0.033228
0 0.390000 0.784810 0.035000 0.031646
0 0.113125 0.561709 0.036250 0.034810
0 0.884375 0.533228 0.036250 0.034810
0 0.278125 0.884494 0.038750 0.031646
0 0.552500 0.784810 0.032500 0.031646
0 0.224375 0.402690 0.033750 0.033228
0 0.389375 0.625000 0.033750 0.028481
0 0.444375 0.818038 0.036250 0.034810
0 0.335000 0.595728 0.035000 0.033228
0 0.223750 0.465981 0.032500 0.036392
0 0.278750 0.624209 0.035000 0.033228
0 0.389375 0.594937 0.033750 0.031646
0 0.445000 0.692247 0.035000 0.033228
0 0.333125 0.499209 0.036250 0.033228
0 0.335000 0.529272 0.035000 0.033228
0 0.224375 0.562500 0.033750 0.033228
0 0.390000 0.658228 0.032500 0.034810
0 0.333125 0.722310 0.036250 0.033228
0 0.278750 0.658228 0.035000 0.034810
0 0.168125 0.625000 0.031250 0.031646
0 0.277500 0.851266 0.035000 0.034810
0 0.391250 0.369462 0.035000 0.036392
0 0.390625 0.435918 0.036250 0.033228
0 0.553125 0.850475 0.031250 0.033228
0 0.390000 0.725475 0.032500 0.033228
0 0.333750 0.691456 0.037500 0.031646
0 0.281250 0.531646 0.035000 0.031646
0 0.333125 0.755538 0.036250 0.033228
0 0.223125 0.691456 0.033750 0.034810
0 0.168125 0.594146 0.033750 0.033228
0 0.390625 0.497627 0.031250 0.033228
0 0.389375 0.818829 0.036250 0.036392
0 0.278750 0.692247 0.035000 0.033228
0 0.391250 0.404272 0.035000 0.033228
0 0.552500 0.692247 0.032500 0.033228
0 0.281250 0.563291 0.035000 0.034810
0 0.390625 0.531646 0.033750 0.034810
0 0.223750 0.531646 0.032500 0.034810
0 0.223125 0.722310 0.033750 0.030063
0 0.335625 0.402690 0.036250 0.033228
0 0.661875 0.690665 0.033750 0.030063
0 0.167500 0.753165 0.035000 0.034810
0 0.661250 0.817247 0.035000 0.033228
0 0.883750 0.595728 0.032500 0.033228
0 0.168750 0.529272 0.032500 0.033228
0 0.444375 0.851266 0.033750 0.028481
0 0.167500 0.784810 0.035000 0.031646
0 0.278750 0.817247 0.032500 0.033228
0 0.661875 0.755538 0.033750 0.033228
0 0.280000 0.370253 0.032500 0.034810
0 0.166875 0.817247 0.036250 0.033228
0 0.224375 0.498418 0.031250 0.028481
0 0.113125 0.435127 0.036250 0.034810
0 0.168750 0.368671 0.032500 0.034810
0 0.883750 0.340190 0.035000 0.034810
0 0.224375 0.368671 0.033750 0.034810
0 0.111250 0.688291 0.032500 0.031646
0 0.224375 0.625000 0.033750 0.031646
0 0.500000 0.794304 0.032500 0.028481
0 0.168750 0.880538 0.037500 0.033228
0 0.111250 0.720728 0.035000 0.033228
0 0.112500 0.528481 0.037500 0.031646
0 0.333125 0.818829 0.036250 0.030063
0 0.111250 0.498418 0.037500 0.031646
0 0.224375 0.883703 0.036250 0.033228
0 0.445000 0.784810 0.035000 0.031646
0 0.113750 0.880538 0.040000 0.036392
0 0.553125 0.722310 0.031250 0.030063
0 0.222500 0.787975 0.035000 0.031646
0 0.168125 0.658228 0.033750 0.034810
0 0.606875 0.881329 0.036250 0.034810
0 0.278125 0.754747 0.031250 0.034810
0 0.113125 0.402690 0.036250 0.033228
0 0.388750 0.692247 0.030000 0.030063
0 0.223750 0.850475 0.035000 0.033228
0 0.884375 0.374209 0.033750 0.033228
0 0.333750 0.625791 0.032500 0.030063
0 0.223125 0.818038 0.033750 0.028481
0 0.333750 0.465190 0.037500 0.034810
0 0.607500 0.753956 0.032500 0.033228
0 0.883750 0.469146 0.032500 0.033228
0 0.553125 0.880538 0.031250 0.030063
0 0.661875 0.881329 0.031250 0.031646
0 0.168125 0.850475 0.036250 0.033228
0 0.113125 0.594146 0.033750 0.033228
