0 0.883125 0.726266 0.038750 0.028481
0 0.813125 0.721519 0.021250 0.028481
0 0.815000 0.690665 0.022500 0.026899
0 0.281250 0.435127 0.032500 0.034810
0 0.841875 0.370253 0.021250 0.028481
0 0.280625 0.408228 0.033750 0.041139
0 0.842500 0.500000 0.022500 0.028481
0 0.280000 0.469146 0.032500 0.036392
0 0.841875 0.465981 0.018750 0.023734
0 0.827500 0.817247 0.035000 0.033228
0 0.815000 0.657437 0.022500 0.026899
0 0.278750 0.596519 0.035000 0.028481
0 0.826875 0.784810 0.031250 0.031646
0 0.113125 0.846519 0.033750 0.031646
0 0.826250 0.851266 0.035000 0.034810
0 0.827500 0.753165 0.030000 0.034810
0 0.114375 0.368671 0.033750 0.034810
0 0.111250 0.658228 0.032500 0.034810
0 0.112500 0.816456 0.032500 0.031646
0 0.167500 0.720728 0.030000 0.030063
0 0.842500 0.565665 0.020000 0.026899
0 0.815000 0.402690 0.020000 0.026899
0 0.884375 0.659019 0.036250 0.033228
0 0.841875 0.595728 0.021250 0.026899
0 0.815000 0.625791 0.022500 0.026899
0 0.281250 0.499209 0.032500 0.033228
0 0.883125 0.437500 0.031250 0.030063
0 0.841875 0.436709 0.021250 0.028481
0 0.111875 0.466772 0.036250 0.031646
0 0.884375 0.628956 0.036250 0.033228
0 0.883750 0.692247 0.037500 0.033228
0 0.111875 0.750000 0.033750 0.031646
0 0.884375 0.566456 0.028750 0.031646
0 0.169375 0.498418 0.031250 0.028481
0 0.111875 0.784019 0.033750 0.033228
0 0.223750 0.657437 0.035000 0.033228
0 0.168750 0.402690 0.032500 0.033228
0 0.883750 0.406646 0.035000 0.034810
0 0.168750 0.560918 0.032500 0.033228
0 0.276250 0.787184 0.032500 0.033228
0 0.225000 0.594937 0.035000 0.031646
0 0.222500 0.754747 0.035000 0.034810
0 0.169375 0.432753 0.033750 0.030063
0 0.112500 0.625000 0.035000 0.031646
0 0.884375 0.500000 0.033750 0.031646
0 0.168750 0.465981 0.032500 0.033228
0 0.167500 0.688291 0.035000 0.031646
0 0.278125 0.724684 0.033750 0.031646
0 0.224375 0.435127 0.033750 0.031646
0 0.113125 0.561709 0.036250 0.034810
0 0.884375 0.533228 0.036250 0.034810
0 0.278125 0.884494 0.038750 0.031646
0 0.224375 0.402690 0.033750 0.033228
0 0.223750 0.465981 0.032500 0.036392
0 0.278750 0.624209 0.035000 0.033228
0 0.224375 0.562500 0.033750 0.033228
0 0.278750 0.658228 0.035000 0.034810
0 0.168125 0.625000 0.031250 0.031646
0 0.277500 0.851266 0.035000 0.034810
0 0.281250 0.531646 0.035000 0.031646
0 0.223125 0.691456 0.033750 0.034810
0 0.168125 0.594146 0.033750 0.033228
0 0.278750 0.692247 0.035000 0.033228
0 0.281250 0.563291 0.035000 0.034810
0 0.223750 0.531646 0.032500 0.034810
0 0.223125 0.722310 0.033750 0.030063
0 0.167500 0.753165 0.035000 0.034810
0 0.883750 0.595728 0.032500 0.033228
0 0.168750 0.529272 0.032500 0.033228
0 0.167500 0.784810 0.035000 0.031646
0 0.278750 0.817247 0.032500 0.033228
0 0.280000 0.370253 0.032500 0.034810
0 0.166875 0.817247 0.036250 0.033228
0 0.224375 0.498418 0.031250 0.028481
0 0.113125 0.435127 0.036250 0.034810
0 0.168750 0.368671 0.032500 0.034810
0 0.883750 0.340190 0.035000 0.034810
0 0.224375 0.368671 0.033750 0.034810
0 0.111250 0.688291 0.032500 0.031646
0 0.224375 0.625000 0.033750 0.031646
0 0.841875 0.402690 0.021250 0.026899
0 0.168750 0.880538 0.037500 0.033228
0 0.111250 0.720728 0.035000 0.033228
0 0.815625 0.594937 0.021250 0.028481
0 0.112500 0.528481 0.037500 0.031646
0 0.843125 0.532437 0.021250 0.033228
0 0.816875 0.372627 0.021250 0.030063
0 0.111250 0.498418 0.037500 0.031646
0 0.224375 0.883703 0.036250 0.033228
0 0.113750 0.880538 0.040000 0.036392
0 0.222500 0.787975 0.035000 0.031646
0 0.168125 0.658228 0.033750 0.034810
0 0.278125 0.754747 0.031250 0.034810
0 0.815000 0.466772 0.022500 0.028481
0 0.113125 0.402690 0.036250 0.033228
0 0.223750 0.850475 0.035000 0.033228
0 0.884375 0.374209 0.033750 0.033228
0 0.223125 0.818038 0.033750 0.028481
0 0.883750 0.469146 0.032500 0.033228
0 0.815000 0.498418 0.020000 0.028481
0 0.815000 0.563291 0.022500 0.028481
0 0.815000 0.437500 0.020000 0.023734
0 0.815000 0.531646 0.022500 0.028481
0 0.168125 0.850475 0.036250 0.033228
0 0.113125 0.594146 0.033750 0.033228
0 0.706875 0.339399 0.023750 0.033228
0 0.333125 0.651899 0.036250 0.044304
0 0.510000 0.680380 0.022500 0.028481
0 0.498125 0.397152 0.036250 0.028481
0 0.663125 0.341772 0.031250 0.028481
0 0.509375 0.708070 0.021250 0.023734
0 0.662500 0.658228 0.035000 0.034810
0 0.706250 0.436709 0.022500 0.028481
0 0.731875 0.532437 0.023750 0.026899
0 0.662500 0.595728 0.035000 0.033228
0 0.331250 0.817247 0.035000 0.033228
0 0.552500 0.851266 0.032500 0.028481
0 0.331250 0.595728 0.035000 0.033228
0 0.333125 0.432753 0.031250 0.030063
0 0.733125 0.469937 0.023750 0.028481
0 0.775625 0.407437 0.033750 0.030063
0 0.553125 0.466772 0.031250 0.031646
0 0.551875 0.724684 0.033750 0.028481
0 0.733750 0.436709 0.025000 0.034810
0 0.775000 0.373418 0.035000 0.041139
0 0.443125 0.402690 0.036250 0.039557
0 0.719375 0.562500 0.036250 0.036392
0 0.552500 0.787184 0.032500 0.026899
0 0.732500 0.500000 0.022500 0.028481
0 0.553125 0.883703 0.031250 0.033228
0 0.663750 0.532437 0.032500 0.030063
0 0.609375 0.403481 0.031250 0.031646
0 0.553125 0.531646 0.031250 0.031646
0 0.663750 0.403481 0.032500 0.031646
0 0.774375 0.503165 0.033750 0.034810
0 0.388750 0.435918 0.032500 0.039557
0 0.333750 0.401899 0.032500 0.034810
0 0.553750 0.401108 0.035000 0.042722
0 0.775000 0.469146 0.032500 0.030063
0 0.553125 0.595728 0.031250 0.033228
0 0.551875 0.659019 0.033750 0.033228
0 0.718125 0.692247 0.036250 0.039557
0 0.775000 0.437500 0.035000 0.033228
0 0.664375 0.499209 0.031250 0.033228
0 0.551875 0.754747 0.033750 0.034810
0 0.609375 0.436709 0.033750 0.034810
0 0.333125 0.499209 0.036250 0.033228
0 0.552500 0.628165 0.032500 0.034810
0 0.551875 0.692247 0.033750 0.033228
0 0.553125 0.498418 0.031250 0.028481
0 0.664375 0.466772 0.033750 0.031646
0 0.331250 0.561709 0.035000 0.034810
0 0.333750 0.465190 0.032500 0.034810
0 0.553125 0.563291 0.031250 0.031646
0 0.551250 0.818038 0.035000 0.037975
0 0.663125 0.435918 0.033750 0.033228
0 0.496875 0.799051 0.028750 0.028481
0 0.333125 0.630538 0.033750 0.039557
0 0.662500 0.368671 0.032500 0.037975
0 0.609375 0.340190 0.033750 0.028481
0 0.498125 0.452532 0.036250 0.034810
0 0.703125 0.500000 0.023750 0.031646
0 0.718125 0.628956 0.033750 0.033228
0 0.719375 0.374209 0.031250 0.033228
0 0.705000 0.465981 0.022500 0.023734
0 0.663125 0.692247 0.033750 0.033228
0 0.332500 0.722310 0.035000 0.033228
0 0.333125 0.528481 0.031250 0.028481
0 0.331250 0.754747 0.035000 0.034810
0 0.332500 0.882120 0.035000 0.030063
0 0.718125 0.596519 0.033750 0.031646
0 0.333125 0.851266 0.033750 0.034810
0 0.663125 0.755538 0.033750 0.033228
0 0.663125 0.628165 0.033750 0.031646
0 0.718125 0.659019 0.033750 0.033228
0 0.663125 0.562500 0.033750 0.030063
0 0.332500 0.784810 0.032500 0.031646
0 0.388125 0.401108 0.028750 0.033228
0 0.511875 0.660601 0.021250 0.011076
0 0.509375 0.646361 0.021250 0.014241
0 0.511875 0.629747 0.021250 0.015823
0 0.510000 0.613924 0.017500 0.015823
0 0.509375 0.597310 0.018750 0.017405
0 0.498125 0.547468 0.028750 0.009494
0 0.499375 0.342563 0.036250 0.036392
0 0.732500 0.342563 0.025000 0.030063
0 0.510625 0.579114 0.021250 0.018987
0 0.498750 0.424842 0.035000 0.023734
0 0.499375 0.508703 0.031250 0.023734
0 0.498750 0.530854 0.035000 0.023734
0 0.498750 0.369462 0.035000 0.020570
0 0.553750 0.435918 0.032500 0.033228
0 0.333125 0.691456 0.036250 0.034810
0 0.609375 0.368671 0.031250 0.034810
0 0.510625 0.856013 0.021250 0.022152
0 0.661875 0.724684 0.033750 0.034810
0 0.511250 0.880538 0.022500 0.026899
0 0.718750 0.404272 0.032500 0.030063
0 0.389375 0.339399 0.033750 0.039557
0 0.388750 0.369462 0.035000 0.023734
