0 0.267978 0.869898 0.039349 0.035714
0 0.523066 0.674320 0.025780 0.018707
0 0.522388 0.881803 0.021710 0.018707
0 0.524423 0.596939 0.023066 0.020408
0 0.523066 0.639456 0.025780 0.020408
0 0.509498 0.379252 0.031208 0.020408
0 0.510855 0.399660 0.033921 0.020408
0 0.508820 0.428571 0.032564 0.034014
0 0.509498 0.453231 0.023066 0.018707
0 0.522388 0.658163 0.024423 0.020408
0 0.523745 0.905612 0.021710 0.028912
0 0.445726 0.874150 0.031208 0.037415
0 0.446404 0.909014 0.037992 0.032313
0 0.075305 0.323980 0.020353 0.025510
0 0.508820 0.317177 0.035278 0.022109
0 0.511533 0.338435 0.029851 0.020408
0 0.510176 0.359694 0.037992 0.022109
0 0.523066 0.692177 0.023066 0.017007
0 0.327680 0.801871 0.039349 0.035714
0 0.746947 0.772959 0.036635 0.035714
0 0.388060 0.768707 0.035278 0.034014
0 0.689281 0.396259 0.035278 0.030612
0 0.945047 0.499150 0.025780 0.032313
0 0.149254 0.424320 0.035278 0.035714
0 0.104478 0.423469 0.027137 0.037415
0 0.688602 0.630952 0.036635 0.037415
0 0.688602 0.601190 0.033921 0.032313
0 0.827001 0.241497 0.023066 0.030612
0 0.928765 0.398810 0.036635 0.035714
0 0.267978 0.663265 0.039349 0.037415
0 0.808684 0.602041 0.037992 0.030612
0 0.734735 0.278912 0.028494 0.030612
0 0.267978 0.457483 0.039349 0.040816
0 0.749661 0.431973 0.036635 0.034014
0 0.566486 0.803571 0.036635 0.035714
0 0.749661 0.466837 0.036635 0.035714
0 0.944369 0.467687 0.024423 0.030612
0 0.915197 0.466837 0.023066 0.032313
0 0.327680 0.903061 0.039349 0.034014
0 0.072592 0.528061 0.025780 0.035714
0 0.747626 0.737245 0.037992 0.035714
0 0.685889 0.876701 0.036635 0.032313
0 0.267300 0.835034 0.037992 0.037415
0 0.749661 0.398810 0.039349 0.035714
0 0.748982 0.633503 0.035278 0.032313
0 0.327680 0.628401 0.039349 0.039116
0 0.568521 0.664966 0.035278 0.034014
0 0.706920 0.127551 0.027137 0.034014
0 0.103121 0.559524 0.024423 0.030612
0 0.268657 0.424320 0.037992 0.032313
0 0.327680 0.834184 0.039349 0.035714
0 0.944369 0.432823 0.027137 0.035714
0 0.808684 0.535714 0.035278 0.034014
0 0.445726 0.767857 0.036635 0.035714
0 0.565807 0.839286 0.035278 0.035714
0 0.807327 0.844388 0.035278 0.032313
0 0.928765 0.363946 0.036635 0.030612
0 0.748982 0.498299 0.037992 0.030612
0 0.736092 0.164116 0.031208 0.032313
0 0.928765 0.602891 0.036635 0.032313
0 0.809362 0.398810 0.036635 0.032313
0 0.630258 0.430272 0.036635 0.034014
0 0.807327 0.772959 0.035278 0.035714
0 0.927408 0.670068 0.036635 0.034014
0 0.746947 0.877551 0.036635 0.030612
0 0.073270 0.420068 0.024423 0.030612
0 0.808005 0.431122 0.036635 0.032313
0 0.150611 0.384354 0.037992 0.040816
0 0.565129 0.907313 0.036635 0.035714
0 0.807327 0.737245 0.037992 0.035714
0 0.928765 0.570578 0.036635 0.035714
0 0.795115 0.278912 0.027137 0.030612
0 0.267978 0.560374 0.033921 0.035714
0 0.267300 0.799320 0.037992 0.034014
0 0.267300 0.903061 0.037992 0.034014
0 0.685889 0.804422 0.036635 0.034014
0 0.808005 0.636905 0.036635 0.035714
0 0.808005 0.704932 0.039349 0.035714
0 0.388738 0.803571 0.036635 0.035714
0 0.103121 0.455782 0.024423 0.030612
0 0.073948 0.491497 0.025780 0.030612
0 0.102442 0.320578 0.025780 0.032313
0 0.945726 0.327381 0.021710 0.025510
0 0.329715 0.662415 0.037992 0.018707
0 0.387381 0.901361 0.036635 0.044218
0 0.508820 0.539116 0.037992 0.034014
0 0.569878 0.383503 0.035278 0.035714
0 0.386703 0.872449 0.035278 0.040816
0 0.523745 0.619898 0.021710 0.022109
0 0.570556 0.420918 0.036635 0.035714
0 0.508141 0.509354 0.042062 0.039116
0 0.749661 0.569728 0.036635 0.030612
0 0.268657 0.492347 0.040706 0.035714
0 0.523745 0.712585 0.021710 0.023810
0 0.329715 0.424320 0.037992 0.035714
0 0.687246 0.768707 0.036635 0.037415
0 0.796472 0.168367 0.027137 0.030612
0 0.329715 0.493197 0.037992 0.030612
0 0.088195 0.387755 0.035278 0.034014
0 0.568521 0.735544 0.037992 0.032313
0 0.523066 0.577381 0.023066 0.022109
0 0.569199 0.700680 0.036635 0.037415
0 0.748982 0.601190 0.035278 0.035714
0 0.449796 0.565476 0.033921 0.028912
0 0.915197 0.431122 0.023066 0.025510
0 0.916554 0.331633 0.023066 0.030612
0 0.506106 0.815476 0.037992 0.035714
0 0.685889 0.911565 0.036635 0.034014
0 0.917232 0.497449 0.024423 0.028912
0 0.808005 0.570578 0.036635 0.035714
0 0.089552 0.353741 0.035278 0.030612
0 0.688602 0.736395 0.036635 0.037415
0 0.328358 0.460034 0.035278 0.035714
0 0.689281 0.429422 0.037992 0.035714
0 0.805970 0.876701 0.037992 0.035714
0 0.806649 0.912415 0.036635 0.035714
0 0.388060 0.735544 0.035278 0.039116
0 0.388738 0.663265 0.033921 0.030612
0 0.808005 0.669218 0.039349 0.035714
0 0.828358 0.130952 0.028494 0.034014
0 0.103799 0.522109 0.023066 0.030612
0 0.747626 0.805272 0.037992 0.035714
0 0.329715 0.389456 0.040706 0.037415
0 0.327680 0.694728 0.039349 0.039116
0 0.765943 0.243197 0.025780 0.034014
0 0.388738 0.838435 0.036635 0.034014
0 0.930122 0.534864 0.039349 0.035714
0 0.072592 0.455782 0.023066 0.030612
0 0.446404 0.802721 0.037992 0.034014
0 0.808005 0.809524 0.036635 0.037415
0 0.928087 0.638605 0.035278 0.035714
0 0.268657 0.528061 0.037992 0.035714
0 0.565807 0.875000 0.035278 0.035714
0 0.328358 0.596088 0.035278 0.032313
0 0.869742 0.399660 0.035278 0.034014
0 0.448440 0.628401 0.036635 0.028912
0 0.267978 0.595238 0.039349 0.034014
0 0.797829 0.131803 0.027137 0.035714
0 0.327680 0.869898 0.039349 0.039116
0 0.267978 0.698129 0.039349 0.032313
0 0.748304 0.704932 0.036635 0.035714
0 0.827001 0.204932 0.025780 0.035714
0 0.103799 0.491497 0.023066 0.030612
0 0.795115 0.242347 0.029851 0.032313
0 0.630258 0.465986 0.036635 0.037415
0 0.447083 0.699830 0.033921 0.035714
0 0.390773 0.425170 0.037992 0.037415
0 0.767300 0.130102 0.025780 0.032313
0 0.689959 0.359694 0.033921 0.039116
0 0.870421 0.364796 0.036635 0.035714
0 0.827001 0.279762 0.025780 0.035714
0 0.796472 0.205782 0.027137 0.030612
0 0.734735 0.241497 0.028494 0.030612
0 0.389417 0.457483 0.037992 0.034014
0 0.267300 0.627551 0.037992 0.034014
0 0.328358 0.560374 0.035278 0.032313
0 0.566486 0.767007 0.042062 0.037415
0 0.446404 0.735544 0.037992 0.035714
0 0.267300 0.766156 0.040706 0.035714
0 0.870421 0.328231 0.039349 0.037415
0 0.687246 0.840136 0.036635 0.037415
0 0.828358 0.167517 0.028494 0.035714
0 0.766621 0.204932 0.024423 0.035714
0 0.447083 0.838435 0.039349 0.037415
0 0.566486 0.601190 0.033921 0.032313
0 0.568521 0.534014 0.035278 0.034014
0 0.149254 0.457483 0.037992 0.037415
0 0.687924 0.700680 0.037992 0.034014
0 0.327680 0.767007 0.039349 0.037415
0 0.928087 0.705782 0.037992 0.037415
0 0.449118 0.494048 0.037992 0.035714
0 0.327680 0.731293 0.039349 0.034014
0 0.449118 0.461735 0.037992 0.035714
0 0.765943 0.278912 0.025780 0.030612
0 0.747626 0.841837 0.037992 0.037415
0 0.567164 0.632653 0.035278 0.037415
0 0.808684 0.463435 0.037992 0.035714
0 0.388060 0.630952 0.035278 0.034014
0 0.086839 0.698129 0.037992 0.032313
0 0.391452 0.388605 0.039349 0.035714
0 0.630936 0.358844 0.037992 0.037415
0 0.388738 0.529762 0.036635 0.032313
0 0.569199 0.499150 0.033921 0.035714
0 0.149254 0.595238 0.035278 0.037415
0 0.267978 0.730442 0.033921 0.035714
0 0.688602 0.498299 0.036635 0.030612
0 0.869742 0.431122 0.035278 0.035714
0 0.628901 0.395408 0.036635 0.035714
0 0.747626 0.669218 0.037992 0.035714
0 0.746947 0.911565 0.039349 0.037415
0 0.688602 0.667517 0.036635 0.035714
0 0.689959 0.463435 0.036635 0.035714
0 0.447083 0.664966 0.033921 0.037415
0 0.148575 0.527211 0.036635 0.037415
0 0.209634 0.424320 0.036635 0.035714
0 0.149254 0.493197 0.037992 0.030612
0 0.734057 0.206633 0.029851 0.032313
0 0.087517 0.731293 0.039349 0.037415
0 0.689281 0.566327 0.035278 0.034014
0 0.568521 0.565476 0.037992 0.035714
0 0.389417 0.561224 0.037992 0.034014
0 0.147897 0.559524 0.035278 0.030612
0 0.810041 0.363095 0.037992 0.039116
0 0.087517 0.663265 0.039349 0.037415
0 0.765943 0.167517 0.025780 0.035714
0 0.210312 0.387755 0.035278 0.037415
0 0.327680 0.528912 0.039349 0.037415
0 0.388738 0.596088 0.036635 0.035714
0 0.689959 0.534014 0.036635 0.034014
0 0.086839 0.626701 0.037992 0.035714
0 0.809362 0.499150 0.036635 0.035714
0 0.704885 0.167517 0.028494 0.035714
0 0.088874 0.590136 0.039349 0.037415
0 0.738128 0.130102 0.027137 0.035714
0 0.749661 0.534014 0.036635 0.037415
0 0.270014 0.387755 0.037992 0.037415
0 0.449118 0.596088 0.037992 0.035714
0 0.869064 0.467687 0.036635 0.037415
0 0.750339 0.359694 0.037992 0.039116
0 0.209634 0.460884 0.039349 0.037415
0 0.449118 0.530612 0.037992 0.037415
0 0.388060 0.698980 0.035278 0.037415
0 0.449796 0.426020 0.039349 0.035714
0 0.390095 0.496599 0.036635 0.037415
0 0.569199 0.461735 0.036635 0.035714
0 0.449796 0.388605 0.039349 0.042517
