0 0.095625 0.342563 0.018750 0.023734
0 0.896875 0.505538 0.023750 0.030063
0 0.163750 0.435918 0.032500 0.033228
0 0.122500 0.435127 0.025000 0.034810
0 0.881875 0.412184 0.033750 0.033228
0 0.896250 0.476266 0.022500 0.028481
0 0.869375 0.475475 0.021250 0.030063
0 0.093125 0.532437 0.023750 0.033228
0 0.121250 0.561709 0.022500 0.028481
0 0.896250 0.443829 0.025000 0.033228
0 0.881875 0.379747 0.033750 0.028481
0 0.881875 0.602057 0.033750 0.030063
0 0.880625 0.664557 0.033750 0.031646
0 0.093750 0.431962 0.022500 0.028481
0 0.165000 0.398734 0.035000 0.037975
0 0.881875 0.571994 0.033750 0.033228
0 0.121250 0.465190 0.022500 0.028481
0 0.094375 0.498418 0.023750 0.028481
0 0.120625 0.339399 0.023750 0.030063
0 0.897500 0.345728 0.020000 0.023734
0 0.107500 0.401899 0.032500 0.031646
0 0.869375 0.442247 0.021250 0.023734
0 0.870625 0.349684 0.021250 0.028481
0 0.871250 0.503956 0.022500 0.026899
0 0.108750 0.370253 0.032500 0.028481
0 0.121875 0.526899 0.021250 0.028481
0 0.883125 0.538766 0.036250 0.033228
0 0.093125 0.465190 0.021250 0.028481
0 0.881250 0.635285 0.032500 0.033228
0 0.827500 0.412975 0.032500 0.031646
0 0.121875 0.498418 0.021250 0.028481
0 0.828125 0.380538 0.033750 0.033228
0 0.828125 0.346519 0.036250 0.034810
0 0.163750 0.466772 0.035000 0.034810
0 0.881250 0.697785 0.035000 0.034810
0 0.106250 0.690665 0.035000 0.030063
0 0.163750 0.594937 0.032500 0.034810
0 0.827500 0.442247 0.032500 0.033228
0 0.163125 0.531646 0.033750 0.034810
0 0.219375 0.435918 0.033750 0.033228
0 0.163750 0.500000 0.035000 0.028481
0 0.106875 0.721519 0.036250 0.034810
0 0.162500 0.561709 0.032500 0.028481
0 0.106875 0.658228 0.036250 0.034810
0 0.220000 0.401899 0.032500 0.034810
0 0.106250 0.624209 0.035000 0.033228
0 0.108125 0.590190 0.036250 0.034810
0 0.826875 0.476266 0.033750 0.034810
0 0.219375 0.469937 0.036250 0.034810
0 0.706875 0.339399 0.023750 0.033228
0 0.333125 0.651899 0.036250 0.044304
0 0.510000 0.680380 0.022500 0.028481
0 0.498125 0.397152 0.036250 0.028481
0 0.663125 0.341772 0.031250 0.028481
0 0.278125 0.659019 0.033750 0.033228
0 0.509375 0.708070 0.021250 0.023734
0 0.662500 0.658228 0.035000 0.034810
0 0.706250 0.436709 0.022500 0.028481
0 0.731875 0.532437 0.023750 0.026899
0 0.662500 0.595728 0.035000 0.033228
0 0.331250 0.817247 0.035000 0.033228
0 0.278125 0.435918 0.033750 0.033228
0 0.552500 0.851266 0.032500 0.028481
0 0.331250 0.595728 0.035000 0.033228
0 0.333125 0.432753 0.031250 0.030063
0 0.277500 0.726266 0.035000 0.034810
0 0.733125 0.469937 0.023750 0.028481
0 0.775625 0.407437 0.033750 0.030063
0 0.553125 0.466772 0.031250 0.031646
0 0.551875 0.724684 0.033750 0.028481
0 0.733750 0.436709 0.025000 0.034810
0 0.775000 0.373418 0.035000 0.041139
0 0.443125 0.402690 0.036250 0.039557
0 0.719375 0.562500 0.036250 0.036392
0 0.552500 0.787184 0.032500 0.026899
0 0.278125 0.531646 0.033750 0.031646
0 0.732500 0.500000 0.022500 0.028481
0 0.278125 0.465981 0.033750 0.033228
0 0.277500 0.562500 0.035000 0.033228
0 0.553125 0.883703 0.031250 0.033228
0 0.663750 0.532437 0.032500 0.030063
0 0.609375 0.403481 0.031250 0.031646
0 0.553125 0.531646 0.031250 0.031646
0 0.663750 0.403481 0.032500 0.031646
0 0.277500 0.821203 0.035000 0.034810
0 0.774375 0.503165 0.033750 0.034810
0 0.388750 0.435918 0.032500 0.039557
0 0.333750 0.401899 0.032500 0.034810
0 0.553750 0.401108 0.035000 0.042722
0 0.775000 0.469146 0.032500 0.030063
0 0.553125 0.595728 0.031250 0.033228
0 0.551875 0.659019 0.033750 0.033228
0 0.718125 0.692247 0.036250 0.039557
0 0.775000 0.437500 0.035000 0.033228
0 0.664375 0.499209 0.031250 0.033228
0 0.277500 0.595728 0.035000 0.033228
0 0.551875 0.754747 0.033750 0.034810
0 0.609375 0.436709 0.033750 0.034810
0 0.333125 0.499209 0.036250 0.033228
0 0.552500 0.628165 0.032500 0.034810
0 0.551875 0.692247 0.033750 0.033228
0 0.553125 0.498418 0.031250 0.028481
0 0.664375 0.466772 0.033750 0.031646
0 0.331250 0.561709 0.035000 0.034810
0 0.333750 0.465190 0.032500 0.034810
0 0.277500 0.499209 0.035000 0.033228
0 0.277500 0.402690 0.035000 0.039557
0 0.553125 0.563291 0.031250 0.031646
0 0.551250 0.818038 0.035000 0.037975
0 0.663125 0.435918 0.033750 0.033228
0 0.496875 0.799051 0.028750 0.028481
0 0.333125 0.630538 0.033750 0.039557
0 0.662500 0.368671 0.032500 0.037975
0 0.609375 0.340190 0.033750 0.028481
0 0.498125 0.452532 0.036250 0.034810
0 0.703125 0.500000 0.023750 0.031646
0 0.718125 0.628956 0.033750 0.033228
0 0.719375 0.374209 0.031250 0.033228
0 0.705000 0.465981 0.022500 0.023734
0 0.663125 0.692247 0.033750 0.033228
0 0.332500 0.722310 0.035000 0.033228
0 0.333125 0.528481 0.031250 0.028481
0 0.331250 0.754747 0.035000 0.034810
0 0.278125 0.883703 0.033750 0.026899
0 0.277500 0.852848 0.032500 0.031646
0 0.332500 0.882120 0.035000 0.030063
0 0.277500 0.787975 0.035000 0.031646
0 0.718125 0.596519 0.033750 0.031646
0 0.333125 0.851266 0.033750 0.034810
0 0.277500 0.755538 0.035000 0.030063
0 0.663125 0.755538 0.033750 0.033228
0 0.663125 0.628165 0.033750 0.031646
0 0.718125 0.659019 0.033750 0.033228
0 0.663125 0.562500 0.033750 0.030063
0 0.277500 0.692247 0.037500 0.033228
0 0.332500 0.784810 0.032500 0.031646
0 0.388125 0.401108 0.028750 0.033228
0 0.511875 0.660601 0.021250 0.011076
0 0.509375 0.646361 0.021250 0.014241
0 0.511875 0.629747 0.021250 0.015823
0 0.510000 0.613924 0.017500 0.015823
0 0.509375 0.597310 0.018750 0.017405
0 0.498125 0.547468 0.028750 0.009494
0 0.499375 0.342563 0.036250 0.036392
0 0.732500 0.342563 0.025000 0.030063
0 0.510625 0.579114 0.021250 0.018987
0 0.498750 0.424842 0.035000 0.023734
0 0.499375 0.508703 0.031250 0.023734
0 0.498750 0.530854 0.035000 0.023734
0 0.498750 0.369462 0.035000 0.020570
0 0.553750 0.435918 0.032500 0.033228
0 0.333125 0.691456 0.036250 0.034810
0 0.609375 0.368671 0.031250 0.034810
0 0.278125 0.628956 0.031250 0.030063
0 0.510625 0.856013 0.021250 0.022152
0 0.661875 0.724684 0.033750 0.034810
0 0.511250 0.880538 0.022500 0.026899
0 0.718750 0.404272 0.032500 0.030063
0 0.389375 0.339399 0.033750 0.039557
0 0.388750 0.369462 0.035000 0.023734
