0 0.754908 0.811445 0.032416 0.029025
0 0.799056 0.702433 0.035985 0.038879
0 0.879637 0.429072 0.039005 0.044037
0 0.650264 0.379959 0.036633 0.023688
0 0.856681 0.725255 0.036491 0.032848
0 0.405630 0.676774 0.035620 0.035748
0 0.321834 0.434923 0.035985 0.038879
0 0.365041 0.816309 0.038640 0.040906
0 0.211320 0.933797 0.037221 0.039110
0 0.679320 0.759191 0.025544 0.032334
0 0.536541 0.726688 0.024449 0.022943
0 0.549723 0.850580 0.025179 0.029204
0 0.524079 0.630652 0.022158 0.024046
0 0.875733 0.401011 0.036674 0.034414
0 0.662649 0.599965 0.024125 0.030538
0 0.553262 0.875509 0.026781 0.032565
0 0.643870 0.444331 0.022341 0.025611
0 0.648230 0.476304 0.024125 0.030538
0 0.651080 0.506161 0.020415 0.029845
0 0.653929 0.536018 0.021287 0.026945
0 0.659526 0.567760 0.022706 0.028742
0 0.670022 0.441044 0.019868 0.025149
0 0.673489 0.470785 0.017760 0.027818
0 0.479681 0.358249 0.031869 0.024329
0 0.483352 0.395150 0.033288 0.026125
0 0.498622 0.509854 0.037545 0.031514
0 0.500741 0.533449 0.033470 0.027690
0 0.501857 0.548435 0.033064 0.013834
0 0.515065 0.558763 0.022665 0.018016
0 0.518654 0.573287 0.026557 0.020274
0 0.539847 0.760458 0.023030 0.021146
0 0.535151 0.709354 0.021104 0.025380
0 0.530771 0.671787 0.023578 0.025842
0 0.526431 0.645407 0.020374 0.019119
0 0.747404 0.741673 0.037404 0.040675
0 0.303582 0.760616 0.034565 0.037082
0 0.427370 0.868641 0.037404 0.040675
0 0.339650 0.593136 0.034383 0.035517
0 0.209018 0.426411 0.039877 0.041137
0 0.733259 0.620360 0.039694 0.039572
0 0.537265 0.369882 0.037404 0.040675
0 0.470738 0.763773 0.034748 0.038648
0 0.592456 0.355572 0.037221 0.039110
0 0.433148 0.419724 0.037404 0.040675
0 0.310883 0.823229 0.039512 0.038006
0 0.616863 0.575731 0.036674 0.034414
0 0.549179 0.461222 0.034748 0.038648
0 0.374104 0.395568 0.036532 0.043575
0 0.241871 0.708169 0.034930 0.040213
0 0.737345 0.649986 0.038458 0.039341
0 0.315334 0.855985 0.036167 0.040444
0 0.627997 0.671215 0.039147 0.034876
0 0.624529 0.641474 0.037039 0.037544
0 0.614014 0.545874 0.038275 0.037775
0 0.256473 0.833394 0.037404 0.040675
0 0.467179 0.733250 0.034565 0.037082
0 0.740468 0.682191 0.037039 0.037544
0 0.248645 0.771680 0.035985 0.038879
0 0.234205 0.642425 0.034565 0.037082
0 0.353907 0.720825 0.038275 0.037775
0 0.641271 0.795889 0.037221 0.039110
0 0.219168 0.518881 0.036167 0.040444
0 0.292287 0.669160 0.035985 0.038879
0 0.453449 0.604662 0.036674 0.034414
0 0.464674 0.700930 0.037221 0.039110
0 0.245704 0.741041 0.037039 0.037544
0 0.260306 0.866266 0.037039 0.037544
0 0.646340 0.828530 0.037221 0.039110
0 0.671928 0.695796 0.031038 0.037955
0 0.774487 0.486303 0.034748 0.038648
0 0.194853 0.781730 0.040059 0.042702
0 0.595670 0.388560 0.035255 0.032617
0 0.713025 0.815271 0.024308 0.032103
0 0.552029 0.491079 0.035620 0.035748
0 0.380260 0.459194 0.038093 0.036210
0 0.813495 0.349462 0.035985 0.038879
0 0.397893 0.615842 0.034018 0.032386
0 0.717385 0.847245 0.028565 0.037492
0 0.534050 0.336895 0.036167 0.040444
0 0.429133 0.385287 0.039877 0.041137
0 0.387469 0.521024 0.038275 0.037775
0 0.384001 0.491283 0.038275 0.037775
0 0.099578 0.446858 0.036532 0.043575
0 0.832457 0.506662 0.034200 0.033952
0 0.758284 0.358178 0.037951 0.045371
0 0.828279 0.476253 0.033511 0.038417
0 0.230210 0.613582 0.035620 0.035748
0 0.342864 0.626123 0.033511 0.038417
0 0.887394 0.495598 0.040931 0.039803
0 0.532525 0.692251 0.021976 0.022480
0 0.376245 0.906982 0.034200 0.033952
0 0.922134 0.809791 0.037039 0.037544
0 0.332440 0.531306 0.034200 0.033952
0 0.274562 0.511730 0.039512 0.038006
0 0.527836 0.787493 0.035579 0.025022
0 0.489669 0.454747 0.036350 0.042009
0 0.478727 0.339234 0.037180 0.028384
0 0.529226 0.804827 0.033612 0.018530
0 0.263681 0.412999 0.036532 0.043575
0 0.446240 0.542832 0.034748 0.038648
0 0.637803 0.766148 0.037221 0.039110
0 0.481872 0.859258 0.034018 0.032386
0 0.420161 0.806811 0.037221 0.039110
0 0.911457 0.718220 0.036856 0.035979
0 0.484162 0.375005 0.034342 0.024791
0 0.914124 0.746511 0.037728 0.033079
0 0.179815 0.658185 0.035255 0.032617
0 0.812695 0.830238 0.040383 0.035107
0 0.536693 0.744254 0.025321 0.020043
0 0.484813 0.889897 0.038275 0.037775
0 0.487600 0.420746 0.037404 0.040675
0 0.633352 0.733392 0.038458 0.039341
0 0.602353 0.451288 0.037221 0.039110
0 0.328263 0.500897 0.038458 0.039341
0 0.809045 0.798931 0.038275 0.037775
0 0.903882 0.653259 0.037039 0.037544
0 0.869052 0.820508 0.039329 0.036441
0 0.907350 0.683000 0.037404 0.040675
0 0.900415 0.623518 0.037039 0.037544
0 0.422919 0.835885 0.037910 0.034645
0 0.369127 0.845935 0.039147 0.034876
0 0.395135 0.586768 0.035802 0.037313
0 0.607331 0.483146 0.034200 0.033952
0 0.412931 0.739387 0.038458 0.039341
0 0.284712 0.604199 0.036167 0.040444
0 0.361390 0.785003 0.038275 0.037775
0 0.214402 0.472588 0.039411 0.057894
0 0.694591 0.657174 0.023578 0.025842
0 0.103046 0.476599 0.035437 0.034183
0 0.853558 0.693050 0.038275 0.037775
0 0.780551 0.549147 0.037221 0.039110
0 0.770127 0.454330 0.032964 0.033721
0 0.209110 0.909419 0.038640 0.040906
0 0.917683 0.777035 0.038640 0.040906
0 0.891754 0.527571 0.037039 0.037544
0 0.839575 0.567709 0.037404 0.040675
0 0.850617 0.662411 0.037221 0.039110
0 0.139641 0.790446 0.035985 0.038879
0 0.758538 0.837157 0.037404 0.040675
0 0.715625 0.463713 0.029943 0.028563
0 0.801196 0.731623 0.038640 0.040906
0 0.864073 0.788650 0.039512 0.038006
0 0.324592 0.463997 0.034930 0.040213
0 0.190219 0.747408 0.038458 0.039341
0 0.817946 0.382219 0.034748 0.038648
0 0.348025 0.659546 0.036167 0.040444
0 0.158075 0.466318 0.034565 0.037082
0 0.794970 0.672808 0.037221 0.039110
0 0.459605 0.668289 0.034383 0.035517
0 0.175891 0.624531 0.036532 0.043575
0 0.350165 0.688736 0.038093 0.036210
0 0.197976 0.813934 0.037910 0.034645
0 0.682606 0.787367 0.025544 0.032334
0 0.843408 0.600581 0.039512 0.038006
0 0.701800 0.719004 0.023760 0.027407
0 0.665590 0.630604 0.025179 0.029204
0 0.600827 0.324419 0.025544 0.032334
0 0.655238 0.314253 0.025544 0.032334
0 0.156839 0.948774 0.038458 0.039341
0 0.726211 0.554501 0.035985 0.038879
0 0.893985 0.557543 0.039877 0.041137
0 0.556389 0.523053 0.034930 0.040213
0 0.835215 0.535735 0.033146 0.035286
0 0.278030 0.541471 0.039877 0.041137
0 0.706252 0.751760 0.022888 0.030307
0 0.135099 0.756907 0.037404 0.040675
0 0.791320 0.641501 0.037221 0.039110
0 0.730663 0.587258 0.037221 0.039110
0 0.145087 0.853405 0.034383 0.035517
0 0.898528 0.591082 0.038458 0.039341
0 0.630597 0.319657 0.027835 0.031231
0 0.788379 0.610862 0.036167 0.040444
0 0.281863 0.574343 0.036674 0.034414
0 0.821414 0.411960 0.037221 0.039110
0 0.860058 0.754213 0.040242 0.044268
0 0.559694 0.556823 0.033511 0.038417
0 0.105805 0.505673 0.037221 0.039110
0 0.335726 0.559481 0.034930 0.040213
0 0.689126 0.854124 0.025362 0.030769
0 0.121298 0.633131 0.035437 0.034183
0 0.131013 0.727281 0.038275 0.037775
0 0.201971 0.842777 0.039694 0.039572
0 0.767004 0.422125 0.034748 0.038648
0 0.783401 0.579004 0.038458 0.039341
0 0.691376 0.624187 0.025544 0.032334
0 0.169736 0.560904 0.035985 0.038879
0 0.675213 0.723971 0.024997 0.027638
0 0.439557 0.480104 0.035620 0.035748
0 0.846784 0.629539 0.039694 0.039572
0 0.681409 0.533283 0.023943 0.028973
0 0.154698 0.437359 0.034748 0.038648
0 0.318549 0.888972 0.034200 0.033952
0 0.685638 0.818789 0.023943 0.028973
0 0.186133 0.717783 0.037221 0.039110
0 0.544819 0.429249 0.035802 0.037313
0 0.688618 0.595113 0.024490 0.033669
0 0.300023 0.730092 0.034383 0.035517
0 0.647414 0.350103 0.037221 0.039110
0 0.824538 0.444164 0.036167 0.040444
0 0.872357 0.372053 0.039694 0.039572
0 0.685403 0.562126 0.022888 0.030307
0 0.150065 0.885263 0.037039 0.037544
0 0.142856 0.823433 0.037221 0.039110
0 0.806013 0.767509 0.037404 0.040675
0 0.676339 0.500642 0.024308 0.032103
0 0.745173 0.711701 0.036674 0.034414
0 0.456228 0.639331 0.035296 0.043344
0 0.722835 0.525543 0.035802 0.037313
0 0.267514 0.445871 0.035802 0.037313
0 0.667568 0.663822 0.026781 0.032565
0 0.205804 0.875649 0.039694 0.039572
0 0.762826 0.391717 0.035802 0.037313
0 0.109019 0.538660 0.035620 0.035748
0 0.372341 0.878922 0.038640 0.040906
0 0.402598 0.645352 0.037221 0.039110
0 0.112142 0.570865 0.034565 0.037082
0 0.709125 0.402550 0.034748 0.038648
0 0.271347 0.478743 0.036167 0.040444
0 0.267262 0.931342 0.038093 0.036210
0 0.883034 0.463624 0.039877 0.041137
0 0.653549 0.408135 0.038823 0.042471
0 0.698768 0.687582 0.025727 0.033900
0 0.416328 0.773939 0.034748 0.038648
0 0.408571 0.707413 0.039877 0.041137
0 0.153006 0.915902 0.038458 0.039341
0 0.377319 0.428555 0.037039 0.037544
0 0.778664 0.516712 0.035437 0.034183
0 0.173112 0.589863 0.038275 0.037775
0 0.474480 0.795863 0.034565 0.037082
0 0.712502 0.431508 0.034565 0.037082
0 0.436616 0.449465 0.037039 0.037544
0 0.709902 0.783067 0.025362 0.030769
0 0.318457 0.405964 0.038275 0.037775
0 0.127362 0.695975 0.035437 0.034183
0 0.541442 0.400291 0.035985 0.038879
0 0.599138 0.418301 0.033511 0.038417
0 0.431112 0.900730 0.036856 0.035979
0 0.252387 0.803769 0.035437 0.034183
0 0.181682 0.685027 0.038458 0.039341
0 0.164758 0.529046 0.035802 0.037313
0 0.124675 0.662089 0.038823 0.042471
0 0.442498 0.510743 0.032457 0.039751
0 0.295755 0.698901 0.035985 0.038879
0 0.869761 0.338950 0.037951 0.045371
0 0.263520 0.899253 0.036167 0.040444
0 0.161817 0.498407 0.037221 0.039110
0 0.705019 0.367330 0.039877 0.041137
0 0.223528 0.550854 0.037221 0.039110
0 0.116847 0.600375 0.034565 0.037082
0 0.321834 0.917148 0.037404 0.040675
0 0.650173 0.861402 0.039694 0.039572
0 0.631374 0.700174 0.039694 0.039572
0 0.358084 0.751233 0.039694 0.039572
0 0.391211 0.553113 0.038458 0.039341
0 0.610272 0.513785 0.038458 0.039341
0 0.237947 0.674514 0.034748 0.038648
0 0.288454 0.636289 0.035985 0.038879
0 0.620696 0.608603 0.037404 0.040675
0 0.477786 0.829632 0.038823 0.042471
0 0.751785 0.779240 0.037404 0.040675
0 0.719620 0.492556 0.037404 0.040675
0 0.227361 0.583726 0.037221 0.039110
0 0.450691 0.575588 0.035985 0.038879
0 0.307415 0.793488 0.037404 0.040675
