0 0.407729 0.497517 0.042587 0.038079
0 0.847792 0.556291 0.033123 0.029801
0 0.472397 0.601821 0.042587 0.028146
0 0.847792 0.707781 0.033123 0.031457
0 0.829653 0.363411 0.044164 0.034768
0 0.138801 0.643212 0.037855 0.034768
0 0.408517 0.886589 0.047319 0.041391
0 0.469243 0.570364 0.042587 0.034768
0 0.962145 0.400662 0.047319 0.036424
0 0.141956 0.455298 0.037855 0.039735
0 0.962934 0.360927 0.045741 0.039735
0 0.410095 0.810430 0.047319 0.038079
0 0.699527 0.591060 0.045741 0.043046
0 0.470820 0.384934 0.042587 0.034768
0 0.469243 0.415563 0.042587 0.033113
0 0.343060 0.497517 0.036278 0.041391
0 0.634858 0.884106 0.048896 0.046358
0 0.140379 0.408113 0.037855 0.034768
0 0.635647 0.735099 0.047319 0.043046
0 0.408517 0.746689 0.044164 0.036424
0 0.143533 0.810430 0.044164 0.041391
0 0.764984 0.326987 0.047319 0.041391
0 0.343060 0.668046 0.042587 0.038079
0 0.470820 0.447848 0.042587 0.034768
0 0.699527 0.509934 0.045741 0.052980
0 0.208991 0.884934 0.042587 0.051325
0 0.343060 0.704470 0.045741 0.038079
0 0.140379 0.511589 0.041009 0.039735
0 0.339905 0.580298 0.042587 0.041391
0 0.520505 0.233444 0.041009 0.036424
0 0.409306 0.709437 0.045741 0.034768
0 0.407729 0.673841 0.042587 0.036424
0 0.141956 0.557119 0.044164 0.041391
0 0.470820 0.322848 0.042587 0.039735
0 0.339905 0.538079 0.042587 0.039735
0 0.207413 0.811258 0.048896 0.043046
0 0.635647 0.586093 0.044164 0.049669
0 0.406151 0.567881 0.042587 0.036424
0 0.406940 0.281457 0.044164 0.039735
0 0.341483 0.625000 0.042587 0.044702
0 0.406151 0.533940 0.042587 0.038079
0 0.272871 0.278974 0.044164 0.044702
0 0.962934 0.322020 0.045741 0.041391
0 0.138801 0.283940 0.041009 0.044702
0 0.406940 0.421358 0.044164 0.034768
0 0.406940 0.349338 0.044164 0.036424
0 0.406151 0.605132 0.042587 0.038079
0 0.569401 0.323675 0.044164 0.041391
0 0.896688 0.326159 0.048896 0.043046
0 0.207413 0.514901 0.045741 0.049669
0 0.209779 0.734272 0.047319 0.048013
0 0.143533 0.884106 0.050473 0.049669
0 0.764984 0.282285 0.047319 0.048013
0 0.141167 0.603477 0.042587 0.038079
0 0.339905 0.454470 0.045741 0.041391
0 0.699527 0.399007 0.042587 0.046358
0 0.407729 0.459437 0.042587 0.041391
0 0.070978 0.323675 0.050473 0.041391
0 0.829653 0.326159 0.044164 0.039735
0 0.636435 0.281457 0.045741 0.046358
0 0.339905 0.284768 0.042587 0.043046
0 0.138801 0.361755 0.044164 0.041391
0 0.141167 0.733444 0.045741 0.043046
0 0.634858 0.434603 0.048896 0.048013
0 0.339905 0.412252 0.042587 0.039735
0 0.072555 0.280629 0.047319 0.044702
0 0.701893 0.281457 0.047319 0.046358
0 0.472397 0.682947 0.045741 0.024834
0 0.472397 0.710265 0.042587 0.029801
0 0.470820 0.479305 0.042587 0.028146
0 0.469243 0.283113 0.042587 0.039735
0 0.354101 0.777318 0.029968 0.028146
0 0.847792 0.742550 0.033123 0.031457
0 0.815457 0.743377 0.028391 0.033113
0 0.527603 0.529801 0.026814 0.029801
0 0.700315 0.809603 0.041009 0.039735
0 0.815457 0.623344 0.028391 0.028146
0 0.844637 0.777318 0.036278 0.031457
0 0.716877 0.776490 0.029968 0.033113
0 0.850946 0.586921 0.033123 0.031457
0 0.849369 0.677980 0.029968 0.024834
0 0.846215 0.527318 0.029968 0.031457
0 0.817035 0.594371 0.028391 0.033113
0 0.847792 0.648179 0.033123 0.031457
0 0.425079 0.778974 0.026814 0.028146
0 0.847792 0.615894 0.033123 0.029801
0 0.815457 0.710265 0.031546 0.033113
0 0.470032 0.627483 0.044164 0.029801
0 0.159306 0.774834 0.028391 0.029801
0 0.815457 0.650662 0.028391 0.029801
0 0.816246 0.678808 0.029968 0.029801
0 0.488170 0.774834 0.023659 0.029801
0 0.848580 0.495861 0.028391 0.028146
0 0.473975 0.809603 0.042587 0.036424
0 0.832019 0.811258 0.042587 0.043046
0 0.818612 0.528974 0.031546 0.031457
0 0.829653 0.850166 0.050473 0.034768
0 0.652208 0.774834 0.029968 0.033113
0 0.848580 0.463576 0.028391 0.033113
0 0.520505 0.268212 0.041009 0.033113
0 0.699527 0.888245 0.045741 0.038079
0 0.818612 0.559603 0.031546 0.033113
0 0.846215 0.430464 0.029968 0.033113
0 0.828864 0.889073 0.042587 0.043046
0 0.225552 0.776490 0.028391 0.029801
0 0.817823 0.498344 0.033123 0.029801
0 0.700315 0.848510 0.044164 0.038079
0 0.343849 0.808775 0.044164 0.041391
0 0.529180 0.493377 0.029968 0.033113
0 0.961356 0.514073 0.042587 0.041391
0 0.343060 0.847682 0.042587 0.036424
0 0.343060 0.886589 0.045741 0.041391
0 0.962145 0.435430 0.044164 0.036424
0 0.470820 0.355132 0.045741 0.028146
0 0.409306 0.642384 0.039432 0.033113
0 0.697161 0.668046 0.044164 0.041391
0 0.637224 0.810430 0.047319 0.044702
0 0.473186 0.742550 0.041009 0.034768
0 0.471609 0.658113 0.047319 0.031457
0 0.816246 0.466887 0.029968 0.033113
0 0.469243 0.508278 0.042587 0.033113
0 0.962934 0.473510 0.045741 0.039735
0 0.522082 0.192881 0.037855 0.034768
0 0.141956 0.682119 0.037855 0.036424
0 0.406151 0.386589 0.042587 0.038079
0 0.406151 0.315397 0.042587 0.031457
0 0.521293 0.161424 0.033123 0.028146
0 0.702681 0.735099 0.045741 0.046358
0 0.832019 0.398179 0.042587 0.034768
0 0.472397 0.846854 0.042587 0.038079
0 0.410095 0.848510 0.047319 0.038079
0 0.817823 0.432947 0.033123 0.031457
0 0.469243 0.537252 0.042587 0.031457
0 0.471609 0.889073 0.047319 0.039735
0 0.343849 0.742550 0.047319 0.038079
0 0.207413 0.627483 0.045741 0.052980
0 0.962145 0.280629 0.047319 0.041391
0 0.571767 0.279801 0.042587 0.043046
0 0.831230 0.280629 0.047319 0.044702
0 0.339905 0.370033 0.048896 0.041391
0 0.206625 0.398179 0.047319 0.044702
0 0.895899 0.280629 0.047319 0.044702
0 0.343060 0.326987 0.045741 0.041391
0 0.271293 0.323675 0.047319 0.044702
0 0.206625 0.278974 0.047319 0.048013
