0 0.503333 0.271829 0.042222 0.029654
0 0.656667 0.280066 0.033333 0.026359
0 0.503333 0.341021 0.044444 0.032949
0 0.504444 0.369852 0.046667 0.034596
0 0.513889 0.738880 0.021111 0.031301
0 0.823333 0.411038 0.022222 0.034596
0 0.503333 0.202636 0.046667 0.029654
0 0.139444 0.320428 0.032222 0.041186
0 0.822222 0.744646 0.022222 0.032949
0 0.294444 0.698517 0.033333 0.039539
0 0.862222 0.328666 0.033333 0.041186
0 0.759444 0.702636 0.032222 0.044481
0 0.502222 0.238056 0.044444 0.044481
0 0.823333 0.783361 0.026667 0.037891
0 0.398333 0.280066 0.034444 0.036244
0 0.150556 0.741351 0.023333 0.036244
0 0.296667 0.364909 0.035556 0.047776
0 0.088333 0.361614 0.036667 0.047776
0 0.151111 0.781713 0.024444 0.037891
0 0.503333 0.169687 0.044444 0.039539
0 0.504444 0.303954 0.042222 0.041186
0 0.502778 0.528007 0.032222 0.037891
0 0.088333 0.317957 0.032222 0.036244
0 0.503333 0.134267 0.046667 0.037891
0 0.605556 0.326194 0.031111 0.036244
0 0.555556 0.367381 0.033333 0.042834
0 0.140556 0.364086 0.032222 0.042834
0 0.400556 0.239703 0.034444 0.044481
0 0.657778 0.239703 0.033333 0.044481
0 0.553333 0.700988 0.033333 0.044481
0 0.087222 0.610379 0.036667 0.044481
0 0.347778 0.322900 0.031111 0.042834
0 0.657778 0.194399 0.033333 0.049423
0 0.759444 0.660626 0.032222 0.039539
0 0.810556 0.702636 0.032222 0.041186
0 0.555556 0.324547 0.033333 0.039539
0 0.914444 0.244646 0.031111 0.041186
0 0.555556 0.280890 0.031111 0.047776
0 0.759444 0.615321 0.032222 0.047776
0 0.915556 0.287479 0.033333 0.044481
0 0.089444 0.274300 0.036667 0.044481
0 0.293333 0.656507 0.033333 0.044481
0 0.760556 0.369028 0.032222 0.046129
0 0.296667 0.322076 0.033333 0.037891
0 0.138333 0.655684 0.032222 0.042834
0 0.554444 0.658155 0.033333 0.044481
0 0.862778 0.286656 0.032222 0.042834
0 0.242222 0.656507 0.035556 0.044481
0 0.190556 0.698517 0.034444 0.039539
0 0.798889 0.491763 0.022222 0.034596
0 0.825556 0.451400 0.022222 0.032949
0 0.799444 0.451400 0.021111 0.032949
0 0.810556 0.658155 0.032222 0.044481
0 0.347222 0.279242 0.032222 0.044481
0 0.606667 0.284185 0.033333 0.044481
0 0.825556 0.493410 0.022222 0.037891
0 0.242222 0.699341 0.035556 0.044481
0 0.553333 0.612026 0.033333 0.047776
0 0.296667 0.611203 0.033333 0.049423
0 0.915556 0.196870 0.033333 0.051071
0 0.087222 0.654860 0.036667 0.044481
0 0.760556 0.325371 0.034444 0.041186
0 0.138333 0.611203 0.034444 0.046129
0 0.087778 0.698517 0.037778 0.042834
0 0.244444 0.322076 0.031111 0.041186
0 0.138333 0.700165 0.036667 0.046129
0 0.191111 0.363262 0.033333 0.044481
0 0.451667 0.322900 0.034444 0.039539
0 0.706111 0.280066 0.032222 0.046129
0 0.451111 0.279242 0.033333 0.047776
0 0.451667 0.364909 0.034444 0.047776
0 0.862222 0.242175 0.031111 0.046129
0 0.706667 0.369852 0.033333 0.047776
0 0.810556 0.284185 0.032222 0.044481
0 0.243333 0.364086 0.033333 0.042834
0 0.348333 0.235585 0.032222 0.046129
0 0.811667 0.613674 0.032222 0.044481
0 0.706111 0.324547 0.032222 0.042834
0 0.192778 0.277595 0.034444 0.044481
0 0.295556 0.275947 0.033333 0.047776
0 0.657222 0.322076 0.034444 0.047776
0 0.811111 0.371499 0.031111 0.044481
0 0.190556 0.610379 0.034444 0.044481
0 0.400556 0.191104 0.034444 0.052718
0 0.760556 0.282537 0.034444 0.047776
0 0.190556 0.654860 0.034444 0.044481
0 0.398333 0.322076 0.036667 0.047776
0 0.242222 0.610379 0.035556 0.044481
0 0.502222 0.488468 0.040000 0.041186
0 0.191111 0.320428 0.033333 0.044481
0 0.502778 0.444811 0.041111 0.046129
0 0.140556 0.275947 0.036667 0.047776
0 0.244444 0.276771 0.033333 0.046129
0 0.606667 0.237232 0.033333 0.049423
0 0.810556 0.327018 0.032222 0.044481
