0 0.873708 0.899293 0.032147 0.049470
0 0.396670 0.859541 0.033295 0.047703
0 0.449483 0.768551 0.033295 0.045936
0 0.661309 0.635159 0.036739 0.047703
0 0.609644 0.330389 0.036739 0.045936
0 0.555683 0.287986 0.034443 0.045936
0 0.395522 0.375442 0.035591 0.044170
0 0.607348 0.508834 0.034443 0.045936
0 0.556257 0.375442 0.033295 0.047703
0 0.766361 0.375442 0.035591 0.051237
0 0.396670 0.287102 0.033295 0.044170
0 0.660161 0.546820 0.039036 0.051237
0 0.609644 0.591873 0.032147 0.045936
0 0.341561 0.421378 0.033295 0.047703
0 0.342710 0.507067 0.033295 0.045936
0 0.395522 0.333039 0.033295 0.044170
0 0.661309 0.330389 0.034443 0.045936
0 0.395522 0.420495 0.033295 0.045936
0 0.714122 0.507067 0.034443 0.045936
0 0.290471 0.508834 0.034443 0.042403
0 0.448335 0.333039 0.033295 0.044170
0 0.344432 0.597173 0.032147 0.042403
0 0.608496 0.463781 0.032147 0.047703
0 0.554535 0.418728 0.032147 0.045936
0 0.341561 0.287102 0.033295 0.044170
0 0.449483 0.418728 0.033295 0.045936
0 0.661309 0.722615 0.032147 0.045936
0 0.397819 0.239399 0.035591 0.051237
0 0.555109 0.196996 0.035591 0.047703
0 0.555683 0.507067 0.034443 0.045936
0 0.237658 0.597173 0.034443 0.049470
0 0.449483 0.375442 0.033295 0.044170
0 0.342710 0.639576 0.033295 0.045936
0 0.290471 0.594523 0.034443 0.044170
0 0.821470 0.591873 0.035591 0.045936
0 0.607348 0.287986 0.034443 0.042403
0 0.820321 0.416078 0.033295 0.044170
0 0.712974 0.375442 0.039036 0.044170
0 0.873134 0.637809 0.033295 0.045936
0 0.714122 0.725265 0.034443 0.047703
0 0.661309 0.242049 0.036739 0.045936
0 0.661309 0.810954 0.032147 0.045936
0 0.181401 0.378092 0.034443 0.042403
0 0.449483 0.637809 0.037887 0.045936
0 0.396096 0.507067 0.029851 0.042403
0 0.661309 0.461131 0.032147 0.049470
0 0.714122 0.330389 0.034443 0.049470
0 0.237084 0.682862 0.033295 0.047703
0 0.766935 0.242049 0.034443 0.049470
0 0.609644 0.680212 0.034443 0.045936
0 0.235936 0.375442 0.033295 0.047703
0 0.290471 0.420495 0.034443 0.045936
0 0.129162 0.599823 0.037887 0.044170
0 0.342710 0.682862 0.030999 0.044170
0 0.450631 0.289753 0.033295 0.045936
0 0.343284 0.239399 0.034443 0.047703
0 0.342710 0.552120 0.033295 0.040636
0 0.609644 0.813604 0.036739 0.051237
0 0.289323 0.287986 0.032147 0.045936
0 0.450631 0.242049 0.033295 0.049470
0 0.661309 0.591873 0.034443 0.038869
0 0.714122 0.196996 0.034443 0.051237
0 0.237658 0.731449 0.034443 0.045936
0 0.236510 0.242049 0.034443 0.049470
0 0.237658 0.861307 0.034443 0.047703
0 0.661309 0.199647 0.034443 0.045936
0 0.182549 0.776502 0.034443 0.044170
0 0.553387 0.330389 0.032147 0.038869
0 0.873134 0.549470 0.035591 0.042403
0 0.714122 0.595406 0.032147 0.042403
0 0.343858 0.771201 0.037887 0.044170
0 0.608496 0.637809 0.032147 0.045936
0 0.714122 0.680212 0.034443 0.045936
0 0.342710 0.726148 0.033295 0.045936
0 0.289897 0.776502 0.035591 0.044170
0 0.608496 0.416078 0.032147 0.044170
0 0.873134 0.372792 0.033295 0.045936
0 0.235362 0.511484 0.036739 0.044170
0 0.873134 0.725265 0.037887 0.044170
0 0.289323 0.333039 0.034443 0.044170
0 0.714122 0.287102 0.034443 0.044170
0 0.874282 0.594523 0.033295 0.044170
0 0.129162 0.380742 0.035591 0.044170
0 0.766361 0.289753 0.035591 0.042403
0 0.237084 0.773852 0.030999 0.042403
0 0.395522 0.597173 0.035591 0.045936
0 0.712974 0.418728 0.034443 0.045936
0 0.555683 0.102473 0.034443 0.056537
0 0.820321 0.333039 0.033295 0.044170
0 0.819173 0.637809 0.033295 0.042403
0 0.129162 0.511484 0.035591 0.047703
0 0.289323 0.378092 0.032147 0.045936
0 0.448909 0.463781 0.032147 0.044170
0 0.713548 0.549470 0.033295 0.042403
0 0.607348 0.242049 0.034443 0.049470
0 0.660161 0.287986 0.032147 0.042403
0 0.236510 0.552120 0.034443 0.040636
0 0.873134 0.418728 0.033295 0.042403
0 0.661309 0.100707 0.034443 0.049470
0 0.343284 0.375442 0.034443 0.040636
0 0.449483 0.549470 0.033295 0.042403
0 0.449483 0.594523 0.033295 0.044170
0 0.290471 0.728799 0.034443 0.051237
0 0.820321 0.287986 0.033295 0.045936
0 0.873134 0.290636 0.033295 0.047703
0 0.395522 0.466431 0.033295 0.038869
0 0.821470 0.813604 0.035591 0.047703
0 0.820896 0.544170 0.032147 0.045936
0 0.609644 0.375442 0.034443 0.040636
0 0.873134 0.242049 0.035591 0.049470
0 0.129162 0.466431 0.035591 0.045936
0 0.342710 0.816254 0.033295 0.045936
0 0.502870 0.416078 0.039036 0.051237
0 0.660735 0.376325 0.030999 0.042403
0 0.873134 0.680212 0.035591 0.042403
0 0.821470 0.463781 0.035591 0.047703
0 0.237658 0.818905 0.034443 0.044170
0 0.713548 0.637809 0.033295 0.042403
0 0.235362 0.421378 0.034443 0.044170
0 0.343858 0.904594 0.037887 0.049470
0 0.609644 0.768551 0.036739 0.045936
0 0.238806 0.909894 0.036739 0.045936
0 0.395522 0.549470 0.033295 0.045936
0 0.343284 0.463781 0.032147 0.040636
0 0.290471 0.682862 0.029851 0.044170
0 0.288175 0.466431 0.032147 0.042403
0 0.873134 0.810954 0.033295 0.045936
0 0.129736 0.824205 0.036739 0.047703
0 0.661309 0.680212 0.034443 0.038869
0 0.874282 0.153710 0.035591 0.045936
0 0.343858 0.858657 0.037887 0.045936
0 0.766361 0.330389 0.033295 0.042403
0 0.607348 0.549470 0.032147 0.038869
0 0.181975 0.421378 0.037887 0.044170
0 0.132032 0.912544 0.039036 0.047703
0 0.661309 0.856890 0.034443 0.045936
0 0.608496 0.726148 0.034443 0.042403
0 0.129162 0.333039 0.033295 0.044170
0 0.234214 0.330389 0.034443 0.045936
0 0.343284 0.330389 0.032147 0.038869
0 0.181401 0.597173 0.034443 0.042403
0 0.129162 0.688163 0.037887 0.044170
0 0.450057 0.506184 0.034443 0.040636
0 0.927095 0.196996 0.035591 0.047703
0 0.183123 0.685512 0.033295 0.045936
0 0.183123 0.508834 0.033295 0.045936
0 0.873134 0.506184 0.030999 0.040636
0 0.184845 0.909894 0.034443 0.049470
0 0.183697 0.864841 0.034443 0.040636
0 0.291619 0.819788 0.034443 0.042403
0 0.076349 0.333039 0.033295 0.044170
0 0.289323 0.242049 0.034443 0.049470
0 0.821470 0.901943 0.037887 0.051237
0 0.660735 0.416078 0.030999 0.040636
0 0.290471 0.552120 0.034443 0.040636
0 0.502870 0.194346 0.043628 0.045936
0 0.556257 0.463781 0.033295 0.040636
0 0.554535 0.726148 0.034443 0.045936
0 0.927095 0.153710 0.035591 0.042403
0 0.554535 0.594523 0.034443 0.047703
0 0.660161 0.765901 0.032147 0.040636
0 0.925373 0.415194 0.034443 0.042403
0 0.289897 0.862191 0.033295 0.045936
0 0.555683 0.242049 0.034443 0.042403
0 0.821470 0.722615 0.028703 0.045936
0 0.927095 0.461131 0.035591 0.045936
0 0.291619 0.909894 0.034443 0.045936
0 0.129162 0.424028 0.033295 0.045936
0 0.555683 0.549470 0.032147 0.038869
0 0.713548 0.102473 0.033295 0.053004
0 0.556831 0.907244 0.034443 0.047703
0 0.129162 0.554770 0.035591 0.042403
0 0.927095 0.503534 0.035591 0.042403
0 0.183123 0.242049 0.035591 0.049470
0 0.235362 0.287986 0.032147 0.042403
0 0.450631 0.680212 0.030999 0.042403
0 0.129162 0.644876 0.037887 0.045936
0 0.821470 0.677562 0.033295 0.044170
0 0.077497 0.287986 0.035591 0.045936
0 0.819173 0.242049 0.033295 0.045936
0 0.075201 0.378092 0.035591 0.045936
0 0.075201 0.242049 0.037887 0.049470
0 0.873134 0.196996 0.033295 0.040636
0 0.181401 0.552120 0.034443 0.044170
0 0.450631 0.725265 0.033295 0.044170
0 0.925373 0.375442 0.034443 0.044170
0 0.661883 0.901943 0.033295 0.044170
0 0.927095 0.549470 0.035591 0.049470
0 0.661309 0.151060 0.034443 0.047703
0 0.235362 0.466431 0.036739 0.045936
0 0.556257 0.771201 0.033295 0.044170
0 0.873134 0.768551 0.033295 0.042403
0 0.874282 0.103357 0.035591 0.051237
0 0.129162 0.733216 0.033295 0.045936
0 0.396670 0.682862 0.030999 0.040636
0 0.450631 0.813604 0.035591 0.044170
0 0.504018 0.268551 0.043628 0.042403
0 0.925373 0.289753 0.034443 0.042403
0 0.556257 0.636926 0.033295 0.040636
0 0.872560 0.461131 0.032147 0.045936
0 0.820321 0.375442 0.033295 0.040636
0 0.395522 0.768551 0.033295 0.045936
0 0.821470 0.768551 0.030999 0.038869
0 0.182549 0.287102 0.032147 0.040636
0 0.514351 0.717314 0.022962 0.031802
0 0.556831 0.153710 0.039036 0.028269
0 0.873134 0.333039 0.033295 0.026502
0 0.502870 0.159011 0.045924 0.028269
0 0.504018 0.303887 0.043628 0.035336
0 0.181401 0.643110 0.034443 0.045936
0 0.661309 0.503534 0.039036 0.024735
0 0.502870 0.335689 0.045924 0.035336
0 0.247417 0.640459 0.021814 0.033569
0 0.502870 0.234099 0.043628 0.033569
0 0.832377 0.506184 0.020666 0.033569
0 0.821470 0.856890 0.037887 0.035336
0 0.504018 0.087456 0.043628 0.040636
0 0.449483 0.856890 0.035591 0.042403
0 0.502870 0.124558 0.043628 0.040636
0 0.450631 0.901943 0.035591 0.044170
0 0.926521 0.106007 0.036739 0.049470
0 0.182549 0.821555 0.036739 0.045936
0 0.129162 0.287102 0.028703 0.040636
0 0.182549 0.730565 0.032147 0.040636
0 0.712974 0.461131 0.032147 0.038869
0 0.397819 0.904594 0.035591 0.042403
0 0.289323 0.639576 0.032147 0.045936
0 0.925947 0.330389 0.033295 0.045936
0 0.396670 0.813604 0.033295 0.037102
0 0.555683 0.813604 0.029851 0.040636
0 0.714122 0.242049 0.032147 0.042403
0 0.396096 0.726148 0.029851 0.042403
0 0.555683 0.859541 0.034443 0.047703
0 0.396670 0.639576 0.033295 0.042403
0 0.874282 0.853357 0.033295 0.042403
0 0.129736 0.776502 0.034443 0.044170
0 0.714122 0.151060 0.034443 0.044170
0 0.129736 0.867491 0.036739 0.038869
0 0.181401 0.330389 0.034443 0.045936
0 0.556257 0.677562 0.033295 0.044170
0 0.183123 0.463781 0.035591 0.040636
0 0.129162 0.242049 0.033295 0.045936
0 0.927095 0.244700 0.035591 0.044170
