0 0.753168 0.343252 0.036013 0.048558
0 0.766133 0.680150 0.038175 0.047089
0 0.139033 0.850009 0.022294 0.036056
0 0.870261 0.335077 0.023404 0.036141
0 0.916600 0.877409 0.024513 0.036227
0 0.786833 0.889024 0.022294 0.036056
0 0.162528 0.806276 0.023346 0.034502
0 0.137784 0.767070 0.023346 0.034502
0 0.785859 0.845526 0.023461 0.037781
0 0.165195 0.850465 0.023577 0.041061
0 0.831904 0.715381 0.022236 0.034416
0 0.761254 0.889345 0.024513 0.036227
0 0.497473 0.333302 0.045538 0.036207
0 0.941653 0.877951 0.023461 0.037781
0 0.831653 0.755684 0.021069 0.032691
0 0.921109 0.373099 0.022236 0.034416
0 0.820077 0.379217 0.020133 0.037525
0 0.938402 0.832983 0.024629 0.039506
0 0.664603 0.687951 0.039285 0.047174
0 0.137533 0.807374 0.024629 0.039506
0 0.785411 0.801166 0.021242 0.037611
0 0.936043 0.750130 0.023346 0.034502
0 0.498598 0.365279 0.047931 0.041297
0 0.704573 0.764627 0.022236 0.034416
0 0.767370 0.383267 0.023461 0.037781
0 0.175754 0.470654 0.024398 0.032947
0 0.758418 0.761311 0.023288 0.032862
0 0.936902 0.790348 0.024513 0.036227
0 0.819855 0.420341 0.018792 0.030881
0 0.923020 0.411592 0.023519 0.039421
0 0.760222 0.844208 0.023577 0.041061
0 0.503200 0.527706 0.030177 0.039933
0 0.769396 0.425040 0.024629 0.039506
0 0.864984 0.248337 0.023404 0.036141
0 0.913990 0.834859 0.024629 0.039506
0 0.868246 0.673126 0.036129 0.051838
0 0.934630 0.709954 0.023404 0.036141
0 0.873536 0.459789 0.021185 0.035971
0 0.779810 0.721028 0.024456 0.034587
0 0.207936 0.594788 0.022179 0.032777
0 0.446915 0.366784 0.038117 0.045449
0 0.083019 0.396388 0.036013 0.048558
0 0.730181 0.765125 0.024513 0.036227
0 0.302927 0.717386 0.035077 0.053392
0 0.873174 0.417888 0.021242 0.037611
0 0.758780 0.803212 0.023461 0.037781
0 0.757005 0.721136 0.021127 0.034331
0 0.911935 0.792266 0.023404 0.036141
0 0.183554 0.597484 0.022121 0.031137
0 0.490290 0.129145 0.047931 0.041297
0 0.781691 0.758701 0.023346 0.034502
0 0.666815 0.434566 0.023404 0.036141
0 0.716797 0.384687 0.022294 0.036056
0 0.910744 0.710967 0.024456 0.034587
0 0.178363 0.513204 0.022410 0.039336
0 0.491531 0.164401 0.047873 0.039657
0 0.203494 0.468522 0.022179 0.032777
0 0.695911 0.470971 0.021127 0.034331
0 0.849679 0.461622 0.022294 0.036056
0 0.911574 0.750366 0.023346 0.034502
0 0.188375 0.386649 0.038233 0.048729
0 0.642375 0.435622 0.021242 0.037611
0 0.199121 0.723718 0.033736 0.046748
0 0.826459 0.544797 0.021011 0.031051
0 0.840572 0.250213 0.021185 0.035971
0 0.799717 0.464639 0.022236 0.034416
0 0.082600 0.352848 0.038060 0.043809
0 0.720380 0.470735 0.023346 0.034502
0 0.869541 0.377883 0.023404 0.036141
0 0.208130 0.552845 0.023346 0.034502
0 0.201584 0.430029 0.021242 0.037611
0 0.149188 0.727554 0.040394 0.047259
0 0.206716 0.512669 0.025854 0.042871
0 0.497429 0.300421 0.047988 0.042937
0 0.844098 0.334621 0.022236 0.034416
0 0.691247 0.385828 0.022121 0.031137
0 0.687417 0.261159 0.021127 0.034331
0 0.728796 0.725770 0.024513 0.036227
0 0.353970 0.713464 0.037296 0.053563
0 0.844488 0.377342 0.022352 0.037696
0 0.095450 0.686466 0.040221 0.042340
0 0.546077 0.228446 0.036835 0.040444
0 0.185346 0.300558 0.035956 0.046918
0 0.802076 0.547492 0.021069 0.032691
0 0.796717 0.379368 0.024456 0.034587
0 0.136252 0.391476 0.033736 0.046748
0 0.826126 0.503716 0.018792 0.030881
0 0.302537 0.674665 0.034731 0.043553
0 0.703218 0.726091 0.022410 0.039336
0 0.146637 0.686644 0.035840 0.043639
0 0.841517 0.292891 0.024513 0.036227
0 0.405509 0.707859 0.038175 0.047089
0 0.093864 0.641371 0.040509 0.050539
0 0.801102 0.503995 0.022121 0.031137
0 0.799327 0.421918 0.022236 0.034416
0 0.712412 0.260060 0.022294 0.036056
0 0.919785 0.667522 0.037008 0.045364
0 0.716435 0.342786 0.022236 0.034416
0 0.865217 0.587036 0.033852 0.050027
0 0.299870 0.630475 0.034961 0.050113
0 0.249131 0.674658 0.034673 0.041913
0 0.918372 0.627346 0.034731 0.043553
0 0.639794 0.393892 0.021300 0.039251
0 0.175421 0.429573 0.024629 0.039506
0 0.718909 0.428919 0.023288 0.032862
0 0.689833 0.345652 0.020075 0.035886
0 0.867651 0.292527 0.021300 0.039251
0 0.764098 0.590695 0.036013 0.048558
0 0.134781 0.349661 0.035898 0.045278
0 0.663679 0.392879 0.024571 0.037867
0 0.250603 0.716473 0.034961 0.050113
0 0.194983 0.637712 0.038233 0.048729
0 0.688917 0.303794 0.023346 0.034502
0 0.866775 0.631311 0.033621 0.043468
0 0.693914 0.430018 0.022236 0.034416
0 0.545329 0.270432 0.034673 0.041913
0 0.404095 0.667684 0.035898 0.045278
0 0.713883 0.301876 0.022352 0.037696
0 0.752835 0.302171 0.033563 0.041828
0 0.351828 0.668411 0.035898 0.045278
0 0.238414 0.338409 0.034788 0.045193
0 0.186846 0.343194 0.035840 0.043639
0 0.133194 0.304566 0.038175 0.047089
0 0.144963 0.639089 0.038406 0.053648
0 0.710808 0.593967 0.035956 0.046918
0 0.238862 0.382770 0.037123 0.048643
0 0.817146 0.675408 0.033679 0.045108
0 0.235603 0.290120 0.037527 0.060122
0 0.289066 0.291767 0.034904 0.048473
0 0.443857 0.279873 0.033563 0.041828
0 0.905378 0.289628 0.032511 0.043383
0 0.659910 0.601989 0.038348 0.052008
0 0.444190 0.320954 0.038233 0.048729
0 0.351438 0.625691 0.038348 0.052008
0 0.079962 0.309478 0.040452 0.048899
0 0.750168 0.257982 0.038348 0.052008
0 0.443351 0.233873 0.036129 0.051838
0 0.815646 0.632773 0.033679 0.045108
0 0.289514 0.336127 0.034788 0.045193
0 0.916785 0.582251 0.037123 0.048643
0 0.715062 0.683252 0.038233 0.048729
0 0.662109 0.648681 0.034731 0.043553
0 0.197679 0.682722 0.035840 0.043639
0 0.500171 0.441616 0.043781 0.049155
0 0.247603 0.631203 0.034961 0.050113
0 0.341530 0.375703 0.038290 0.050368
0 0.765714 0.636610 0.035898 0.045278
0 0.848179 0.418987 0.026848 0.039677
0 0.711256 0.638328 0.033736 0.046748
0 0.546858 0.313887 0.037065 0.047003
0 0.392096 0.326601 0.035898 0.045278
0 0.652748 0.350968 0.037123 0.048643
0 0.341082 0.331343 0.038060 0.043809
0 0.599009 0.309880 0.034846 0.046833
0 0.502312 0.486668 0.040394 0.047259
0 0.815256 0.590052 0.033794 0.048388
0 0.600596 0.354975 0.034904 0.048473
0 0.908513 0.331316 0.033794 0.048388
0 0.647910 0.260906 0.033679 0.045108
0 0.404613 0.619139 0.038406 0.053648
0 0.543381 0.183436 0.035135 0.055032
0 0.805319 0.339245 0.038117 0.045449
0 0.597423 0.264785 0.034904 0.048473
0 0.340634 0.286982 0.033852 0.050027
0 0.904901 0.244448 0.034904 0.048473
0 0.650023 0.305138 0.034904 0.048473
0 0.392728 0.281335 0.036071 0.050198
0 0.803848 0.297430 0.033621 0.043468
0 0.800042 0.252505 0.036244 0.055117
0 0.393653 0.370876 0.038233 0.048729
0 0.491706 0.232624 0.045711 0.041126
0 0.491633 0.198922 0.047758 0.036377
0 0.161727 0.767697 0.022179 0.032777
0 0.165585 0.893186 0.025681 0.037952
0 0.493998 0.266155 0.045538 0.036207
0 0.291101 0.381222 0.037296 0.053563
0 0.523929 0.737400 0.025565 0.034672
0 0.182169 0.558128 0.024571 0.037867
0 0.098060 0.729016 0.038348 0.052008
