0 0.522071 0.587377 0.024815 0.038636
0 0.524412 0.622855 0.024294 0.030752
0 0.134692 0.790281 0.036026 0.039822
0 0.132509 0.766695 0.034364 0.033383
0 0.496922 0.386799 0.038517 0.040085
0 0.529712 0.665164 0.021179 0.021028
0 0.136825 0.822605 0.038829 0.044815
0 0.335512 0.459434 0.034572 0.036536
0 0.679190 0.639836 0.035505 0.031938
0 0.785322 0.565899 0.034572 0.036536
0 0.181491 0.663074 0.038309 0.036931
0 0.177330 0.600003 0.035817 0.036668
0 0.345655 0.613171 0.034260 0.031806
0 0.125177 0.665058 0.035713 0.035091
0 0.844501 0.626331 0.031872 0.033119
0 0.199538 0.917594 0.033222 0.034828
0 0.299324 0.747473 0.032081 0.036273
0 0.842368 0.594006 0.034676 0.038113
0 0.690584 0.831548 0.035817 0.036668
0 0.248053 0.816405 0.035817 0.036668
0 0.296517 0.714426 0.035817 0.036668
0 0.665669 0.453907 0.035505 0.031938
0 0.402597 0.639701 0.034572 0.036536
0 0.880170 0.339934 0.033326 0.036405
0 0.333380 0.427110 0.034468 0.034959
0 0.634888 0.804886 0.035922 0.038245
0 0.848454 0.686249 0.034364 0.033383
0 0.501655 0.458543 0.035922 0.038245
0 0.636397 0.837276 0.034572 0.036536
0 0.404573 0.669660 0.037063 0.036800
0 0.831183 0.405448 0.031872 0.033119
0 0.339725 0.523294 0.034468 0.034959
0 0.329115 0.362461 0.034468 0.034959
0 0.121898 0.605863 0.037063 0.036800
0 0.240406 0.690984 0.034676 0.038113
0 0.732075 0.604872 0.033326 0.036405
0 0.554074 0.435536 0.033222 0.034828
0 0.638582 0.870389 0.036855 0.033646
0 0.837584 0.531001 0.033014 0.031674
0 0.352053 0.710143 0.034780 0.039690
0 0.420020 0.894287 0.033014 0.031674
0 0.220902 0.404862 0.036026 0.039822
0 0.109934 0.415005 0.035817 0.036668
0 0.409513 0.735031 0.033222 0.034828
0 0.171141 0.506184 0.033222 0.034828
0 0.440031 0.351530 0.034572 0.036536
0 0.883340 0.368973 0.033222 0.034828
0 0.563646 0.590127 0.034468 0.034959
0 0.447674 0.448371 0.034260 0.031806
0 0.410919 0.765844 0.034572 0.036536
0 0.407381 0.702707 0.033326 0.036405
0 0.186950 0.726803 0.035922 0.038245
0 0.343731 0.584000 0.037063 0.036800
0 0.179307 0.629962 0.038309 0.036931
0 0.736236 0.667943 0.033118 0.033251
0 0.626618 0.679531 0.033326 0.036405
0 0.243840 0.752545 0.035713 0.035091
0 0.775232 0.412951 0.031872 0.033119
0 0.840184 0.560894 0.034468 0.034959
0 0.850638 0.719361 0.034572 0.036536
0 0.623862 0.647273 0.034468 0.034959
0 0.117841 0.544368 0.034572 0.036536
0 0.349816 0.676243 0.034468 0.034959
0 0.887397 0.430468 0.035713 0.035091
0 0.286789 0.557470 0.034676 0.038113
0 0.282944 0.527709 0.033014 0.031674
0 0.688659 0.802377 0.035713 0.035091
0 0.567755 0.652410 0.034364 0.033383
0 0.166980 0.443112 0.038413 0.038508
0 0.448924 0.476819 0.033222 0.034828
0 0.303749 0.843066 0.033222 0.034828
0 0.569940 0.685523 0.034572 0.036536
0 0.664368 0.424670 0.034572 0.036536
0 0.746328 0.830419 0.034572 0.036536
0 0.798532 0.756625 0.035817 0.036668
0 0.130843 0.731940 0.035817 0.036668
0 0.786832 0.598289 0.033222 0.034828
0 0.391567 0.453508 0.034572 0.036536
0 0.686527 0.770053 0.035817 0.036668
0 0.396355 0.545094 0.032081 0.036273
0 0.451108 0.509932 0.033430 0.037981
0 0.280759 0.494596 0.033222 0.034828
0 0.110977 0.449826 0.035817 0.036668
0 0.832588 0.436262 0.033430 0.037981
0 0.559537 0.527844 0.034364 0.033383
0 0.173325 0.539296 0.033014 0.031674
0 0.618399 0.554965 0.033326 0.036405
0 0.493698 0.347445 0.037479 0.043107
0 0.610129 0.429610 0.033222 0.034828
0 0.799990 0.788227 0.034572 0.036536
0 0.113732 0.482085 0.036959 0.035223
0 0.231357 0.563330 0.035922 0.038245
0 0.307023 0.873682 0.035817 0.036668
0 0.846477 0.656290 0.034572 0.036536
0 0.249667 0.850371 0.034676 0.038113
0 0.675185 0.579130 0.033118 0.033251
0 0.692560 0.861507 0.035609 0.033514
0 0.415028 0.828128 0.034468 0.034959
0 0.165989 0.409080 0.036234 0.042975
0 0.394431 0.515923 0.036751 0.032069
0 0.721724 0.447981 0.033014 0.031674
0 0.556259 0.468648 0.033430 0.037981
0 0.877882 0.305245 0.036234 0.042975
0 0.730617 0.573270 0.034364 0.033383
0 0.683403 0.703696 0.035817 0.036668
0 0.835504 0.499465 0.035713 0.035091
0 0.453085 0.539891 0.033222 0.034828
0 0.128607 0.698039 0.035922 0.038245
0 0.744714 0.796452 0.036130 0.041398
0 0.337074 0.492612 0.035817 0.036668
0 0.276702 0.433101 0.033222 0.034828
0 0.331299 0.395574 0.037167 0.038376
0 0.740345 0.730227 0.035922 0.038245
0 0.681375 0.672949 0.033222 0.034828
0 0.386108 0.389780 0.037167 0.038376
0 0.776481 0.441399 0.033326 0.036405
0 0.796400 0.724301 0.035922 0.038245
0 0.684342 0.736941 0.035817 0.036668
0 0.393544 0.483467 0.034572 0.036536
0 0.551890 0.402423 0.033430 0.037981
0 0.400516 0.608165 0.034364 0.033383
0 0.227404 0.503412 0.033222 0.034828
0 0.793801 0.694408 0.034468 0.034959
0 0.561722 0.560956 0.034572 0.036536
0 0.225219 0.470299 0.035922 0.038245
0 0.661508 0.390835 0.035922 0.038245
0 0.791668 0.662084 0.034572 0.036536
0 0.611535 0.460423 0.032081 0.036273
0 0.616890 0.522575 0.031976 0.034696
0 0.275867 0.401434 0.035922 0.038245
0 0.453349 0.572412 0.037063 0.036800
0 0.717563 0.384910 0.033430 0.037981
0 0.608567 0.396432 0.034676 0.038113
0 0.734103 0.635619 0.033222 0.034828
0 0.388189 0.421316 0.036959 0.035223
0 0.614238 0.491893 0.033118 0.033251
0 0.719800 0.418811 0.035817 0.036668
0 0.288869 0.589006 0.031768 0.031543
0 0.237546 0.657149 0.035817 0.036668
0 0.528307 0.643878 0.021075 0.019452
0 0.539704 0.854643 0.023878 0.024445
0 0.529144 0.685072 0.022737 0.025890
0 0.853710 0.784930 0.036959 0.035223
0 0.620376 0.584924 0.033118 0.033251
0 0.383301 0.356733 0.033222 0.034828
0 0.413000 0.797380 0.031872 0.033119
0 0.630727 0.741814 0.033430 0.037981
0 0.183520 0.693822 0.038205 0.035355
0 0.885421 0.400509 0.033014 0.031674
0 0.834825 0.470163 0.033326 0.036405
0 0.728641 0.543311 0.034572 0.036536
0 0.789483 0.628971 0.034572 0.036536
0 0.443621 0.415456 0.035922 0.038245
0 0.397917 0.578272 0.035817 0.036668
0 0.736915 0.697246 0.035713 0.035091
0 0.725885 0.511053 0.033222 0.034828
0 0.668373 0.485377 0.034468 0.034959
0 0.670401 0.516124 0.034572 0.036536
0 0.773618 0.378984 0.033430 0.037981
0 0.723805 0.479517 0.035713 0.035091
0 0.672586 0.549237 0.034572 0.036536
0 0.781213 0.503616 0.037167 0.038376
0 0.507686 0.530943 0.035297 0.028784
0 0.504932 0.508211 0.037685 0.027471
0 0.498588 0.421554 0.037063 0.036800
0 0.508520 0.553084 0.035919 0.019455
0 0.309156 0.906006 0.035713 0.035091
0 0.783450 0.537517 0.034572 0.036536
0 0.187889 0.760047 0.037997 0.032201
0 0.301617 0.810742 0.033326 0.036405
0 0.278835 0.465425 0.033118 0.033251
0 0.802123 0.820551 0.034260 0.031806
0 0.558287 0.499396 0.033118 0.033251
0 0.442215 0.384643 0.034364 0.033383
0 0.341131 0.554107 0.035609 0.033514
0 0.779704 0.471226 0.030627 0.032988
0 0.194131 0.854654 0.033430 0.037981
0 0.629217 0.709424 0.034364 0.033383
0 0.169164 0.476225 0.035713 0.035091
0 0.245817 0.782504 0.035505 0.031938
0 0.251591 0.879542 0.034364 0.033383
0 0.115709 0.512044 0.034260 0.031806
0 0.417213 0.861240 0.029277 0.031279
0 0.123927 0.636610 0.034260 0.031806
0 0.189814 0.789218 0.038309 0.036931
0 0.191946 0.821542 0.038205 0.035355
0 0.858494 0.847935 0.035713 0.035091
0 0.300678 0.777498 0.035817 0.036668
0 0.748304 0.860378 0.036439 0.027339
0 0.566402 0.622385 0.033326 0.036405
0 0.241759 0.721009 0.035505 0.031938
0 0.139374 0.861237 0.033326 0.036405
0 0.196159 0.885402 0.033118 0.033251
0 0.742478 0.762551 0.033118 0.033251
0 0.119143 0.573604 0.035505 0.031938
0 0.288925 0.618374 0.033326 0.036405
0 0.541835 0.877440 0.022737 0.025890
0 0.232918 0.596508 0.031768 0.031543
0 0.828167 0.369248 0.033326 0.036405
0 0.347788 0.645495 0.034572 0.036536
0 0.294540 0.684467 0.033326 0.036405
0 0.144780 0.924177 0.035817 0.036668
0 0.855686 0.814889 0.037167 0.038376
0 0.222412 0.437252 0.034260 0.031806
0 0.253776 0.912655 0.036855 0.033646
0 0.175250 0.568467 0.033118 0.033251
0 0.801608 0.850773 0.036959 0.035223
0 0.228705 0.532648 0.034156 0.030229
0 0.676643 0.610732 0.032081 0.036273
0 0.851577 0.752605 0.037063 0.036800
0 0.632703 0.771773 0.035505 0.031938
0 0.291162 0.652275 0.033430 0.037981
0 0.141350 0.891196 0.033326 0.036405
0 0.236089 0.625547 0.034572 0.036536
0 0.524436 0.794333 0.031976 0.034696
0 0.621211 0.616591 0.033326 0.036405
