0 0.779412 0.307002 0.036471 0.050269
0 0.780588 0.675943 0.038824 0.048474
0 0.111176 0.808797 0.022353 0.037702
0 0.903529 0.307899 0.023529 0.037702
0 0.932353 0.903950 0.024706 0.037702
0 0.794706 0.905745 0.022353 0.037702
0 0.137647 0.763016 0.023529 0.035907
0 0.112941 0.718133 0.023529 0.035907
0 0.795294 0.858169 0.023529 0.039497
0 0.138824 0.811490 0.023529 0.043088
0 0.848824 0.719928 0.022353 0.035907
0 0.767647 0.903950 0.024706 0.037702
0 0.509412 0.274686 0.047059 0.035907
0 0.958824 0.906643 0.023529 0.039497
0 0.847059 0.763914 0.021176 0.034111
0 0.955882 0.353680 0.022353 0.035907
0 0.848824 0.351885 0.020000 0.039497
0 0.957059 0.857271 0.024706 0.041293
0 0.672941 0.675943 0.040000 0.048474
0 0.111176 0.762118 0.024706 0.041293
0 0.796471 0.809695 0.021176 0.039497
0 0.957647 0.766607 0.023529 0.035907
0 0.509412 0.309695 0.049412 0.041293
0 0.712353 0.763016 0.022353 0.035907
0 0.792941 0.351885 0.023529 0.039497
0 0.164118 0.397666 0.024706 0.034111
0 0.769412 0.763914 0.023529 0.034111
0 0.957059 0.810592 0.024706 0.037702
0 0.847059 0.396768 0.018824 0.032316
0 0.956471 0.395871 0.023529 0.041293
0 0.768235 0.854578 0.023529 0.043088
0 0.508235 0.487433 0.030588 0.041293
0 0.793529 0.397666 0.024706 0.041293
0 0.901176 0.212747 0.023529 0.037702
0 0.931176 0.857271 0.024706 0.041293
0 0.888824 0.676840 0.036471 0.053860
0 0.957647 0.722621 0.023529 0.037702
0 0.902353 0.444345 0.021176 0.037702
0 0.793529 0.721724 0.024706 0.035907
0 0.193529 0.535907 0.022353 0.034111
0 0.454706 0.307002 0.038824 0.046679
0 0.068824 0.308797 0.036471 0.050269
0 0.739412 0.765709 0.024706 0.037702
0 0.289412 0.677738 0.035294 0.055655
0 0.903529 0.398564 0.021176 0.039497
0 0.768235 0.809695 0.023529 0.039497
0 0.769412 0.719928 0.021176 0.035907
0 0.930588 0.810592 0.023529 0.037702
0 0.167647 0.536804 0.022353 0.032316
0 0.509412 0.051167 0.049412 0.041293
0 0.794118 0.763016 0.023529 0.035907
0 0.684706 0.399461 0.023529 0.037702
0 0.739412 0.349192 0.022353 0.037702
0 0.932353 0.721724 0.024706 0.035907
0 0.165294 0.444345 0.022353 0.041293
0 0.509412 0.089767 0.049412 0.039497
0 0.193529 0.397666 0.022353 0.034111
0 0.714118 0.441652 0.021176 0.035907
0 0.877059 0.444345 0.022353 0.037702
0 0.931765 0.764811 0.023529 0.035907
0 0.180588 0.307002 0.038824 0.050269
0 0.658824 0.398564 0.021176 0.039497
0 0.179412 0.675943 0.034118 0.048474
0 0.849412 0.533214 0.021176 0.032316
0 0.875294 0.212747 0.021176 0.037702
0 0.824118 0.443447 0.022353 0.035907
0 0.070000 0.261221 0.038824 0.044883
0 0.740000 0.443447 0.023529 0.035907
0 0.901176 0.354578 0.023529 0.037702
0 0.195294 0.490126 0.023529 0.035907
0 0.192941 0.355476 0.021176 0.039497
0 0.126471 0.675943 0.041176 0.048474
0 0.195294 0.446140 0.025882 0.044883
0 0.510588 0.238779 0.049412 0.043088
0 0.875882 0.305206 0.022353 0.035907
0 0.712353 0.348294 0.022353 0.032316
0 0.712941 0.211849 0.021176 0.035907
0 0.739412 0.722621 0.024706 0.037702
0 0.343529 0.677738 0.037647 0.055655
0 0.874706 0.351885 0.022353 0.039497
0 0.071176 0.626571 0.041176 0.043088
0 0.564706 0.164273 0.037647 0.041293
0 0.180588 0.212747 0.036471 0.048474
0 0.823529 0.534111 0.021176 0.034111
0 0.824118 0.350090 0.024706 0.035907
0 0.125294 0.307899 0.034118 0.048474
0 0.850588 0.488330 0.018824 0.032316
0 0.290588 0.631059 0.035294 0.044883
0 0.712353 0.720826 0.022353 0.041293
0 0.125294 0.631059 0.036471 0.044883
0 0.874706 0.259425 0.024706 0.037702
0 0.398235 0.675943 0.038824 0.048474
0 0.071176 0.577199 0.041176 0.052065
0 0.824118 0.486535 0.022353 0.032316
0 0.825294 0.396768 0.022353 0.035907
0 0.739412 0.212747 0.022353 0.037702
0 0.943529 0.675045 0.037647 0.046679
0 0.740588 0.303411 0.022353 0.035907
0 0.888824 0.582585 0.034118 0.052065
0 0.289412 0.582585 0.035294 0.052065
0 0.234118 0.626571 0.035294 0.043088
0 0.943529 0.631059 0.035294 0.044883
0 0.657647 0.352783 0.021176 0.041293
0 0.165294 0.352783 0.024706 0.041293
0 0.740000 0.397666 0.023529 0.034111
0 0.712353 0.304309 0.020000 0.037702
0 0.902353 0.261221 0.021176 0.041293
0 0.781765 0.578097 0.036471 0.050269
0 0.125294 0.262118 0.036471 0.046679
0 0.682941 0.353680 0.024706 0.039497
0 0.234118 0.672352 0.035294 0.052065
0 0.178235 0.581688 0.038824 0.050269
0 0.712941 0.258528 0.023529 0.035907
0 0.888824 0.631059 0.034118 0.044883
0 0.713529 0.396768 0.022353 0.035907
0 0.562353 0.210054 0.035294 0.043088
0 0.398235 0.631957 0.036471 0.046679
0 0.739412 0.258528 0.022353 0.039497
0 0.780588 0.262118 0.034118 0.043088
0 0.342941 0.628366 0.036471 0.046679
0 0.235294 0.258528 0.035294 0.046679
0 0.180588 0.259425 0.036471 0.044883
0 0.125294 0.212747 0.038824 0.048474
0 0.125294 0.578995 0.038824 0.055655
0 0.725294 0.577199 0.036471 0.048474
0 0.234118 0.307002 0.037647 0.050269
0 0.834706 0.675045 0.034118 0.046679
0 0.234118 0.205566 0.037647 0.062837
0 0.290588 0.211849 0.035294 0.050269
0 0.454706 0.211849 0.034118 0.043088
0 0.942353 0.261221 0.032941 0.044883
0 0.671176 0.581688 0.038824 0.053860
0 0.453529 0.256732 0.038824 0.050269
0 0.344118 0.581688 0.038824 0.053860
0 0.068824 0.213645 0.041176 0.050269
0 0.779412 0.213645 0.038824 0.053860
0 0.455882 0.161580 0.036471 0.053860
0 0.834706 0.628366 0.034118 0.046679
0 0.289412 0.260323 0.035294 0.046679
0 0.943529 0.581688 0.037647 0.050269
0 0.726471 0.675045 0.038824 0.050269
0 0.671765 0.632855 0.035294 0.044883
0 0.179412 0.631059 0.036471 0.044883
0 0.508235 0.393178 0.044706 0.050269
0 0.234118 0.578995 0.035294 0.052065
0 0.342941 0.307899 0.038824 0.052065
0 0.781765 0.628366 0.036471 0.046679
0 0.877059 0.397666 0.027059 0.041293
0 0.724118 0.625673 0.034118 0.048474
0 0.562353 0.257630 0.037647 0.048474
0 0.398235 0.258528 0.036471 0.046679
0 0.672941 0.307002 0.037647 0.050269
0 0.344118 0.259425 0.038824 0.044883
0 0.617647 0.257630 0.035294 0.048474
0 0.508824 0.442549 0.041176 0.048474
0 0.835882 0.581688 0.034118 0.050269
0 0.617647 0.307002 0.035294 0.050269
0 0.944118 0.307002 0.034118 0.050269
0 0.671176 0.208259 0.034118 0.046679
0 0.400588 0.578995 0.038824 0.055655
0 0.563529 0.114901 0.035294 0.057451
0 0.834706 0.307002 0.038824 0.046679
0 0.617647 0.208259 0.035294 0.050269
0 0.345294 0.210952 0.034118 0.052065
0 0.943529 0.211849 0.035294 0.050269
0 0.671765 0.256732 0.035294 0.050269
0 0.400588 0.209156 0.036471 0.052065
0 0.834706 0.261221 0.034118 0.044883
0 0.832353 0.211849 0.036471 0.057451
0 0.398235 0.307002 0.038824 0.050269
0 0.507059 0.164273 0.047059 0.041293
0 0.508235 0.127469 0.049412 0.035907
0 0.138235 0.720826 0.022353 0.034111
0 0.137647 0.858169 0.025882 0.039497
0 0.508235 0.201077 0.047059 0.035907
0 0.289412 0.309695 0.037647 0.055655
0 0.522353 0.718133 0.025882 0.035907
0 0.167647 0.493716 0.024706 0.039497
0 0.072353 0.673250 0.038824 0.053860
