0 0.139444 0.320428 0.032222 0.041186
0 0.294444 0.698517 0.033333 0.039539
0 0.862222 0.328666 0.033333 0.041186
0 0.398333 0.280066 0.034444 0.036244
0 0.150556 0.741351 0.023333 0.036244
0 0.296667 0.364909 0.035556 0.047776
0 0.088333 0.361614 0.036667 0.047776
0 0.151111 0.781713 0.024444 0.037891
0 0.503333 0.169687 0.044444 0.039539
0 0.088333 0.317957 0.032222 0.036244
0 0.503333 0.134267 0.046667 0.037891
0 0.140556 0.364086 0.032222 0.042834
0 0.400556 0.239703 0.034444 0.044481
0 0.087222 0.610379 0.036667 0.044481
0 0.347778 0.322900 0.031111 0.042834
0 0.914444 0.244646 0.031111 0.041186
0 0.915556 0.287479 0.033333 0.044481
0 0.089444 0.274300 0.036667 0.044481
0 0.293333 0.656507 0.033333 0.044481
0 0.296667 0.322076 0.033333 0.037891
0 0.138333 0.655684 0.032222 0.042834
0 0.862778 0.286656 0.032222 0.042834
0 0.242222 0.656507 0.035556 0.044481
0 0.190556 0.698517 0.034444 0.039539
0 0.347222 0.279242 0.032222 0.044481
0 0.242222 0.699341 0.035556 0.044481
0 0.296667 0.611203 0.033333 0.049423
0 0.915556 0.196870 0.033333 0.051071
0 0.087222 0.654860 0.036667 0.044481
0 0.138333 0.611203 0.034444 0.046129
0 0.087778 0.698517 0.037778 0.042834
0 0.244444 0.322076 0.031111 0.041186
0 0.138333 0.700165 0.036667 0.046129
0 0.191111 0.363262 0.033333 0.044481
0 0.862222 0.242175 0.031111 0.046129
0 0.243333 0.364086 0.033333 0.042834
0 0.348333 0.235585 0.032222 0.046129
0 0.192778 0.277595 0.034444 0.044481
0 0.295556 0.275947 0.033333 0.047776
0 0.190556 0.610379 0.034444 0.044481
0 0.400556 0.191104 0.034444 0.052718
0 0.190556 0.654860 0.034444 0.044481
0 0.398333 0.322076 0.036667 0.047776
0 0.242222 0.610379 0.035556 0.044481
0 0.191111 0.320428 0.033333 0.044481
0 0.140556 0.275947 0.036667 0.047776
0 0.244444 0.276771 0.033333 0.046129
