0 0.491299 0.403529 0.024096 0.054118
0 0.491299 0.456471 0.024096 0.042353
0 0.063588 0.643529 0.036145 0.054118
0 0.062918 0.608235 0.034806 0.044706
0 0.478581 0.102353 0.038822 0.054118
0 0.493976 0.520000 0.021419 0.028235
0 0.063588 0.691765 0.038822 0.061176
0 0.301205 0.184706 0.034806 0.049412
0 0.655288 0.505882 0.036145 0.042353
0 0.773762 0.412941 0.034806 0.049412
0 0.122490 0.462353 0.038822 0.049412
0 0.122490 0.368235 0.036145 0.049412
0 0.301205 0.414118 0.034806 0.042353
0 0.062249 0.456471 0.036145 0.047059
0 0.832664 0.511765 0.032129 0.044706
0 0.123829 0.842353 0.033467 0.047059
0 0.242303 0.605882 0.032129 0.049412
0 0.832664 0.463529 0.034806 0.051765
0 0.653949 0.791765 0.036145 0.049412
0 0.182731 0.700000 0.036145 0.049412
0 0.241633 0.556471 0.036145 0.049412
0 0.653949 0.228235 0.036145 0.042353
0 0.360107 0.462353 0.034806 0.049412
0 0.890897 0.092941 0.033467 0.049412
0 0.301205 0.136471 0.034806 0.047059
0 0.596386 0.743529 0.036145 0.051765
0 0.832664 0.601176 0.034806 0.044706
0 0.478581 0.209412 0.036145 0.051765
0 0.595716 0.791765 0.034806 0.049412
0 0.360107 0.507059 0.037483 0.049412
0 0.834003 0.182353 0.032129 0.044706
0 0.301205 0.280000 0.034806 0.047059
0 0.301205 0.040000 0.034806 0.047059
0 0.062918 0.368235 0.037483 0.049412
0 0.183400 0.512941 0.034806 0.051765
0 0.714190 0.462353 0.033467 0.049412
0 0.536145 0.183529 0.033467 0.047059
0 0.595716 0.841176 0.037483 0.044706
0 0.831995 0.369412 0.033467 0.042353
0 0.301205 0.558824 0.034806 0.054118
0 0.360776 0.842353 0.033467 0.042353
0 0.182731 0.085882 0.036145 0.054118
0 0.063588 0.083529 0.036145 0.049412
0 0.360776 0.604706 0.033467 0.047059
0 0.122490 0.228235 0.033467 0.047059
0 0.420348 0.041176 0.034806 0.049412
0 0.892236 0.136471 0.033467 0.047059
0 0.535475 0.414118 0.034806 0.047059
0 0.421687 0.185882 0.034806 0.042353
0 0.360107 0.650588 0.034806 0.049412
0 0.360776 0.556471 0.033467 0.049412
0 0.123829 0.557647 0.036145 0.051765
0 0.301205 0.370588 0.037483 0.049412
0 0.122490 0.412941 0.038822 0.049412
0 0.714190 0.556471 0.033467 0.044706
0 0.596386 0.556471 0.033467 0.049412
0 0.182731 0.604706 0.036145 0.047059
0 0.773762 0.184706 0.032129 0.044706
0 0.832664 0.414118 0.034806 0.047059
0 0.832664 0.650588 0.034806 0.049412
0 0.595716 0.508235 0.034806 0.047059
0 0.062918 0.276471 0.034806 0.049412
0 0.301205 0.508235 0.034806 0.047059
0 0.892236 0.228235 0.036145 0.047059
0 0.242303 0.322353 0.034806 0.051765
0 0.240295 0.277647 0.033467 0.042353
0 0.653949 0.748235 0.036145 0.047059
0 0.535475 0.507059 0.034806 0.044706
0 0.122490 0.134118 0.038822 0.051765
0 0.421017 0.228235 0.033467 0.047059
0 0.240295 0.748235 0.033467 0.047059
0 0.535475 0.556471 0.034806 0.049412
0 0.654618 0.184706 0.034806 0.049412
0 0.713521 0.798824 0.034806 0.049412
0 0.774431 0.697647 0.036145 0.049412
0 0.063588 0.556471 0.036145 0.049412
0 0.773092 0.461176 0.033467 0.047059
0 0.361446 0.184706 0.034806 0.049412
0 0.653949 0.700000 0.036145 0.049412
0 0.360107 0.321176 0.032129 0.049412
0 0.421017 0.277647 0.033467 0.051765
0 0.240295 0.228235 0.033467 0.047059
0 0.062249 0.135294 0.036145 0.049412
0 0.833333 0.228235 0.033467 0.051765
0 0.535475 0.321176 0.034806 0.044706
0 0.122490 0.277647 0.033467 0.042353
0 0.596386 0.370588 0.033467 0.049412
0 0.477912 0.043529 0.037483 0.058824
0 0.596386 0.183529 0.033467 0.047059
0 0.773762 0.744706 0.034806 0.049412
0 0.062918 0.183529 0.037483 0.047059
0 0.182731 0.322353 0.036145 0.051765
0 0.241633 0.794118 0.036145 0.049412
0 0.832664 0.556471 0.034806 0.049412
0 0.182062 0.750588 0.034806 0.051765
0 0.655288 0.415294 0.033467 0.044706
0 0.653949 0.836471 0.036145 0.044706
0 0.360107 0.743529 0.034806 0.047059
0 0.123829 0.083529 0.036145 0.058824
0 0.360107 0.277647 0.037483 0.042353
0 0.714190 0.228235 0.033467 0.042353
0 0.536145 0.232941 0.033467 0.051765
0 0.890897 0.041176 0.036145 0.058824
0 0.714859 0.415294 0.034806 0.044706
0 0.655288 0.601176 0.036145 0.049412
0 0.831995 0.322353 0.036145 0.047059
0 0.421017 0.322353 0.033467 0.047059
0 0.063588 0.505882 0.036145 0.051765
0 0.714190 0.748235 0.036145 0.056471
0 0.300535 0.234118 0.036145 0.049412
0 0.240295 0.136471 0.033467 0.047059
0 0.301205 0.089412 0.037483 0.051765
0 0.714190 0.649412 0.036145 0.051765
0 0.655288 0.555294 0.033467 0.047059
0 0.360107 0.089412 0.037483 0.051765
0 0.773092 0.227059 0.033467 0.049412
0 0.774431 0.649412 0.036145 0.051765
0 0.653949 0.650588 0.036145 0.049412
0 0.361446 0.229412 0.034806 0.049412
0 0.536145 0.134118 0.033467 0.051765
0 0.360107 0.415294 0.034806 0.044706
0 0.182731 0.232941 0.033467 0.047059
0 0.773762 0.604706 0.034806 0.047059
0 0.535475 0.370588 0.034806 0.049412
0 0.182731 0.183529 0.036145 0.051765
0 0.653949 0.134118 0.036145 0.051765
0 0.773762 0.556471 0.034806 0.049412
0 0.595716 0.229412 0.032129 0.049412
0 0.597055 0.322353 0.032129 0.047059
0 0.241633 0.089412 0.036145 0.051765
0 0.419009 0.370588 0.037483 0.049412
0 0.714190 0.134118 0.033467 0.051765
0 0.597055 0.134118 0.034806 0.051765
0 0.714190 0.508235 0.033467 0.047059
0 0.360107 0.136471 0.037483 0.047059
0 0.596386 0.276471 0.033467 0.044706
0 0.714190 0.184706 0.036145 0.049412
0 0.242303 0.369412 0.032129 0.042353
0 0.182731 0.462353 0.036145 0.049412
0 0.493976 0.488235 0.021419 0.025882
0 0.491299 0.802353 0.024096 0.032941
0 0.491968 0.549412 0.022758 0.035294
0 0.831325 0.748235 0.037483 0.047059
0 0.596386 0.415294 0.033467 0.044706
0 0.359438 0.040000 0.033467 0.047059
0 0.360107 0.697647 0.032129 0.044706
0 0.596386 0.649412 0.033467 0.051765
0 0.122490 0.508235 0.038822 0.047059
0 0.892236 0.183529 0.033467 0.042353
0 0.833333 0.278824 0.033467 0.049412
0 0.714859 0.370588 0.034806 0.049412
0 0.773762 0.507059 0.034806 0.049412
0 0.419679 0.136471 0.036145 0.051765
0 0.359438 0.370588 0.036145 0.049412
0 0.712851 0.600000 0.036145 0.047059
0 0.714190 0.322353 0.033467 0.047059
0 0.654618 0.275294 0.034806 0.047059
0 0.654618 0.321176 0.034806 0.049412
0 0.774431 0.134118 0.033467 0.051765
0 0.714190 0.275294 0.036145 0.047059
0 0.654618 0.370588 0.034806 0.049412
0 0.773762 0.320000 0.037483 0.051765
0 0.479920 0.317647 0.036145 0.037647
0 0.478581 0.283529 0.038822 0.035294
0 0.477912 0.154118 0.037483 0.049412
0 0.479250 0.350588 0.037483 0.023529
0 0.241633 0.842353 0.036145 0.047059
0 0.773762 0.370588 0.034806 0.049412
0 0.122490 0.607059 0.038822 0.042353
0 0.240295 0.700000 0.033467 0.049412
0 0.240295 0.184706 0.033467 0.044706
0 0.773762 0.792941 0.034806 0.042353
0 0.536145 0.278824 0.033467 0.044706
0 0.420348 0.090588 0.034806 0.044706
0 0.300535 0.325882 0.036145 0.044706
0 0.774431 0.271765 0.030790 0.044706
0 0.122490 0.748235 0.033467 0.051765
0 0.597055 0.601176 0.034806 0.044706
0 0.122490 0.183529 0.036145 0.047059
0 0.182731 0.649412 0.036145 0.042353
0 0.182062 0.794118 0.034806 0.044706
0 0.062918 0.228235 0.034806 0.042353
0 0.360107 0.792941 0.029451 0.042353
0 0.062918 0.414118 0.034806 0.042353
0 0.122490 0.650588 0.038822 0.049412
0 0.122490 0.698824 0.038822 0.047059
0 0.831995 0.842353 0.036145 0.047059
0 0.241633 0.650588 0.036145 0.049412
0 0.713521 0.843529 0.037483 0.035294
0 0.536145 0.462353 0.033467 0.049412
0 0.182731 0.557647 0.036145 0.042353
0 0.063588 0.749412 0.033467 0.049412
0 0.122490 0.794118 0.033467 0.044706
0 0.714190 0.697647 0.033467 0.044706
0 0.062249 0.320000 0.036145 0.042353
0 0.240295 0.412941 0.033467 0.049412
0 0.491968 0.836471 0.022758 0.035294
0 0.182062 0.371765 0.032129 0.042353
0 0.833333 0.128235 0.033467 0.049412
0 0.301205 0.462353 0.034806 0.049412
0 0.241633 0.511765 0.033467 0.049412
0 0.064926 0.843529 0.036145 0.049412
0 0.831325 0.792941 0.037483 0.051765
0 0.182062 0.134118 0.034806 0.042353
0 0.182062 0.843529 0.037483 0.044706
0 0.122490 0.321176 0.033467 0.044706
0 0.771084 0.837647 0.037483 0.047059
0 0.182062 0.276471 0.034806 0.040000
0 0.654618 0.462353 0.032129 0.049412
0 0.831325 0.700000 0.037483 0.049412
0 0.596386 0.694118 0.036145 0.042353
0 0.240295 0.463529 0.033467 0.051765
0 0.063588 0.794118 0.033467 0.049412
0 0.183400 0.415294 0.034806 0.049412
0 0.479250 0.710588 0.032129 0.047059
0 0.595047 0.462353 0.033467 0.049412
