0 0.340226 0.909091 0.063910 0.058182
0 0.249060 0.400909 0.069549 0.052727
0 0.947368 0.857273 0.063910 0.045455
0 0.857143 0.907273 0.056391 0.047273
0 0.947368 0.904545 0.067669 0.052727
0 0.247180 0.100909 0.069549 0.038182
0 0.249060 0.248182 0.069549 0.041818
0 0.424812 0.862727 0.060150 0.045455
0 0.951128 0.810909 0.060150 0.047273
0 0.513158 0.907273 0.063910 0.054545
0 0.424812 0.907273 0.060150 0.047273
0 0.773496 0.909091 0.062030 0.047273
0 0.336466 0.814545 0.063910 0.054545
0 0.424812 0.813636 0.063910 0.052727
0 0.597744 0.860000 0.060150 0.047273
0 0.773496 0.860000 0.062030 0.047273
0 0.688910 0.910909 0.062030 0.050909
0 0.859023 0.811818 0.060150 0.052727
0 0.689850 0.811818 0.056391 0.052727
0 0.775376 0.811818 0.062030 0.052727
0 0.513158 0.813636 0.060150 0.052727
0 0.599624 0.910000 0.063910 0.049091
0 0.596805 0.814545 0.058271 0.054545
0 0.511278 0.860909 0.056391 0.041818
0 0.617481 0.766364 0.035714 0.038182
0 0.529135 0.767273 0.035714 0.036364
0 0.245301 0.174545 0.073308 0.043636
0 0.250940 0.320909 0.069549 0.034545
0 0.793233 0.767273 0.033835 0.036364
0 0.249060 0.214545 0.069549 0.036364
0 0.969925 0.766364 0.037594 0.038182
0 0.249060 0.065455 0.073308 0.036364
0 0.880639 0.766364 0.035714 0.038182
0 0.442669 0.766364 0.039474 0.038182
0 0.250940 0.290000 0.069549 0.034545
0 0.269737 0.720000 0.035714 0.036364
0 0.859962 0.861818 0.058271 0.047273
0 0.355263 0.767273 0.037594 0.036364
0 0.247180 0.136364 0.069549 0.032727
0 0.687970 0.861818 0.060150 0.047273
0 0.705827 0.767273 0.039474 0.036364
