0 0.509375 0.606804 0.021250 0.023734
0 0.508750 0.578323 0.020000 0.017405
0 0.511250 0.682753 0.020000 0.020570
0 0.511250 0.703323 0.020000 0.020570
0 0.899375 0.157437 0.021250 0.026899
0 0.497500 0.436709 0.035000 0.034810
0 0.498750 0.369462 0.035000 0.026899
0 0.510000 0.629747 0.022500 0.022152
0 0.497500 0.339399 0.035000 0.036392
0 0.510000 0.878165 0.022500 0.022152
0 0.510625 0.856804 0.021250 0.020570
0 0.871250 0.158228 0.027500 0.028481
0 0.829375 0.404272 0.033750 0.026899
0 0.605625 0.849684 0.033750 0.031646
0 0.497500 0.794304 0.032500 0.028481
0 0.608125 0.784810 0.031250 0.031646
0 0.883125 0.753956 0.033750 0.033228
0 0.897500 0.227057 0.027500 0.030063
0 0.606875 0.755538 0.031250 0.033228
0 0.897500 0.294304 0.022500 0.028481
0 0.883750 0.722310 0.035000 0.033228
0 0.663125 0.565665 0.033750 0.030063
0 0.605625 0.878956 0.033750 0.033228
0 0.772500 0.596519 0.032500 0.031646
0 0.883750 0.816456 0.035000 0.031646
0 0.773125 0.436709 0.031250 0.028481
0 0.662500 0.724684 0.035000 0.028481
0 0.607500 0.595728 0.035000 0.033228
0 0.828125 0.432753 0.036250 0.036392
0 0.881875 0.659019 0.033750 0.033228
0 0.883750 0.851266 0.037500 0.037975
0 0.881875 0.784019 0.033750 0.033228
0 0.884375 0.596519 0.038750 0.028481
0 0.883125 0.692247 0.036250 0.033228
0 0.897500 0.260285 0.022500 0.026899
0 0.661875 0.880538 0.033750 0.026899
0 0.662500 0.818038 0.037500 0.031646
0 0.497500 0.401899 0.035000 0.034810
0 0.870000 0.191456 0.025000 0.031646
0 0.883750 0.628165 0.037500 0.034810
0 0.608125 0.817247 0.036250 0.033228
0 0.896875 0.191456 0.023750 0.028481
0 0.883750 0.565665 0.037500 0.033228
0 0.608125 0.690665 0.033750 0.030063
0 0.883750 0.466772 0.035000 0.028481
0 0.662500 0.787975 0.035000 0.034810
0 0.870000 0.226266 0.025000 0.028481
0 0.662500 0.753956 0.035000 0.033228
0 0.773750 0.565665 0.032500 0.033228
0 0.881875 0.437500 0.038750 0.033228
0 0.773750 0.370253 0.035000 0.037975
0 0.662500 0.658228 0.035000 0.028481
0 0.606875 0.628165 0.036250 0.031646
0 0.607500 0.722310 0.032500 0.036392
0 0.609375 0.466772 0.031250 0.028481
0 0.718750 0.374209 0.035000 0.033228
0 0.661875 0.851266 0.036250 0.034810
0 0.772500 0.465981 0.032500 0.033228
0 0.608125 0.659019 0.036250 0.033228
0 0.608750 0.401899 0.032500 0.028481
0 0.717500 0.567247 0.032500 0.033228
0 0.883750 0.533228 0.035000 0.034810
0 0.609375 0.565665 0.033750 0.033228
0 0.662500 0.594937 0.032500 0.031646
0 0.883125 0.498418 0.036250 0.031646
0 0.718125 0.469146 0.033750 0.030063
0 0.718125 0.437500 0.033750 0.030063
0 0.827500 0.470728 0.035000 0.033228
0 0.773125 0.532437 0.031250 0.033228
0 0.661875 0.403481 0.033750 0.031646
0 0.773750 0.499209 0.035000 0.033228
0 0.607500 0.532437 0.035000 0.033228
0 0.607500 0.499209 0.035000 0.033228
0 0.662500 0.466772 0.035000 0.031646
0 0.717500 0.533228 0.035000 0.034810
0 0.662500 0.499209 0.035000 0.033228
0 0.510625 0.666930 0.021250 0.011076
0 0.509375 0.563291 0.018750 0.015823
0 0.499375 0.548259 0.026250 0.007911
0 0.829375 0.374209 0.033750 0.033228
0 0.881250 0.407437 0.035000 0.033228
0 0.608750 0.370253 0.035000 0.034810
0 0.498125 0.460443 0.031250 0.015823
0 0.498750 0.533228 0.035000 0.022152
0 0.510000 0.651899 0.022500 0.018987
0 0.662500 0.533228 0.035000 0.034810
0 0.497500 0.506329 0.035000 0.028481
0 0.772500 0.406646 0.032500 0.034810
0 0.552500 0.369462 0.032500 0.039557
0 0.662500 0.369462 0.032500 0.036392
0 0.883125 0.372627 0.036250 0.036392
0 0.663125 0.625791 0.033750 0.033228
0 0.718125 0.499209 0.033750 0.033228
0 0.828750 0.340190 0.035000 0.034810
0 0.718125 0.340190 0.036250 0.034810
0 0.609375 0.435127 0.033750 0.034810
0 0.662500 0.435918 0.032500 0.033228
0 0.718750 0.408228 0.035000 0.034810
0 0.662500 0.691456 0.035000 0.034810
0 0.110000 0.526899 0.030000 0.025316
0 0.330000 0.783228 0.032500 0.022152
0 0.440625 0.687500 0.031250 0.033228
0 0.275625 0.623418 0.036250 0.022152
0 0.372500 0.334652 0.025000 0.030063
0 0.440000 0.715981 0.035000 0.039557
0 0.276250 0.367880 0.032500 0.023734
0 0.109375 0.503165 0.036250 0.044304
0 0.399375 0.338608 0.026250 0.031646
0 0.276250 0.495253 0.032500 0.018987
0 0.330000 0.654272 0.035000 0.020570
0 0.388125 0.398734 0.033750 0.028481
0 0.331250 0.590981 0.032500 0.033228
0 0.386875 0.625000 0.031250 0.031646
0 0.386250 0.653481 0.032500 0.028481
0 0.110000 0.589399 0.030000 0.033228
0 0.275625 0.682753 0.036250 0.026899
0 0.385000 0.561709 0.032500 0.022152
0 0.440000 0.750791 0.032500 0.033228
0 0.330000 0.754747 0.035000 0.041139
0 0.164375 0.844937 0.033750 0.025316
0 0.440000 0.817247 0.035000 0.033228
0 0.330000 0.719937 0.035000 0.028481
0 0.373125 0.431171 0.021250 0.023734
0 0.109375 0.556171 0.031250 0.033228
0 0.275625 0.813291 0.033750 0.031646
0 0.440000 0.658228 0.035000 0.034810
0 0.166875 0.431962 0.033750 0.031646
0 0.388750 0.368671 0.035000 0.028481
0 0.440625 0.783228 0.031250 0.034810
0 0.331250 0.560918 0.032500 0.033228
0 0.384375 0.686709 0.033750 0.034810
0 0.165625 0.497627 0.033750 0.033228
0 0.166875 0.464399 0.033750 0.033228
0 0.440625 0.850475 0.036250 0.036392
0 0.400000 0.499209 0.022500 0.033228
0 0.165000 0.623418 0.032500 0.028481
0 0.385000 0.721519 0.035000 0.037975
0 0.275625 0.719146 0.033750 0.033228
0 0.330000 0.685918 0.035000 0.036392
0 0.273750 0.879747 0.035000 0.028481
0 0.385625 0.591772 0.031250 0.034810
0 0.165000 0.652690 0.032500 0.033228
0 0.273750 0.847310 0.035000 0.033228
0 0.108750 0.435918 0.032500 0.030063
0 0.275625 0.749209 0.033750 0.033228
0 0.110000 0.464399 0.035000 0.033228
0 0.108750 0.656646 0.032500 0.031646
0 0.164375 0.720728 0.036250 0.030063
0 0.165625 0.527690 0.033750 0.033228
0 0.330000 0.527690 0.032500 0.033228
0 0.443125 0.498418 0.033750 0.031646
0 0.441875 0.529272 0.033750 0.030063
0 0.443750 0.465190 0.032500 0.034810
0 0.331250 0.430380 0.030000 0.028481
0 0.441875 0.591772 0.033750 0.031646
0 0.400625 0.431171 0.026250 0.033228
0 0.276250 0.590981 0.037500 0.036392
0 0.400000 0.465190 0.022500 0.028481
0 0.275625 0.526108 0.033750 0.033228
0 0.442500 0.431962 0.032500 0.031646
0 0.386250 0.529272 0.035000 0.036392
0 0.331250 0.401899 0.030000 0.031646
0 0.275625 0.465981 0.036250 0.039557
0 0.221875 0.368671 0.036250 0.034810
0 0.108125 0.398734 0.033750 0.037975
0 0.331250 0.464399 0.030000 0.033228
0 0.276250 0.401108 0.032500 0.036392
0 0.165625 0.556962 0.033750 0.031646
0 0.275625 0.556171 0.036250 0.030063
0 0.443125 0.401899 0.031250 0.031646
0 0.110000 0.623418 0.032500 0.034810
0 0.275625 0.653481 0.036250 0.034810
0 0.440625 0.624209 0.031250 0.033228
0 0.371875 0.464399 0.021250 0.033228
0 0.275000 0.783228 0.035000 0.034810
0 0.331250 0.367880 0.032500 0.036392
0 0.221875 0.402690 0.036250 0.033228
0 0.330625 0.494462 0.031250 0.030063
0 0.164375 0.749209 0.036250 0.033228
0 0.441875 0.560918 0.033750 0.033228
0 0.165625 0.590981 0.033750 0.033228
0 0.330625 0.624209 0.036250 0.033228
0 0.163750 0.686709 0.035000 0.034810
0 0.443125 0.367880 0.033750 0.036392
0 0.330000 0.849684 0.030000 0.025316
0 0.330000 0.814873 0.035000 0.041139
0 0.166250 0.397152 0.037500 0.041139
0 0.107500 0.688291 0.035000 0.037975
0 0.165625 0.782437 0.033750 0.033228
0 0.330000 0.879747 0.037500 0.034810
0 0.164375 0.815665 0.036250 0.033228
0 0.165000 0.875000 0.035000 0.034810
0 0.276250 0.431171 0.032500 0.026899
