0 0.164019 0.959919 0.028314 0.041843
0 0.078815 0.525960 0.045025 0.056999
0 0.627150 0.621265 0.040980 0.051021
0 0.079416 0.610388 0.026700 0.044229
0 0.103392 0.599796 0.027778 0.044629
0 0.874223 0.190958 0.037747 0.049821
0 0.267071 0.369744 0.043406 0.053413
0 0.374060 0.375747 0.041787 0.049828
0 0.682140 0.641488 0.044218 0.058191
0 0.782850 0.351002 0.025081 0.040644
0 0.454653 0.769092 0.026159 0.041044
0 0.156175 0.920505 0.028314 0.041843
0 0.572697 0.597456 0.040449 0.059776
0 0.252190 0.288922 0.041261 0.064554
0 0.124220 0.890886 0.026966 0.039851
0 0.448978 0.193029 0.047446 0.053421
0 0.256667 0.884900 0.032625 0.043443
0 0.382369 0.498793 0.028585 0.043436
0 0.656630 0.397002 0.026966 0.039851
0 0.408233 0.489194 0.029126 0.046621
0 0.680420 0.685298 0.027236 0.041444
0 0.805616 0.343398 0.027507 0.043036
0 0.066496 0.446727 0.045296 0.058591
0 0.250171 0.846678 0.031011 0.045829
0 0.799120 0.305177 0.024811 0.039051
0 0.472921 0.320431 0.047717 0.055013
0 0.669623 0.476830 0.028043 0.040251
0 0.661915 0.438212 0.028855 0.045029
0 0.430000 0.775702 0.026966 0.039851
0 0.434820 0.733281 0.038288 0.053006
0 0.236855 0.508782 0.038284 0.047036
0 0.132871 0.928308 0.027507 0.043036
0 0.625211 0.363797 0.026159 0.041044
0 0.578927 0.640856 0.038825 0.050221
0 0.170785 0.988810 0.026700 0.022381
0 0.146135 0.993806 0.030740 0.012389
0 0.443400 0.857920 0.026159 0.041044
0 0.070762 0.569581 0.027236 0.041444
0 0.708607 0.166928 0.038549 0.042658
0 0.138963 0.967526 0.028314 0.041843
0 0.648786 0.357587 0.027507 0.043036
0 0.151161 0.880886 0.027507 0.043036
0 0.376410 0.456986 0.030740 0.044236
0 0.443295 0.159584 0.050674 0.048650
0 0.400657 0.447987 0.026966 0.039851
0 0.823438 0.208960 0.039091 0.045843
0 0.672972 0.263959 0.039356 0.041465
0 0.700312 0.802353 0.027507 0.043036
0 0.859884 0.113321 0.040975 0.045051
0 0.508513 0.533241 0.035592 0.049021
0 0.686512 0.724517 0.026429 0.042636
0 0.687717 0.343984 0.040168 0.046243
0 0.461149 0.807314 0.025618 0.037858
0 0.693817 0.764131 0.026966 0.039851
0 0.459534 0.255139 0.047446 0.053421
0 0.733350 0.838342 0.026159 0.041044
0 0.436634 0.818105 0.028855 0.045029
0 0.223188 0.428357 0.037472 0.042258
0 0.584886 0.682663 0.044218 0.058191
0 0.478740 0.354672 0.046363 0.047050
0 0.717929 0.754336 0.026700 0.044229
0 0.483070 0.380153 0.049060 0.051035
0 0.551769 0.723735 0.025883 0.033481
0 0.836432 0.288789 0.041241 0.040673
0 0.273972 0.410355 0.042594 0.048636
0 0.710085 0.714921 0.028314 0.041843
0 0.071914 0.485349 0.039361 0.047436
0 0.172809 0.448748 0.038554 0.048628
0 0.725772 0.793750 0.028855 0.045029
0 0.702241 0.675507 0.026159 0.041044
0 0.454662 0.226473 0.047977 0.044665
0 0.473739 0.888139 0.028585 0.043436
0 0.466430 0.288980 0.043937 0.044658
0 0.260711 0.332318 0.037742 0.043851
0 0.271141 0.963333 0.031281 0.047421
0 0.096493 0.562571 0.028043 0.040251
0 0.706542 0.845753 0.028048 0.046221
0 0.554882 0.742050 0.031527 0.019162
0 0.516142 0.278148 0.042063 0.057391
0 0.501208 0.493626 0.043677 0.055006
0 0.616634 0.242543 0.040449 0.059776
0 0.808558 0.128138 0.043411 0.059384
0 0.568004 0.259745 0.042333 0.058984
0 0.657820 0.181545 0.042604 0.060576
0 0.377540 0.713061 0.042870 0.056199
0 0.531158 0.359766 0.043947 0.056599
0 0.701300 0.123928 0.044494 0.065754
0 0.764945 0.188344 0.043952 0.062569
0 0.329906 0.432767 0.040714 0.055399
0 0.226670 0.769056 0.042328 0.053013
0 0.494575 0.451223 0.047180 0.057798
0 0.851767 0.068929 0.043145 0.063762
0 0.486146 0.718464 0.042870 0.056199
0 0.480052 0.675860 0.040444 0.053806
0 0.778342 0.267177 0.041526 0.060176
0 0.118088 0.426732 0.042870 0.056199
0 0.728906 0.286371 0.042870 0.056199
0 0.418751 0.315141 0.042870 0.056199
0 0.366888 0.333543 0.043682 0.060976
0 0.817078 0.171534 0.040444 0.053806
0 0.715374 0.206742 0.041256 0.058584
0 0.180788 0.488959 0.044218 0.058191
0 0.129329 0.506365 0.042599 0.054606
0 0.123237 0.467147 0.043406 0.053413
0 0.579517 0.340971 0.043677 0.055006
0 0.384983 0.756857 0.043140 0.057791
0 0.879102 0.229780 0.041521 0.054206
0 0.428325 0.695059 0.038288 0.053006
0 0.425923 0.357344 0.039902 0.050621
0 0.371984 0.670258 0.039907 0.056591
0 0.220440 0.725657 0.041256 0.058584
0 0.573021 0.302749 0.040980 0.051021
0 0.524527 0.320747 0.038825 0.050221
0 0.431476 0.396763 0.042870 0.056199
0 0.622133 0.578261 0.040178 0.058184
0 0.722679 0.246357 0.040709 0.049428
0 0.666747 0.227330 0.039366 0.053406
0 0.209926 0.350321 0.040178 0.058184
0 0.471396 0.631668 0.043140 0.057791
0 0.117254 0.762261 0.042333 0.058984
0 0.636207 0.661075 0.044489 0.059784
0 0.233706 0.810463 0.042870 0.056199
0 0.629088 0.322572 0.043677 0.055006
0 0.318394 0.351542 0.043140 0.057791
0 0.280738 0.450169 0.044218 0.058191
0 0.168713 0.744855 0.041256 0.058584
0 0.623670 0.283950 0.038825 0.050221
0 0.830069 0.247978 0.043140 0.057791
0 0.175078 0.789051 0.040444 0.053806
0 0.679467 0.302181 0.042063 0.057391
0 0.167659 0.408334 0.040714 0.055399
0 0.124697 0.806057 0.043677 0.055006
0 0.865434 0.149354 0.041792 0.055799
0 0.419804 0.651663 0.039100 0.057784
0 0.132004 0.849057 0.044218 0.058191
0 0.217369 0.394117 0.039366 0.053406
0 0.632112 0.404408 0.026971 0.045821
0 0.324353 0.393349 0.039902 0.050621
0 0.677800 0.602466 0.038825 0.050221
0 0.670492 0.559466 0.040449 0.059776
0 0.774467 0.311787 0.025618 0.037858
0 0.229683 0.466579 0.039637 0.054999
0 0.639014 0.445019 0.023462 0.037058
0 0.380420 0.413172 0.042058 0.051421
0 0.467780 0.846332 0.028585 0.043436
0 0.109216 0.640807 0.032359 0.047821
0 0.182518 0.829462 0.043947 0.056599
