0 0.362096 0.713787 0.043143 0.041885
0 0.283513 0.713787 0.030817 0.041885
0 0.023883 0.426702 0.032357 0.040140
0 0.364407 0.307155 0.041602 0.041885
0 0.040062 0.591623 0.046225 0.038394
0 0.360555 0.916230 0.046225 0.041885
0 0.705701 0.712914 0.043143 0.040140
0 0.708012 0.631763 0.044684 0.041885
0 0.056240 0.343805 0.032357 0.038394
0 0.105547 0.712914 0.041602 0.036649
0 0.025424 0.342932 0.032357 0.040140
0 0.023883 0.261780 0.035439 0.041885
0 0.168721 0.507853 0.041602 0.034904
0 0.896764 0.427574 0.046225 0.041885
0 0.895994 0.550611 0.044684 0.040140
0 0.362096 0.386562 0.040062 0.040140
0 0.422958 0.549738 0.041602 0.034904
0 0.231895 0.671030 0.041602 0.036649
0 0.771186 0.308901 0.041602 0.038394
0 0.299692 0.552356 0.041602 0.040140
0 0.705701 0.546248 0.040062 0.041885
0 0.832049 0.351658 0.046225 0.040140
0 0.298921 0.308901 0.040062 0.041885
0 0.832049 0.309773 0.046225 0.043630
0 0.424499 0.345550 0.038521 0.041885
0 0.040062 0.549738 0.046225 0.041885
0 0.521572 0.305410 0.041602 0.034904
0 0.231895 0.710297 0.041602 0.041885
0 0.705701 0.390052 0.040062 0.043630
0 0.298151 0.387435 0.041602 0.038394
0 0.769646 0.466841 0.041602 0.036649
0 0.832049 0.511344 0.046225 0.041885
0 0.895994 0.468586 0.044684 0.040140
0 0.768875 0.589878 0.043143 0.041885
0 0.425270 0.630017 0.046225 0.038394
0 0.582435 0.265271 0.036980 0.034904
0 0.361325 0.508726 0.041602 0.040140
0 0.708012 0.673647 0.041602 0.034904
0 0.707242 0.509599 0.036980 0.034904
0 0.643297 0.263525 0.041602 0.045375
0 0.580123 0.712914 0.041602 0.040140
0 0.169492 0.713787 0.046225 0.041885
0 0.104777 0.550611 0.046225 0.040140
0 0.521572 0.342932 0.038521 0.036649
0 0.516949 0.711169 0.041602 0.040140
0 0.056240 0.424956 0.032357 0.040140
0 0.832820 0.428447 0.041602 0.040140
0 0.581664 0.630017 0.035439 0.038394
0 0.520031 0.506108 0.041602 0.034904
0 0.768105 0.426702 0.041602 0.040140
0 0.643297 0.508726 0.038521 0.036649
0 0.233436 0.549738 0.041602 0.034904
0 0.896764 0.266143 0.046225 0.043630
0 0.520801 0.465969 0.036980 0.034904
0 0.706471 0.588133 0.041602 0.038394
0 0.297381 0.472077 0.043143 0.043630
0 0.104777 0.631763 0.046225 0.041885
0 0.104006 0.469459 0.041602 0.041885
0 0.520031 0.385689 0.041602 0.041885
0 0.169492 0.384817 0.046225 0.043630
0 0.235747 0.260908 0.046225 0.043630
0 0.313559 0.753054 0.029276 0.033159
0 0.421418 0.264398 0.041602 0.043630
0 0.090139 0.917103 0.032357 0.040140
0 0.102465 0.835079 0.044684 0.040140
0 0.361325 0.752182 0.038521 0.034904
0 0.892912 0.914485 0.044684 0.034904
0 0.474576 0.793194 0.027735 0.033159
0 0.894453 0.874346 0.041602 0.038394
0 0.234977 0.874346 0.041602 0.038394
0 0.023883 0.302792 0.032357 0.033159
0 0.233436 0.835951 0.041602 0.038394
0 0.312018 0.793194 0.032357 0.040140
0 0.280431 0.794939 0.030817 0.036649
0 0.471495 0.138743 0.036980 0.029668
0 0.296610 0.511344 0.041602 0.041885
0 0.104777 0.876091 0.046225 0.041885
0 0.708012 0.871728 0.041602 0.040140
0 0.232666 0.913613 0.046225 0.040140
0 0.039291 0.707679 0.041602 0.036649
0 0.469183 0.404887 0.032357 0.038394
0 0.054700 0.466841 0.032357 0.033159
0 0.037750 0.794939 0.044684 0.043630
0 0.895223 0.834206 0.046225 0.041885
0 0.892912 0.511344 0.038521 0.041885
0 0.362096 0.873473 0.043143 0.040140
0 0.708012 0.752182 0.041602 0.041885
0 0.421418 0.794939 0.041602 0.036649
0 0.104006 0.591623 0.041602 0.038394
0 0.895223 0.710297 0.046225 0.041885
0 0.057011 0.262653 0.030817 0.036649
0 0.519260 0.591623 0.040062 0.038394
0 0.361325 0.670157 0.044684 0.041885
0 0.104777 0.385689 0.043143 0.041885
0 0.235747 0.220768 0.043143 0.026178
0 0.118644 0.917103 0.030817 0.033159
0 0.522342 0.221640 0.036980 0.024433
0 0.107088 0.219023 0.041602 0.026178
0 0.896764 0.307155 0.046225 0.024433
0 0.769646 0.225131 0.041602 0.027923
0 0.039291 0.748691 0.041602 0.041885
0 0.361325 0.833333 0.041602 0.036649
0 0.471495 0.170157 0.036980 0.033159
0 0.767334 0.874346 0.046225 0.041885
0 0.104777 0.512216 0.046225 0.040140
0 0.469954 0.368237 0.033898 0.031414
0 0.895994 0.791449 0.044684 0.036649
0 0.421418 0.832461 0.041602 0.034904
0 0.644068 0.912740 0.040062 0.034904
0 0.234977 0.752182 0.041602 0.034904
0 0.473035 0.328098 0.036980 0.041885
0 0.519260 0.629145 0.040062 0.036649
0 0.104006 0.793194 0.041602 0.040140
0 0.895223 0.387435 0.040062 0.034904
0 0.516179 0.874346 0.040062 0.034904
0 0.280431 0.754799 0.030817 0.036649
0 0.768875 0.630890 0.040062 0.040140
0 0.703390 0.832461 0.041602 0.034904
0 0.296610 0.631763 0.044684 0.041885
0 0.516179 0.910995 0.043143 0.034904
0 0.707242 0.913613 0.046225 0.040140
0 0.233436 0.633508 0.041602 0.038394
0 0.421418 0.871728 0.041602 0.043630
0 0.768105 0.753054 0.041602 0.040140
0 0.057011 0.383072 0.030817 0.033159
0 0.040832 0.630017 0.044684 0.038394
0 0.105547 0.753054 0.044684 0.043630
0 0.768105 0.711169 0.041602 0.040140
0 0.833590 0.390052 0.043143 0.033159
0 0.232666 0.791449 0.043143 0.043630
0 0.581664 0.754799 0.038521 0.043630
0 0.168721 0.631763 0.041602 0.041885
0 0.298151 0.671902 0.041602 0.034904
0 0.025424 0.384817 0.032357 0.033159
0 0.312789 0.712042 0.030817 0.038394
0 0.361325 0.633508 0.041602 0.038394
0 0.895994 0.671030 0.044684 0.040140
0 0.519260 0.752182 0.043143 0.041885
0 0.424499 0.669284 0.044684 0.040140
0 0.706471 0.794939 0.041602 0.036649
0 0.643297 0.794939 0.041602 0.040140
0 0.644068 0.876091 0.040062 0.041885
0 0.895994 0.630017 0.041602 0.034904
0 0.233436 0.509599 0.038521 0.034904
0 0.039291 0.506108 0.041602 0.041885
0 0.768875 0.834206 0.043143 0.038394
0 0.768105 0.794939 0.041602 0.040140
0 0.422958 0.916230 0.041602 0.038394
0 0.644068 0.831588 0.043143 0.040140
0 0.892912 0.590750 0.041602 0.040140
0 0.832820 0.267016 0.041602 0.045375
0 0.516949 0.831588 0.041602 0.043630
0 0.471495 0.247818 0.036980 0.034904
0 0.421418 0.754799 0.044684 0.043630
0 0.362096 0.791449 0.043143 0.040140
0 0.039291 0.671030 0.041602 0.040140
0 0.104006 0.671902 0.041602 0.038394
0 0.768875 0.914485 0.043143 0.034904
0 0.768105 0.670157 0.041602 0.041885
0 0.420647 0.430192 0.036980 0.040140
0 0.057011 0.302792 0.030817 0.033159
0 0.643297 0.549738 0.038521 0.034904
0 0.519260 0.792321 0.040062 0.038394
0 0.644838 0.750436 0.041602 0.045375
0 0.895994 0.752182 0.047766 0.041885
0 0.168721 0.301047 0.041602 0.040140
0 0.297381 0.265271 0.040062 0.041885
0 0.708012 0.470332 0.041602 0.036649
0 0.895223 0.347295 0.046225 0.041885
0 0.169492 0.428447 0.043143 0.040140
0 0.422188 0.711169 0.043143 0.040140
0 0.168721 0.672775 0.041602 0.040140
0 0.105547 0.426702 0.041602 0.040140
0 0.580894 0.345550 0.040062 0.038394
0 0.643297 0.305410 0.044684 0.038394
0 0.168721 0.590750 0.041602 0.036649
0 0.362096 0.470332 0.040062 0.040140
0 0.298151 0.590750 0.041602 0.036649
0 0.771186 0.265271 0.041602 0.041885
0 0.298151 0.428447 0.041602 0.040140
0 0.644838 0.428447 0.041602 0.040140
0 0.422958 0.510471 0.041602 0.040140
0 0.707242 0.267016 0.036980 0.045375
0 0.233436 0.472077 0.041602 0.040140
0 0.708012 0.308028 0.041602 0.040140
0 0.644068 0.591623 0.043143 0.045375
0 0.768105 0.347295 0.041602 0.041885
0 0.422188 0.470332 0.040062 0.040140
0 0.361325 0.349040 0.041602 0.041885
0 0.830508 0.469459 0.046225 0.041885
0 0.362096 0.427574 0.040062 0.041885
0 0.168721 0.262653 0.041602 0.040140
0 0.768875 0.387435 0.043143 0.038394
0 0.644068 0.345550 0.043143 0.038394
0 0.168721 0.343805 0.041602 0.041885
0 0.471495 0.210297 0.036980 0.040140
0 0.422958 0.305410 0.041602 0.038394
0 0.520031 0.430192 0.041602 0.040140
0 0.580894 0.590750 0.040062 0.040140
0 0.705701 0.431937 0.043143 0.040140
0 0.361325 0.262653 0.041602 0.043630
0 0.705701 0.349040 0.040062 0.034904
0 0.422188 0.387435 0.040062 0.038394
0 0.361325 0.593368 0.038521 0.041885
0 0.519260 0.668412 0.043143 0.041885
0 0.768875 0.546248 0.046225 0.041885
0 0.104777 0.302792 0.043143 0.040140
0 0.582435 0.306283 0.043143 0.040140
0 0.168721 0.469459 0.041602 0.041885
0 0.769646 0.507853 0.041602 0.038394
0 0.234206 0.424956 0.043143 0.040140
0 0.580123 0.470332 0.041602 0.040140
0 0.362096 0.551483 0.043143 0.038394
0 0.299692 0.349040 0.041602 0.041885
0 0.234977 0.347295 0.044684 0.038394
0 0.521572 0.265271 0.041602 0.041885
0 0.231895 0.590750 0.041602 0.040140
0 0.580894 0.384817 0.043143 0.040140
0 0.234206 0.388307 0.043143 0.036649
0 0.422958 0.588133 0.041602 0.041885
0 0.580123 0.426702 0.047766 0.043630
0 0.520031 0.551483 0.041602 0.041885
0 0.581664 0.508726 0.041602 0.036649
0 0.167951 0.549738 0.043143 0.045375
0 0.643297 0.469459 0.044684 0.041885
0 0.581664 0.551483 0.041602 0.041885
0 0.580123 0.670157 0.041602 0.041885
0 0.105547 0.262653 0.038521 0.043630
0 0.644068 0.388307 0.043143 0.040140
0 0.234206 0.307155 0.043143 0.041885
0 0.107088 0.342932 0.041602 0.040140
