0 0.911667 0.333607 0.036667 0.044262
0 0.292778 0.540984 0.034444 0.039344
0 0.755556 0.290984 0.031111 0.037705
0 0.808333 0.495082 0.034444 0.039344
0 0.603333 0.498361 0.037778 0.042623
0 0.602222 0.580328 0.035556 0.042623
0 0.806667 0.159836 0.033333 0.047541
0 0.858333 0.248361 0.036667 0.044262
0 0.703333 0.334426 0.033333 0.042623
0 0.501667 0.452459 0.041111 0.049180
0 0.292222 0.622131 0.028889 0.040984
0 0.807222 0.331148 0.036667 0.039344
0 0.859444 0.203279 0.030000 0.045902
0 0.656667 0.868033 0.031111 0.037705
0 0.756667 0.204918 0.035556 0.032787
0 0.501667 0.313115 0.041111 0.039344
0 0.501111 0.377869 0.044444 0.034426
0 0.500556 0.245902 0.041111 0.042623
0 0.718333 0.864754 0.021111 0.031148
0 0.501111 0.145902 0.042222 0.036066
0 0.501667 0.346721 0.043333 0.034426
0 0.500556 0.281148 0.041111 0.031148
0 0.512778 0.740984 0.023333 0.032787
0 0.500556 0.211475 0.043333 0.026230
0 0.501667 0.179508 0.041111 0.040984
0 0.758333 0.744262 0.036667 0.042623
0 0.858889 0.332787 0.037778 0.042623
0 0.653333 0.332787 0.037778 0.039344
0 0.653333 0.416393 0.033333 0.042623
0 0.858333 0.373770 0.034444 0.042623
0 0.807778 0.413115 0.031111 0.042623
0 0.705556 0.416393 0.033333 0.042623
0 0.807222 0.370492 0.032222 0.039344
0 0.602778 0.377869 0.034444 0.037705
0 0.656667 0.913115 0.035556 0.045902
0 0.653333 0.663934 0.035556 0.042623
0 0.602222 0.540984 0.033333 0.039344
0 0.706111 0.825410 0.036667 0.044262
0 0.655556 0.786885 0.037778 0.042623
0 0.602222 0.335246 0.035556 0.047541
0 0.292778 0.580328 0.034444 0.039344
0 0.858333 0.413934 0.034444 0.037705
0 0.709444 0.908197 0.036667 0.052459
0 0.911667 0.290164 0.036667 0.042623
0 0.755556 0.157377 0.037778 0.052459
0 0.655556 0.458197 0.031111 0.037705
0 0.807778 0.249180 0.033333 0.042623
0 0.758333 0.788525 0.036667 0.042623
0 0.756667 0.375410 0.033333 0.039344
0 0.860556 0.579508 0.036667 0.047541
0 0.806667 0.290164 0.033333 0.039344
0 0.911667 0.244262 0.034444 0.042623
0 0.704444 0.373770 0.033333 0.042623
0 0.705556 0.496721 0.033333 0.042623
0 0.705556 0.248361 0.033333 0.044262
0 0.601111 0.290164 0.028889 0.042623
0 0.655556 0.745902 0.033333 0.039344
0 0.859444 0.496721 0.036667 0.042623
0 0.859444 0.454098 0.032222 0.042623
0 0.603333 0.416393 0.033333 0.042623
0 0.860556 0.538525 0.034444 0.040984
0 0.857222 0.290984 0.034444 0.040984
0 0.706667 0.621311 0.035556 0.042623
0 0.706111 0.663934 0.036667 0.042623
0 0.654444 0.498361 0.033333 0.042623
0 0.551667 0.293443 0.036667 0.042623
0 0.706667 0.745902 0.033333 0.042623
0 0.652222 0.373770 0.033333 0.042623
0 0.706667 0.580328 0.035556 0.042623
0 0.652222 0.293443 0.033333 0.045902
0 0.756667 0.414754 0.035556 0.042623
0 0.551667 0.335246 0.036667 0.044262
0 0.757778 0.622951 0.037778 0.042623
0 0.808333 0.455738 0.032222 0.042623
0 0.755556 0.249180 0.037778 0.042623
0 0.655556 0.621311 0.035556 0.042623
0 0.653333 0.578689 0.033333 0.042623
0 0.703333 0.293443 0.033333 0.042623
0 0.704444 0.454918 0.031111 0.040984
0 0.550556 0.246721 0.036667 0.047541
0 0.707778 0.784426 0.035556 0.037705
0 0.755556 0.333607 0.037778 0.044262
0 0.756667 0.496721 0.033333 0.042623
0 0.603333 0.458197 0.033333 0.040984
0 0.757222 0.578689 0.034444 0.042623
0 0.653889 0.540984 0.032222 0.039344
0 0.756667 0.456557 0.033333 0.037705
0 0.656667 0.830328 0.035556 0.040984
0 0.706667 0.704098 0.033333 0.037705
0 0.291667 0.664754 0.036667 0.044262
0 0.806667 0.208197 0.033333 0.042623
0 0.704444 0.538525 0.033333 0.040984
0 0.758333 0.537705 0.032222 0.039344
0 0.655556 0.703279 0.035556 0.042623
0 0.758889 0.662295 0.037778 0.042623
0 0.757222 0.702459 0.034444 0.040984
0 0.294444 0.143443 0.037778 0.047541
0 0.450556 0.275410 0.032222 0.039344
0 0.191667 0.236885 0.036667 0.044262
0 0.399444 0.406557 0.036667 0.042623
0 0.398333 0.486066 0.032222 0.044262
0 0.397222 0.279508 0.034444 0.040984
0 0.397222 0.190984 0.036667 0.047541
0 0.451667 0.361475 0.034444 0.040984
0 0.295556 0.190164 0.033333 0.042623
0 0.296667 0.233607 0.033333 0.047541
0 0.398889 0.142623 0.037778 0.052459
0 0.192778 0.186885 0.036667 0.052459
0 0.243889 0.187705 0.032222 0.044262
0 0.243333 0.233607 0.033333 0.044262
0 0.347778 0.322131 0.033333 0.047541
0 0.451667 0.317213 0.034444 0.044262
0 0.347778 0.187705 0.033333 0.044262
0 0.243333 0.275410 0.033333 0.042623
0 0.450556 0.190164 0.034444 0.049180
0 0.450556 0.234426 0.034444 0.039344
0 0.346111 0.277869 0.032222 0.040984
0 0.398333 0.236066 0.036667 0.042623
0 0.347778 0.234426 0.031111 0.042623
0 0.191667 0.487705 0.036667 0.040984
0 0.449444 0.403279 0.032222 0.039344
0 0.242222 0.402459 0.033333 0.044262
0 0.141667 0.278689 0.034444 0.042623
0 0.243333 0.443443 0.033333 0.044262
0 0.242222 0.317213 0.033333 0.040984
0 0.294444 0.275410 0.031111 0.039344
0 0.449444 0.141803 0.032222 0.047541
0 0.243333 0.142623 0.035556 0.045902
0 0.191667 0.320492 0.034444 0.040984
0 0.242222 0.356557 0.033333 0.044262
0 0.399444 0.363115 0.036667 0.044262
0 0.140000 0.143443 0.037778 0.047541
0 0.191667 0.448361 0.036667 0.040984
0 0.398333 0.445082 0.034444 0.037705
0 0.397222 0.320492 0.032222 0.040984
0 0.140556 0.236066 0.036667 0.042623
0 0.140000 0.190984 0.037778 0.044262
0 0.191667 0.358197 0.036667 0.040984
0 0.192778 0.403279 0.036667 0.045902
0 0.243333 0.486885 0.033333 0.042623
0 0.191667 0.278689 0.034444 0.039344
