0 0.500556 0.379339 0.041111 0.034711
0 0.650556 0.376860 0.032222 0.042975
0 0.717778 0.701653 0.022222 0.028099
0 0.498333 0.501653 0.036667 0.031405
0 0.921111 0.333058 0.022222 0.031405
0 0.714444 0.414050 0.022222 0.038017
0 0.602222 0.871074 0.035556 0.042975
0 0.501667 0.351240 0.041111 0.031405
0 0.690556 0.495868 0.021111 0.026446
0 0.691111 0.702479 0.022222 0.029752
0 0.715000 0.493388 0.021111 0.024793
0 0.691111 0.784298 0.022222 0.034711
0 0.691111 0.741322 0.020000 0.034711
0 0.512222 0.747934 0.022222 0.031405
0 0.717778 0.784298 0.022222 0.031405
0 0.716667 0.535537 0.022222 0.033058
0 0.497222 0.215702 0.045556 0.024793
0 0.716667 0.743802 0.022222 0.033058
0 0.717778 0.619835 0.020000 0.033058
0 0.896667 0.291736 0.022222 0.034711
0 0.921111 0.291736 0.020000 0.034711
0 0.497222 0.281818 0.043333 0.031405
0 0.601667 0.705785 0.036667 0.046281
0 0.910556 0.497521 0.034444 0.036364
0 0.500556 0.314050 0.043333 0.039669
0 0.602222 0.788430 0.035556 0.042975
0 0.690000 0.619835 0.020000 0.036364
0 0.500556 0.147107 0.043333 0.033058
0 0.756667 0.869421 0.033333 0.039669
0 0.690556 0.538017 0.021111 0.038017
0 0.716111 0.658678 0.021111 0.038017
0 0.756667 0.828926 0.033333 0.038017
0 0.909444 0.538017 0.030000 0.041322
0 0.713333 0.291736 0.020000 0.034711
0 0.713333 0.332231 0.020000 0.036364
0 0.691111 0.660331 0.022222 0.038017
0 0.602222 0.830579 0.035556 0.041322
0 0.716111 0.578512 0.021111 0.033058
0 0.602778 0.747107 0.034444 0.039669
0 0.756667 0.911570 0.035556 0.044628
0 0.688333 0.291736 0.021111 0.038017
0 0.756667 0.704132 0.035556 0.042975
0 0.603333 0.914050 0.037778 0.046281
0 0.601111 0.663636 0.033333 0.038017
0 0.910556 0.371074 0.032222 0.038017
0 0.909444 0.580992 0.036667 0.041322
0 0.690556 0.414050 0.021111 0.038017
0 0.756667 0.745455 0.033333 0.042975
0 0.715556 0.454545 0.022222 0.033058
0 0.754444 0.415702 0.031111 0.038017
0 0.857778 0.330579 0.033333 0.039669
0 0.857778 0.290083 0.033333 0.041322
0 0.498889 0.247107 0.042222 0.038017
0 0.689444 0.579339 0.021111 0.034711
0 0.714444 0.371074 0.022222 0.034711
0 0.498333 0.182645 0.041111 0.038017
0 0.910556 0.412397 0.034444 0.038017
0 0.804444 0.251240 0.031111 0.039669
0 0.690000 0.455372 0.020000 0.031405
0 0.690556 0.371074 0.021111 0.034711
0 0.803889 0.202479 0.032222 0.051240
0 0.755556 0.538017 0.035556 0.041322
0 0.756111 0.787603 0.036667 0.041322
0 0.755556 0.661983 0.033333 0.041322
0 0.856667 0.200826 0.035556 0.047934
0 0.752222 0.156198 0.035556 0.044628
0 0.651667 0.290083 0.032222 0.041322
0 0.855556 0.375207 0.031111 0.046281
0 0.601111 0.582645 0.033333 0.041322
0 0.856667 0.247934 0.033333 0.042975
0 0.601667 0.156198 0.036667 0.047934
0 0.804444 0.290083 0.033333 0.041322
0 0.753333 0.457025 0.031111 0.041322
0 0.804444 0.375207 0.033333 0.039669
0 0.909444 0.457025 0.036667 0.044628
0 0.856667 0.155372 0.035556 0.046281
0 0.651111 0.667769 0.033333 0.046281
0 0.689444 0.334711 0.021111 0.038017
0 0.755556 0.497521 0.031111 0.039669
0 0.600556 0.202479 0.036667 0.044628
0 0.756667 0.623140 0.033333 0.039669
0 0.753333 0.375207 0.033333 0.042975
0 0.600556 0.248760 0.032222 0.044628
0 0.601667 0.542149 0.032222 0.039669
0 0.754444 0.580992 0.033333 0.044628
0 0.599444 0.376860 0.030000 0.036364
0 0.753333 0.204132 0.037778 0.044628
0 0.753333 0.333058 0.033333 0.044628
0 0.600556 0.500826 0.032222 0.042975
0 0.551667 0.621488 0.034444 0.042975
0 0.651111 0.623967 0.031111 0.044628
0 0.803889 0.334711 0.032222 0.044628
0 0.651111 0.415702 0.031111 0.038017
0 0.599444 0.291736 0.030000 0.041322
0 0.650556 0.458678 0.027778 0.041322
0 0.753333 0.291736 0.035556 0.041322
0 0.753333 0.249587 0.037778 0.042975
0 0.498889 0.455372 0.040000 0.047934
0 0.550556 0.500826 0.032222 0.039669
0 0.549444 0.580992 0.032222 0.038017
0 0.550556 0.542149 0.032222 0.039669
0 0.548333 0.291736 0.032222 0.041322
0 0.601111 0.623140 0.033333 0.039669
0 0.650000 0.582645 0.028889 0.041322
0 0.651667 0.539669 0.027778 0.038017
0 0.548333 0.251240 0.032222 0.042975
0 0.600556 0.336364 0.032222 0.041322
0 0.549444 0.417355 0.030000 0.041322
0 0.600556 0.415702 0.032222 0.044628
0 0.650556 0.332231 0.032222 0.042975
0 0.548333 0.204132 0.036667 0.047934
0 0.651111 0.499174 0.031111 0.042975
0 0.600000 0.460331 0.031111 0.041322
0 0.549444 0.460331 0.032222 0.041322
0 0.548333 0.336364 0.032222 0.047934
0 0.549444 0.378512 0.032222 0.039669
0 0.188333 0.874380 0.036667 0.046281
0 0.343333 0.705785 0.035556 0.042975
0 0.188333 0.290909 0.032222 0.039669
0 0.396667 0.246281 0.035556 0.039669
0 0.087222 0.457025 0.036667 0.044628
0 0.136667 0.620661 0.033333 0.041322
0 0.086111 0.501653 0.034444 0.041322
0 0.344444 0.748760 0.033333 0.039669
0 0.447222 0.247934 0.032222 0.039669
0 0.137778 0.580165 0.031111 0.039669
0 0.447222 0.290909 0.034444 0.039669
0 0.187222 0.831405 0.034444 0.039669
0 0.087222 0.411570 0.036667 0.042975
0 0.395556 0.205785 0.037778 0.041322
0 0.396667 0.539669 0.035556 0.041322
0 0.188333 0.788430 0.036667 0.039669
0 0.395556 0.454545 0.033333 0.046281
0 0.240556 0.373554 0.034444 0.039669
0 0.343333 0.285950 0.033333 0.046281
0 0.343333 0.414050 0.031111 0.041322
0 0.447778 0.495041 0.033333 0.041322
0 0.447222 0.203306 0.034444 0.046281
0 0.395556 0.328926 0.035556 0.046281
0 0.188333 0.580165 0.032222 0.042975
0 0.343333 0.663636 0.035556 0.044628
0 0.240556 0.746281 0.034444 0.041322
0 0.342222 0.457025 0.033333 0.041322
0 0.188333 0.374380 0.034444 0.044628
0 0.239444 0.831405 0.036667 0.039669
0 0.396667 0.285950 0.035556 0.039669
0 0.188333 0.748760 0.034444 0.039669
0 0.240556 0.160331 0.036667 0.046281
0 0.396667 0.580165 0.033333 0.039669
0 0.137222 0.828926 0.034444 0.041322
0 0.240556 0.414050 0.034444 0.041322
0 0.240556 0.871901 0.036667 0.044628
0 0.240556 0.705785 0.034444 0.039669
0 0.447778 0.537190 0.033333 0.039669
0 0.086667 0.665289 0.035556 0.041322
0 0.240556 0.247934 0.034444 0.042975
0 0.240556 0.454545 0.032222 0.039669
0 0.188333 0.923140 0.036667 0.047934
0 0.085556 0.748760 0.037778 0.042975
0 0.343889 0.328926 0.030000 0.039669
0 0.395556 0.414050 0.037778 0.041322
0 0.137222 0.247934 0.034444 0.042975
0 0.187222 0.331405 0.034444 0.041322
0 0.292778 0.333884 0.036667 0.042975
0 0.187222 0.539669 0.034444 0.038017
0 0.342222 0.497521 0.033333 0.039669
0 0.137222 0.290909 0.034444 0.042975
0 0.240556 0.205785 0.034444 0.041322
0 0.086111 0.542149 0.034444 0.039669
0 0.239444 0.788430 0.036667 0.039669
0 0.138333 0.539669 0.032222 0.044628
0 0.085556 0.582645 0.033333 0.041322
0 0.188333 0.247934 0.032222 0.039669
0 0.291667 0.288430 0.036667 0.044628
0 0.188333 0.200826 0.032222 0.047934
0 0.395556 0.746281 0.037778 0.044628
0 0.395556 0.158678 0.037778 0.046281
0 0.240556 0.919008 0.036667 0.046281
0 0.395556 0.499174 0.033333 0.039669
0 0.395556 0.373554 0.033333 0.039669
0 0.187222 0.620661 0.034444 0.041322
0 0.137222 0.457025 0.034444 0.044628
0 0.447222 0.156198 0.034444 0.047934
0 0.240556 0.497521 0.036667 0.042975
0 0.238333 0.665289 0.034444 0.041322
0 0.188333 0.454545 0.036667 0.046281
0 0.188333 0.499174 0.032222 0.042975
0 0.448333 0.373554 0.032222 0.039669
0 0.395556 0.916529 0.037778 0.047934
0 0.343889 0.373554 0.032222 0.042975
0 0.447222 0.331405 0.032222 0.041322
0 0.240556 0.580165 0.034444 0.046281
0 0.448333 0.414050 0.036667 0.044628
0 0.188333 0.705785 0.036667 0.039669
0 0.137778 0.665289 0.035556 0.041322
0 0.188333 0.663636 0.036667 0.044628
0 0.084444 0.831405 0.033333 0.039669
0 0.447222 0.454545 0.030000 0.033058
0 0.395556 0.705785 0.033333 0.042975
0 0.086111 0.246281 0.036667 0.039669
0 0.394444 0.871901 0.033333 0.034711
0 0.085556 0.874380 0.035556 0.039669
0 0.086667 0.288430 0.035556 0.041322
0 0.395556 0.786777 0.035556 0.036364
0 0.239444 0.288430 0.032222 0.041322
0 0.137778 0.871901 0.035556 0.044628
0 0.240556 0.333884 0.032222 0.033058
0 0.137778 0.705785 0.035556 0.039669
0 0.135556 0.916529 0.037778 0.044628
0 0.086667 0.331405 0.037778 0.041322
0 0.344444 0.580165 0.031111 0.036364
0 0.395556 0.662810 0.035556 0.036364
0 0.137222 0.376033 0.034444 0.041322
0 0.395556 0.620661 0.033333 0.047934
0 0.138333 0.203306 0.036667 0.046281
0 0.240556 0.537190 0.036667 0.039669
0 0.343333 0.831405 0.035556 0.039669
0 0.085556 0.788430 0.037778 0.042975
0 0.344444 0.788430 0.033333 0.039669
0 0.447222 0.577686 0.030000 0.041322
0 0.343333 0.871901 0.035556 0.041322
0 0.342222 0.539669 0.033333 0.047934
0 0.085556 0.705785 0.037778 0.039669
0 0.137222 0.336364 0.034444 0.044628
0 0.137222 0.788430 0.034444 0.039669
0 0.344444 0.618182 0.031111 0.039669
0 0.086667 0.200826 0.035556 0.044628
0 0.240556 0.623140 0.032222 0.036364
0 0.137778 0.496694 0.033333 0.038017
0 0.085556 0.620661 0.033333 0.041322
0 0.083333 0.919008 0.037778 0.049587
0 0.086111 0.371901 0.034444 0.039669
0 0.343333 0.916529 0.037778 0.047934
0 0.188333 0.414050 0.034444 0.038017
0 0.137222 0.416529 0.034444 0.039669
0 0.136667 0.747934 0.033333 0.044628
0 0.395556 0.828926 0.037778 0.047934
