0 0.116875 0.750791 0.033750 0.036392
0 0.116250 0.727057 0.032500 0.030063
0 0.116875 0.783228 0.036250 0.041139
0 0.338750 0.442247 0.032500 0.033228
0 0.171875 0.628956 0.036250 0.033228
0 0.171875 0.565665 0.033750 0.033228
0 0.338750 0.596519 0.032500 0.028481
0 0.115625 0.625000 0.033750 0.031646
0 0.173125 0.884494 0.031250 0.031646
0 0.283750 0.725475 0.030000 0.033228
0 0.668125 0.850475 0.033750 0.033228
0 0.228125 0.788766 0.033750 0.033228
0 0.283125 0.692247 0.033750 0.033228
0 0.393750 0.628956 0.032500 0.033228
0 0.338750 0.409810 0.032500 0.031646
0 0.614375 0.818038 0.033750 0.034810
0 0.613750 0.850475 0.032500 0.033228
0 0.393750 0.659019 0.035000 0.033228
0 0.338750 0.506329 0.032500 0.031646
0 0.338750 0.344937 0.032500 0.031646
0 0.116250 0.565665 0.035000 0.033228
0 0.228750 0.662975 0.032500 0.034810
0 0.613750 0.883703 0.035000 0.030063
0 0.338750 0.693829 0.032500 0.036392
0 0.394375 0.884494 0.031250 0.028481
0 0.228125 0.375791 0.033750 0.036392
0 0.116875 0.374209 0.033750 0.033228
0 0.394375 0.724684 0.031250 0.031646
0 0.171875 0.471519 0.031250 0.031646
0 0.393750 0.755538 0.032500 0.033228
0 0.394375 0.692247 0.031250 0.033228
0 0.173125 0.693038 0.033750 0.034810
0 0.338750 0.567247 0.035000 0.033228
0 0.171875 0.595728 0.036250 0.033228
0 0.228125 0.724684 0.033750 0.031646
0 0.116250 0.503956 0.032500 0.033228
0 0.338750 0.659810 0.032500 0.031646
0 0.283750 0.534810 0.032500 0.034810
0 0.281875 0.504747 0.031250 0.028481
0 0.668125 0.821203 0.033750 0.031646
0 0.171875 0.408228 0.036250 0.034810
0 0.281875 0.821203 0.031250 0.031646
0 0.723750 0.855222 0.032500 0.033228
0 0.116875 0.692247 0.033750 0.033228
0 0.395000 0.442247 0.032500 0.033228
0 0.393750 0.534019 0.030000 0.033228
0 0.281875 0.471519 0.031250 0.031646
0 0.115625 0.409019 0.033750 0.033228
0 0.171875 0.504747 0.031250 0.028481
0 0.780000 0.818829 0.032500 0.033228
0 0.116250 0.441456 0.035000 0.031646
0 0.228125 0.534810 0.033750 0.034810
0 0.283125 0.852057 0.033750 0.033228
0 0.227500 0.822785 0.032500 0.034810
0 0.668125 0.880538 0.033750 0.030063
0 0.393750 0.818038 0.032500 0.031646
0 0.173125 0.374209 0.033750 0.039557
0 0.393750 0.504747 0.035000 0.028481
0 0.116875 0.658228 0.033750 0.034810
0 0.724375 0.821203 0.033750 0.037975
0 0.338125 0.475475 0.033750 0.033228
0 0.281875 0.409810 0.031250 0.031646
0 0.338750 0.378165 0.035000 0.034810
0 0.393750 0.378165 0.035000 0.034810
0 0.395000 0.472310 0.032500 0.033228
0 0.393750 0.597310 0.032500 0.030063
0 0.228125 0.474684 0.031250 0.031646
0 0.228125 0.441456 0.033750 0.034810
0 0.283125 0.378165 0.033750 0.034810
0 0.393750 0.409810 0.035000 0.031646
0 0.283750 0.566456 0.030000 0.028481
0 0.228125 0.628956 0.033750 0.033228
0 0.516250 0.857595 0.022500 0.022152
0 0.833750 0.821203 0.035000 0.031646
0 0.393125 0.344937 0.031250 0.031646
0 0.393750 0.787184 0.030000 0.030063
0 0.171875 0.659810 0.036250 0.031646
0 0.393125 0.567247 0.033750 0.033228
0 0.283125 0.884494 0.033750 0.031646
0 0.171875 0.726266 0.036250 0.028481
0 0.281875 0.788766 0.031250 0.033228
0 0.281875 0.442247 0.031250 0.030063
0 0.780000 0.851266 0.032500 0.028481
0 0.338125 0.537184 0.033750 0.030063
0 0.171875 0.821203 0.031250 0.034810
0 0.171875 0.441456 0.033750 0.031646
0 0.228125 0.754747 0.033750 0.028481
0 0.227500 0.852057 0.032500 0.030063
0 0.116250 0.471519 0.032500 0.028481
0 0.393750 0.851266 0.027500 0.028481
0 0.116250 0.596519 0.032500 0.028481
0 0.171875 0.755538 0.036250 0.033228
0 0.171875 0.787975 0.036250 0.031646
0 0.834375 0.884494 0.033750 0.031646
0 0.283125 0.755538 0.033750 0.033228
0 0.723750 0.885285 0.035000 0.023734
0 0.228125 0.693038 0.033750 0.028481
0 0.116875 0.821994 0.031250 0.033228
0 0.171875 0.852057 0.031250 0.030063
0 0.115625 0.533228 0.033750 0.028481
0 0.281875 0.595728 0.031250 0.033228
0 0.516875 0.880538 0.021250 0.023734
0 0.227500 0.568038 0.030000 0.028481
0 0.338750 0.628956 0.032500 0.033228
0 0.283125 0.662184 0.031250 0.033228
0 0.118125 0.885285 0.033750 0.033228
0 0.833750 0.851266 0.035000 0.034810
0 0.227500 0.408228 0.032500 0.028481
0 0.227500 0.885285 0.035000 0.030063
0 0.171875 0.534019 0.031250 0.030063
0 0.777500 0.881329 0.035000 0.031646
0 0.227500 0.503956 0.032500 0.026899
0 0.281875 0.629747 0.031250 0.034810
0 0.116875 0.852057 0.031250 0.033228
0 0.228750 0.597310 0.032500 0.033228
