0 0.191667 0.492623 0.038889 0.050820
0 0.398333 0.453279 0.036667 0.047541
0 0.862222 0.545902 0.037778 0.049180
0 0.399444 0.670492 0.036667 0.049180
0 0.815556 0.913934 0.033333 0.037705
0 0.609444 0.829508 0.036667 0.042623
0 0.451667 0.831148 0.034444 0.042623
0 0.192778 0.680328 0.034444 0.049180
0 0.296667 0.447541 0.033333 0.052459
0 0.759444 0.347541 0.030000 0.042623
0 0.811111 0.419672 0.033333 0.045902
0 0.865556 0.827869 0.033333 0.042623
0 0.243333 0.346721 0.033333 0.044262
0 0.450556 0.872131 0.034444 0.042623
0 0.348333 0.750820 0.036667 0.052459
0 0.348333 0.875410 0.032222 0.039344
0 0.296111 0.750820 0.036667 0.049180
0 0.348333 0.916393 0.032222 0.042623
0 0.813889 0.829508 0.032222 0.042623
0 0.296667 0.377869 0.035556 0.050820
0 0.863333 0.677869 0.033333 0.047541
0 0.399444 0.749180 0.036667 0.049180
0 0.194444 0.918852 0.040000 0.047541
0 0.400556 0.915574 0.038889 0.047541
0 0.712778 0.831148 0.036667 0.045902
0 0.400000 0.592623 0.031111 0.050820
0 0.759444 0.304098 0.032222 0.047541
0 0.812222 0.611475 0.033333 0.052459
0 0.812222 0.672951 0.033333 0.047541
0 0.400556 0.525410 0.032222 0.047541
0 0.811111 0.483607 0.033333 0.045902
0 0.462778 0.793443 0.023333 0.032787
0 0.711667 0.748361 0.034444 0.047541
0 0.192778 0.362295 0.036667 0.049180
0 0.400556 0.830328 0.038889 0.044262
0 0.347222 0.447541 0.034444 0.049180
0 0.810556 0.363115 0.036667 0.047541
0 0.707778 0.305738 0.033333 0.047541
0 0.861111 0.477869 0.037778 0.047541
0 0.861667 0.418852 0.034444 0.047541
0 0.567778 0.790164 0.022222 0.029508
0 0.201667 0.790164 0.027778 0.036066
0 0.876111 0.790164 0.021111 0.032787
0 0.671111 0.791803 0.020000 0.029508
0 0.620000 0.790984 0.020000 0.031148
0 0.348333 0.304918 0.032222 0.049180
0 0.192778 0.620492 0.036667 0.050820
0 0.191667 0.425410 0.036667 0.050820
0 0.400556 0.308197 0.036667 0.045902
0 0.911667 0.348361 0.036667 0.040984
0 0.347222 0.605738 0.036667 0.047541
0 0.709444 0.610656 0.036667 0.047541
0 0.710556 0.677869 0.036667 0.050820
0 0.812222 0.548361 0.033333 0.050820
0 0.192778 0.304918 0.034444 0.049180
0 0.861667 0.360656 0.036667 0.045902
0 0.810556 0.304918 0.034444 0.045902
0 0.860556 0.305738 0.032222 0.047541
0 0.295556 0.525410 0.033333 0.047541
0 0.297778 0.669672 0.037778 0.050820
0 0.911667 0.303279 0.032222 0.042623
0 0.245556 0.304918 0.033333 0.042623
0 0.398333 0.381967 0.034444 0.052459
0 0.295556 0.305738 0.033333 0.047541
0 0.707222 0.363934 0.032222 0.042623
0 0.815556 0.745082 0.037778 0.047541
0 0.348333 0.831148 0.034444 0.045902
0 0.863333 0.610656 0.035556 0.047541
0 0.191667 0.563934 0.036667 0.052459
0 0.308333 0.792623 0.021111 0.031148
0 0.825556 0.787705 0.022222 0.031148
0 0.359444 0.793443 0.021111 0.029508
0 0.411111 0.791803 0.020000 0.032787
0 0.556667 0.913934 0.033333 0.047541
0 0.722222 0.789344 0.020000 0.027869
0 0.193333 0.833607 0.037778 0.047541
0 0.712778 0.910656 0.036667 0.047541
0 0.609444 0.912295 0.036667 0.047541
0 0.557222 0.832787 0.036667 0.052459
0 0.192222 0.746721 0.035556 0.047541
0 0.608333 0.870492 0.034444 0.039344
0 0.865556 0.869672 0.033333 0.040984
0 0.192222 0.875410 0.033333 0.042623
0 0.661667 0.827869 0.036667 0.042623
0 0.707222 0.543443 0.030000 0.044262
0 0.451667 0.913115 0.036667 0.042623
0 0.866111 0.912295 0.036667 0.044262
0 0.400556 0.872131 0.034444 0.039344
0 0.815556 0.872131 0.033333 0.042623
0 0.660556 0.910656 0.036667 0.047541
0 0.297778 0.597541 0.033333 0.047541
0 0.297222 0.832787 0.034444 0.042623
0 0.296111 0.913934 0.038889 0.047541
0 0.864444 0.746721 0.037778 0.047541
0 0.707222 0.477869 0.032222 0.047541
0 0.707222 0.417213 0.036667 0.047541
0 0.590556 0.737705 0.023333 0.036066
0 0.512222 0.734426 0.020000 0.026230
0 0.502222 0.366393 0.042222 0.034426
0 0.502222 0.336885 0.040000 0.037705
0 0.502778 0.200000 0.043333 0.029508
0 0.502778 0.267213 0.041111 0.029508
0 0.564444 0.406557 0.020000 0.032787
0 0.602778 0.696721 0.032222 0.042623
0 0.501111 0.167213 0.042222 0.036066
0 0.615000 0.739344 0.021111 0.036066
0 0.502778 0.131148 0.043333 0.036066
0 0.461667 0.737705 0.021111 0.032787
0 0.436111 0.738525 0.023333 0.034426
0 0.563333 0.445082 0.024444 0.037705
0 0.501111 0.518852 0.028889 0.034426
0 0.501111 0.231967 0.042222 0.040984
0 0.502222 0.300000 0.040000 0.039344
0 0.603889 0.654918 0.032222 0.040984
0 0.654444 0.321311 0.031111 0.036066
0 0.654444 0.654918 0.033333 0.040984
0 0.450556 0.358197 0.034444 0.044262
0 0.655556 0.611475 0.035556 0.045902
0 0.602778 0.277869 0.032222 0.047541
0 0.603333 0.610656 0.035556 0.047541
0 0.551667 0.696721 0.036667 0.042623
0 0.501111 0.439344 0.040000 0.045902
0 0.551667 0.654918 0.036667 0.040984
0 0.654444 0.699180 0.037778 0.044262
0 0.450556 0.318033 0.036667 0.039344
0 0.448333 0.695082 0.034444 0.039344
0 0.654444 0.363115 0.033333 0.047541
0 0.449444 0.653279 0.032222 0.044262
0 0.602222 0.320492 0.033333 0.040984
0 0.452778 0.276230 0.034444 0.044262
0 0.654444 0.275410 0.033333 0.049180
0 0.551111 0.365574 0.037778 0.045902
0 0.552778 0.322131 0.034444 0.040984
0 0.603333 0.365574 0.033333 0.045902
0 0.450556 0.609016 0.036667 0.047541
0 0.552222 0.276230 0.035556 0.047541
0 0.551667 0.609016 0.036667 0.047541
0 0.502222 0.481967 0.037778 0.039344
