0 0.911667 0.333607 0.036667 0.044262
0 0.755556 0.290984 0.031111 0.037705
0 0.808333 0.495082 0.034444 0.039344
0 0.603333 0.498361 0.037778 0.042623
0 0.602222 0.580328 0.035556 0.042623
0 0.806667 0.159836 0.033333 0.047541
0 0.858333 0.248361 0.036667 0.044262
0 0.703333 0.334426 0.033333 0.042623
0 0.501667 0.452459 0.041111 0.049180
0 0.807222 0.331148 0.036667 0.039344
0 0.859444 0.203279 0.030000 0.045902
0 0.656667 0.868033 0.031111 0.037705
0 0.756667 0.204918 0.035556 0.032787
0 0.501667 0.313115 0.041111 0.039344
0 0.501111 0.377869 0.044444 0.034426
0 0.500556 0.245902 0.041111 0.042623
0 0.718333 0.864754 0.021111 0.031148
0 0.501111 0.145902 0.042222 0.036066
0 0.501667 0.346721 0.043333 0.034426
0 0.500556 0.281148 0.041111 0.031148
0 0.512778 0.740984 0.023333 0.032787
0 0.500556 0.211475 0.043333 0.026230
0 0.501667 0.179508 0.041111 0.040984
0 0.758333 0.744262 0.036667 0.042623
0 0.858889 0.332787 0.037778 0.042623
0 0.653333 0.332787 0.037778 0.039344
0 0.653333 0.416393 0.033333 0.042623
0 0.858333 0.373770 0.034444 0.042623
0 0.807778 0.413115 0.031111 0.042623
0 0.705556 0.416393 0.033333 0.042623
0 0.807222 0.370492 0.032222 0.039344
0 0.602778 0.377869 0.034444 0.037705
0 0.656667 0.913115 0.035556 0.045902
0 0.653333 0.663934 0.035556 0.042623
0 0.602222 0.540984 0.033333 0.039344
0 0.706111 0.825410 0.036667 0.044262
0 0.655556 0.786885 0.037778 0.042623
0 0.602222 0.335246 0.035556 0.047541
0 0.858333 0.413934 0.034444 0.037705
0 0.709444 0.908197 0.036667 0.052459
0 0.911667 0.290164 0.036667 0.042623
0 0.755556 0.157377 0.037778 0.052459
0 0.655556 0.458197 0.031111 0.037705
0 0.807778 0.249180 0.033333 0.042623
0 0.758333 0.788525 0.036667 0.042623
0 0.756667 0.375410 0.033333 0.039344
0 0.860556 0.579508 0.036667 0.047541
0 0.806667 0.290164 0.033333 0.039344
0 0.911667 0.244262 0.034444 0.042623
0 0.704444 0.373770 0.033333 0.042623
0 0.705556 0.496721 0.033333 0.042623
0 0.705556 0.248361 0.033333 0.044262
0 0.601111 0.290164 0.028889 0.042623
0 0.655556 0.745902 0.033333 0.039344
0 0.859444 0.496721 0.036667 0.042623
0 0.859444 0.454098 0.032222 0.042623
0 0.603333 0.416393 0.033333 0.042623
0 0.860556 0.538525 0.034444 0.040984
0 0.857222 0.290984 0.034444 0.040984
0 0.706667 0.621311 0.035556 0.042623
0 0.706111 0.663934 0.036667 0.042623
0 0.654444 0.498361 0.033333 0.042623
0 0.449444 0.293443 0.036667 0.042623
0 0.450556 0.250820 0.034444 0.042623
0 0.551667 0.293443 0.036667 0.042623
0 0.706667 0.745902 0.033333 0.042623
0 0.652222 0.373770 0.033333 0.042623
0 0.706667 0.580328 0.035556 0.042623
0 0.652222 0.293443 0.033333 0.045902
0 0.756667 0.414754 0.035556 0.042623
0 0.551667 0.335246 0.036667 0.044262
0 0.449444 0.204098 0.036667 0.047541
0 0.757778 0.622951 0.037778 0.042623
0 0.808333 0.455738 0.032222 0.042623
0 0.449444 0.332787 0.036667 0.039344
0 0.755556 0.249180 0.037778 0.042623
0 0.655556 0.621311 0.035556 0.042623
0 0.653333 0.578689 0.033333 0.042623
0 0.703333 0.293443 0.033333 0.042623
0 0.704444 0.454918 0.031111 0.040984
0 0.550556 0.246721 0.036667 0.047541
0 0.707778 0.784426 0.035556 0.037705
0 0.755556 0.333607 0.037778 0.044262
0 0.756667 0.496721 0.033333 0.042623
0 0.450556 0.375410 0.034444 0.042623
0 0.603333 0.458197 0.033333 0.040984
0 0.757222 0.578689 0.034444 0.042623
0 0.653889 0.540984 0.032222 0.039344
0 0.756667 0.456557 0.033333 0.037705
0 0.656667 0.830328 0.035556 0.040984
0 0.706667 0.704098 0.033333 0.037705
0 0.806667 0.208197 0.033333 0.042623
0 0.704444 0.538525 0.033333 0.040984
0 0.758333 0.537705 0.032222 0.039344
0 0.655556 0.703279 0.035556 0.042623
0 0.758889 0.662295 0.037778 0.042623
0 0.757222 0.702459 0.034444 0.040984
0 0.139444 0.318852 0.032222 0.040984
0 0.294444 0.695082 0.033333 0.039344
0 0.150556 0.737705 0.023333 0.036066
0 0.296667 0.363115 0.035556 0.047541
0 0.088333 0.359836 0.036667 0.047541
0 0.088333 0.316393 0.032222 0.036066
0 0.140556 0.362295 0.032222 0.042623
0 0.087222 0.607377 0.036667 0.044262
0 0.347778 0.321311 0.031111 0.042623
0 0.089444 0.272951 0.036667 0.044262
0 0.293333 0.653279 0.033333 0.044262
0 0.296667 0.320492 0.033333 0.037705
0 0.138333 0.652459 0.032222 0.042623
0 0.242222 0.653279 0.035556 0.044262
0 0.190556 0.695082 0.034444 0.039344
0 0.347222 0.277869 0.032222 0.044262
0 0.242222 0.695902 0.035556 0.044262
0 0.296667 0.608197 0.033333 0.049180
0 0.087222 0.651639 0.036667 0.044262
0 0.138333 0.608197 0.034444 0.045902
0 0.087778 0.695082 0.037778 0.042623
0 0.244444 0.320492 0.031111 0.040984
0 0.138333 0.696721 0.036667 0.045902
0 0.191111 0.361475 0.033333 0.044262
0 0.243333 0.362295 0.033333 0.042623
0 0.348333 0.234426 0.032222 0.045902
0 0.192778 0.276230 0.034444 0.044262
0 0.295556 0.274590 0.033333 0.047541
0 0.190556 0.607377 0.034444 0.044262
0 0.190556 0.651639 0.034444 0.044262
0 0.242222 0.607377 0.035556 0.044262
0 0.191111 0.318852 0.033333 0.044262
0 0.140556 0.274590 0.036667 0.047541
0 0.244444 0.275410 0.033333 0.045902
