0 0.810000 0.889844 0.036000 0.032813
0 0.810667 0.745313 0.034667 0.031250
0 0.182000 0.883594 0.036000 0.032813
0 0.810000 0.818750 0.036000 0.034375
0 0.402000 0.884375 0.036000 0.034375
0 0.878000 0.533594 0.030667 0.032813
0 0.291333 0.883594 0.036000 0.035937
0 0.700667 0.850000 0.033333 0.031250
0 0.880667 0.496875 0.028000 0.031250
0 0.124000 0.812500 0.034667 0.037500
0 0.699333 0.884375 0.036000 0.031250
0 0.880667 0.460938 0.028000 0.028125
0 0.124667 0.849219 0.036000 0.039062
0 0.876000 0.429688 0.032000 0.031250
0 0.592000 0.778125 0.034667 0.021875
0 0.868000 0.282813 0.037333 0.021875
0 0.180000 0.846094 0.037333 0.035937
0 0.704000 0.280469 0.034667 0.023438
0 0.704667 0.315625 0.033333 0.034375
0 0.814000 0.280469 0.036000 0.023438
0 0.700000 0.674219 0.034667 0.032813
0 0.702000 0.387500 0.033333 0.034375
0 0.702000 0.531250 0.033333 0.034375
0 0.757333 0.392969 0.032000 0.035937
0 0.702667 0.603125 0.034667 0.034375
0 0.757333 0.493750 0.032000 0.037500
0 0.538667 0.778125 0.032000 0.034375
0 0.702667 0.637500 0.034667 0.034375
0 0.645333 0.885938 0.040000 0.031250
0 0.812667 0.496094 0.036000 0.039062
0 0.292667 0.776563 0.033333 0.037500
0 0.702000 0.459375 0.033333 0.034375
0 0.812667 0.675000 0.036000 0.037500
0 0.755333 0.746875 0.036000 0.037500
0 0.756000 0.710938 0.034667 0.034375
0 0.756000 0.605469 0.034667 0.035937
0 0.702000 0.493750 0.033333 0.034375
0 0.757333 0.675000 0.032000 0.034375
0 0.537333 0.814063 0.032000 0.037500
0 0.758667 0.317188 0.032000 0.034375
0 0.811333 0.639062 0.036000 0.034375
0 0.812667 0.533594 0.036000 0.035937
0 0.402000 0.775000 0.036000 0.037500
0 0.757333 0.531250 0.032000 0.034375
0 0.867333 0.248438 0.036000 0.037500
0 0.757333 0.567187 0.032000 0.037500
0 0.814000 0.356250 0.036000 0.034375
0 0.810000 0.781250 0.036000 0.034375
0 0.590000 0.884375 0.036000 0.034375
0 0.591333 0.815625 0.036000 0.034375
0 0.234000 0.881250 0.033333 0.034375
0 0.235333 0.846094 0.036000 0.035937
0 0.811333 0.711719 0.036000 0.032813
0 0.646000 0.815625 0.036000 0.034375
0 0.402667 0.849219 0.034667 0.035937
0 0.124667 0.776563 0.036000 0.034375
0 0.498667 0.775000 0.024000 0.021875
0 0.234000 0.809375 0.033333 0.034375
0 0.123333 0.885938 0.036000 0.034375
0 0.180667 0.771875 0.033333 0.034375
0 0.808000 0.855469 0.034667 0.035937
0 0.812000 0.393750 0.034667 0.037500
0 0.868667 0.212500 0.036000 0.034375
0 0.291333 0.846875 0.036000 0.034375
0 0.700667 0.814844 0.036000 0.035937
0 0.456667 0.814844 0.033333 0.035937
0 0.700667 0.781250 0.036000 0.034375
0 0.292667 0.812500 0.033333 0.034375
0 0.401333 0.812500 0.032000 0.034375
0 0.234000 0.775000 0.033333 0.034375
0 0.646000 0.850000 0.036000 0.034375
0 0.591333 0.849219 0.036000 0.035937
0 0.757333 0.459375 0.032000 0.031250
0 0.702000 0.746094 0.036000 0.035937
0 0.810000 0.604688 0.030667 0.034375
0 0.180667 0.808594 0.033333 0.035937
0 0.867333 0.353125 0.036000 0.031250
0 0.757333 0.640625 0.032000 0.034375
0 0.812667 0.568750 0.036000 0.034375
0 0.646667 0.780469 0.034667 0.032813
0 0.456667 0.778125 0.033333 0.034375
0 0.868000 0.390625 0.034667 0.037500
0 0.758667 0.426563 0.032000 0.031250
0 0.701333 0.568750 0.032000 0.034375
0 0.758667 0.353125 0.032000 0.037500
0 0.702667 0.424219 0.034667 0.035937
0 0.704667 0.353125 0.033333 0.034375
0 0.702000 0.709375 0.036000 0.034375
0 0.812000 0.317969 0.037333 0.042188
0 0.868667 0.317969 0.036000 0.039062
