0 0.399333 0.523994 0.036000 0.035604
0 0.454000 0.621517 0.036000 0.026316
0 0.756000 0.398607 0.037333 0.032508
0 0.172000 0.660217 0.032000 0.032508
0 0.400000 0.887771 0.040000 0.038700
0 0.451333 0.592105 0.036000 0.032508
0 0.868000 0.433437 0.040000 0.034056
0 0.174667 0.484520 0.032000 0.037152
0 0.868667 0.396285 0.038667 0.037152
0 0.401333 0.816563 0.040000 0.035604
0 0.452667 0.418731 0.036000 0.032508
0 0.451333 0.447368 0.036000 0.030960
0 0.344667 0.523994 0.030667 0.038700
0 0.591333 0.885449 0.041333 0.043344
0 0.173333 0.440402 0.032000 0.032508
0 0.400000 0.756966 0.037333 0.034056
0 0.176000 0.816563 0.037333 0.038700
0 0.701333 0.364551 0.040000 0.038700
0 0.344667 0.683437 0.036000 0.035604
0 0.452667 0.477554 0.036000 0.032508
0 0.646000 0.535604 0.038667 0.049536
0 0.231333 0.886223 0.036000 0.047988
0 0.344667 0.717492 0.038667 0.035604
0 0.173333 0.537152 0.034667 0.037152
0 0.342000 0.601393 0.036000 0.038700
0 0.494667 0.277090 0.034667 0.034056
0 0.400667 0.722136 0.038667 0.032508
0 0.399333 0.688854 0.036000 0.034056
0 0.174667 0.579721 0.037333 0.038700
0 0.452667 0.360681 0.036000 0.037152
0 0.342000 0.561920 0.036000 0.037152
0 0.230000 0.817337 0.041333 0.040248
0 0.398000 0.589783 0.036000 0.034056
0 0.398667 0.321981 0.037333 0.037152
0 0.343333 0.643189 0.036000 0.041796
0 0.398000 0.558050 0.036000 0.035604
0 0.285333 0.319659 0.037333 0.041796
0 0.868667 0.359907 0.038667 0.038700
0 0.172000 0.324303 0.034667 0.041796
0 0.398667 0.452786 0.037333 0.032508
0 0.398667 0.385449 0.037333 0.034056
0 0.398000 0.624613 0.036000 0.035604
0 0.536000 0.361455 0.037333 0.038700
0 0.812667 0.363777 0.041333 0.040248
0 0.230000 0.540248 0.038667 0.046440
0 0.232000 0.745356 0.040000 0.044892
0 0.176000 0.885449 0.042667 0.046440
0 0.701333 0.322755 0.040000 0.044892
0 0.174000 0.623065 0.036000 0.035604
0 0.342000 0.483746 0.038667 0.038700
0 0.646000 0.431889 0.036000 0.043344
0 0.399333 0.488390 0.036000 0.038700
0 0.114667 0.361455 0.042667 0.038700
0 0.756000 0.363777 0.037333 0.037152
0 0.592667 0.321981 0.038667 0.043344
0 0.342000 0.325077 0.036000 0.040248
0 0.172000 0.397059 0.037333 0.038700
0 0.174000 0.744582 0.038667 0.040248
0 0.591333 0.465170 0.041333 0.044892
0 0.342000 0.444272 0.036000 0.037152
0 0.116000 0.321207 0.040000 0.041796
0 0.648000 0.321981 0.040000 0.043344
0 0.454000 0.697368 0.038667 0.023220
0 0.454000 0.722910 0.036000 0.027864
0 0.452667 0.506966 0.036000 0.026316
0 0.451333 0.323529 0.036000 0.037152
0 0.354000 0.785604 0.025333 0.026316
0 0.500667 0.554180 0.022667 0.027864
0 0.414000 0.787152 0.022667 0.026316
0 0.452000 0.645511 0.037333 0.027864
0 0.189333 0.783282 0.024000 0.027864
0 0.467333 0.783282 0.020000 0.027864
0 0.772000 0.522446 0.024000 0.026316
0 0.455333 0.815789 0.036000 0.034056
0 0.772000 0.492260 0.024000 0.030960
0 0.494667 0.309598 0.034667 0.030960
0 0.646000 0.889319 0.038667 0.035604
0 0.770000 0.461300 0.025333 0.030960
0 0.755333 0.890093 0.036000 0.040248
0 0.245333 0.784830 0.024000 0.027864
0 0.746000 0.524768 0.028000 0.027864
0 0.345333 0.815015 0.037333 0.038700
0 0.502000 0.520124 0.025333 0.030960
0 0.867333 0.539474 0.036000 0.038700
0 0.344667 0.851393 0.036000 0.034056
0 0.344667 0.887771 0.038667 0.038700
0 0.868000 0.465944 0.037333 0.034056
0 0.452667 0.390867 0.038667 0.026316
0 0.400667 0.659443 0.033333 0.030960
0 0.454667 0.753096 0.034667 0.032508
0 0.453333 0.674149 0.040000 0.029412
0 0.744667 0.495356 0.025333 0.030960
0 0.451333 0.534056 0.036000 0.030960
0 0.868667 0.501548 0.038667 0.037152
0 0.496000 0.239164 0.032000 0.032508
0 0.174667 0.696594 0.032000 0.034056
0 0.398000 0.420279 0.036000 0.035604
0 0.398000 0.353715 0.036000 0.029412
0 0.495333 0.209752 0.028000 0.026316
0 0.758000 0.431115 0.036000 0.032508
0 0.454000 0.850619 0.036000 0.035604
0 0.401333 0.852167 0.040000 0.035604
0 0.746000 0.463622 0.028000 0.029412
0 0.451333 0.561146 0.036000 0.029412
0 0.453333 0.890093 0.040000 0.037152
0 0.345333 0.753096 0.040000 0.035604
0 0.230000 0.645511 0.038667 0.049536
0 0.868000 0.321207 0.040000 0.038700
0 0.538000 0.320433 0.036000 0.040248
0 0.757333 0.321207 0.040000 0.041796
0 0.342000 0.404799 0.041333 0.038700
0 0.229333 0.431115 0.040000 0.041796
0 0.812000 0.321207 0.040000 0.041796
0 0.344667 0.364551 0.038667 0.038700
0 0.284000 0.361455 0.040000 0.041796
0 0.229333 0.319659 0.040000 0.044892
