0 0.381235 0.457597 0.023753 0.035336
0 0.356295 0.415194 0.023753 0.038869
0 0.311164 0.191696 0.035629 0.054770
0 0.090855 0.285336 0.039192 0.051237
0 0.752969 0.726148 0.038005 0.049470
0 0.144299 0.629859 0.039192 0.054770
0 0.464371 0.503534 0.023753 0.035336
0 0.090855 0.330389 0.039192 0.042403
0 0.961401 0.419611 0.024941 0.040636
0 0.861639 0.416961 0.032067 0.045936
0 0.461995 0.460247 0.021378 0.037102
0 0.492280 0.457597 0.024941 0.035336
0 0.478029 0.373675 0.039192 0.040636
0 0.421615 0.630742 0.035629 0.042403
0 0.492280 0.544170 0.024941 0.035336
0 0.380641 0.330389 0.022565 0.035336
0 0.355107 0.458481 0.021378 0.033569
0 0.642518 0.333039 0.038005 0.040636
0 0.356295 0.330389 0.021378 0.038869
0 0.492280 0.500883 0.024941 0.037102
0 0.381235 0.287102 0.023753 0.040636
0 0.356295 0.285336 0.023753 0.037102
0 0.960214 0.460247 0.022565 0.033569
0 0.533848 0.239399 0.048694 0.044170
0 0.807007 0.335689 0.036817 0.042403
0 0.380641 0.414311 0.022565 0.033569
0 0.491093 0.416961 0.024941 0.038869
0 0.973872 0.289753 0.035629 0.045936
0 0.534442 0.309187 0.045131 0.042403
0 0.381235 0.371908 0.021378 0.033569
0 0.766627 0.810071 0.022565 0.040636
0 0.435273 0.941696 0.022565 0.035336
0 0.973278 0.333039 0.036817 0.044170
0 0.435867 0.766784 0.021378 0.038869
0 0.087886 0.630742 0.042755 0.053004
0 0.409739 0.766784 0.023753 0.035336
0 0.435867 0.853357 0.021378 0.035336
0 0.143112 0.726148 0.039192 0.045936
0 0.751781 0.285336 0.038005 0.051237
0 0.086698 0.726148 0.040380 0.049470
0 0.462589 0.416961 0.022565 0.031802
0 0.644893 0.242049 0.038005 0.035336
0 0.464964 0.766784 0.022565 0.035336
0 0.309976 0.284452 0.038005 0.045936
0 0.409739 0.850707 0.023753 0.033569
0 0.309976 0.242049 0.038005 0.035336
0 0.988124 0.419611 0.023753 0.037102
0 0.491093 0.765018 0.022565 0.038869
0 0.533254 0.134276 0.054632 0.038869
0 0.988124 0.460247 0.021378 0.033569
0 0.086698 0.678445 0.040380 0.049470
0 0.862827 0.333039 0.039192 0.033569
0 0.535036 0.172261 0.051069 0.037102
0 0.972090 0.373675 0.036817 0.040636
0 0.378860 0.503534 0.028504 0.035336
0 0.408551 0.941696 0.023753 0.035336
0 0.766627 0.769435 0.022565 0.033569
0 0.489905 0.810071 0.024941 0.037102
0 0.213183 0.812721 0.024941 0.035336
0 0.436461 0.805654 0.022565 0.031802
0 0.807007 0.373675 0.034442 0.044170
0 0.741093 0.810071 0.023753 0.037102
0 0.917458 0.287986 0.034442 0.045936
0 0.739905 0.766784 0.021378 0.035336
0 0.409739 0.805654 0.026128 0.035336
0 0.213183 0.766784 0.024941 0.038869
0 0.587886 0.327739 0.038005 0.033569
0 0.143705 0.681095 0.035629 0.047703
0 0.534442 0.378975 0.049881 0.033569
0 0.532067 0.541519 0.033254 0.044170
0 0.917458 0.246466 0.036817 0.033569
0 0.533254 0.274735 0.049881 0.033569
0 0.534442 0.347173 0.049881 0.037102
0 0.917458 0.369258 0.036817 0.056537
0 0.436461 0.898410 0.024941 0.033569
0 0.545724 0.750883 0.024941 0.028269
0 0.917458 0.328622 0.034442 0.035336
0 0.533254 0.205830 0.049881 0.030035
0 0.409739 0.896643 0.023753 0.037102
0 0.545724 0.773852 0.022565 0.024735
0 0.201306 0.376325 0.039192 0.049470
0 0.421615 0.289753 0.038005 0.049470
0 0.589074 0.239399 0.040380 0.051237
0 0.090261 0.376325 0.040380 0.049470
0 0.864014 0.242049 0.036817 0.049470
0 0.366983 0.680212 0.035629 0.045936
0 0.200119 0.285336 0.039192 0.051237
0 0.255938 0.287102 0.039192 0.047703
0 0.475653 0.287102 0.039192 0.051237
0 0.145487 0.376325 0.039192 0.049470
0 0.478029 0.629859 0.039192 0.047703
0 0.366983 0.632509 0.035629 0.053004
0 0.422803 0.373675 0.035629 0.044170
0 0.368171 0.726148 0.035629 0.045936
0 0.255938 0.242049 0.036817 0.049470
0 0.808195 0.723498 0.039192 0.047703
0 0.698337 0.331272 0.035629 0.047703
0 0.533848 0.453180 0.041568 0.047703
0 0.751781 0.632509 0.035629 0.049470
0 0.752969 0.678445 0.035629 0.045936
0 0.475653 0.678445 0.036817 0.042403
0 0.751781 0.333039 0.038005 0.044170
0 0.145487 0.333039 0.039192 0.044170
0 0.588480 0.368375 0.039192 0.047703
0 0.750594 0.378975 0.040380 0.051237
0 0.644893 0.194346 0.038005 0.056537
0 0.311164 0.330389 0.035629 0.042403
0 0.808195 0.632509 0.039192 0.049470
0 0.917458 0.196113 0.039192 0.056537
0 0.808195 0.681095 0.039192 0.044170
0 0.145487 0.285336 0.036817 0.051237
0 0.198931 0.330389 0.039192 0.042403
0 0.309976 0.373675 0.038005 0.044170
0 0.588480 0.416961 0.036817 0.042403
0 0.422803 0.724382 0.038005 0.045936
0 0.589074 0.289753 0.035629 0.045936
0 0.642518 0.373675 0.038005 0.044170
0 0.475653 0.721731 0.039192 0.047703
0 0.642518 0.284452 0.038005 0.045936
0 0.807007 0.287102 0.039192 0.051237
0 0.532660 0.498233 0.041568 0.042403
0 0.476841 0.333039 0.036817 0.044170
0 0.862827 0.289753 0.034442 0.045936
0 0.201306 0.630742 0.036817 0.049470
0 0.422803 0.333039 0.035629 0.037102
0 0.199525 0.724382 0.040380 0.045936
0 0.695962 0.376325 0.038005 0.042403
0 0.698337 0.285336 0.040380 0.047703
0 0.420428 0.678445 0.033254 0.045936
0 0.356295 0.371908 0.023753 0.033569
0 0.861639 0.371025 0.036817 0.042403
0 0.198931 0.678445 0.039192 0.045936
