0 0.092840 0.232308 0.040049 0.083077
0 0.489078 0.493846 0.046117 0.058462
0 0.490898 0.546154 0.047330 0.064615
0 0.489684 0.366154 0.047330 0.055385
0 0.881675 0.306154 0.040049 0.046154
0 0.490898 0.118462 0.047330 0.058462
0 0.489684 0.836923 0.035194 0.061538
0 0.489684 0.181538 0.049757 0.061538
0 0.489684 0.244615 0.049757 0.052308
0 0.938107 0.849231 0.031553 0.073846
0 0.489684 0.303077 0.047330 0.076923
0 0.599515 0.466154 0.036408 0.076923
0 0.937500 0.466154 0.037621 0.070769
0 0.489078 0.427692 0.046117 0.080000
0 0.545510 0.307692 0.035194 0.061538
0 0.206311 0.310769 0.036408 0.073846
0 0.035801 0.312308 0.037621 0.070769
0 0.264563 0.312308 0.036408 0.070769
0 0.768204 0.470769 0.036408 0.073846
0 0.655340 0.544615 0.036408 0.073846
0 0.655340 0.464615 0.036408 0.080000
0 0.823422 0.307692 0.037621 0.086154
0 0.263350 0.227692 0.036408 0.098462
0 0.319782 0.143077 0.037621 0.083077
0 0.206311 0.390769 0.038835 0.086154
0 0.599515 0.544615 0.036408 0.080000
0 0.599515 0.624615 0.036408 0.080000
0 0.600121 0.307692 0.037621 0.086154
0 0.937500 0.778462 0.040049 0.073846
0 0.487864 0.687692 0.043689 0.076923
0 0.435073 0.390769 0.037621 0.080000
0 0.319782 0.390769 0.035194 0.080000
0 0.376820 0.390769 0.040049 0.080000
0 0.035801 0.390769 0.040049 0.086154
0 0.433859 0.303077 0.035194 0.089231
0 0.377427 0.144615 0.041262 0.086154
0 0.656553 0.144615 0.036408 0.080000
0 0.937500 0.624615 0.040049 0.073846
0 0.376214 0.227692 0.038835 0.073846
0 0.937500 0.310769 0.037621 0.073846
0 0.711165 0.544615 0.041262 0.080000
0 0.095267 0.144615 0.040049 0.086154
0 0.149879 0.310769 0.037621 0.073846
0 0.654126 0.624615 0.038835 0.073846
0 0.937500 0.698462 0.040049 0.080000
0 0.319782 0.227692 0.037621 0.080000
0 0.264563 0.390769 0.038835 0.086154
0 0.712379 0.383077 0.036408 0.083077
0 0.712379 0.461538 0.038835 0.086154
0 0.766990 0.306154 0.041262 0.083077
0 0.151092 0.144615 0.040049 0.086154
0 0.880461 0.387692 0.040049 0.092308
0 0.037015 0.227692 0.040049 0.098462
0 0.092840 0.398462 0.037621 0.083077
0 0.655340 0.390769 0.038835 0.073846
0 0.488471 0.766154 0.042476 0.080000
0 0.655340 0.310769 0.038835 0.080000
0 0.655340 0.227692 0.036408 0.080000
0 0.149879 0.390769 0.040049 0.086154
0 0.937500 0.227692 0.040049 0.086154
0 0.599515 0.390769 0.038835 0.073846
0 0.544296 0.390769 0.040049 0.086154
0 0.823422 0.390769 0.037621 0.086154
0 0.768204 0.390769 0.036408 0.086154
0 0.544296 0.227692 0.037621 0.098462
0 0.768204 0.549231 0.038835 0.076923
0 0.937500 0.544615 0.040049 0.080000
0 0.768204 0.227692 0.038835 0.080000
0 0.880461 0.227692 0.040049 0.098462
0 0.936893 0.144615 0.041262 0.086154
0 0.767597 0.144615 0.040049 0.086154
0 0.149879 0.230769 0.040049 0.080000
0 0.937500 0.390769 0.040049 0.086154
0 0.094053 0.315385 0.042476 0.083077
0 0.320995 0.312308 0.040049 0.083077
0 0.377427 0.312308 0.041262 0.083077
