0 0.763520 0.201168 0.040182 0.050109
0 0.918852 0.213954 0.037870 0.046681
0 0.304498 0.131907 0.039072 0.050041
0 0.456795 0.273942 0.033293 0.041472
0 0.749013 0.843331 0.037779 0.043389
0 0.750248 0.798888 0.037870 0.046681
0 0.661995 0.152921 0.036898 0.051552
0 0.199200 0.219459 0.037870 0.046681
0 0.799097 0.881840 0.037825 0.045035
0 0.402068 0.402507 0.037825 0.045035
0 0.763881 0.248182 0.034586 0.048124
0 0.709269 0.372631 0.036760 0.046613
0 0.703302 0.667410 0.036669 0.043321
0 0.398740 0.482273 0.033430 0.046410
0 0.603543 0.495607 0.034494 0.044832
0 0.712383 0.200517 0.033567 0.051348
0 0.661756 0.201547 0.034449 0.043186
0 0.710412 0.331480 0.034449 0.043186
0 0.403392 0.274802 0.035559 0.043254
0 0.708001 0.458294 0.034449 0.043186
0 0.604709 0.453633 0.034449 0.043186
0 0.706857 0.499445 0.036852 0.049906
0 0.405862 0.185916 0.037962 0.049973
0 0.861838 0.424821 0.037870 0.046681
0 0.811845 0.383019 0.033384 0.044764
0 0.862483 0.341594 0.034494 0.044832
0 0.813691 0.296568 0.034449 0.043186
0 0.704423 0.627082 0.036715 0.044967
0 0.705668 0.542242 0.034540 0.046478
0 0.455504 0.360428 0.035559 0.043254
0 0.759091 0.460590 0.034494 0.044832
0 0.802550 0.757564 0.037779 0.043389
0 0.304305 0.178888 0.034494 0.044832
0 0.753769 0.672142 0.037870 0.046681
0 0.754959 0.629344 0.037779 0.043389
0 0.304203 0.222576 0.034631 0.049770
0 0.557197 0.282549 0.034631 0.049770
0 0.408877 0.137459 0.039209 0.054979
0 0.611799 0.198495 0.034449 0.043186
0 0.201705 0.169323 0.038099 0.054911
0 0.609375 0.285736 0.034540 0.046478
0 0.758526 0.500952 0.033338 0.043118
0 0.800182 0.802762 0.037825 0.045035
0 0.252750 0.173265 0.033430 0.046410
0 0.250915 0.219321 0.034540 0.046478
0 0.562057 0.147640 0.036852 0.049906
0 0.708034 0.417075 0.032320 0.046342
0 0.502734 0.441633 0.043467 0.048666
0 0.608185 0.328533 0.036669 0.043321
0 0.751391 0.757736 0.037779 0.043389
0 0.659378 0.287142 0.034357 0.039894
0 0.352801 0.314582 0.034631 0.049770
0 0.456739 0.315985 0.035650 0.046546
0 0.356551 0.179606 0.034540 0.046478
0 0.702090 0.711030 0.036715 0.044967
0 0.859539 0.467551 0.037870 0.046681
0 0.249748 0.261295 0.034494 0.044832
0 0.761480 0.334600 0.034540 0.046478
0 0.809569 0.424926 0.035559 0.043254
0 0.813012 0.341045 0.033338 0.043118
0 0.864215 0.259257 0.035513 0.041607
0 0.814881 0.253771 0.034540 0.046478
0 0.459173 0.188348 0.035787 0.051484
0 0.757337 0.543750 0.033338 0.043118
0 0.457938 0.232791 0.035513 0.041607
0 0.861917 0.381956 0.033338 0.043118
0 0.751493 0.714048 0.037733 0.041743
0 0.761355 0.379111 0.036760 0.046613
0 0.804860 0.674438 0.037916 0.048327
0 0.865495 0.213168 0.035879 0.054776
0 0.352370 0.270037 0.033338 0.043118
0 0.405715 0.231250 0.037825 0.045035
0 0.612015 0.150692 0.036943 0.053198
0 0.355248 0.226518 0.032274 0.044696
0 0.656966 0.413955 0.034540 0.046478
0 0.559055 0.235670 0.037916 0.048327
0 0.605853 0.412482 0.034540 0.046478
0 0.815606 0.207647 0.035742 0.049838
0 0.607111 0.367216 0.034494 0.044832
0 0.660567 0.244344 0.034631 0.049770
0 0.610655 0.239647 0.039072 0.050041
0 0.559644 0.194485 0.034494 0.044832
0 0.505948 0.365983 0.045322 0.035634
0 0.506771 0.336354 0.043010 0.032206
0 0.506393 0.750190 0.027376 0.027964
0 0.508143 0.727213 0.029596 0.028100
0 0.909305 0.597552 0.035650 0.046546
0 0.501568 0.483607 0.040835 0.033716
0 0.389318 0.821359 0.033338 0.043118
0 0.660455 0.328429 0.034631 0.049770
0 0.388197 0.861687 0.033384 0.044764
0 0.094880 0.251835 0.035421 0.038315
0 0.392817 0.695436 0.035330 0.035023
0 0.908162 0.638703 0.037779 0.043389
0 0.391526 0.781922 0.037870 0.046681
0 0.091368 0.338185 0.040091 0.046817
0 0.092649 0.292095 0.037870 0.046681
0 0.510567 0.199731 0.045139 0.029049
0 0.906927 0.683146 0.037870 0.046681
0 0.192202 0.471305 0.037779 0.043389
0 0.852508 0.760615 0.037779 0.043389
0 0.803625 0.718881 0.037825 0.045035
0 0.915147 0.347284 0.037870 0.046681
0 0.858441 0.507056 0.035559 0.043254
0 0.452117 0.402267 0.033293 0.041472
0 0.698670 0.794088 0.034631 0.049770
0 0.916382 0.302841 0.037779 0.043389
0 0.234505 0.769857 0.036715 0.044967
0 0.245093 0.388796 0.034540 0.046478
0 0.761559 0.291735 0.034449 0.043186
0 0.148076 0.258382 0.035604 0.044900
0 0.756148 0.586547 0.037962 0.049973
0 0.710446 0.290261 0.034449 0.043186
0 0.508865 0.301031 0.043330 0.043728
0 0.808346 0.508942 0.033430 0.046410
0 0.245060 0.430015 0.034540 0.046478
0 0.858362 0.549921 0.037870 0.046681
0 0.851319 0.803413 0.037870 0.046681
0 0.917617 0.258397 0.033430 0.046410
0 0.247472 0.303202 0.034449 0.043186
0 0.300816 0.264415 0.032182 0.041404
0 0.510208 0.232686 0.044394 0.042150
0 0.459412 0.139722 0.033521 0.049702
0 0.397426 0.569581 0.040091 0.046817
0 0.602400 0.536759 0.036623 0.041675
0 0.253453 0.127965 0.036806 0.048259
0 0.391696 0.735764 0.037870 0.046681
0 0.808448 0.465254 0.035604 0.044900
0 0.237383 0.726338 0.040091 0.046817
0 0.239137 0.643179 0.038935 0.045103
0 0.196868 0.303408 0.035559 0.043254
0 0.246374 0.342707 0.034540 0.046478
0 0.242705 0.514787 0.034494 0.044832
0 0.397596 0.523424 0.037779 0.043389
0 0.241561 0.555938 0.036715 0.044967
0 0.710410 0.251511 0.034494 0.044832
0 0.658133 0.371981 0.034311 0.038248
0 0.704479 0.585040 0.034449 0.043186
0 0.759680 0.419405 0.033201 0.038180
0 0.910426 0.557223 0.037733 0.041743
0 0.099672 0.119396 0.037870 0.046681
0 0.090146 0.422201 0.035467 0.039961
0 0.096023 0.210684 0.040045 0.045171
0 0.097258 0.166240 0.038008 0.051619
0 0.904039 0.767061 0.038981 0.046749
0 0.093487 0.382008 0.039954 0.041879
0 0.914072 0.385966 0.037642 0.038451
0 0.747846 0.885305 0.037825 0.045035
0 0.906939 0.722719 0.037870 0.046681
0 0.386939 0.906954 0.037962 0.049973
0 0.232048 0.898316 0.038935 0.045103
0 0.903983 0.809103 0.038843 0.041811
0 0.911717 0.470738 0.035467 0.039961
0 0.850152 0.845387 0.033201 0.038180
0 0.512465 0.131420 0.047679 0.040707
0 0.511991 0.168490 0.044303 0.038858
0 0.395218 0.609018 0.037779 0.043389
0 0.858238 0.594432 0.037779 0.043389
0 0.403280 0.358887 0.037870 0.046681
0 0.150184 0.122481 0.039072 0.050041
0 0.901651 0.893051 0.038843 0.041811
0 0.598901 0.662682 0.034540 0.046478
0 0.088911 0.466644 0.037870 0.046681
0 0.694502 0.924092 0.037870 0.046681
0 0.509224 0.268076 0.044166 0.033920
0 0.903973 0.849499 0.038981 0.046749
0 0.901016 0.935883 0.040137 0.048463
0 0.601348 0.574618 0.036623 0.041675
0 0.597734 0.704656 0.036715 0.044967
0 0.232173 0.853805 0.038935 0.045103
0 0.596614 0.744984 0.036760 0.046613
0 0.912906 0.427941 0.038053 0.053265
0 0.234426 0.812722 0.034403 0.041540
0 0.193300 0.431800 0.037779 0.043389
0 0.746680 0.927279 0.037870 0.046681
0 0.190990 0.514925 0.035604 0.044900
0 0.796661 0.929508 0.038008 0.051619
0 0.399883 0.441121 0.035467 0.039961
0 0.848816 0.933518 0.037962 0.049973
0 0.911684 0.511957 0.037962 0.049973
0 0.402249 0.315954 0.033338 0.043118
0 0.696315 0.878860 0.034494 0.044832
0 0.148155 0.215517 0.037825 0.045035
0 0.393937 0.655108 0.037962 0.049973
0 0.699860 0.751291 0.034449 0.043186
0 0.854739 0.720355 0.035421 0.038315
0 0.855984 0.635515 0.037870 0.046681
0 0.148858 0.170217 0.038981 0.046749
0 0.195816 0.341267 0.037779 0.043389
0 0.806151 0.587953 0.037870 0.046681
0 0.195668 0.386601 0.037916 0.048327
0 0.236907 0.683439 0.036669 0.043321
0 0.698036 0.836919 0.035559 0.043254
0 0.800195 0.842335 0.033201 0.038180
0 0.854795 0.678313 0.033430 0.046410
0 0.919022 0.167797 0.037962 0.049973
0 0.850165 0.884960 0.037825 0.045035
0 0.807249 0.548447 0.035559 0.043254
0 0.240395 0.597912 0.034449 0.043186
0 0.243848 0.473636 0.034494 0.044832
0 0.601246 0.618306 0.039072 0.050041
0 0.198034 0.261434 0.035513 0.041607
0 0.804916 0.632396 0.035559 0.043254
0 0.863094 0.299586 0.033247 0.039826
