0 0.711054 0.348361 0.024626 0.034227
0 0.329156 0.644656 0.037415 0.045833
0 0.505167 0.680705 0.023249 0.029429
0 0.500878 0.397131 0.036991 0.030019
0 0.820324 0.354632 0.023122 0.024685
0 0.834553 0.383740 0.035700 0.028384
0 0.667266 0.348857 0.031994 0.029805
0 0.273997 0.649414 0.034620 0.034656
0 0.503802 0.708352 0.021873 0.024632
0 0.180851 0.484725 0.022000 0.029376
0 0.658173 0.665105 0.035911 0.036291
0 0.707825 0.445589 0.023249 0.029429
0 0.155166 0.416337 0.021958 0.027794
0 0.730874 0.542360 0.024456 0.027902
0 0.153027 0.449492 0.021873 0.024632
0 0.157952 0.802754 0.038368 0.034817
0 0.108732 0.609077 0.034620 0.034656
0 0.659845 0.602641 0.035869 0.034709
0 0.218668 0.613794 0.034620 0.034656
0 0.322857 0.809829 0.035869 0.034709
0 0.279967 0.426441 0.034620 0.034656
0 0.161160 0.706318 0.037118 0.034763
0 0.152138 0.482701 0.024541 0.031064
0 0.845246 0.451484 0.025917 0.035862
0 0.183232 0.419125 0.025960 0.037443
0 0.543070 0.853315 0.033243 0.029858
0 0.328785 0.588437 0.035869 0.034709
0 0.109801 0.545795 0.033371 0.034602
0 0.160069 0.770390 0.035827 0.033128
0 0.160270 0.739526 0.034620 0.034656
0 0.335020 0.425637 0.032037 0.031386
0 0.271573 0.716596 0.035911 0.036291
0 0.182343 0.452333 0.023122 0.024685
0 0.110626 0.514959 0.033328 0.033021
0 0.733796 0.479950 0.024499 0.029483
0 0.777944 0.419308 0.034535 0.031493
0 0.157666 0.836781 0.037161 0.036344
0 0.553984 0.469069 0.032079 0.032967
0 0.545833 0.726779 0.034493 0.029912
0 0.735310 0.446768 0.025917 0.035862
0 0.778230 0.385282 0.036081 0.042616
0 0.445762 0.400307 0.037288 0.041089
0 0.717577 0.571870 0.037203 0.037926
0 0.544785 0.789270 0.033201 0.028277
0 0.277405 0.522114 0.034577 0.033075
0 0.732367 0.509969 0.023249 0.029429
0 0.279163 0.456487 0.034620 0.034656
0 0.109557 0.578240 0.034577 0.033075
0 0.275955 0.552924 0.035869 0.034709
0 0.542827 0.885760 0.032121 0.034549
0 0.881593 0.612154 0.034620 0.034656
0 0.662788 0.539439 0.033286 0.031440
0 0.887002 0.386782 0.035996 0.039454
0 0.887881 0.424024 0.037118 0.034763
0 0.220140 0.582193 0.033371 0.034602
0 0.611895 0.408226 0.032079 0.032967
0 0.882662 0.548872 0.033371 0.034602
0 0.826264 0.576533 0.034704 0.037819
0 0.552248 0.533905 0.032079 0.032967
0 0.112405 0.448541 0.033243 0.029858
0 0.221008 0.549775 0.033243 0.029858
0 0.666239 0.410558 0.033328 0.033021
0 0.269032 0.811478 0.035911 0.036291
0 0.774133 0.514927 0.034662 0.036237
0 0.215557 0.776728 0.034620 0.034656
0 0.882461 0.579736 0.034577 0.033075
0 0.390529 0.431184 0.033540 0.040928
0 0.336471 0.394827 0.033413 0.036184
0 0.556366 0.403469 0.036123 0.044198
0 0.775668 0.480955 0.033286 0.031440
0 0.550533 0.597951 0.032121 0.034549
0 0.547590 0.661152 0.034620 0.034656
0 0.824200 0.676977 0.035911 0.036291
0 0.223041 0.520573 0.033286 0.031440
0 0.218425 0.646239 0.035911 0.036291
0 0.110912 0.480932 0.032121 0.034549
0 0.113209 0.418495 0.033328 0.033021
0 0.712855 0.701489 0.037288 0.041089
0 0.776515 0.449327 0.035869 0.034709
0 0.664302 0.506257 0.032121 0.034549
0 0.275066 0.586133 0.035869 0.034709
0 0.164526 0.580599 0.034577 0.033075
0 0.545028 0.756825 0.034662 0.036237
0 0.113452 0.386050 0.034620 0.034656
0 0.163075 0.611409 0.035869 0.034709
0 0.611006 0.441435 0.034662 0.036237
0 0.218139 0.680265 0.037118 0.034763
0 0.225306 0.389266 0.033455 0.037765
0 0.333242 0.492054 0.037118 0.034763
0 0.549040 0.630342 0.033413 0.036184
0 0.546701 0.694361 0.034620 0.034656
0 0.553137 0.500697 0.031994 0.029805
0 0.665170 0.473839 0.034577 0.033075
0 0.329696 0.554438 0.035911 0.036291
0 0.334777 0.458081 0.033413 0.036184
0 0.277649 0.489669 0.035869 0.034709
0 0.224819 0.454156 0.030872 0.034495
0 0.225020 0.423292 0.032079 0.032967
0 0.114363 0.352051 0.037161 0.036344
0 0.280232 0.393205 0.036038 0.041035
0 0.551401 0.565533 0.032079 0.032967
0 0.223930 0.487364 0.033371 0.034602
0 0.542710 0.820053 0.035996 0.039454
0 0.664746 0.442949 0.034620 0.034656
0 0.165415 0.547390 0.037161 0.036344
0 0.157643 0.323827 0.024499 0.029483
0 0.186503 0.320316 0.022000 0.029376
0 0.488874 0.798745 0.029496 0.029697
0 0.105302 0.737168 0.032121 0.034549
0 0.329728 0.623308 0.034789 0.040981
0 0.665921 0.375714 0.033498 0.039346
0 0.613589 0.344971 0.034493 0.029912
0 0.499396 0.452478 0.037161 0.036344
0 0.703008 0.508710 0.024583 0.032646
0 0.103852 0.767978 0.035827 0.033128
0 0.714549 0.638234 0.034620 0.034656
0 0.722615 0.383687 0.032121 0.034549
0 0.705793 0.474790 0.023122 0.024685
0 0.657887 0.699131 0.034620 0.034656
0 0.169713 0.386881 0.034535 0.031493
0 0.107239 0.641468 0.033413 0.036184
0 0.326647 0.715001 0.035869 0.034709
0 0.332459 0.521309 0.031994 0.029805
0 0.324530 0.747365 0.035911 0.036291
0 0.267984 0.873969 0.034450 0.028330
0 0.268186 0.843105 0.033328 0.033021
0 0.216668 0.711865 0.033201 0.028277
0 0.215863 0.741911 0.035869 0.034709
0 0.322371 0.874719 0.035784 0.031547
0 0.106170 0.704750 0.034577 0.033075
0 0.106996 0.673913 0.034535 0.031493
0 0.825979 0.610560 0.035827 0.033128
0 0.814173 0.514270 0.022127 0.034120
0 0.171205 0.354489 0.033413 0.036184
0 0.269922 0.778269 0.035827 0.033128
0 0.101470 0.833578 0.037118 0.034763
0 0.832436 0.416105 0.035911 0.036291
0 0.715417 0.605816 0.034577 0.033075
0 0.323821 0.843909 0.034662 0.036237
0 0.885605 0.485671 0.033286 0.031440
0 0.270790 0.745851 0.035784 0.031547
0 0.656193 0.762386 0.034620 0.034656
0 0.659602 0.635085 0.034577 0.033075
0 0.713744 0.668280 0.034620 0.034656
0 0.661359 0.569459 0.034535 0.031493
0 0.272483 0.682596 0.038368 0.034817
0 0.324975 0.777465 0.033328 0.033021
0 0.162832 0.643853 0.034662 0.036237
0 0.390836 0.396367 0.029623 0.034442
0 0.180025 0.515561 0.024456 0.027902
0 0.886992 0.457233 0.034535 0.031493
0 0.162028 0.673899 0.037076 0.033182
0 0.507571 0.661018 0.021534 0.011981
0 0.505453 0.646679 0.021619 0.015143
0 0.508396 0.630182 0.021661 0.016725
0 0.506946 0.614287 0.017913 0.016564
0 0.506766 0.597656 0.019205 0.018199
0 0.496856 0.547361 0.028988 0.010721
0 0.503588 0.342627 0.037203 0.037926
0 0.736580 0.352623 0.025790 0.031118
0 0.847829 0.355021 0.023249 0.029429
0 0.508502 0.579524 0.021746 0.019888
0 0.500762 0.424831 0.035615 0.025221
0 0.499142 0.508671 0.031867 0.025060
0 0.497925 0.530783 0.035615 0.025221
0 0.502244 0.369483 0.035530 0.022059
0 0.555434 0.438259 0.033371 0.034602
0 0.884779 0.516508 0.033243 0.029858
0 0.328097 0.684191 0.037161 0.036344
0 0.817138 0.450278 0.022000 0.029376
0 0.612827 0.373436 0.032164 0.036130
0 0.844378 0.483902 0.023207 0.027848
0 0.841414 0.547894 0.025748 0.029537
0 0.815730 0.479507 0.020708 0.027741
0 0.274801 0.619368 0.032037 0.031386
0 0.501092 0.856264 0.021831 0.023050
0 0.655770 0.731495 0.034662 0.036237
0 0.099331 0.866733 0.039617 0.034870
0 0.842928 0.514712 0.024499 0.029483
0 0.103608 0.800423 0.034620 0.034656
0 0.501060 0.880802 0.023207 0.027848
0 0.721186 0.413707 0.033286 0.031440
0 0.393736 0.334748 0.034789 0.040981
0 0.392307 0.364767 0.035615 0.025221
0 0.824486 0.642951 0.034535 0.031493
