0 0.899375 0.157437 0.021250 0.026899
0 0.111250 0.431171 0.035000 0.039557
0 0.110625 0.408228 0.033750 0.034810
0 0.510000 0.878165 0.022500 0.022152
0 0.510625 0.856804 0.021250 0.020570
0 0.871250 0.158228 0.027500 0.028481
0 0.829375 0.404272 0.033750 0.026899
0 0.605625 0.849684 0.033750 0.031646
0 0.883125 0.753956 0.033750 0.033228
0 0.897500 0.227057 0.027500 0.030063
0 0.166875 0.849684 0.031250 0.031646
0 0.897500 0.294304 0.022500 0.028481
0 0.883750 0.722310 0.035000 0.033228
0 0.605625 0.878956 0.033750 0.033228
0 0.772500 0.596519 0.032500 0.031646
0 0.883750 0.816456 0.035000 0.031646
0 0.773125 0.436709 0.031250 0.028481
0 0.828125 0.432753 0.036250 0.036392
0 0.881875 0.659019 0.033750 0.033228
0 0.883750 0.851266 0.037500 0.037975
0 0.881875 0.784019 0.033750 0.033228
0 0.884375 0.596519 0.038750 0.028481
0 0.883125 0.692247 0.036250 0.033228
0 0.166250 0.879747 0.032500 0.034810
0 0.897500 0.260285 0.022500 0.026899
0 0.661875 0.880538 0.033750 0.026899
0 0.870000 0.191456 0.025000 0.031646
0 0.883750 0.628165 0.037500 0.034810
0 0.896875 0.191456 0.023750 0.028481
0 0.883750 0.565665 0.037500 0.033228
0 0.111250 0.372627 0.032500 0.036392
0 0.883750 0.466772 0.035000 0.028481
0 0.870000 0.226266 0.025000 0.028481
0 0.773750 0.565665 0.032500 0.033228
0 0.881875 0.437500 0.038750 0.033228
0 0.773750 0.370253 0.035000 0.037975
0 0.718750 0.374209 0.035000 0.033228
0 0.661875 0.851266 0.036250 0.034810
0 0.772500 0.465981 0.032500 0.033228
0 0.717500 0.567247 0.032500 0.033228
0 0.883750 0.533228 0.035000 0.034810
0 0.883125 0.498418 0.036250 0.031646
0 0.718125 0.469146 0.033750 0.030063
0 0.718125 0.437500 0.033750 0.030063
0 0.827500 0.470728 0.035000 0.033228
0 0.387500 0.851266 0.035000 0.034810
0 0.773125 0.532437 0.031250 0.033228
0 0.773750 0.499209 0.035000 0.033228
0 0.717500 0.533228 0.035000 0.034810
0 0.829375 0.374209 0.033750 0.033228
0 0.881250 0.407437 0.035000 0.033228
0 0.110000 0.503165 0.035000 0.034810
0 0.772500 0.406646 0.032500 0.034810
0 0.110625 0.469146 0.036250 0.033228
0 0.883125 0.372627 0.036250 0.036392
0 0.331250 0.849684 0.035000 0.031646
0 0.718125 0.499209 0.033750 0.033228
0 0.828750 0.340190 0.035000 0.034810
0 0.718125 0.340190 0.036250 0.034810
0 0.331250 0.880538 0.032500 0.033228
0 0.718750 0.408228 0.035000 0.034810
