0 0.501111 0.344572 0.042222 0.031250
0 0.502778 0.372533 0.043333 0.034539
0 0.501667 0.276316 0.043333 0.029605
0 0.860556 0.244243 0.036667 0.024671
0 0.502778 0.143914 0.043333 0.031250
0 0.501667 0.527961 0.032222 0.032895
0 0.501667 0.177632 0.045556 0.032895
0 0.501667 0.211349 0.045556 0.027961
0 0.912222 0.534539 0.028889 0.039474
0 0.501667 0.242599 0.043333 0.041118
0 0.602222 0.329770 0.033333 0.041118
0 0.911667 0.329770 0.034444 0.037829
0 0.501111 0.309211 0.042222 0.042763
0 0.552778 0.245066 0.032222 0.032895
0 0.756667 0.332237 0.033333 0.039474
0 0.653333 0.371711 0.033333 0.039474
0 0.653333 0.328947 0.033333 0.042763
0 0.807222 0.245066 0.034444 0.046053
0 0.602222 0.371711 0.033333 0.042763
0 0.602222 0.414474 0.033333 0.042763
0 0.602778 0.245066 0.034444 0.046053
0 0.911667 0.496711 0.036667 0.039474
0 0.500000 0.448191 0.040000 0.041118
0 0.451667 0.289474 0.034444 0.042763
0 0.450556 0.242599 0.032222 0.047697
0 0.654444 0.157895 0.033333 0.042763
0 0.911667 0.414474 0.036667 0.039474
0 0.911667 0.246711 0.034444 0.039474
0 0.704444 0.371711 0.037778 0.042763
0 0.652222 0.414474 0.035556 0.039474
0 0.911667 0.453947 0.036667 0.042763
0 0.705556 0.285362 0.033333 0.044408
0 0.705556 0.327303 0.035556 0.046053
0 0.755556 0.244243 0.037778 0.044408
0 0.859444 0.287829 0.036667 0.049342
0 0.653333 0.289474 0.035556 0.039474
0 0.500556 0.490132 0.038889 0.042763
0 0.653333 0.246711 0.035556 0.042763
0 0.653333 0.202303 0.033333 0.042763
0 0.911667 0.202303 0.036667 0.046053
0 0.602222 0.289474 0.035556 0.039474
0 0.551667 0.289474 0.036667 0.046053
0 0.807222 0.289474 0.034444 0.046053
0 0.756667 0.289474 0.033333 0.046053
0 0.551667 0.202303 0.034444 0.052632
0 0.756667 0.374178 0.035556 0.041118
0 0.911667 0.371711 0.036667 0.042763
0 0.756667 0.202303 0.035556 0.042763
0 0.859444 0.202303 0.036667 0.052632
0 0.911111 0.157895 0.037778 0.046053
0 0.756111 0.157895 0.036667 0.046053
0 0.911667 0.289474 0.036667 0.046053
0 0.294444 0.143914 0.037778 0.047697
0 0.191667 0.237664 0.036667 0.044408
0 0.399444 0.407895 0.036667 0.042763
0 0.397222 0.280428 0.034444 0.041118
0 0.397222 0.191612 0.036667 0.047697
0 0.295556 0.190789 0.033333 0.042763
0 0.296667 0.234375 0.033333 0.047697
0 0.398889 0.143092 0.037778 0.052632
0 0.192778 0.187500 0.036667 0.052632
0 0.243889 0.188322 0.032222 0.044408
0 0.243333 0.234375 0.033333 0.044408
0 0.347778 0.323191 0.033333 0.047697
0 0.347778 0.188322 0.033333 0.044408
0 0.243333 0.276316 0.033333 0.042763
0 0.346111 0.278783 0.032222 0.041118
0 0.398333 0.236842 0.036667 0.042763
0 0.347778 0.235197 0.031111 0.042763
0 0.088333 0.276316 0.034444 0.036184
0 0.087222 0.362664 0.038889 0.044408
0 0.087222 0.316612 0.036667 0.044408
0 0.242222 0.403783 0.033333 0.044408
0 0.141667 0.279605 0.034444 0.042763
0 0.243333 0.444901 0.033333 0.044408
0 0.242222 0.318257 0.033333 0.041118
0 0.294444 0.276316 0.031111 0.039474
0 0.243333 0.143092 0.035556 0.046053
0 0.191667 0.321546 0.034444 0.041118
0 0.242222 0.357730 0.033333 0.044408
0 0.089444 0.143914 0.036667 0.044408
0 0.088333 0.446546 0.034444 0.037829
0 0.088333 0.235197 0.038889 0.042763
0 0.088333 0.190789 0.036667 0.049342
0 0.090556 0.406250 0.038889 0.039474
0 0.399444 0.364309 0.036667 0.044408
0 0.140000 0.143914 0.037778 0.047697
0 0.191667 0.449836 0.036667 0.041118
0 0.398333 0.446546 0.034444 0.037829
0 0.397222 0.321546 0.032222 0.041118
0 0.140556 0.236842 0.036667 0.042763
0 0.140000 0.191612 0.037778 0.044408
0 0.191667 0.359375 0.036667 0.041118
0 0.192778 0.404605 0.036667 0.046053
0 0.191667 0.279605 0.034444 0.039474
