0 0.229026 0.286157 0.025807 0.037693
0 0.674553 0.555970 0.037849 0.039114
0 0.547594 0.457051 0.035629 0.040073
0 0.300534 0.674804 0.033173 0.039478
0 0.241435 0.658517 0.039312 0.040966
0 0.390499 0.524926 0.036151 0.035709
0 0.542893 0.425970 0.035629 0.040073
0 0.670087 0.526443 0.037849 0.039114
0 0.593674 0.383054 0.038084 0.040668
0 0.175823 0.965206 0.042002 0.043115
0 0.775148 0.467957 0.039312 0.040966
0 0.180178 0.333438 0.027792 0.035180
0 0.660947 0.461801 0.036386 0.037263
0 0.715318 0.451041 0.036621 0.038817
0 0.437311 0.451557 0.035629 0.040073
0 0.716600 0.838180 0.039782 0.044074
0 0.256387 0.753165 0.038084 0.040668
0 0.239250 0.353759 0.030013 0.034221
0 0.769337 0.437950 0.036621 0.038817
0 0.551564 0.487504 0.036621 0.038817
0 0.532146 0.363328 0.038319 0.042222
0 0.635368 0.662933 0.039312 0.040966
0 0.394939 0.558487 0.035629 0.040073
0 0.575068 0.642909 0.037091 0.041925
0 0.697561 0.712302 0.039312 0.040966
0 0.597526 0.412730 0.038842 0.037858
0 0.223476 0.253671 0.029020 0.035478
0 0.185349 0.367627 0.028262 0.038288
0 0.267745 0.458013 0.040774 0.042817
0 0.719901 0.481345 0.036856 0.040371
0 0.803468 0.297575 0.038319 0.042222
0 0.569988 0.613531 0.037849 0.039114
0 0.752690 0.698136 0.039547 0.042520
0 0.603076 0.445217 0.038084 0.040668
0 0.561318 0.551997 0.036856 0.040371
0 0.641647 0.338403 0.038319 0.042222
0 0.695431 0.323758 0.038319 0.042222
0 0.655867 0.432423 0.038084 0.040668
0 0.725451 0.513832 0.038084 0.040668
0 0.326700 0.477557 0.040774 0.042817
0 0.755848 0.344558 0.038319 0.042222
0 0.441515 0.483564 0.036621 0.038817
0 0.557113 0.519990 0.035864 0.041627
0 0.213491 0.469550 0.040774 0.042817
0 0.565287 0.582450 0.037379 0.036006
0 0.744020 0.636602 0.040539 0.041263
0 0.464053 0.636787 0.037144 0.034452
0 0.165807 0.903192 0.037379 0.036006
0 0.902352 0.661061 0.023169 0.028071
0 0.819151 0.392852 0.038084 0.040668
0 0.142682 0.746084 0.039077 0.039412
0 0.246424 0.211862 0.023404 0.029625
0 0.923652 0.721951 0.038084 0.040668
0 0.136806 0.236010 0.026564 0.034882
0 0.603861 0.833281 0.036856 0.040371
0 0.081207 0.247068 0.023874 0.032733
0 0.712278 0.805396 0.037614 0.037560
0 0.607280 0.477223 0.034166 0.038222
0 0.291746 0.612493 0.039312 0.040966
0 0.148115 0.306571 0.027557 0.033626
0 0.630550 0.631075 0.038606 0.036304
0 0.608823 0.861882 0.038319 0.042222
0 0.482596 0.763591 0.036151 0.035709
0 0.099407 0.464172 0.035629 0.040073
0 0.054811 0.253465 0.028027 0.036734
0 0.928471 0.753809 0.040774 0.042817
0 0.097073 0.351967 0.026094 0.031774
0 0.911012 0.629964 0.040539 0.041263
0 0.812403 0.714274 0.039077 0.039412
0 0.157019 0.840881 0.039077 0.039412
0 0.363341 0.724024 0.036386 0.037263
0 0.158104 0.372618 0.024397 0.028369
0 0.305470 0.707439 0.035629 0.040073
0 0.261820 0.313652 0.023169 0.028071
0 0.160871 0.870557 0.040774 0.042817
0 0.594838 0.769416 0.035629 0.040073
0 0.788637 0.561349 0.040539 0.041263
0 0.123643 0.620206 0.036621 0.038817
0 0.896675 0.535167 0.040539 0.041263
0 0.117949 0.590976 0.039077 0.039412
0 0.467644 0.668943 0.040774 0.042817
0 0.880615 0.799237 0.037849 0.039114
0 0.142826 0.271605 0.024867 0.031477
0 0.865808 0.701332 0.037849 0.039114
0 0.815561 0.360697 0.035393 0.038519
0 0.642576 0.723210 0.041244 0.045926
0 0.490156 0.826200 0.038319 0.042222
0 0.256153 0.280389 0.026042 0.039247
0 0.311399 0.267000 0.027557 0.033626
0 0.856406 0.639170 0.037849 0.039114
0 0.404863 0.615689 0.036674 0.031344
0 0.074620 0.392850 0.028262 0.038288
0 0.129984 0.380239 0.027557 0.033626
0 0.888122 0.474410 0.039312 0.040966
0 0.309936 0.736966 0.040539 0.041263
0 0.086496 0.282034 0.026564 0.034882
0 0.476549 0.732031 0.036856 0.040371
0 0.334145 0.897034 0.040539 0.041263
0 0.315839 0.300561 0.029490 0.038586
0 0.277643 0.519250 0.039312 0.040966
0 0.765132 0.405943 0.038084 0.040668
0 0.350322 0.633740 0.038084 0.040668
0 0.858950 0.285741 0.038319 0.042222
0 0.306228 0.232811 0.030483 0.037329
0 0.108809 0.526334 0.040539 0.041263
0 0.688773 0.649991 0.038084 0.040668
0 0.159093 0.484344 0.039547 0.042520
0 0.169457 0.266762 0.026564 0.034882
0 0.702876 0.743234 0.038084 0.040668
0 0.693592 0.681849 0.037849 0.039114
0 0.650931 0.399788 0.037614 0.037560
0 0.616068 0.539534 0.038319 0.042222
0 0.196963 0.259291 0.028027 0.036734
0 0.149692 0.422182 0.042002 0.043115
0 0.175738 0.299877 0.027270 0.039545
0 0.666379 0.493511 0.038319 0.042222
0 0.475412 0.341635 0.037849 0.039114
0 0.526706 0.596633 0.024162 0.026815
0 0.531107 0.617315 0.023927 0.025261
0 0.504936 0.532635 0.035211 0.029492
0 0.486838 0.412973 0.036726 0.023871
0 0.491891 0.446385 0.034506 0.024830
0 0.480491 0.371014 0.036151 0.035709
0 0.482907 0.395399 0.037431 0.028533
0 0.567813 0.872626 0.023169 0.028071
0 0.507286 0.548176 0.030875 0.016465
0 0.494476 0.463480 0.034506 0.024830
0 0.488195 0.430365 0.034741 0.026384
0 0.340215 0.566915 0.038084 0.040668
0 0.932104 0.685266 0.028027 0.036734
0 0.486448 0.793267 0.035393 0.038519
0 0.523415 0.574876 0.024162 0.026815
0 0.296329 0.642797 0.030770 0.031410
0 0.932937 0.783336 0.040774 0.042817
0 0.907432 0.690439 0.024397 0.028369
0 0.109065 0.241928 0.027557 0.033626
0 0.436868 0.839919 0.036386 0.037263
0 0.658259 0.818487 0.040539 0.041263
0 0.146534 0.775760 0.037379 0.036006
0 0.286079 0.579230 0.039834 0.036601
0 0.166010 0.231350 0.024632 0.029923
0 0.639690 0.695717 0.037144 0.034452
0 0.501410 0.509324 0.035681 0.032601
0 0.544215 0.788128 0.034218 0.030749
0 0.928748 0.654664 0.024867 0.031477
0 0.611746 0.506750 0.033696 0.035114
0 0.563438 0.847910 0.024397 0.028369
0 0.535990 0.658018 0.024397 0.028369
0 0.344211 0.593334 0.045345 0.057399
0 0.842159 0.549183 0.036151 0.035709
0 0.431671 0.809764 0.037849 0.039114
0 0.532700 0.636261 0.023456 0.022153
0 0.283193 0.551736 0.040539 0.041263
0 0.837955 0.517177 0.038084 0.040668
0 0.358875 0.694497 0.036856 0.040371
0 0.059369 0.287803 0.026329 0.033328
0 0.279042 0.907165 0.036386 0.037263
0 0.219041 0.502037 0.036151 0.035709
0 0.653558 0.787406 0.040539 0.041263
0 0.851444 0.610569 0.036386 0.037263
0 0.065271 0.322620 0.027792 0.035180
0 0.139091 0.713928 0.039312 0.040966
0 0.873170 0.379761 0.037614 0.037560
0 0.868091 0.350383 0.039312 0.040966
0 0.806709 0.685045 0.039547 0.042520
0 0.826126 0.809220 0.037849 0.039114
0 0.212240 0.360304 0.025102 0.033031
0 0.392747 0.914247 0.037849 0.039114
0 0.381829 0.463392 0.035158 0.036965
0 0.445539 0.901453 0.035393 0.038519
0 0.100402 0.386602 0.028262 0.038288
0 0.069567 0.359438 0.028497 0.039842
0 0.626084 0.601548 0.042002 0.043115
0 0.892470 0.503160 0.039077 0.039412
0 0.314258 0.769750 0.039312 0.040966
0 0.272563 0.489871 0.038084 0.040668
0 0.354174 0.663416 0.036386 0.037263
0 0.757744 0.731548 0.038842 0.037858
0 0.427349 0.776980 0.039547 0.042520
0 0.127965 0.652989 0.038319 0.042222
0 0.283044 0.273066 0.025807 0.037693
0 0.376776 0.429980 0.035864 0.041627
0 0.191295 0.226027 0.029020 0.035478
0 0.441569 0.871000 0.038842 0.037858
0 0.092019 0.318554 0.026800 0.036437
0 0.733887 0.573812 0.036621 0.038817
0 0.269758 0.845780 0.039077 0.039412
0 0.318201 0.804237 0.036856 0.040371
0 0.283743 0.938246 0.039312 0.040966
0 0.413743 0.682811 0.040539 0.041263
0 0.762092 0.760298 0.039077 0.039412
0 0.599395 0.803754 0.036856 0.040371
0 0.226601 0.564645 0.037849 0.039114
0 0.445981 0.513091 0.036151 0.035709
0 0.134272 0.682070 0.039077 0.039412
0 0.846508 0.577933 0.036856 0.040371
0 0.155124 0.453891 0.037614 0.037560
0 0.169659 0.932868 0.039077 0.039412
0 0.729800 0.542582 0.037379 0.036006
0 0.373826 0.789145 0.038084 0.040668
0 0.114119 0.275340 0.027792 0.035180
0 0.335370 0.539091 0.039312 0.040966
0 0.400019 0.587865 0.036386 0.037263
0 0.236617 0.626659 0.036151 0.035709
0 0.293269 0.340668 0.025102 0.033031
0 0.766414 0.793082 0.037379 0.036006
0 0.760667 0.376416 0.037614 0.037560
0 0.377796 0.819598 0.036621 0.038817
0 0.329209 0.864398 0.037614 0.037560
0 0.861342 0.671805 0.038319 0.042222
0 0.331022 0.510341 0.038606 0.036304
0 0.875562 0.765825 0.038084 0.040668
0 0.663456 0.848642 0.039547 0.042520
0 0.870247 0.734893 0.039312 0.040966
0 0.119642 0.311860 0.028027 0.036734
0 0.883800 0.441626 0.040539 0.041263
0 0.252065 0.720381 0.036856 0.040371
0 0.472084 0.702504 0.036856 0.040371
0 0.200906 0.293778 0.027557 0.033626
0 0.124813 0.346049 0.028027 0.036734
0 0.114359 0.558820 0.041767 0.041561
0 0.408454 0.647845 0.041244 0.045926
0 0.385799 0.493845 0.034166 0.038222
0 0.648857 0.756325 0.040539 0.041263
0 0.272938 0.206242 0.030248 0.035775
0 0.816607 0.746281 0.040539 0.041263
0 0.219650 0.219961 0.028785 0.033923
0 0.621148 0.568913 0.039077 0.039412
0 0.771494 0.822460 0.042002 0.043115
0 0.906077 0.597329 0.038084 0.040668
0 0.454651 0.574625 0.037614 0.037560
0 0.234196 0.320347 0.025337 0.034585
0 0.707577 0.774315 0.038554 0.043776
0 0.737856 0.604264 0.038084 0.040668
0 0.810363 0.330541 0.036856 0.040371
0 0.589288 0.736930 0.036856 0.040371
0 0.827939 0.455163 0.038842 0.037858
0 0.710382 0.418406 0.037091 0.041925
0 0.388164 0.883943 0.038084 0.040668
0 0.206077 0.327967 0.027557 0.033626
0 0.151469 0.808395 0.040774 0.042817
0 0.104839 0.495881 0.039077 0.039412
0 0.750795 0.311146 0.035629 0.040073
0 0.153168 0.339983 0.027322 0.032072
0 0.265906 0.816104 0.038319 0.042222
0 0.584470 0.705072 0.036621 0.038817
0 0.322025 0.442442 0.042237 0.044669
0 0.266259 0.347213 0.027557 0.033626
0 0.323777 0.832689 0.039077 0.039412
0 0.820929 0.779065 0.039312 0.040966
0 0.863390 0.319302 0.036856 0.040371
0 0.460319 0.607888 0.038606 0.036304
0 0.222893 0.531713 0.038319 0.042222
0 0.337997 0.926709 0.039312 0.040966
0 0.706178 0.386399 0.037144 0.034452
0 0.646700 0.371815 0.038084 0.040668
0 0.260853 0.782692 0.038084 0.040668
0 0.247364 0.689300 0.036856 0.040371
0 0.793717 0.590727 0.038842 0.037858
0 0.301057 0.198622 0.030483 0.037329
0 0.274576 0.877638 0.039312 0.040966
0 0.382614 0.851456 0.039312 0.040966
0 0.801891 0.653187 0.039312 0.040966
0 0.368890 0.756510 0.040539 0.041263
0 0.251595 0.246051 0.026800 0.036437
0 0.580121 0.676322 0.036386 0.037263
0 0.231067 0.594172 0.035393 0.038519
0 0.277873 0.238877 0.025337 0.034585
0 0.783936 0.530268 0.040539 0.041263
0 0.418561 0.714669 0.037849 0.039114
0 0.748342 0.669386 0.038842 0.037858
0 0.797425 0.623660 0.039312 0.040966
0 0.779470 0.500741 0.040539 0.041263
0 0.877989 0.411619 0.038319 0.042222
0 0.422295 0.743568 0.039312 0.040966
0 0.288215 0.307256 0.025337 0.034585
0 0.901258 0.565471 0.037849 0.039114
0 0.679868 0.586903 0.034166 0.038222
0 0.683837 0.617355 0.038084 0.040668
0 0.321010 0.334750 0.029020 0.035478
0 0.833489 0.487650 0.038084 0.040668
0 0.823473 0.425636 0.039312 0.040966
0 0.537813 0.396592 0.036856 0.040371
0 0.427321 0.385510 0.040774 0.042817
0 0.450917 0.545726 0.039547 0.042520
0 0.588124 0.350568 0.040252 0.047182
0 0.432113 0.421402 0.039077 0.039412
0 0.701215 0.357798 0.039547 0.042520
