0 0.615796 0.764706 0.024941 0.040441
0 0.116390 0.855699 0.023753 0.038603
0 0.244062 0.338235 0.041568 0.033088
0 0.532067 0.761029 0.021378 0.029412
0 0.116390 0.761029 0.023753 0.036765
0 0.088480 0.761029 0.022565 0.036765
0 0.521378 0.348346 0.045131 0.038603
0 0.521378 0.315257 0.042755 0.042279
0 0.145487 0.900735 0.024941 0.040441
0 0.145487 0.805147 0.022565 0.036765
0 0.616983 0.808824 0.024941 0.036765
0 0.144893 0.761949 0.023753 0.038603
0 0.088480 0.804228 0.024941 0.038603
0 0.521971 0.161765 0.046318 0.033088
0 0.367577 0.855699 0.022565 0.038603
0 0.521971 0.237132 0.043943 0.033088
0 0.061758 0.761949 0.026128 0.038603
0 0.061758 0.805147 0.026128 0.036765
0 0.342043 0.855699 0.023753 0.038603
0 0.144893 0.854779 0.023753 0.044118
0 0.117577 0.804228 0.023753 0.042279
0 0.587886 0.393382 0.021378 0.036765
0 0.300475 0.197610 0.035629 0.045956
0 0.628860 0.718750 0.034442 0.047794
0 0.642518 0.811581 0.023753 0.038603
0 0.366390 0.805147 0.022565 0.040441
0 0.365202 0.761029 0.022565 0.036765
0 0.130048 0.715993 0.041568 0.045956
0 0.339667 0.761029 0.023753 0.036765
0 0.074822 0.665441 0.042755 0.044118
0 0.074822 0.712316 0.042755 0.053309
0 0.089667 0.478860 0.024941 0.034926
0 0.061758 0.479779 0.023753 0.036765
0 0.520190 0.125000 0.045131 0.040441
0 0.089667 0.525735 0.024941 0.040441
0 0.061758 0.387868 0.026128 0.036765
0 0.340855 0.805147 0.023753 0.040441
0 0.641924 0.766544 0.022565 0.040441
0 0.061758 0.431985 0.026128 0.033088
0 0.959620 0.249081 0.038005 0.045956
0 0.452494 0.811581 0.023753 0.038603
0 0.090855 0.387868 0.022565 0.036765
0 0.521971 0.084559 0.046318 0.040441
0 0.130641 0.669118 0.038005 0.047794
0 0.959620 0.206801 0.038005 0.045956
0 0.478029 0.764706 0.022565 0.036765
0 0.299287 0.243566 0.033254 0.042279
0 0.477435 0.811581 0.023753 0.038603
0 0.450713 0.765625 0.024941 0.038603
0 0.739905 0.721507 0.038005 0.049632
0 0.185867 0.715074 0.039192 0.051471
0 0.586698 0.436581 0.026128 0.042279
0 0.520190 0.519301 0.030879 0.038603
0 0.738717 0.346507 0.040380 0.045956
0 0.089667 0.431985 0.027316 0.036765
0 0.904394 0.250919 0.034442 0.045956
0 0.133610 0.244485 0.039192 0.051471
0 0.520190 0.197610 0.045131 0.045956
0 0.353919 0.716912 0.040380 0.047794
0 0.077197 0.293199 0.038005 0.045956
0 0.185867 0.668199 0.036817 0.045956
0 0.076010 0.618566 0.040380 0.056985
0 0.793943 0.719669 0.036817 0.049632
0 0.189430 0.243566 0.039192 0.049632
0 0.077791 0.244485 0.039192 0.051471
0 0.904394 0.298713 0.036817 0.049632
0 0.849762 0.622243 0.039192 0.053309
0 0.849762 0.717831 0.034442 0.045956
0 0.849762 0.671875 0.034442 0.045956
0 0.521378 0.273897 0.042755 0.044118
0 0.353919 0.668199 0.040380 0.049632
0 0.793943 0.247243 0.036817 0.053309
0 0.795131 0.623162 0.039192 0.051471
0 0.077197 0.339154 0.040380 0.045956
0 0.408551 0.715074 0.035629 0.044118
0 0.243468 0.291360 0.038005 0.049632
0 0.355107 0.619485 0.035629 0.047794
0 0.793943 0.673713 0.036817 0.049632
0 0.738717 0.675551 0.035629 0.045956
0 0.298100 0.293199 0.038005 0.049632
0 0.300475 0.146140 0.035629 0.053309
0 0.630048 0.671875 0.034442 0.045956
0 0.245249 0.245404 0.034442 0.045956
0 0.684086 0.297794 0.033254 0.040441
0 0.960214 0.298713 0.039192 0.053309
0 0.131829 0.618566 0.038005 0.056985
0 0.409145 0.340074 0.036817 0.047794
0 0.684086 0.671875 0.035629 0.045956
0 0.738717 0.622243 0.038005 0.053309
0 0.354513 0.293199 0.036817 0.045956
0 0.466152 0.339154 0.036817 0.049632
0 0.685273 0.623162 0.038005 0.051471
0 0.795131 0.297794 0.034442 0.044118
0 0.960214 0.154412 0.039192 0.058824
0 0.737530 0.297794 0.035629 0.047794
0 0.738717 0.249081 0.035629 0.053309
0 0.628860 0.249081 0.034442 0.053309
0 0.629454 0.622243 0.038005 0.053309
0 0.574228 0.718750 0.039192 0.047794
0 0.520190 0.430147 0.042755 0.051471
0 0.574228 0.671875 0.039192 0.045956
0 0.904394 0.201287 0.039192 0.053309
0 0.409739 0.671875 0.035629 0.045956
0 0.355107 0.339154 0.035629 0.049632
0 0.684086 0.721507 0.040380 0.049632
0 0.244656 0.193934 0.035629 0.053309
0 0.848575 0.247243 0.039192 0.053309
0 0.466152 0.294118 0.039192 0.044118
0 0.463777 0.716912 0.036817 0.044118
0 0.684086 0.344669 0.035629 0.053309
0 0.464964 0.670037 0.034442 0.049632
0 0.409145 0.295037 0.036817 0.045956
0 0.411520 0.247243 0.039192 0.053309
0 0.409739 0.618566 0.038005 0.053309
0 0.628266 0.296875 0.035629 0.045956
0 0.132423 0.335478 0.039192 0.056985
0 0.468527 0.247243 0.036817 0.049632
0 0.794537 0.346507 0.038005 0.053309
0 0.684086 0.246324 0.035629 0.055147
0 0.573634 0.347426 0.040380 0.051471
0 0.575416 0.298713 0.036817 0.045956
0 0.354513 0.243566 0.036817 0.053309
0 0.629454 0.347426 0.035629 0.051471
0 0.466152 0.620404 0.039192 0.053309
0 0.849762 0.344669 0.039192 0.053309
0 0.848575 0.298713 0.036817 0.049632
0 0.574822 0.247243 0.038005 0.053309
0 0.187055 0.618566 0.041568 0.056985
0 0.574228 0.620404 0.039192 0.053309
0 0.188242 0.333640 0.039192 0.056985
0 0.521378 0.477941 0.040380 0.044118
