0 0.114000 0.450233 0.028000 0.035770
0 0.128000 0.597201 0.040000 0.034215
0 0.405333 0.886470 0.040000 0.037325
0 0.142000 0.376361 0.028000 0.034215
0 0.184667 0.705288 0.036000 0.032659
0 0.115333 0.375583 0.028000 0.035770
0 0.114000 0.303266 0.030667 0.037325
0 0.239333 0.522551 0.036000 0.031104
0 0.294000 0.667963 0.036000 0.032659
0 0.128000 0.559876 0.040000 0.037325
0 0.294000 0.702955 0.036000 0.037325
0 0.240000 0.706065 0.040000 0.037325
0 0.184000 0.560653 0.040000 0.035770
0 0.142000 0.448678 0.028000 0.035770
0 0.295333 0.559876 0.036000 0.031104
0 0.184000 0.632970 0.040000 0.037325
0 0.183333 0.488336 0.036000 0.037325
0 0.240000 0.412908 0.040000 0.038880
0 0.297333 0.302488 0.040000 0.038880
0 0.171333 0.887247 0.028000 0.035770
0 0.182000 0.814152 0.038667 0.035770
0 0.866000 0.884914 0.038667 0.031104
0 0.296667 0.849145 0.036000 0.034215
0 0.114000 0.339813 0.028000 0.029549
0 0.295333 0.814930 0.036000 0.034215
0 0.184000 0.850700 0.040000 0.037325
0 0.294667 0.884137 0.040000 0.035770
0 0.127333 0.700622 0.036000 0.032659
0 0.140667 0.486003 0.028000 0.029549
0 0.126000 0.778383 0.038667 0.038880
0 0.183333 0.597201 0.036000 0.034215
0 0.142667 0.304044 0.026667 0.032659
0 0.184000 0.413686 0.037333 0.037325
0 0.297333 0.266719 0.037333 0.023328
0 0.196000 0.887247 0.026667 0.029549
0 0.186000 0.265163 0.036000 0.023328
0 0.127333 0.737170 0.036000 0.037325
0 0.184000 0.526439 0.040000 0.035770
0 0.650667 0.883359 0.034667 0.031104
0 0.296667 0.740280 0.036000 0.031104
0 0.183333 0.776827 0.036000 0.035770
0 0.540000 0.881804 0.037333 0.031104
0 0.705333 0.884137 0.040000 0.035770
0 0.295333 0.634526 0.036000 0.034215
0 0.142667 0.411353 0.026667 0.029549
0 0.128667 0.631415 0.038667 0.034215
0 0.184667 0.741058 0.038667 0.038880
0 0.294667 0.775272 0.037333 0.038880
0 0.239333 0.632970 0.036000 0.037325
0 0.115333 0.412908 0.028000 0.029549
0 0.295333 0.524106 0.033333 0.031104
0 0.127333 0.520995 0.036000 0.037325
0 0.459333 0.886470 0.036000 0.034215
0 0.127333 0.667963 0.036000 0.035770
0 0.183333 0.668740 0.036000 0.034215
0 0.758667 0.884914 0.037333 0.031104
0 0.142667 0.339813 0.026667 0.029549
0 0.239333 0.338258 0.036000 0.035770
0 0.240000 0.451788 0.037333 0.035770
0 0.239333 0.669518 0.036000 0.035770
0 0.184667 0.450233 0.036000 0.035770
0 0.239333 0.596423 0.036000 0.032659
0 0.295333 0.490669 0.036000 0.035770
0 0.239333 0.304044 0.036000 0.035770
0 0.239333 0.376361 0.036000 0.037325
0 0.184000 0.339813 0.037333 0.035770
0 0.239333 0.488336 0.036000 0.037325
0 0.296000 0.448678 0.037333 0.035770
0 0.296667 0.379471 0.038667 0.034215
0 0.294000 0.596423 0.036000 0.035770
0 0.296000 0.416019 0.037333 0.032659
0 0.238667 0.559876 0.037333 0.040435
0 0.184667 0.304044 0.033333 0.038880
0 0.296000 0.343701 0.037333 0.037325
0 0.186000 0.375583 0.036000 0.035770
