0 0.406667 0.706065 0.037333 0.037325
0 0.338667 0.706065 0.026667 0.037325
0 0.114000 0.450233 0.028000 0.035770
0 0.408667 0.343701 0.036000 0.037325
0 0.128000 0.597201 0.040000 0.034215
0 0.405333 0.886470 0.040000 0.037325
0 0.704000 0.705288 0.037333 0.035770
0 0.706000 0.632970 0.038667 0.037325
0 0.142000 0.376361 0.028000 0.034215
0 0.184667 0.705288 0.036000 0.032659
0 0.115333 0.375583 0.028000 0.035770
0 0.114000 0.303266 0.030667 0.037325
0 0.239333 0.522551 0.036000 0.031104
0 0.869333 0.451011 0.040000 0.037325
0 0.868667 0.560653 0.038667 0.035770
0 0.406667 0.414463 0.034667 0.035770
0 0.459333 0.559876 0.036000 0.031104
0 0.294000 0.667963 0.036000 0.032659
0 0.760667 0.345257 0.036000 0.034215
0 0.352667 0.562208 0.036000 0.035770
0 0.704000 0.556765 0.034667 0.037325
0 0.813333 0.383359 0.040000 0.035770
0 0.352000 0.345257 0.034667 0.037325
0 0.813333 0.346034 0.040000 0.038880
0 0.460667 0.377916 0.033333 0.037325
0 0.128000 0.559876 0.040000 0.037325
0 0.544667 0.342146 0.036000 0.031104
0 0.294000 0.702955 0.036000 0.037325
0 0.704000 0.417574 0.034667 0.038880
0 0.351333 0.415241 0.036000 0.034215
0 0.759333 0.486003 0.036000 0.032659
0 0.813333 0.525661 0.040000 0.037325
0 0.868667 0.487558 0.038667 0.035770
0 0.758667 0.595645 0.037333 0.037325
0 0.461333 0.631415 0.040000 0.034215
0 0.597333 0.306376 0.032000 0.031104
0 0.406000 0.523328 0.036000 0.035770
0 0.706000 0.670295 0.036000 0.031104
0 0.705333 0.524106 0.032000 0.031104
0 0.650000 0.304821 0.036000 0.040435
0 0.595333 0.705288 0.036000 0.035770
0 0.240000 0.706065 0.040000 0.037325
0 0.184000 0.560653 0.040000 0.035770
0 0.544667 0.375583 0.033333 0.032659
0 0.540667 0.703733 0.036000 0.035770
0 0.142000 0.448678 0.028000 0.035770
0 0.814000 0.451788 0.036000 0.035770
0 0.596667 0.631415 0.030667 0.034215
0 0.543333 0.520995 0.036000 0.031104
0 0.758000 0.450233 0.036000 0.035770
0 0.650000 0.523328 0.033333 0.032659
0 0.295333 0.559876 0.036000 0.031104
0 0.869333 0.307154 0.040000 0.038880
0 0.544000 0.485226 0.032000 0.031104
0 0.704667 0.594090 0.036000 0.034215
0 0.350667 0.490669 0.037333 0.038880
0 0.184000 0.632970 0.040000 0.037325
0 0.183333 0.488336 0.036000 0.037325
0 0.543333 0.413686 0.036000 0.037325
0 0.240000 0.412908 0.040000 0.038880
0 0.297333 0.302488 0.040000 0.038880
0 0.364667 0.741058 0.025333 0.029549
0 0.458000 0.305599 0.036000 0.038880
0 0.171333 0.887247 0.028000 0.035770
0 0.182000 0.814152 0.038667 0.035770
0 0.406000 0.740280 0.033333 0.031104
0 0.866000 0.884914 0.038667 0.031104
0 0.504000 0.776827 0.024000 0.029549
0 0.867333 0.849145 0.036000 0.034215
0 0.296667 0.849145 0.036000 0.034215
0 0.114000 0.339813 0.028000 0.029549
0 0.295333 0.814930 0.036000 0.034215
0 0.363333 0.776827 0.028000 0.035770
0 0.336000 0.778383 0.026667 0.032659
0 0.501333 0.193624 0.032000 0.026439
0 0.350000 0.525661 0.036000 0.037325
0 0.184000 0.850700 0.040000 0.037325
0 0.706000 0.846812 0.036000 0.035770
0 0.294667 0.884137 0.040000 0.035770
0 0.127333 0.700622 0.036000 0.032659
0 0.499333 0.430793 0.028000 0.034215
0 0.140667 0.486003 0.028000 0.029549
0 0.126000 0.778383 0.038667 0.038880
0 0.868000 0.813375 0.040000 0.037325
0 0.866000 0.525661 0.033333 0.037325
0 0.406667 0.848367 0.037333 0.035770
0 0.706000 0.740280 0.036000 0.037325
0 0.458000 0.778383 0.036000 0.032659
0 0.183333 0.597201 0.036000 0.034215
0 0.868000 0.702955 0.040000 0.037325
0 0.142667 0.304044 0.026667 0.032659
0 0.542667 0.597201 0.034667 0.034215
0 0.406000 0.667185 0.038667 0.037325
0 0.184000 0.413686 0.037333 0.037325
0 0.297333 0.266719 0.037333 0.023328
0 0.196000 0.887247 0.026667 0.029549
0 0.545333 0.267496 0.032000 0.021773
0 0.186000 0.265163 0.036000 0.023328
0 0.869333 0.343701 0.040000 0.021773
0 0.759333 0.270607 0.036000 0.024883
0 0.127333 0.737170 0.036000 0.037325
0 0.406000 0.812597 0.036000 0.032659
0 0.501333 0.221617 0.032000 0.029549
0 0.757333 0.849145 0.040000 0.037325
0 0.184000 0.526439 0.040000 0.035770
0 0.500000 0.398134 0.029333 0.027994
0 0.868667 0.775272 0.038667 0.032659
0 0.458000 0.811820 0.036000 0.031104
0 0.650667 0.883359 0.034667 0.031104
0 0.296667 0.740280 0.036000 0.031104
0 0.502667 0.362364 0.032000 0.037325
0 0.542667 0.630638 0.034667 0.032659
0 0.183333 0.776827 0.036000 0.035770
0 0.868000 0.415241 0.034667 0.031104
0 0.540000 0.849145 0.034667 0.031104
0 0.336000 0.742613 0.026667 0.032659
0 0.758667 0.632193 0.034667 0.035770
0 0.702000 0.811820 0.036000 0.031104
0 0.350000 0.632970 0.038667 0.037325
0 0.540000 0.881804 0.037333 0.031104
0 0.705333 0.884137 0.040000 0.035770
0 0.295333 0.634526 0.036000 0.034215
0 0.458000 0.846812 0.036000 0.038880
0 0.758000 0.741058 0.036000 0.035770
0 0.142667 0.411353 0.026667 0.029549
0 0.128667 0.631415 0.038667 0.034215
0 0.184667 0.741058 0.038667 0.038880
0 0.758000 0.703733 0.036000 0.035770
0 0.814667 0.417574 0.037333 0.029549
0 0.294667 0.775272 0.037333 0.038880
0 0.596667 0.742613 0.033333 0.038880
0 0.239333 0.632970 0.036000 0.037325
0 0.351333 0.668740 0.036000 0.031104
0 0.115333 0.412908 0.028000 0.029549
0 0.364000 0.704510 0.026667 0.034215
0 0.406000 0.634526 0.036000 0.034215
0 0.868667 0.667963 0.038667 0.035770
0 0.542667 0.740280 0.037333 0.037325
0 0.460667 0.666407 0.038667 0.035770
0 0.704667 0.778383 0.036000 0.032659
0 0.650000 0.778383 0.036000 0.035770
0 0.650667 0.850700 0.034667 0.037325
0 0.868667 0.631415 0.036000 0.031104
0 0.295333 0.524106 0.033333 0.031104
0 0.127333 0.520995 0.036000 0.037325
0 0.758667 0.813375 0.037333 0.034215
0 0.758000 0.778383 0.036000 0.035770
0 0.459333 0.886470 0.036000 0.034215
0 0.650667 0.811042 0.037333 0.035770
0 0.866000 0.596423 0.036000 0.035770
0 0.814000 0.307932 0.036000 0.040435
0 0.540667 0.811042 0.036000 0.038880
0 0.501333 0.290824 0.032000 0.031104
0 0.458000 0.742613 0.038667 0.038880
0 0.406667 0.775272 0.037333 0.035770
0 0.127333 0.667963 0.036000 0.035770
0 0.183333 0.668740 0.036000 0.034215
0 0.758667 0.884914 0.037333 0.031104
0 0.758000 0.667185 0.036000 0.037325
0 0.457333 0.453344 0.032000 0.035770
0 0.142667 0.339813 0.026667 0.029549
0 0.650000 0.559876 0.033333 0.031104
0 0.542667 0.776050 0.034667 0.034215
0 0.651333 0.738725 0.036000 0.040435
0 0.868667 0.740280 0.041333 0.037325
0 0.239333 0.338258 0.036000 0.035770
0 0.350667 0.306376 0.034667 0.037325
0 0.706000 0.489114 0.036000 0.032659
0 0.868000 0.379471 0.040000 0.037325
0 0.240000 0.451788 0.037333 0.035770
0 0.458667 0.703733 0.037333 0.035770
0 0.239333 0.669518 0.036000 0.035770
0 0.184667 0.450233 0.036000 0.035770
0 0.596000 0.377916 0.034667 0.034215
0 0.650000 0.342146 0.038667 0.034215
0 0.239333 0.596423 0.036000 0.032659
0 0.406667 0.489114 0.034667 0.035770
0 0.351333 0.596423 0.036000 0.032659
0 0.760667 0.306376 0.036000 0.037325
0 0.351333 0.451788 0.036000 0.035770
0 0.651333 0.451788 0.036000 0.035770
0 0.459333 0.524883 0.036000 0.035770
0 0.705333 0.307932 0.032000 0.040435
0 0.295333 0.490669 0.036000 0.035770
0 0.706000 0.344479 0.036000 0.035770
0 0.650667 0.597201 0.037333 0.040435
0 0.758000 0.379471 0.036000 0.037325
0 0.458667 0.489114 0.034667 0.035770
0 0.406000 0.381026 0.036000 0.037325
0 0.812000 0.488336 0.040000 0.037325
0 0.406667 0.451011 0.034667 0.037325
0 0.239333 0.304044 0.036000 0.035770
0 0.758667 0.415241 0.037333 0.034215
0 0.650667 0.377916 0.037333 0.034215
0 0.239333 0.376361 0.036000 0.037325
0 0.501333 0.257387 0.032000 0.035770
0 0.459333 0.342146 0.036000 0.034215
0 0.543333 0.453344 0.036000 0.035770
0 0.596000 0.596423 0.034667 0.035770
0 0.704000 0.454899 0.037333 0.035770
0 0.406000 0.304044 0.036000 0.038880
0 0.704000 0.381026 0.034667 0.031104
0 0.458667 0.415241 0.034667 0.034215
0 0.406000 0.598756 0.033333 0.037325
0 0.542667 0.665630 0.037333 0.037325
0 0.758667 0.556765 0.040000 0.037325
0 0.184000 0.339813 0.037333 0.035770
0 0.597333 0.342924 0.037333 0.035770
0 0.239333 0.488336 0.036000 0.037325
0 0.759333 0.522551 0.036000 0.034215
0 0.296000 0.448678 0.037333 0.035770
0 0.595333 0.489114 0.036000 0.035770
0 0.406667 0.561431 0.037333 0.034215
0 0.352667 0.381026 0.036000 0.037325
0 0.296667 0.379471 0.038667 0.034215
0 0.544667 0.306376 0.036000 0.037325
0 0.294000 0.596423 0.036000 0.035770
0 0.596000 0.412908 0.037333 0.035770
0 0.296000 0.416019 0.037333 0.032659
0 0.459333 0.594090 0.036000 0.037325
0 0.595333 0.450233 0.041333 0.038880
0 0.543333 0.561431 0.036000 0.037325
0 0.596667 0.523328 0.036000 0.032659
0 0.238667 0.559876 0.037333 0.040435
0 0.650000 0.488336 0.038667 0.037325
0 0.596667 0.561431 0.036000 0.037325
0 0.595333 0.667185 0.036000 0.037325
0 0.184667 0.304044 0.033333 0.038880
0 0.650667 0.416019 0.037333 0.035770
0 0.296000 0.343701 0.037333 0.037325
0 0.186000 0.375583 0.036000 0.035770
