0 0.101983 0.567044 0.033994 0.038772
0 0.646601 0.907108 0.038244 0.037157
0 0.648725 0.605008 0.033994 0.037157
0 0.488669 0.252827 0.033994 0.033926
0 0.384561 0.832795 0.038244 0.033926
0 0.645892 0.833603 0.039660 0.032310
0 0.704674 0.682553 0.038244 0.037157
0 0.206799 0.717286 0.036827 0.035541
0 0.588527 0.870759 0.038244 0.032310
0 0.706091 0.571082 0.038244 0.033926
0 0.766289 0.229402 0.033994 0.042003
0 0.879603 0.608239 0.036827 0.037157
0 0.266997 0.870759 0.038244 0.038772
0 0.441926 0.566236 0.036827 0.033926
0 0.881728 0.495153 0.038244 0.033926
0 0.387394 0.641357 0.038244 0.032310
0 0.441926 0.683360 0.036827 0.038772
0 0.706091 0.533118 0.038244 0.038772
0 0.074363 0.299677 0.029745 0.033926
0 0.882436 0.457997 0.036827 0.037157
0 0.074363 0.529079 0.029745 0.037157
0 0.148725 0.412763 0.033994 0.033926
0 0.208215 0.907916 0.033994 0.035541
0 0.706091 0.417609 0.038244 0.033926
0 0.766997 0.270598 0.038244 0.033926
0 0.267705 0.378837 0.036827 0.037157
0 0.101983 0.449919 0.031161 0.040388
0 0.207507 0.603393 0.038244 0.037157
0 0.648017 0.758481 0.038244 0.037157
0 0.075071 0.336834 0.031161 0.037157
0 0.384561 0.908724 0.038244 0.037157
0 0.104108 0.299677 0.029745 0.037157
0 0.531870 0.908724 0.038244 0.037157
0 0.385977 0.870759 0.038244 0.038772
0 0.825071 0.495153 0.038244 0.033926
0 0.589235 0.605008 0.036827 0.033926
0 0.441926 0.904685 0.036827 0.035541
0 0.150142 0.604200 0.033994 0.029079
0 0.705382 0.454766 0.036827 0.033926
0 0.588527 0.758481 0.038244 0.037157
0 0.328612 0.415994 0.033994 0.037157
0 0.881728 0.379645 0.038244 0.032310
0 0.533286 0.795638 0.038244 0.037157
0 0.441926 0.453958 0.033994 0.032310
0 0.706799 0.378837 0.033994 0.037157
0 0.882436 0.417609 0.039660 0.037157
0 0.708215 0.341680 0.036827 0.037157
0 0.441926 0.605008 0.036827 0.037157
0 0.648725 0.569467 0.036827 0.033926
0 0.533286 0.680129 0.038244 0.035541
0 0.531870 0.567044 0.038244 0.038772
0 0.266997 0.758481 0.038244 0.037157
0 0.269122 0.416801 0.039660 0.032310
0 0.822238 0.570275 0.038244 0.042003
0 0.822238 0.342488 0.035411 0.032310
0 0.531870 0.605008 0.038244 0.037157
0 0.533286 0.415994 0.035411 0.033926
0 0.648017 0.867528 0.038244 0.038772
0 0.881728 0.344911 0.038244 0.037157
0 0.823654 0.304523 0.038244 0.040388
0 0.384561 0.795638 0.038244 0.037157
0 0.646601 0.795638 0.038244 0.037157
0 0.266997 0.832795 0.038244 0.037157
0 0.531870 0.832795 0.038244 0.037157
0 0.441926 0.866721 0.039660 0.040388
0 0.648017 0.721325 0.038244 0.037157
0 0.386686 0.491922 0.039660 0.037157
0 0.268414 0.529079 0.038244 0.037157
0 0.591360 0.416801 0.038244 0.035541
0 0.883144 0.306947 0.038244 0.038772
0 0.149433 0.680129 0.038244 0.038772
0 0.150142 0.529079 0.042493 0.037157
0 0.208215 0.375606 0.036827 0.037157
0 0.588527 0.567044 0.038244 0.038772
0 0.531870 0.870759 0.041076 0.038772
0 0.388102 0.299677 0.033994 0.040388
0 0.648725 0.495153 0.036827 0.037157
0 0.329320 0.299677 0.035411 0.037157
0 0.266997 0.682553 0.038244 0.037157
0 0.533286 0.491922 0.038244 0.037157
0 0.148725 0.450727 0.039660 0.038772
0 0.210340 0.336834 0.038244 0.037157
0 0.589943 0.491115 0.038244 0.038772
0 0.648017 0.679321 0.038244 0.040388
0 0.589235 0.678514 0.039660 0.038772
0 0.648725 0.382068 0.036827 0.033926
0 0.327904 0.607431 0.038244 0.038772
0 0.648017 0.344911 0.038244 0.040388
0 0.388810 0.336834 0.038244 0.037157
0 0.208215 0.413570 0.039660 0.038772
0 0.705382 0.608239 0.039660 0.037157
0 0.268414 0.604200 0.038244 0.038772
0 0.764873 0.457997 0.039660 0.037157
0 0.208924 0.491922 0.038244 0.037157
0 0.330028 0.375606 0.036827 0.037157
0 0.268414 0.719709 0.038244 0.037157
0 0.267705 0.491115 0.039660 0.035541
0 0.327904 0.683360 0.041076 0.042003
0 0.386686 0.375606 0.039660 0.037157
0 0.649433 0.303716 0.038244 0.042003
0 0.441926 0.303716 0.033994 0.038772
0 0.444759 0.378029 0.039660 0.035541
0 0.148725 0.334410 0.042493 0.042003
0 0.441926 0.415994 0.036827 0.037157
0 0.327904 0.567044 0.038244 0.042003
0 0.765581 0.603393 0.041076 0.043619
0 0.327195 0.528271 0.036827 0.038772
0 0.270538 0.299677 0.042493 0.040388
0 0.388810 0.415994 0.038244 0.037157
0 0.267705 0.566236 0.039660 0.037157
0 0.266997 0.795638 0.038244 0.037157
0 0.764164 0.492730 0.038244 0.035541
0 0.589943 0.529079 0.038244 0.037157
0 0.879603 0.682553 0.039660 0.037157
0 0.442635 0.755250 0.035411 0.033926
0 0.133853 0.909532 0.026912 0.032310
0 0.762748 0.682553 0.038244 0.037157
0 0.764164 0.721325 0.038244 0.037157
0 0.441926 0.719709 0.036827 0.033926
0 0.133144 0.836834 0.025496 0.032310
0 0.764164 0.794830 0.038244 0.032310
0 0.135269 0.758481 0.029745 0.030695
0 0.265581 0.907108 0.038244 0.033926
0 0.763456 0.907108 0.039660 0.037157
0 0.589235 0.907108 0.036827 0.033926
0 0.441926 0.829564 0.036827 0.033926
0 0.441926 0.642165 0.039660 0.037157
0 0.764164 0.758481 0.038244 0.037157
0 0.075071 0.411955 0.028329 0.029079
0 0.441926 0.529079 0.039660 0.040388
0 0.762748 0.832795 0.038244 0.037157
0 0.879603 0.720517 0.039660 0.038772
0 0.491501 0.361874 0.031161 0.038772
0 0.074363 0.487076 0.032578 0.037157
0 0.879603 0.794830 0.039660 0.022617
0 0.488669 0.287561 0.033994 0.029079
0 0.494334 0.791599 0.025496 0.032310
0 0.881728 0.266559 0.038244 0.025848
0 0.589943 0.641357 0.038244 0.022617
0 0.270538 0.258481 0.039660 0.025848
0 0.650142 0.262520 0.039660 0.024233
0 0.765581 0.566236 0.038244 0.021002
0 0.388810 0.261712 0.038244 0.022617
0 0.387394 0.603393 0.038244 0.024233
0 0.878895 0.871567 0.038244 0.037157
0 0.487252 0.436187 0.028329 0.035541
0 0.880312 0.907916 0.041076 0.035541
0 0.489377 0.399838 0.029745 0.030695
0 0.101275 0.374798 0.029745 0.032310
0 0.881728 0.532310 0.038244 0.040388
0 0.880312 0.830372 0.041076 0.042003
0 0.762748 0.869952 0.038244 0.037157
0 0.879603 0.759289 0.039660 0.038772
0 0.589235 0.832795 0.033994 0.037157
0 0.075779 0.374798 0.029745 0.038772
0 0.074363 0.450727 0.026912 0.035541
0 0.490085 0.216478 0.033994 0.032310
0 0.162181 0.761712 0.029745 0.030695
0 0.163598 0.909532 0.029745 0.029079
0 0.441926 0.340872 0.036827 0.035541
0 0.648017 0.532310 0.038244 0.037157
0 0.105524 0.529079 0.029745 0.033926
0 0.102691 0.412763 0.029745 0.033926
0 0.104108 0.491922 0.029745 0.033926
0 0.879603 0.645396 0.036827 0.040388
0 0.442635 0.792407 0.035411 0.037157
0 0.102691 0.337641 0.029745 0.035541
0 0.490085 0.182553 0.033994 0.029079
0 0.531161 0.642165 0.036827 0.037157
0 0.879603 0.571082 0.036827 0.033926
0 0.648017 0.642165 0.038244 0.037157
0 0.206091 0.869952 0.038244 0.037157
0 0.265581 0.642165 0.035411 0.040388
0 0.385977 0.758481 0.038244 0.037157
0 0.825071 0.457997 0.038244 0.037157
0 0.148017 0.641357 0.038244 0.038772
0 0.533994 0.453150 0.036827 0.037157
0 0.533286 0.529079 0.038244 0.037157
0 0.706799 0.491922 0.033994 0.040388
0 0.208215 0.453150 0.039660 0.033926
0 0.206091 0.641357 0.038244 0.038772
0 0.386686 0.453150 0.036827 0.037157
0 0.590652 0.378837 0.033994 0.033926
0 0.146601 0.721325 0.041076 0.037157
0 0.207507 0.792407 0.038244 0.040388
0 0.533286 0.302908 0.035411 0.037157
0 0.207507 0.754443 0.038244 0.035541
0 0.164306 0.873990 0.031161 0.035541
0 0.387394 0.679321 0.038244 0.040388
0 0.269122 0.453150 0.042493 0.037157
0 0.764873 0.307754 0.036827 0.037157
0 0.765581 0.420840 0.041076 0.037157
0 0.590652 0.304523 0.033994 0.037157
0 0.327195 0.454766 0.036827 0.037157
0 0.648725 0.457189 0.036827 0.035541
0 0.329320 0.338449 0.038244 0.037157
0 0.326487 0.644588 0.038244 0.035541
0 0.648725 0.417609 0.036827 0.037157
0 0.766289 0.342488 0.042493 0.035541
0 0.533286 0.341680 0.038244 0.037157
0 0.328612 0.491115 0.033994 0.032310
0 0.162890 0.833603 0.033994 0.038772
0 0.822238 0.532310 0.038244 0.037157
0 0.150142 0.491115 0.036827 0.035541
0 0.764873 0.382876 0.039660 0.038772
0 0.148725 0.375606 0.039660 0.037157
0 0.387394 0.570275 0.038244 0.035541
0 0.822946 0.378837 0.036827 0.037157
0 0.207507 0.566236 0.038244 0.040388
0 0.765581 0.533118 0.038244 0.042003
0 0.590652 0.341680 0.036827 0.037157
0 0.708215 0.304523 0.036827 0.037157
0 0.211048 0.298869 0.036827 0.038772
0 0.148725 0.294830 0.036827 0.037157
0 0.531161 0.757674 0.039660 0.038772
0 0.825071 0.420840 0.035411 0.037157
0 0.269122 0.340872 0.039660 0.035541
0 0.387394 0.529887 0.038244 0.038772
0 0.589235 0.719709 0.039660 0.040388
0 0.387394 0.721325 0.038244 0.037157
0 0.533286 0.378837 0.032578 0.033926
0 0.704674 0.645396 0.038244 0.037157
0 0.149433 0.569467 0.038244 0.037157
0 0.442635 0.491115 0.035411 0.035541
0 0.589943 0.453958 0.038244 0.032310
0 0.206091 0.832795 0.038244 0.037157
0 0.208215 0.528271 0.033994 0.032310
0 0.531161 0.719709 0.039660 0.037157
0 0.765581 0.645396 0.041076 0.037157
0 0.163598 0.796446 0.029745 0.032310
0 0.589235 0.795638 0.036827 0.037157
0 0.134561 0.871567 0.031161 0.037157
0 0.134561 0.796446 0.028329 0.035541
0 0.206091 0.679321 0.038244 0.037157
