0 0.765972 0.133721 0.026389 0.048837
0 0.350694 0.593023 0.040278 0.065116
0 0.547222 0.634884 0.025000 0.041860
0 0.534028 0.218605 0.040278 0.041860
0 0.887500 0.136047 0.025000 0.034884
0 0.904167 0.177907 0.038889 0.039535
0 0.717361 0.137209 0.034722 0.041860
0 0.289583 0.603488 0.037500 0.048837
0 0.546528 0.675581 0.023611 0.034884
0 0.181250 0.367442 0.023611 0.041860
0 0.716667 0.602326 0.038889 0.051163
0 0.765278 0.276744 0.025000 0.041860
0 0.150694 0.268605 0.023611 0.039535
0 0.793750 0.417442 0.026389 0.039535
0 0.149306 0.317442 0.023611 0.034884
0 0.165278 0.836047 0.041667 0.048837
0 0.104861 0.554651 0.037500 0.048837
0 0.716667 0.510465 0.038889 0.048837
0 0.227083 0.554651 0.037500 0.048837
0 0.348611 0.836047 0.038889 0.048837
0 0.289583 0.275581 0.037500 0.048837
0 0.165972 0.694186 0.040278 0.048837
0 0.149306 0.366279 0.026389 0.044186
0 0.918056 0.276744 0.027778 0.051163
0 0.181944 0.270930 0.027778 0.053488
0 0.594444 0.886047 0.036111 0.041860
0 0.348611 0.510465 0.038889 0.048837
0 0.104167 0.461628 0.036111 0.048837
0 0.166667 0.788372 0.038889 0.046512
0 0.165972 0.743023 0.037500 0.048837
0 0.350694 0.270930 0.034722 0.044186
0 0.288889 0.702326 0.038889 0.051163
0 0.181944 0.319767 0.025000 0.034884
0 0.104167 0.416279 0.036111 0.046512
0 0.795139 0.325581 0.026389 0.041860
0 0.842361 0.233721 0.037500 0.044186
0 0.165972 0.886047 0.040278 0.051163
0 0.595139 0.320930 0.034722 0.046512
0 0.593750 0.700000 0.037500 0.041860
0 0.795833 0.276744 0.027778 0.051163
0 0.841667 0.183721 0.038889 0.060465
0 0.472917 0.226744 0.040278 0.058140
0 0.779861 0.461628 0.040278 0.053488
0 0.594444 0.791860 0.036111 0.039535
0 0.289583 0.416279 0.037500 0.046512
0 0.794444 0.369767 0.025000 0.041860
0 0.289583 0.319767 0.037500 0.048837
0 0.104861 0.509302 0.037500 0.046512
0 0.288889 0.461628 0.038889 0.048837
0 0.595139 0.933721 0.034722 0.048837
0 0.963194 0.510465 0.037500 0.048837
0 0.718056 0.417442 0.036111 0.044186
0 0.962500 0.179070 0.038889 0.055814
0 0.964583 0.233721 0.040278 0.048837
0 0.227778 0.508140 0.036111 0.048837
0 0.657639 0.227907 0.034722 0.046512
0 0.962500 0.417442 0.036111 0.048837
0 0.900694 0.461628 0.037500 0.053488
0 0.595139 0.416279 0.034722 0.046512
0 0.104167 0.318605 0.036111 0.041860
0 0.227778 0.460465 0.036111 0.041860
0 0.718056 0.227907 0.036111 0.046512
0 0.288889 0.841860 0.038889 0.051163
0 0.840972 0.374419 0.037500 0.051163
0 0.228472 0.794186 0.037500 0.048837
0 0.963194 0.462791 0.037500 0.046512
0 0.412500 0.275581 0.036111 0.058140
0 0.351389 0.225581 0.036111 0.051163
0 0.595833 0.224419 0.038889 0.062791
0 0.841667 0.324419 0.036111 0.044186
0 0.595139 0.510465 0.034722 0.048837
0 0.593750 0.603488 0.037500 0.048837
0 0.901389 0.609302 0.038889 0.051163
0 0.229167 0.417442 0.036111 0.044186
0 0.227778 0.602326 0.038889 0.051163
0 0.103472 0.366279 0.034722 0.048837
0 0.104167 0.274419 0.036111 0.046512
0 0.778472 0.652326 0.040278 0.058140
0 0.841667 0.277907 0.038889 0.048837
0 0.718750 0.368605 0.034722 0.048837
0 0.288889 0.510465 0.038889 0.048837
0 0.165972 0.509302 0.037500 0.046512
0 0.593750 0.744186 0.037500 0.051163
0 0.103472 0.226744 0.037500 0.048837
0 0.165278 0.554651 0.038889 0.048837
0 0.657639 0.276744 0.037500 0.051163
0 0.228472 0.652326 0.040278 0.048837
0 0.227778 0.224419 0.036111 0.053488
0 0.350694 0.368605 0.040278 0.048837
0 0.594444 0.558140 0.036111 0.051163
0 0.593750 0.652326 0.037500 0.048837
0 0.595139 0.367442 0.034722 0.041860
0 0.718750 0.320930 0.037500 0.046512
0 0.348611 0.460465 0.038889 0.051163
0 0.351389 0.318605 0.036111 0.051163
0 0.288889 0.368605 0.038889 0.048837
0 0.229167 0.319767 0.033333 0.048837
0 0.228472 0.274419 0.034722 0.046512
0 0.103472 0.176744 0.040278 0.051163
0 0.288889 0.226744 0.038889 0.058140
0 0.595139 0.462791 0.034722 0.046512
0 0.229167 0.368605 0.036111 0.048837
0 0.593056 0.837209 0.038889 0.055814
0 0.717361 0.275581 0.037500 0.048837
0 0.165972 0.460465 0.040278 0.051163
0 0.150694 0.132558 0.026389 0.041860
0 0.182639 0.125581 0.023611 0.041860
0 0.532639 0.809302 0.031944 0.041860
0 0.104861 0.743023 0.034722 0.048837
0 0.350694 0.561628 0.037500 0.058140
0 0.716667 0.176744 0.036111 0.055814
0 0.657639 0.134884 0.037500 0.041860
0 0.534028 0.300000 0.040278 0.051163
0 0.761806 0.369767 0.026389 0.046512
0 0.104167 0.788372 0.038889 0.046512
0 0.778472 0.559302 0.037500 0.048837
0 0.779861 0.184884 0.034722 0.048837
0 0.763889 0.319767 0.025000 0.034884
0 0.717361 0.652326 0.037500 0.048837
0 0.165972 0.224419 0.037500 0.044186
0 0.104167 0.602326 0.036111 0.051163
0 0.350000 0.696512 0.038889 0.048837
0 0.350694 0.411628 0.034722 0.041860
0 0.348611 0.744186 0.038889 0.051163
0 0.289583 0.933721 0.037500 0.039535
0 0.288889 0.888372 0.036111 0.046512
0 0.227778 0.698837 0.036111 0.039535
0 0.227778 0.743023 0.038889 0.048837
0 0.350000 0.931395 0.038889 0.044186
0 0.104861 0.695349 0.037500 0.046512
0 0.104861 0.650000 0.037500 0.044186
0 0.901389 0.511628 0.038889 0.046512
0 0.885417 0.370930 0.023611 0.048837
0 0.166667 0.176744 0.036111 0.051163
0 0.288889 0.793023 0.038889 0.046512
0 0.103472 0.884884 0.040278 0.048837
0 0.902778 0.225581 0.038889 0.051163
0 0.778472 0.511628 0.037500 0.046512
0 0.350694 0.886047 0.037500 0.051163
0 0.963889 0.324419 0.036111 0.044186
0 0.288889 0.745349 0.038889 0.044186
0 0.717361 0.745349 0.037500 0.048837
0 0.717361 0.558140 0.037500 0.046512
0 0.778472 0.603488 0.037500 0.048837
0 0.717361 0.461628 0.037500 0.044186
0 0.288889 0.652326 0.041667 0.048837
0 0.350000 0.788372 0.036111 0.046512
0 0.165972 0.602326 0.037500 0.051163
0 0.411806 0.224419 0.031944 0.048837
0 0.181250 0.412791 0.026389 0.039535
0 0.964583 0.282558 0.037500 0.044186
0 0.165972 0.646512 0.040278 0.046512
0 0.549306 0.605814 0.023611 0.016279
0 0.546528 0.584884 0.023611 0.020930
0 0.549306 0.560465 0.023611 0.023256
0 0.547222 0.537209 0.019444 0.023256
0 0.546528 0.512791 0.020833 0.025581
0 0.534028 0.439535 0.031944 0.013953
0 0.535417 0.138372 0.040278 0.053488
0 0.794444 0.138372 0.027778 0.044186
0 0.918056 0.134884 0.025000 0.041860
0 0.547917 0.486047 0.023611 0.027907
0 0.534722 0.259302 0.038889 0.034884
0 0.535417 0.382558 0.034722 0.034884
0 0.534722 0.415116 0.038889 0.034884
0 0.534722 0.177907 0.038889 0.030233
0 0.595833 0.275581 0.036111 0.048837
0 0.963889 0.369767 0.036111 0.041860
0 0.350694 0.651163 0.040278 0.051163
0 0.886806 0.276744 0.023611 0.041860
0 0.657639 0.176744 0.034722 0.051163
0 0.918056 0.324419 0.025000 0.039535
0 0.916667 0.418605 0.027778 0.041860
0 0.886111 0.319767 0.022222 0.039535
0 0.289583 0.559302 0.034722 0.044186
0 0.547917 0.893023 0.023611 0.032558
0 0.715972 0.700000 0.037500 0.051163
0 0.102083 0.933721 0.043056 0.048837
0 0.917361 0.369767 0.026389 0.041860
0 0.104861 0.836047 0.037500 0.048837
0 0.548611 0.929070 0.025000 0.039535
0 0.779167 0.229070 0.036111 0.044186
0 0.413194 0.133721 0.037500 0.058140
0 0.412500 0.177907 0.038889 0.034884
0 0.900694 0.559302 0.037500 0.044186
