0 0.388138 0.491952 0.040541 0.046278
0 0.807057 0.563380 0.031532 0.036217
0 0.449700 0.618712 0.040541 0.034205
0 0.807057 0.747485 0.031532 0.038229
0 0.789790 0.328974 0.042042 0.042254
0 0.132132 0.669014 0.036036 0.042254
0 0.388889 0.964789 0.045045 0.050302
0 0.446697 0.580483 0.040541 0.042254
0 0.915916 0.374245 0.045045 0.044266
0 0.135135 0.440644 0.036036 0.048290
0 0.916667 0.325956 0.043544 0.048290
0 0.390390 0.872233 0.045045 0.046278
0 0.665916 0.605634 0.043544 0.052314
0 0.448198 0.355131 0.040541 0.042254
0 0.446697 0.392354 0.040541 0.040241
0 0.326577 0.491952 0.034535 0.050302
0 0.604354 0.961771 0.046547 0.056338
0 0.133634 0.383300 0.036036 0.042254
0 0.605105 0.780684 0.045045 0.052314
0 0.388889 0.794769 0.042042 0.044266
0 0.136637 0.872233 0.042042 0.050302
0 0.728228 0.284708 0.045045 0.050302
0 0.326577 0.699195 0.040541 0.046278
0 0.448198 0.431590 0.040541 0.042254
0 0.665916 0.507042 0.043544 0.064386
0 0.198949 0.962777 0.040541 0.062374
0 0.326577 0.743461 0.043544 0.046278
0 0.133634 0.509054 0.039039 0.048290
0 0.323574 0.592555 0.040541 0.050302
0 0.495495 0.171026 0.039039 0.044266
0 0.389640 0.749497 0.043544 0.042254
0 0.388138 0.706237 0.040541 0.044266
0 0.135135 0.564386 0.042042 0.050302
0 0.448198 0.279678 0.040541 0.048290
0 0.323574 0.541247 0.040541 0.048290
0 0.197447 0.873239 0.046547 0.052314
0 0.605105 0.599598 0.042042 0.060362
0 0.386637 0.577465 0.040541 0.044266
0 0.387387 0.229376 0.042042 0.048290
0 0.325075 0.646881 0.040541 0.054326
0 0.386637 0.536217 0.040541 0.046278
0 0.259760 0.226358 0.042042 0.054326
0 0.916667 0.278672 0.043544 0.050302
0 0.132132 0.232394 0.039039 0.054326
0 0.387387 0.399396 0.042042 0.042254
0 0.387387 0.311871 0.042042 0.044266
0 0.386637 0.622736 0.040541 0.046278
0 0.542042 0.280684 0.042042 0.050302
0 0.853604 0.283702 0.046547 0.052314
0 0.197447 0.513078 0.043544 0.060362
0 0.199700 0.779678 0.045045 0.058350
0 0.136637 0.961771 0.048048 0.060362
0 0.728228 0.230382 0.045045 0.058350
0 0.134384 0.620724 0.040541 0.046278
0 0.323574 0.439638 0.043544 0.050302
0 0.665916 0.372233 0.040541 0.056338
0 0.388138 0.445674 0.040541 0.050302
0 0.067568 0.280684 0.048048 0.050302
0 0.789790 0.283702 0.042042 0.048290
0 0.605856 0.229376 0.043544 0.056338
0 0.323574 0.233400 0.040541 0.052314
0 0.132132 0.326962 0.042042 0.050302
0 0.134384 0.778672 0.043544 0.052314
0 0.604354 0.415493 0.046547 0.058350
0 0.323574 0.388330 0.040541 0.048290
0 0.069069 0.228370 0.045045 0.054326
0 0.668168 0.229376 0.045045 0.056338
0 0.449700 0.717304 0.043544 0.030181
0 0.449700 0.750503 0.040541 0.036217
0 0.448198 0.469819 0.040541 0.034205
0 0.446697 0.231388 0.040541 0.048290
0 0.337087 0.831992 0.028529 0.034205
0 0.807057 0.789738 0.031532 0.038229
0 0.776276 0.790744 0.027027 0.040241
0 0.502252 0.531187 0.025526 0.036217
0 0.666667 0.871227 0.039039 0.048290
0 0.776276 0.644869 0.027027 0.034205
0 0.804054 0.831992 0.034535 0.038229
0 0.682432 0.830986 0.028529 0.040241
0 0.810060 0.600604 0.031532 0.038229
0 0.808559 0.711268 0.028529 0.030181
0 0.805556 0.528169 0.028529 0.038229
0 0.777778 0.609658 0.027027 0.040241
0 0.807057 0.675050 0.031532 0.038229
0 0.404655 0.834004 0.025526 0.034205
0 0.807057 0.635815 0.031532 0.036217
0 0.776276 0.750503 0.030030 0.040241
0 0.447447 0.649899 0.042042 0.036217
0 0.151652 0.828974 0.027027 0.036217
0 0.776276 0.678068 0.027027 0.036217
0 0.777027 0.712274 0.028529 0.036217
0 0.464715 0.828974 0.022523 0.036217
0 0.807808 0.489940 0.027027 0.034205
0 0.451201 0.871227 0.040541 0.044266
0 0.792042 0.873239 0.040541 0.052314
0 0.779279 0.530181 0.030030 0.038229
0 0.789790 0.920523 0.048048 0.042254
0 0.620871 0.828974 0.028529 0.040241
0 0.807808 0.450704 0.027027 0.040241
0 0.495495 0.213280 0.039039 0.040241
0 0.665916 0.966801 0.043544 0.046278
0 0.779279 0.567404 0.030030 0.040241
0 0.805556 0.410463 0.028529 0.040241
0 0.789039 0.967807 0.040541 0.052314
0 0.214715 0.830986 0.027027 0.036217
0 0.778529 0.492958 0.031532 0.036217
0 0.666667 0.918511 0.042042 0.046278
0 0.327327 0.870221 0.042042 0.050302
0 0.503754 0.486922 0.028529 0.040241
0 0.915165 0.512072 0.040541 0.050302
0 0.326577 0.917505 0.040541 0.044266
0 0.326577 0.964789 0.043544 0.050302
0 0.915916 0.416499 0.042042 0.044266
0 0.448198 0.318913 0.043544 0.034205
0 0.389640 0.668008 0.037538 0.040241
0 0.663664 0.699195 0.042042 0.050302
0 0.606607 0.872233 0.045045 0.054326
0 0.450450 0.789738 0.039039 0.042254
0 0.448949 0.687123 0.045045 0.038229
0 0.777027 0.454728 0.028529 0.040241
0 0.446697 0.505030 0.040541 0.040241
0 0.916667 0.462777 0.043544 0.048290
0 0.496997 0.121730 0.036036 0.042254
0 0.135135 0.716298 0.036036 0.044266
0 0.386637 0.357143 0.040541 0.046278
0 0.386637 0.270624 0.040541 0.038229
0 0.496246 0.083501 0.031532 0.034205
0 0.668919 0.780684 0.043544 0.056338
0 0.792042 0.371227 0.040541 0.042254
0 0.449700 0.916499 0.040541 0.046278
0 0.390390 0.918511 0.045045 0.046278
0 0.778529 0.413481 0.031532 0.038229
0 0.446697 0.540241 0.040541 0.038229
0 0.448949 0.967807 0.045045 0.048290
0 0.327327 0.789738 0.045045 0.046278
0 0.197447 0.649899 0.043544 0.064386
0 0.915916 0.228370 0.045045 0.050302
0 0.544294 0.227364 0.040541 0.052314
0 0.791291 0.228370 0.045045 0.054326
0 0.323574 0.337022 0.046547 0.050302
0 0.196697 0.371227 0.045045 0.054326
0 0.852853 0.228370 0.045045 0.054326
0 0.326577 0.284708 0.043544 0.050302
0 0.258258 0.280684 0.045045 0.054326
0 0.196697 0.226358 0.045045 0.058350
