0 0.758333 0.362890 0.034444 0.045977
0 0.759444 0.700328 0.036667 0.044335
0 0.127222 0.821839 0.021111 0.034483
0 0.875556 0.363711 0.022222 0.034483
0 0.902778 0.908867 0.023333 0.034483
0 0.772778 0.910509 0.021111 0.034483
0 0.152222 0.779967 0.022222 0.032841
0 0.128889 0.738916 0.022222 0.032841
0 0.773333 0.866995 0.022222 0.036125
0 0.153333 0.824302 0.022222 0.039409
0 0.823889 0.740558 0.021111 0.032841
0 0.747222 0.908867 0.023333 0.034483
0 0.927778 0.911330 0.022222 0.036125
0 0.822222 0.780788 0.020000 0.031199
0 0.925000 0.405583 0.021111 0.032841
0 0.823889 0.403941 0.018889 0.036125
0 0.926111 0.866174 0.023333 0.037767
0 0.127222 0.779146 0.023333 0.037767
0 0.774444 0.822660 0.020000 0.036125
0 0.926667 0.783251 0.022222 0.032841
0 0.695000 0.779967 0.021111 0.032841
0 0.771111 0.403941 0.022222 0.036125
0 0.748889 0.780788 0.022222 0.031199
0 0.926111 0.823481 0.023333 0.034483
0 0.822222 0.444992 0.017778 0.029557
0 0.925556 0.444171 0.022222 0.037767
0 0.747778 0.863711 0.022222 0.039409
0 0.771667 0.445813 0.023333 0.037767
0 0.873333 0.276683 0.022222 0.034483
0 0.901667 0.866174 0.023333 0.037767
0 0.861667 0.701149 0.034444 0.049261
0 0.926667 0.743021 0.022222 0.034483
0 0.874444 0.488506 0.020000 0.034483
0 0.771667 0.742200 0.023333 0.032841
0 0.720556 0.782430 0.023333 0.034483
0 0.875556 0.446634 0.020000 0.036125
0 0.747778 0.822660 0.022222 0.036125
0 0.748889 0.740558 0.020000 0.032841
0 0.901111 0.823481 0.022222 0.034483
0 0.772222 0.779967 0.022222 0.032841
0 0.720556 0.401478 0.021111 0.034483
0 0.902778 0.742200 0.023333 0.032841
0 0.696667 0.486043 0.020000 0.032841
0 0.850556 0.488506 0.021111 0.034483
0 0.902222 0.781609 0.022222 0.032841
0 0.824444 0.569787 0.020000 0.029557
0 0.848889 0.276683 0.020000 0.034483
0 0.800556 0.487685 0.021111 0.032841
0 0.721111 0.487685 0.022222 0.032841
0 0.873333 0.406404 0.022222 0.034483
0 0.849444 0.361248 0.021111 0.032841
0 0.695000 0.400657 0.021111 0.029557
0 0.695556 0.275862 0.020000 0.032841
0 0.720556 0.743021 0.023333 0.034483
0 0.848333 0.403941 0.021111 0.036125
0 0.800000 0.570608 0.020000 0.031199
0 0.800556 0.402299 0.023333 0.032841
0 0.825556 0.528736 0.017778 0.029557
0 0.695000 0.741379 0.021111 0.037767
0 0.848333 0.319376 0.023333 0.034483
0 0.800556 0.527094 0.021111 0.029557
0 0.801667 0.444992 0.021111 0.032841
0 0.720556 0.276683 0.021111 0.034483
0 0.913333 0.699507 0.035556 0.042693
0 0.721667 0.359606 0.021111 0.032841
0 0.861667 0.614943 0.032222 0.047619
0 0.913333 0.659278 0.033333 0.041051
0 0.721111 0.445813 0.022222 0.031199
0 0.695000 0.360427 0.018889 0.034483
0 0.874444 0.321018 0.020000 0.037767
0 0.760556 0.610837 0.034444 0.045977
0 0.695556 0.318555 0.022222 0.032841
0 0.861667 0.659278 0.032222 0.041051
0 0.696111 0.444992 0.021111 0.032841
0 0.720556 0.318555 0.021111 0.036125
0 0.759444 0.321839 0.032222 0.039409
0 0.707222 0.610016 0.034444 0.044335
0 0.810556 0.699507 0.032222 0.042693
0 0.912222 0.321018 0.031111 0.041051
0 0.758333 0.277504 0.036667 0.049261
0 0.810556 0.656814 0.032222 0.042693
0 0.913333 0.614122 0.035556 0.045977
0 0.708333 0.699507 0.036667 0.045977
0 0.760556 0.656814 0.034444 0.042693
0 0.850556 0.445813 0.025556 0.037767
0 0.706111 0.654351 0.032222 0.044335
0 0.811667 0.614122 0.032222 0.045977
0 0.913889 0.362890 0.032222 0.045977
0 0.810556 0.362890 0.036667 0.042693
0 0.913333 0.275862 0.033333 0.045977
0 0.810556 0.321018 0.032222 0.041051
0 0.808333 0.275862 0.034444 0.052545
0 0.152778 0.741379 0.021111 0.031199
0 0.152222 0.866995 0.024444 0.036125
0 0.515556 0.738916 0.024444 0.032841
0 0.358889 0.458128 0.022222 0.032841
0 0.335556 0.418719 0.022222 0.036125
0 0.293333 0.211002 0.033333 0.050903
0 0.087222 0.298030 0.036667 0.047619
0 0.137222 0.618227 0.036667 0.050903
0 0.436667 0.500821 0.022222 0.032841
0 0.087222 0.339901 0.036667 0.039409
0 0.434444 0.460591 0.020000 0.034483
0 0.462778 0.458128 0.023333 0.032841
0 0.449444 0.380131 0.036667 0.037767
0 0.396667 0.619048 0.033333 0.039409
0 0.462778 0.538588 0.023333 0.032841
0 0.358333 0.339901 0.021111 0.032841
0 0.334444 0.458949 0.020000 0.031199
0 0.603333 0.342365 0.035556 0.037767
0 0.335556 0.339901 0.020000 0.036125
0 0.462778 0.498358 0.023333 0.034483
0 0.358889 0.299672 0.022222 0.037767
0 0.335556 0.298030 0.022222 0.034483
0 0.501667 0.255337 0.045556 0.041051
0 0.358333 0.417898 0.021111 0.031199
0 0.461667 0.420361 0.023333 0.036125
0 0.502222 0.320197 0.042222 0.039409
0 0.358889 0.378489 0.020000 0.031199
0 0.084444 0.619048 0.040000 0.049261
0 0.136111 0.707718 0.036667 0.042693
0 0.435000 0.420361 0.021111 0.029557
0 0.605556 0.257800 0.035556 0.032841
0 0.292222 0.297209 0.035556 0.042693
0 0.292222 0.257800 0.035556 0.032841
0 0.501111 0.157635 0.051111 0.036125
0 0.083333 0.663383 0.037778 0.045977
0 0.502778 0.192939 0.047778 0.034483
0 0.356667 0.500821 0.026667 0.032841
0 0.552222 0.337438 0.035556 0.031199
0 0.136667 0.665846 0.033333 0.044335
0 0.502222 0.385057 0.046667 0.031199
0 0.500000 0.536125 0.031111 0.041051
0 0.501111 0.288177 0.046667 0.031199
0 0.502222 0.355501 0.046667 0.034483
0 0.501111 0.224138 0.046667 0.027915
0 0.190556 0.382594 0.036667 0.045977
0 0.396667 0.302135 0.035556 0.045977
0 0.553333 0.255337 0.037778 0.047619
0 0.086667 0.382594 0.037778 0.045977
0 0.345556 0.665025 0.033333 0.042693
0 0.189444 0.298030 0.036667 0.047619
0 0.241667 0.299672 0.036667 0.044335
0 0.447222 0.299672 0.036667 0.047619
0 0.138333 0.382594 0.036667 0.045977
0 0.449444 0.618227 0.036667 0.044335
0 0.345556 0.620690 0.033333 0.049261
0 0.397778 0.380131 0.033333 0.041051
0 0.346667 0.707718 0.033333 0.042693
0 0.241667 0.257800 0.034444 0.045977
0 0.655556 0.340722 0.033333 0.044335
0 0.501667 0.454023 0.038889 0.044335
0 0.447222 0.663383 0.034444 0.039409
0 0.138333 0.342365 0.036667 0.041051
0 0.552778 0.375205 0.036667 0.044335
0 0.605556 0.213465 0.035556 0.052545
0 0.293333 0.339901 0.033333 0.039409
0 0.138333 0.298030 0.034444 0.047619
0 0.188333 0.339901 0.036667 0.039409
0 0.292222 0.380131 0.035556 0.041051
0 0.552778 0.420361 0.034444 0.039409
0 0.397778 0.706076 0.035556 0.042693
0 0.553333 0.302135 0.033333 0.042693
0 0.603333 0.380131 0.035556 0.041051
0 0.447222 0.703612 0.036667 0.044335
0 0.603333 0.297209 0.035556 0.042693
0 0.500556 0.495895 0.038889 0.039409
0 0.448333 0.342365 0.034444 0.041051
0 0.190556 0.619048 0.034444 0.045977
0 0.397778 0.342365 0.033333 0.034483
0 0.188889 0.706076 0.037778 0.042693
0 0.653333 0.382594 0.035556 0.039409
0 0.655556 0.298030 0.037778 0.044335
0 0.395556 0.663383 0.031111 0.042693
0 0.335556 0.378489 0.022222 0.031199
0 0.188333 0.663383 0.036667 0.042693
