0 0.703333 0.244262 0.037778 0.042623
0 0.498333 0.242623 0.043333 0.039344
0 0.137222 0.150820 0.034444 0.045902
0 0.498333 0.139344 0.045556 0.036066
0 0.499444 0.175410 0.043333 0.042623
0 0.137778 0.196721 0.033333 0.042623
0 0.501111 0.344262 0.044444 0.032787
0 0.395556 0.453279 0.033333 0.037705
0 0.240556 0.200000 0.036667 0.039344
0 0.342222 0.495082 0.031111 0.042623
0 0.703333 0.288525 0.033333 0.042623
0 0.806667 0.287705 0.035556 0.040984
0 0.240556 0.495082 0.032222 0.042623
0 0.858333 0.537705 0.034444 0.042623
0 0.341111 0.410656 0.033333 0.044262
0 0.342222 0.328689 0.033333 0.037705
0 0.551667 0.287705 0.030000 0.040984
0 0.187222 0.409836 0.032222 0.042623
0 0.395556 0.198361 0.033333 0.049180
0 0.857222 0.154918 0.036667 0.047541
0 0.342778 0.451639 0.032222 0.044262
0 0.291111 0.494262 0.033333 0.047541
0 0.291667 0.413115 0.034444 0.039344
0 0.858333 0.246721 0.036667 0.044262
0 0.238333 0.577869 0.034444 0.044262
0 0.860556 0.748361 0.034444 0.040984
0 0.860556 0.621311 0.034444 0.042623
0 0.858333 0.495082 0.036667 0.042623
0 0.187222 0.282787 0.032222 0.047541
0 0.858333 0.203279 0.036667 0.042623
0 0.703333 0.201639 0.037778 0.042623
0 0.292778 0.195902 0.034444 0.050820
0 0.239444 0.283607 0.036667 0.045902
0 0.652778 0.330328 0.032222 0.037705
0 0.601667 0.326230 0.036667 0.049180
0 0.652222 0.285246 0.033333 0.045902
0 0.291667 0.450000 0.032222 0.037705
0 0.135556 0.286066 0.033333 0.044262
0 0.858333 0.291803 0.036667 0.042623
0 0.146667 0.868033 0.022222 0.034426
0 0.146667 0.786066 0.022222 0.034426
0 0.120556 0.913115 0.021111 0.036066
0 0.236111 0.786885 0.030000 0.042623
0 0.082778 0.831967 0.034444 0.037705
0 0.237222 0.704918 0.034444 0.042623
0 0.395556 0.618033 0.033333 0.042623
0 0.135556 0.328689 0.035556 0.037705
0 0.082778 0.659836 0.034444 0.037705
0 0.239444 0.367213 0.036667 0.045902
0 0.083333 0.367213 0.033333 0.042623
0 0.860556 0.788525 0.032222 0.042623
0 0.756667 0.287705 0.033333 0.037705
0 0.238333 0.411475 0.032222 0.042623
0 0.500556 0.310656 0.043333 0.040984
0 0.394444 0.659836 0.033333 0.044262
0 0.858333 0.413115 0.036667 0.042623
0 0.239444 0.453279 0.030000 0.037705
0 0.187778 0.454918 0.033333 0.047541
0 0.602778 0.244262 0.034444 0.032787
0 0.081111 0.575410 0.033333 0.042623
0 0.807778 0.246721 0.035556 0.037705
0 0.133333 0.622131 0.037778 0.040984
0 0.081667 0.748361 0.036667 0.040984
0 0.083333 0.326230 0.035556 0.042623
0 0.860556 0.827869 0.036667 0.042623
0 0.136667 0.492623 0.035556 0.040984
0 0.082778 0.617213 0.034444 0.044262
0 0.135556 0.577869 0.037778 0.047541
0 0.083333 0.408197 0.033333 0.042623
0 0.237222 0.619672 0.034444 0.042623
0 0.342222 0.620492 0.033333 0.034426
0 0.550556 0.198361 0.032222 0.042623
0 0.082778 0.789344 0.034444 0.047541
0 0.393333 0.746721 0.037778 0.044262
0 0.806667 0.329508 0.033333 0.042623
0 0.342778 0.704918 0.034444 0.045902
0 0.239444 0.326230 0.032222 0.042623
0 0.860556 0.661475 0.032222 0.037705
0 0.753333 0.154098 0.035556 0.042623
0 0.859444 0.704098 0.032222 0.047541
0 0.082222 0.451639 0.035556 0.044262
0 0.240556 0.154918 0.036667 0.047541
0 0.240556 0.240164 0.034444 0.037705
0 0.292778 0.285246 0.034444 0.036066
0 0.082778 0.702459 0.036667 0.047541
0 0.756667 0.248361 0.033333 0.044262
0 0.395556 0.578689 0.033333 0.039344
0 0.447778 0.242623 0.033333 0.036066
0 0.393333 0.705738 0.037778 0.044262
0 0.342778 0.663115 0.034444 0.044262
0 0.237222 0.827869 0.034444 0.042623
0 0.704444 0.330328 0.033333 0.044262
0 0.146111 0.701639 0.023333 0.039344
0 0.238333 0.872951 0.036667 0.044262
0 0.341111 0.869672 0.033333 0.040984
0 0.095556 0.284426 0.022222 0.037705
0 0.498333 0.209016 0.047778 0.027869
0 0.148333 0.913115 0.023333 0.039344
0 0.120556 0.868033 0.021111 0.034426
0 0.121667 0.661475 0.021111 0.027869
0 0.910556 0.203279 0.034444 0.045902
0 0.499444 0.277049 0.043333 0.032787
0 0.135556 0.536066 0.037778 0.042623
0 0.146111 0.827869 0.023333 0.032787
0 0.342778 0.915574 0.036667 0.047541
0 0.238333 0.914754 0.036667 0.039344
0 0.121111 0.827869 0.022222 0.039344
0 0.341111 0.746721 0.033333 0.037705
0 0.121667 0.702459 0.021111 0.040984
0 0.122778 0.742623 0.021111 0.032787
0 0.146111 0.663115 0.023333 0.034426
0 0.341111 0.830328 0.031111 0.037705
0 0.601111 0.280328 0.033333 0.039344
0 0.393889 0.916393 0.038889 0.042623
0 0.082778 0.870492 0.034444 0.042623
0 0.082778 0.534426 0.032222 0.042623
0 0.237778 0.748361 0.033333 0.040984
0 0.120556 0.786066 0.021111 0.037705
0 0.858333 0.372131 0.034444 0.039344
0 0.755556 0.200820 0.035556 0.047541
0 0.082222 0.492623 0.033333 0.037705
0 0.860556 0.869672 0.032222 0.040984
0 0.082778 0.914754 0.036667 0.045902
0 0.651111 0.245082 0.033333 0.040984
0 0.135556 0.409836 0.033333 0.036066
0 0.392222 0.872951 0.037778 0.044262
0 0.910556 0.249180 0.036667 0.049180
0 0.147778 0.742623 0.024444 0.036066
0 0.237222 0.662295 0.034444 0.042623
0 0.860556 0.913934 0.034444 0.047541
0 0.238889 0.535246 0.028889 0.037705
0 0.910556 0.155738 0.036667 0.049180
0 0.342778 0.788525 0.034444 0.045902
0 0.135556 0.450000 0.035556 0.040984
0 0.859444 0.452459 0.032222 0.039344
0 0.857778 0.333607 0.037778 0.040984
0 0.393333 0.786885 0.035556 0.042623
0 0.135556 0.367213 0.033333 0.042623
0 0.137778 0.240164 0.033333 0.044262
0 0.394444 0.827869 0.037778 0.042623
0 0.186667 0.327869 0.033333 0.042623
0 0.342222 0.536885 0.033333 0.047541
0 0.703333 0.153279 0.035556 0.047541
0 0.291111 0.326230 0.033333 0.042623
0 0.186667 0.370492 0.035556 0.042623
0 0.551667 0.327869 0.034444 0.042623
0 0.395556 0.244262 0.037778 0.042623
0 0.292222 0.242623 0.037778 0.045902
0 0.858333 0.581148 0.036667 0.044262
0 0.342222 0.581148 0.033333 0.044262
0 0.342222 0.367213 0.033333 0.042623
0 0.808333 0.203279 0.036667 0.049180
0 0.395556 0.537705 0.033333 0.039344
0 0.343333 0.195082 0.035556 0.049180
0 0.756667 0.331148 0.035556 0.042623
0 0.291667 0.369672 0.034444 0.044262
0 0.395556 0.413115 0.031111 0.042623
0 0.343333 0.243443 0.033333 0.044262
0 0.395000 0.369672 0.030000 0.040984
0 0.447778 0.198361 0.035556 0.052459
0 0.602778 0.199180 0.036667 0.050820
0 0.651111 0.200820 0.033333 0.050820
0 0.395556 0.327869 0.033333 0.042623
0 0.550556 0.242623 0.038889 0.045902
0 0.394444 0.494262 0.033333 0.047541
0 0.447778 0.331148 0.035556 0.042623
0 0.395556 0.288525 0.033333 0.039344
0 0.447222 0.286066 0.034444 0.047541
0 0.343333 0.288525 0.033333 0.045902
