0 0.714206 0.651567 0.024512 0.036404
0 0.109072 0.725888 0.041002 0.050235
0 0.127827 0.890219 0.038421 0.046403
0 0.749633 0.725104 0.025802 0.038320
0 0.612154 0.895085 0.025606 0.036696
0 0.467500 0.212754 0.047085 0.039285
0 0.604276 0.806651 0.022325 0.035821
0 0.608292 0.849171 0.024119 0.033156
0 0.123854 0.852718 0.042095 0.050527
0 0.582045 0.856176 0.024512 0.036404
0 0.580270 0.305049 0.037721 0.049360
0 0.240292 0.518177 0.032954 0.044944
0 0.572023 0.773344 0.024512 0.036404
0 0.114083 0.767304 0.040805 0.048611
0 0.588737 0.687568 0.024709 0.038028
0 0.914413 0.468197 0.037832 0.041531
0 0.718431 0.686486 0.024316 0.034780
0 0.881850 0.227075 0.039011 0.051276
0 0.563837 0.691699 0.023812 0.039361
0 0.143451 0.995892 0.041591 0.008215
0 0.118296 0.811448 0.041591 0.055108
0 0.297895 0.546395 0.037721 0.049360
0 0.148556 0.632359 0.039011 0.051276
0 0.204868 0.659245 0.037832 0.041531
0 0.219902 0.783492 0.041002 0.050235
0 0.059056 0.312543 0.039011 0.051276
0 0.463822 0.177689 0.045180 0.049779
0 0.694707 0.485758 0.025606 0.036696
0 0.744917 0.686124 0.025802 0.038320
0 0.831250 0.238065 0.034440 0.048484
0 0.739414 0.640648 0.025802 0.038320
0 0.567306 0.734365 0.024512 0.036404
0 0.099442 0.646305 0.036234 0.045820
0 0.132740 0.930823 0.041002 0.050235
0 0.722859 0.177295 0.036738 0.041239
0 0.153370 0.672150 0.036627 0.049068
0 0.136855 0.974112 0.041198 0.051775
0 0.440919 0.426908 0.040805 0.048611
0 0.209037 0.698370 0.035337 0.047152
0 0.728046 0.560690 0.025298 0.042901
0 0.702991 0.568215 0.029083 0.039196
0 0.708900 0.607715 0.025298 0.042901
0 0.698975 0.525696 0.025102 0.041277
0 0.186112 0.494914 0.039404 0.054524
0 0.160569 0.712983 0.039404 0.054524
0 0.718864 0.480149 0.023615 0.037737
0 0.104159 0.685285 0.038815 0.049652
0 0.876642 0.184035 0.039601 0.056148
0 0.681974 0.277905 0.037721 0.049360
0 0.853581 0.403956 0.036824 0.050692
0 0.940858 0.677421 0.036431 0.047444
0 0.787596 0.292469 0.038310 0.054232
0 0.293178 0.507416 0.035534 0.048776
0 0.237511 0.481196 0.036038 0.044195
0 0.074287 0.438414 0.039208 0.052900
0 0.782038 0.251199 0.036627 0.049068
0 0.595094 0.726110 0.025802 0.038320
0 0.734052 0.601002 0.024512 0.036404
0 0.269018 0.298421 0.034944 0.043904
0 0.565647 0.604033 0.037721 0.049360
0 0.701922 0.442756 0.040105 0.051568
0 0.484414 0.343206 0.045487 0.043574
0 0.475712 0.275950 0.046384 0.042242
0 0.488345 0.375689 0.048067 0.047406
0 0.459345 0.145352 0.045487 0.043574
0 0.956132 0.808310 0.038114 0.052608
0 0.431892 0.342973 0.036234 0.045820
0 0.935300 0.636151 0.035534 0.048776
0 0.929840 0.595693 0.041002 0.050235
0 0.480834 0.308953 0.045180 0.049779
0 0.501555 0.489525 0.044000 0.040034
0 0.540496 0.718048 0.023333 0.026659
0 0.598619 0.764569 0.022633 0.029616
0 0.867922 0.093311 0.039233 0.035618
0 0.550963 0.478015 0.039233 0.035618
0 0.903493 0.387282 0.039233 0.035618
0 0.858703 0.436959 0.039036 0.033994
0 0.843165 0.317876 0.034073 0.027954
0 0.541214 0.737975 0.022633 0.029616
0 0.578281 0.811074 0.023615 0.037737
0 0.747725 0.811958 0.037721 0.049360
0 0.898776 0.348302 0.041591 0.055108
0 0.055348 0.263234 0.040190 0.061021
0 0.700637 0.870632 0.040498 0.054816
0 0.909696 0.429218 0.039797 0.057772
0 0.723132 0.520087 0.025298 0.042901
0 0.696326 0.825676 0.035534 0.048776
0 0.752036 0.856914 0.038310 0.054232
0 0.863014 0.481915 0.037610 0.057189
0 0.736898 0.302646 0.037917 0.050984
0 0.093435 0.605993 0.039601 0.056148
0 0.951821 0.763355 0.038310 0.054232
0 0.273931 0.339025 0.035730 0.050400
0 0.893372 0.303638 0.038815 0.049652
0 0.205717 0.223102 0.038704 0.057481
0 0.670465 0.192117 0.041702 0.047279
0 0.685308 0.743948 0.037524 0.047736
0 0.733078 0.261751 0.034944 0.043904
0 0.924927 0.555089 0.041002 0.050235
0 0.069275 0.396998 0.038618 0.048028
0 0.496543 0.448110 0.046162 0.057899
0 0.245402 0.560405 0.040301 0.053192
0 0.214694 0.740452 0.036824 0.050692
0 0.194494 0.578183 0.035337 0.047152
0 0.641495 0.372538 0.035927 0.052024
0 0.887660 0.265763 0.036431 0.047444
0 0.871938 0.135831 0.041984 0.058356
0 0.556171 0.521055 0.039208 0.052900
0 0.771217 0.171095 0.036824 0.050692
0 0.471234 0.243613 0.050844 0.052862
0 0.190423 0.539870 0.036627 0.049068
0 0.540590 0.396954 0.035337 0.047152
0 0.945673 0.717212 0.038815 0.049652
0 0.692310 0.783156 0.037721 0.049360
0 0.742615 0.769730 0.038507 0.055856
0 0.251998 0.605589 0.037721 0.049360
0 0.560734 0.563429 0.037328 0.046111
0 0.263362 0.256339 0.039011 0.051276
0 0.160564 0.283775 0.039011 0.051276
0 0.863009 0.052707 0.039797 0.057772
0 0.426979 0.302369 0.039601 0.056148
0 0.646408 0.413142 0.035141 0.045528
0 0.570603 0.649655 0.041002 0.050235
0 0.869414 0.525475 0.039404 0.054524
0 0.288265 0.466812 0.037721 0.049360
0 0.777770 0.211261 0.035337 0.047152
0 0.080392 0.479538 0.036431 0.047444
0 0.825145 0.196941 0.041198 0.051860
0 0.576352 0.263341 0.040498 0.054816
0 0.690707 0.359404 0.037721 0.049360
0 0.676766 0.234865 0.038310 0.054232
0 0.656530 0.496786 0.035730 0.050400
0 0.210421 0.271307 0.038507 0.055856
0 0.258406 0.210717 0.040498 0.054816
0 0.104756 0.251724 0.041591 0.055108
0 0.175248 0.409792 0.037721 0.049360
0 0.279336 0.383689 0.038114 0.052608
0 0.712345 0.090403 0.038507 0.055856
0 0.762398 0.079559 0.037610 0.057189
0 0.200053 0.619453 0.041788 0.056732
0 0.660946 0.104121 0.040694 0.056440
0 0.166767 0.325711 0.039404 0.054524
0 0.675580 0.663553 0.037328 0.046111
0 0.120969 0.385717 0.036627 0.049068
0 0.873725 0.570431 0.041395 0.053484
0 0.919424 0.509613 0.041788 0.056732
0 0.064166 0.354770 0.040805 0.048611
0 0.666645 0.151221 0.039908 0.049944
0 0.180554 0.453644 0.038507 0.055856
0 0.130795 0.466924 0.036627 0.049068
0 0.366258 0.229715 0.039601 0.056148
0 0.360460 0.181803 0.039797 0.057772
0 0.124789 0.426612 0.041002 0.050235
0 0.089518 0.564286 0.036431 0.047444
0 0.309159 0.196333 0.042181 0.059980
0 0.110259 0.297201 0.041198 0.051860
0 0.585282 0.346464 0.037917 0.050984
0 0.626461 0.248291 0.037917 0.050984
0 0.139921 0.551672 0.041002 0.050235
0 0.521583 0.235205 0.036627 0.049068
0 0.526944 0.274851 0.035337 0.047152
0 0.085305 0.520142 0.036824 0.050692
0 0.172172 0.370375 0.036627 0.049068
0 0.283352 0.426208 0.037721 0.049360
0 0.716951 0.137795 0.038507 0.055856
0 0.635390 0.331414 0.035337 0.047152
0 0.727871 0.218711 0.038114 0.052608
0 0.215530 0.313534 0.035534 0.048776
0 0.650425 0.455662 0.038114 0.052608
0 0.328099 0.371512 0.036824 0.050692
0 0.145928 0.591983 0.038815 0.049652
0 0.666552 0.579617 0.035337 0.047152
0 0.516823 0.191207 0.038507 0.055856
0 0.631571 0.290519 0.037917 0.050984
0 0.509736 0.141963 0.040891 0.058064
0 0.767803 0.124223 0.037413 0.055565
0 0.134615 0.507820 0.041395 0.053484
0 0.847882 0.356856 0.041984 0.058356
0 0.226843 0.397698 0.035534 0.048776
0 0.315055 0.245057 0.041002 0.050235
0 0.840033 0.282665 0.037413 0.055565
0 0.324826 0.330471 0.037917 0.050984
0 0.546148 0.438224 0.041395 0.053484
0 0.318875 0.285953 0.038815 0.049652
0 0.684700 0.319092 0.039908 0.049944
0 0.436805 0.383577 0.039601 0.056148
0 0.697009 0.402152 0.040105 0.051568
0 0.156155 0.238007 0.039404 0.054524
0 0.680493 0.704156 0.039908 0.049944
0 0.230859 0.440218 0.040694 0.056440
0 0.114373 0.340532 0.037413 0.055565
0 0.220738 0.356574 0.037917 0.050984
0 0.661639 0.539013 0.037917 0.050984
0 0.535775 0.357162 0.037721 0.049360
0 0.530764 0.315747 0.037917 0.050984
0 0.670765 0.623761 0.037917 0.050984
