0 0.676895 0.708122 0.022864 0.032149
0 0.022262 0.620135 0.039711 0.042301
0 0.021059 0.791032 0.037304 0.038917
0 0.705174 0.791878 0.024067 0.033841
0 0.536703 0.926396 0.024067 0.032149
0 0.470517 0.198816 0.048135 0.028765
0 0.539711 0.835025 0.020457 0.032149
0 0.538508 0.879019 0.022864 0.028765
0 0.021661 0.752115 0.040915 0.042301
0 0.509627 0.879019 0.022864 0.032149
0 0.578821 0.322335 0.036101 0.042301
0 0.188929 0.445854 0.031288 0.038917
0 0.509627 0.792724 0.022864 0.032149
0 0.022262 0.663283 0.039711 0.040609
0 0.538508 0.710660 0.022864 0.033841
0 0.913959 0.576988 0.037304 0.033841
0 0.676895 0.744501 0.022864 0.030457
0 0.910349 0.324873 0.037304 0.043993
0 0.511432 0.708122 0.021661 0.035533
0 0.021059 0.925550 0.039711 0.047377
0 0.021059 0.708968 0.039711 0.047377
0 0.246691 0.489848 0.036101 0.042301
0 0.076414 0.536379 0.037304 0.043993
0 0.132972 0.578680 0.037304 0.033841
0 0.132972 0.708122 0.039711 0.042301
0 0.022262 0.189509 0.037304 0.043993
0 0.471119 0.162437 0.044525 0.040609
0 0.677497 0.535533 0.024067 0.032149
0 0.705174 0.751269 0.024067 0.033841
0 0.854994 0.322335 0.032491 0.042301
0 0.705174 0.703892 0.024067 0.033841
0 0.509627 0.752115 0.022864 0.032149
0 0.022262 0.537225 0.034898 0.038917
0 0.021059 0.833333 0.039711 0.042301
0 0.747292 0.231810 0.036101 0.033841
0 0.076414 0.577834 0.034898 0.042301
0 0.019856 0.878173 0.039711 0.043993
0 0.414561 0.407783 0.039711 0.040609
0 0.132371 0.619289 0.033694 0.040609
0 0.703369 0.620135 0.022864 0.038917
0 0.675692 0.620981 0.027677 0.033841
0 0.676895 0.662437 0.022864 0.038917
0 0.676895 0.576988 0.022864 0.037225
0 0.134176 0.407783 0.037304 0.047377
0 0.078821 0.620981 0.037304 0.047377
0 0.703971 0.536379 0.021661 0.033841
0 0.022262 0.577834 0.037304 0.042301
0 0.910349 0.280034 0.037304 0.049069
0 0.690734 0.322335 0.036101 0.042301
0 0.857401 0.495770 0.034898 0.043993
0 0.915162 0.795262 0.034898 0.040609
0 0.801444 0.365482 0.036101 0.047377
0 0.246691 0.449239 0.033694 0.042301
0 0.190734 0.407783 0.034898 0.037225
0 0.022262 0.320643 0.037304 0.045685
0 0.800842 0.322335 0.034898 0.042301
0 0.540313 0.751269 0.024067 0.033841
0 0.704573 0.662437 0.022864 0.032149
0 0.247894 0.231810 0.033694 0.037225
0 0.524669 0.620135 0.036101 0.042301
0 0.690734 0.494078 0.038508 0.043993
0 0.471721 0.335025 0.045728 0.033841
0 0.471119 0.264805 0.046931 0.032149
0 0.471721 0.368866 0.048135 0.037225
0 0.470517 0.128596 0.045728 0.033841
0 0.914561 0.931472 0.036101 0.045685
0 0.415764 0.320643 0.034898 0.038917
0 0.914561 0.752115 0.033694 0.042301
0 0.913959 0.709814 0.039711 0.042301
0 0.472323 0.299492 0.044525 0.040609
0 0.471119 0.487310 0.044525 0.030457
0 0.483153 0.728426 0.022864 0.021997
0 0.539110 0.791032 0.021661 0.025381
0 0.912756 0.186125 0.039711 0.027073
0 0.525271 0.489002 0.039711 0.027073
0 0.912756 0.492386 0.039711 0.027073
0 0.858604 0.530457 0.039711 0.025381
0 0.857401 0.406091 0.034898 0.020305
0 0.481348 0.748731 0.021661 0.025381
0 0.511432 0.832487 0.021661 0.033841
0 0.691937 0.879019 0.036101 0.042301
0 0.912756 0.451777 0.039711 0.047377
0 0.024669 0.138748 0.037304 0.054146
0 0.634176 0.925550 0.038508 0.047377
0 0.913959 0.536379 0.037304 0.050761
0 0.703369 0.577834 0.022864 0.038917
0 0.635379 0.879019 0.033694 0.042301
0 0.690734 0.925550 0.036101 0.047377
0 0.857401 0.576988 0.034898 0.050761
0 0.746089 0.362098 0.036101 0.043993
0 0.021059 0.494924 0.037304 0.049069
0 0.915764 0.884941 0.036101 0.047377
0 0.247894 0.274112 0.033694 0.043993
0 0.912756 0.405245 0.037304 0.042301
0 0.190132 0.138748 0.036101 0.050761
0 0.689531 0.232657 0.040915 0.038917
0 0.634176 0.793570 0.036101 0.040609
0 0.747292 0.319797 0.033694 0.037225
0 0.913959 0.667513 0.039711 0.042301
0 0.022262 0.277496 0.037304 0.040609
0 0.471119 0.444162 0.044525 0.049069
0 0.188929 0.489848 0.038508 0.045685
0 0.132972 0.663283 0.034898 0.043993
0 0.132371 0.494078 0.033694 0.040609
0 0.635379 0.406937 0.033694 0.045685
0 0.911552 0.365482 0.034898 0.040609
0 0.911552 0.230118 0.039711 0.050761
0 0.525271 0.533841 0.037304 0.045685
0 0.799639 0.238579 0.034898 0.043993
0 0.470517 0.230964 0.050542 0.042301
0 0.132972 0.454315 0.034898 0.042301
0 0.524669 0.404399 0.033694 0.040609
0 0.915162 0.836717 0.037304 0.042301
0 0.636582 0.835025 0.036101 0.042301
0 0.691937 0.835025 0.036101 0.049069
0 0.190132 0.537225 0.036101 0.042301
0 0.524669 0.577834 0.036101 0.038917
0 0.247292 0.187817 0.037304 0.043993
0 0.134176 0.187817 0.037304 0.043993
0 0.912756 0.143824 0.037304 0.050761
0 0.415764 0.278342 0.037304 0.049069
0 0.635379 0.449239 0.033694 0.038917
0 0.524067 0.667513 0.039711 0.042301
0 0.858604 0.622673 0.037304 0.047377
0 0.246691 0.406937 0.036101 0.042301
0 0.801444 0.280880 0.033694 0.040609
0 0.023466 0.363790 0.034898 0.040609
0 0.853791 0.279188 0.039711 0.043993
0 0.580024 0.279188 0.038508 0.047377
0 0.689531 0.406937 0.036101 0.042301
0 0.690734 0.277496 0.036101 0.047377
0 0.635379 0.536379 0.033694 0.043993
0 0.188929 0.188663 0.036101 0.049069
0 0.247894 0.140440 0.038508 0.047377
0 0.078821 0.140440 0.039711 0.047377
0 0.133574 0.318951 0.036101 0.042301
0 0.247894 0.320643 0.036101 0.045685
0 0.747292 0.141286 0.036101 0.049069
0 0.802046 0.143824 0.034898 0.050761
0 0.132972 0.537225 0.039711 0.049069
0 0.690734 0.141286 0.038508 0.049069
0 0.135379 0.231810 0.037304 0.047377
0 0.634176 0.709814 0.036101 0.038917
0 0.078821 0.280034 0.034898 0.042301
0 0.857401 0.669205 0.039711 0.045685
0 0.913959 0.620135 0.039711 0.049069
0 0.022262 0.233503 0.039711 0.040609
0 0.690734 0.190355 0.038508 0.042301
0 0.133574 0.364636 0.036101 0.049069
0 0.078821 0.364636 0.034898 0.042301
0 0.360409 0.188663 0.037304 0.049069
0 0.360409 0.138748 0.037304 0.050761
0 0.077617 0.322335 0.039711 0.042301
0 0.022262 0.451777 0.034898 0.040609
0 0.303851 0.139594 0.039711 0.052453
0 0.078821 0.187817 0.039711 0.043993
0 0.578821 0.365482 0.036101 0.043993
0 0.635379 0.277496 0.036101 0.043993
0 0.077617 0.452623 0.039711 0.042301
0 0.525271 0.236041 0.034898 0.042301
0 0.525872 0.277496 0.033694 0.040609
0 0.023466 0.406091 0.034898 0.043993
0 0.135379 0.278342 0.034898 0.042301
0 0.246691 0.364636 0.036101 0.042301
0 0.746089 0.190355 0.036101 0.049069
0 0.634176 0.363790 0.033694 0.040609
0 0.747292 0.274958 0.036101 0.045685
0 0.188929 0.232657 0.033694 0.042301
0 0.634176 0.493232 0.036101 0.045685
0 0.301444 0.321489 0.034898 0.043993
0 0.078821 0.494924 0.037304 0.042301
0 0.635379 0.622673 0.033694 0.040609
0 0.525872 0.190355 0.036101 0.049069
0 0.635379 0.321489 0.036101 0.043993
0 0.524669 0.138748 0.038508 0.050761
0 0.802046 0.190355 0.034898 0.049069
0 0.077617 0.406937 0.039711 0.045685
0 0.857401 0.446701 0.039711 0.050761
0 0.190132 0.320643 0.033694 0.042301
0 0.303851 0.190355 0.039711 0.042301
0 0.858604 0.369712 0.034898 0.049069
0 0.303249 0.279188 0.036101 0.043993
0 0.525271 0.447547 0.039711 0.045685
0 0.302647 0.232657 0.037304 0.042301
0 0.688327 0.364636 0.038508 0.042301
0 0.415764 0.362944 0.037304 0.049069
0 0.690734 0.451777 0.038508 0.043993
0 0.135379 0.140440 0.037304 0.047377
0 0.634176 0.752115 0.038508 0.042301
0 0.188929 0.364636 0.038508 0.049069
0 0.077617 0.232657 0.034898 0.049069
0 0.188929 0.277496 0.036101 0.043993
0 0.635379 0.580372 0.036101 0.043993
0 0.524669 0.362944 0.036101 0.042301
0 0.524669 0.319797 0.036101 0.043993
0 0.634176 0.668359 0.036101 0.043993
