0 0.758333 0.362890 0.034444 0.045977
0 0.759444 0.700328 0.036667 0.044335
0 0.127222 0.821839 0.021111 0.034483
0 0.875556 0.363711 0.022222 0.034483
0 0.902778 0.908867 0.023333 0.034483
0 0.772778 0.910509 0.021111 0.034483
0 0.152222 0.779967 0.022222 0.032841
0 0.773333 0.866995 0.022222 0.036125
0 0.153333 0.824302 0.022222 0.039409
0 0.823889 0.740558 0.021111 0.032841
0 0.747222 0.908867 0.023333 0.034483
0 0.503333 0.333333 0.044444 0.032841
0 0.927778 0.911330 0.022222 0.036125
0 0.822222 0.780788 0.020000 0.031199
0 0.925000 0.405583 0.021111 0.032841
0 0.823889 0.403941 0.018889 0.036125
0 0.926111 0.866174 0.023333 0.037767
0 0.657778 0.700328 0.037778 0.044335
0 0.127222 0.779146 0.023333 0.037767
0 0.774444 0.822660 0.020000 0.036125
0 0.926667 0.783251 0.022222 0.032841
0 0.503333 0.365353 0.046667 0.037767
0 0.695000 0.779967 0.021111 0.032841
0 0.771111 0.403941 0.022222 0.036125
0 0.748889 0.780788 0.022222 0.031199
0 0.926111 0.823481 0.023333 0.034483
0 0.822222 0.444992 0.017778 0.029557
0 0.925556 0.444171 0.022222 0.037767
0 0.747778 0.863711 0.022222 0.039409
0 0.502222 0.527915 0.028889 0.037767
0 0.771667 0.445813 0.023333 0.037767
0 0.873333 0.276683 0.022222 0.034483
0 0.901667 0.866174 0.023333 0.037767
0 0.861667 0.701149 0.034444 0.049261
0 0.926667 0.743021 0.022222 0.034483
0 0.874444 0.488506 0.020000 0.034483
0 0.771667 0.742200 0.023333 0.032841
0 0.451667 0.362890 0.036667 0.042693
0 0.720556 0.782430 0.023333 0.034483
0 0.875556 0.446634 0.020000 0.036125
0 0.747778 0.822660 0.022222 0.036125
0 0.748889 0.740558 0.020000 0.032841
0 0.901111 0.823481 0.022222 0.034483
0 0.503333 0.128900 0.046667 0.037767
0 0.772222 0.779967 0.022222 0.032841
0 0.668889 0.447455 0.022222 0.034483
0 0.720556 0.401478 0.021111 0.034483
0 0.902778 0.742200 0.023333 0.032841
0 0.503333 0.164204 0.046667 0.036125
0 0.696667 0.486043 0.020000 0.032841
0 0.850556 0.488506 0.021111 0.034483
0 0.902222 0.781609 0.022222 0.032841
0 0.644444 0.446634 0.020000 0.036125
0 0.824444 0.569787 0.020000 0.029557
0 0.848889 0.276683 0.020000 0.034483
0 0.800556 0.487685 0.021111 0.032841
0 0.721111 0.487685 0.022222 0.032841
0 0.873333 0.406404 0.022222 0.034483
0 0.504444 0.300493 0.046667 0.039409
0 0.849444 0.361248 0.021111 0.032841
0 0.695000 0.400657 0.021111 0.029557
0 0.695556 0.275862 0.020000 0.032841
0 0.720556 0.743021 0.023333 0.034483
0 0.848333 0.403941 0.021111 0.036125
0 0.555556 0.232348 0.035556 0.037767
0 0.800000 0.570608 0.020000 0.031199
0 0.800556 0.402299 0.023333 0.032841
0 0.825556 0.528736 0.017778 0.029557
0 0.695000 0.741379 0.021111 0.037767
0 0.848333 0.319376 0.023333 0.034483
0 0.398333 0.700328 0.036667 0.044335
0 0.800556 0.527094 0.021111 0.029557
0 0.801667 0.444992 0.021111 0.032841
0 0.720556 0.276683 0.021111 0.034483
0 0.913333 0.699507 0.035556 0.042693
0 0.721667 0.359606 0.021111 0.032841
0 0.861667 0.614943 0.032222 0.047619
0 0.913333 0.659278 0.033333 0.041051
0 0.643333 0.404762 0.020000 0.037767
0 0.721111 0.445813 0.022222 0.031199
0 0.695000 0.360427 0.018889 0.034483
0 0.874444 0.321018 0.020000 0.037767
0 0.760556 0.610837 0.034444 0.045977
0 0.667222 0.405583 0.023333 0.036125
0 0.695556 0.318555 0.022222 0.032841
0 0.861667 0.659278 0.032222 0.041051
0 0.696111 0.444992 0.021111 0.032841
0 0.553333 0.274220 0.033333 0.039409
0 0.398333 0.660099 0.034444 0.042693
0 0.720556 0.318555 0.021111 0.036125
0 0.759444 0.321839 0.032222 0.039409
0 0.707222 0.610016 0.034444 0.044335
0 0.810556 0.699507 0.032222 0.042693
0 0.451667 0.275862 0.032222 0.039409
0 0.912222 0.321018 0.031111 0.041051
0 0.656111 0.614122 0.036667 0.049261
0 0.450556 0.316913 0.036667 0.045977
0 0.758333 0.277504 0.036667 0.049261
0 0.452778 0.229885 0.034444 0.049261
0 0.810556 0.656814 0.032222 0.042693
0 0.913333 0.614122 0.035556 0.045977
0 0.708333 0.699507 0.036667 0.045977
0 0.656667 0.660920 0.033333 0.041051
0 0.502222 0.441708 0.042222 0.045977
0 0.760556 0.656814 0.034444 0.042693
0 0.850556 0.445813 0.025556 0.037767
0 0.706111 0.654351 0.032222 0.044335
0 0.553333 0.317734 0.035556 0.044335
0 0.398333 0.318555 0.034444 0.042693
0 0.657778 0.362890 0.035556 0.045977
0 0.605556 0.317734 0.033333 0.044335
0 0.502778 0.486864 0.038889 0.044335
0 0.811667 0.614122 0.032222 0.045977
0 0.605556 0.362890 0.033333 0.045977
0 0.913889 0.362890 0.032222 0.045977
0 0.656111 0.272578 0.032222 0.042693
0 0.400556 0.611658 0.036667 0.050903
0 0.554444 0.187192 0.033333 0.052545
0 0.810556 0.362890 0.036667 0.042693
0 0.605556 0.272578 0.033333 0.045977
0 0.913333 0.275862 0.033333 0.045977
0 0.656667 0.316913 0.033333 0.045977
0 0.400556 0.273399 0.034444 0.047619
0 0.810556 0.321018 0.032222 0.041051
0 0.808333 0.275862 0.034444 0.052545
0 0.398333 0.362890 0.036667 0.045977
0 0.501111 0.232348 0.044444 0.037767
0 0.502222 0.198686 0.046667 0.032841
0 0.152222 0.866995 0.024444 0.036125
0 0.502222 0.266010 0.044444 0.032841
0 0.515556 0.738916 0.024444 0.032841
0 0.294444 0.700328 0.033333 0.044335
0 0.139444 0.366174 0.036667 0.042693
0 0.190556 0.241379 0.036667 0.032841
0 0.138333 0.322660 0.036667 0.041051
0 0.346667 0.659278 0.035556 0.037767
0 0.191667 0.279146 0.036667 0.039409
0 0.086667 0.658456 0.037778 0.039409
0 0.139444 0.282430 0.032222 0.042693
0 0.086667 0.283251 0.035556 0.047619
0 0.085000 0.701149 0.038889 0.045977
0 0.190556 0.193760 0.034444 0.055829
0 0.086667 0.324302 0.035556 0.041051
0 0.086667 0.614122 0.037778 0.049261
0 0.294444 0.659278 0.033333 0.037767
0 0.345556 0.700328 0.037778 0.044335
0 0.293333 0.614943 0.033333 0.050903
0 0.293333 0.368637 0.033333 0.041051
0 0.294444 0.279967 0.033333 0.044335
0 0.242778 0.700328 0.036667 0.044335
0 0.086667 0.366995 0.037778 0.047619
0 0.241111 0.279967 0.033333 0.044335
0 0.190556 0.324302 0.038889 0.044335
0 0.242778 0.659278 0.034444 0.041051
0 0.346667 0.370279 0.035556 0.044335
0 0.345556 0.614122 0.033333 0.049261
0 0.138333 0.238916 0.034444 0.047619
0 0.345556 0.279967 0.033333 0.044335
0 0.242778 0.613300 0.036667 0.047619
0 0.345556 0.324302 0.033333 0.044335
0 0.293333 0.323481 0.033333 0.042693
0 0.241111 0.323481 0.033333 0.042693
0 0.241667 0.366995 0.036667 0.047619
