0 0.180667 0.815625 0.036000 0.034375
0 0.591333 0.883594 0.036000 0.029687
0 0.863333 0.671875 0.036000 0.034375
0 0.808667 0.889844 0.038667 0.035937
0 0.126000 0.421094 0.036000 0.039062
0 0.124667 0.528125 0.036000 0.034375
0 0.126667 0.456250 0.034667 0.028125
0 0.123333 0.853125 0.036000 0.034375
0 0.179333 0.852344 0.036000 0.032813
0 0.865333 0.496875 0.032000 0.034375
0 0.125333 0.635938 0.034667 0.034375
0 0.179333 0.886719 0.036000 0.032813
0 0.290667 0.889844 0.037333 0.032813
0 0.180000 0.706250 0.034667 0.031250
0 0.234000 0.887500 0.036000 0.034375
0 0.867333 0.314844 0.036000 0.035937
0 0.863333 0.571875 0.036000 0.034375
0 0.124000 0.668750 0.034667 0.031250
0 0.699333 0.887500 0.036000 0.034375
0 0.182000 0.528125 0.036000 0.034375
0 0.866667 0.387500 0.037333 0.037500
0 0.179333 0.781250 0.036000 0.037500
0 0.124667 0.781250 0.036000 0.037500
0 0.180667 0.674219 0.036000 0.035937
0 0.182000 0.345313 0.038667 0.034375
0 0.125333 0.706250 0.034667 0.037500
0 0.182667 0.380469 0.037333 0.035937
0 0.184667 0.306250 0.036000 0.040625
0 0.183333 0.455469 0.036000 0.039062
0 0.126667 0.381250 0.037333 0.034375
0 0.126000 0.306250 0.036000 0.037500
0 0.180000 0.599219 0.037333 0.039062
0 0.867333 0.278125 0.036000 0.025000
0 0.862000 0.850000 0.036000 0.031250
0 0.182000 0.559375 0.036000 0.025000
0 0.128667 0.268750 0.036000 0.025000
0 0.864000 0.709375 0.037333 0.037500
0 0.864667 0.815625 0.038667 0.037500
0 0.862000 0.746094 0.033333 0.032813
0 0.864000 0.604688 0.034667 0.034375
0 0.863333 0.884375 0.036000 0.034375
0 0.863333 0.778125 0.036000 0.031250
0 0.864667 0.637500 0.033333 0.034375
0 0.123333 0.815625 0.036000 0.034375
0 0.124000 0.745313 0.034667 0.034375
0 0.866000 0.534375 0.036000 0.037500
0 0.346667 0.886719 0.037333 0.035937
0 0.122000 0.887500 0.038667 0.037500
0 0.179333 0.743750 0.036000 0.037500
0 0.125333 0.489844 0.034667 0.035937
0 0.125333 0.600000 0.034667 0.034375
0 0.866000 0.425000 0.036000 0.034375
0 0.182667 0.417969 0.037333 0.035937
0 0.180000 0.636719 0.037333 0.039062
0 0.125333 0.564844 0.040000 0.035937
0 0.866000 0.460938 0.036000 0.037500
0 0.126667 0.345313 0.034667 0.034375
0 0.866667 0.352344 0.037333 0.035937
0 0.182667 0.493750 0.034667 0.034375
0 0.538667 0.887500 0.034667 0.037500
0 0.454667 0.889844 0.034667 0.035937
