0 0.283333 0.828996 0.036232 0.040892
0 0.226812 0.394052 0.039130 0.044610
0 0.849275 0.695167 0.037681 0.040892
0 0.848551 0.736059 0.039130 0.044610
0 0.164493 0.866171 0.039130 0.040892
0 0.849275 0.782528 0.040580 0.040892
0 0.610870 0.947026 0.039130 0.035316
0 0.510870 0.375465 0.030435 0.033457
0 0.906522 0.695167 0.039130 0.040892
0 0.223913 0.869888 0.039130 0.037175
0 0.610870 0.868959 0.039130 0.039033
0 0.512319 0.167286 0.036232 0.033457
0 0.847101 0.954461 0.042029 0.042751
0 0.614493 0.184944 0.040580 0.042751
0 0.511594 0.248141 0.034783 0.035316
0 0.848551 0.866171 0.039130 0.044610
0 0.611594 0.568773 0.037681 0.033457
0 0.543478 0.356877 0.026087 0.037175
0 0.613768 0.141264 0.039130 0.040892
0 0.729710 0.909851 0.039130 0.039033
0 0.105072 0.396840 0.039130 0.046468
0 0.729710 0.866171 0.039130 0.040892
0 0.463043 0.697026 0.039130 0.037175
0 0.610870 0.907063 0.039130 0.040892
0 0.103623 0.524164 0.039130 0.040892
0 0.557246 0.263941 0.039130 0.048327
0 0.512319 0.132900 0.036232 0.035316
0 0.105797 0.438662 0.037681 0.033457
0 0.102174 0.910781 0.039130 0.040892
0 0.552174 0.910781 0.034783 0.033457
0 0.728986 0.823420 0.040580 0.040892
0 0.163043 0.909851 0.039130 0.039033
0 0.570290 0.312268 0.030435 0.033457
0 0.908696 0.486989 0.034783 0.040892
0 0.104348 0.652416 0.037681 0.040892
0 0.344928 0.909851 0.037681 0.035316
0 0.163043 0.950743 0.039130 0.039033
0 0.463043 0.910781 0.039130 0.044610
0 0.462319 0.783457 0.040580 0.046468
0 0.849275 0.654275 0.037681 0.040892
0 0.284058 0.954461 0.040580 0.039033
0 0.284783 0.869888 0.039130 0.040892
0 0.614493 0.229554 0.034783 0.042751
0 0.163768 0.736059 0.037681 0.037175
0 0.789855 0.568773 0.037681 0.040892
0 0.222464 0.951673 0.039130 0.040892
0 0.464493 0.524164 0.036232 0.037175
0 0.344928 0.869888 0.040580 0.040892
0 0.570290 0.441450 0.030435 0.035316
0 0.910870 0.270446 0.039130 0.042751
0 0.462319 0.609665 0.034783 0.040892
0 0.906522 0.576208 0.039130 0.040892
0 0.347101 0.438662 0.036232 0.037175
0 0.729710 0.738848 0.039130 0.042751
0 0.461594 0.654275 0.039130 0.040892
0 0.102899 0.691450 0.037681 0.037175
0 0.728261 0.951673 0.039130 0.040892
0 0.463043 0.738848 0.039130 0.042751
0 0.568841 0.567844 0.033333 0.042751
0 0.542029 0.396840 0.026087 0.035316
0 0.552899 0.869888 0.039130 0.044610
0 0.540580 0.523234 0.028986 0.042751
0 0.731159 0.698885 0.039130 0.040892
0 0.165942 0.524164 0.039130 0.040892
0 0.609420 0.741636 0.036232 0.040892
0 0.543478 0.312268 0.026087 0.040892
0 0.552174 0.738848 0.034783 0.042751
0 0.284783 0.783457 0.039130 0.046468
0 0.910145 0.356877 0.040580 0.044610
0 0.609420 0.784387 0.039130 0.044610
0 0.850000 0.269517 0.039130 0.044610
0 0.163043 0.825279 0.039130 0.044610
0 0.347101 0.479554 0.039130 0.044610
0 0.225362 0.780669 0.039130 0.044610
0 0.284058 0.741636 0.040580 0.040892
0 0.103623 0.825279 0.039130 0.044610
0 0.225362 0.654275 0.039130 0.040892
0 0.731884 0.524164 0.037681 0.040892
0 0.570290 0.355948 0.030435 0.042751
0 0.553623 0.650558 0.037681 0.040892
0 0.164493 0.697955 0.039130 0.042751
0 0.671739 0.568773 0.039130 0.040892
0 0.222464 0.566914 0.039130 0.044610
0 0.286232 0.567844 0.042029 0.039033
0 0.848551 0.527881 0.039130 0.044610
0 0.286957 0.352230 0.040580 0.039033
0 0.165942 0.306691 0.042029 0.040892
0 0.791304 0.442379 0.034783 0.040892
0 0.611594 0.608736 0.037681 0.046468
0 0.464493 0.393123 0.036232 0.039033
0 0.104348 0.736059 0.037681 0.044610
0 0.225362 0.736059 0.039130 0.040892
0 0.166667 0.348513 0.040580 0.042751
0 0.570290 0.399628 0.030435 0.037175
0 0.613043 0.483271 0.034783 0.040892
0 0.671739 0.483271 0.039130 0.040892
0 0.673188 0.438662 0.039130 0.040892
0 0.850000 0.356877 0.039130 0.040892
0 0.553623 0.783457 0.037681 0.042751
0 0.286232 0.654275 0.039130 0.040892
0 0.286232 0.524164 0.042029 0.040892
0 0.673188 0.308550 0.039130 0.040892
0 0.286232 0.609665 0.039130 0.044610
0 0.286232 0.394052 0.039130 0.040892
0 0.284783 0.697955 0.044928 0.042751
0 0.168841 0.260223 0.039130 0.048327
0 0.464493 0.437732 0.036232 0.046468
0 0.225362 0.438662 0.039130 0.040892
0 0.223913 0.609665 0.039130 0.044610
0 0.167391 0.437732 0.039130 0.046468
0 0.224638 0.352230 0.037681 0.042751
0 0.461594 0.828067 0.039130 0.042751
0 0.105797 0.349442 0.040580 0.040892
0 0.463768 0.352230 0.034783 0.039033
0 0.731884 0.440520 0.037681 0.040892
0 0.611594 0.397770 0.040580 0.040892
0 0.571014 0.483271 0.031884 0.040892
0 0.224638 0.481413 0.037681 0.040892
0 0.609420 0.697955 0.039130 0.042751
0 0.552899 0.825279 0.039130 0.040892
0 0.614493 0.440520 0.037681 0.040892
0 0.105072 0.260223 0.039130 0.044610
0 0.284783 0.438662 0.039130 0.044610
0 0.163768 0.608736 0.040580 0.046468
0 0.465942 0.263011 0.039130 0.046468
0 0.731159 0.656134 0.039130 0.044610
0 0.346377 0.353160 0.040580 0.040892
0 0.348551 0.308550 0.039130 0.044610
0 0.225362 0.828067 0.039130 0.046468
0 0.613043 0.311338 0.034783 0.042751
0 0.734058 0.223048 0.036232 0.026022
0 0.352174 0.218401 0.040580 0.031599
0 0.910870 0.226766 0.039130 0.029740
0 0.905072 0.907063 0.039130 0.037175
0 0.513768 0.828996 0.024638 0.033457
0 0.511594 0.334572 0.034783 0.044610
0 0.165942 0.561338 0.039130 0.029740
0 0.107971 0.215613 0.039130 0.029740
0 0.907246 0.739777 0.040580 0.044610
0 0.907971 0.866171 0.042029 0.044610
0 0.905072 0.783457 0.036232 0.039033
0 0.907246 0.615242 0.037681 0.040892
0 0.906522 0.947955 0.039130 0.040892
0 0.509420 0.420074 0.033333 0.044610
0 0.906522 0.821561 0.039130 0.037175
0 0.849275 0.821561 0.040580 0.037175
0 0.461594 0.868959 0.036232 0.039033
0 0.846377 0.910781 0.037681 0.040892
0 0.907971 0.654275 0.036232 0.040892
0 0.102174 0.866171 0.039130 0.040892
0 0.102899 0.782528 0.037681 0.040892
0 0.671739 0.739777 0.039130 0.040892
0 0.731159 0.482342 0.033333 0.039033
0 0.542754 0.438662 0.027536 0.040892
0 0.674638 0.267658 0.039130 0.040892
0 0.731159 0.263941 0.039130 0.044610
0 0.909420 0.531599 0.039130 0.044610
0 0.670290 0.783457 0.039130 0.042751
0 0.344928 0.950743 0.040580 0.042751
0 0.345652 0.568773 0.039130 0.040892
0 0.225362 0.523234 0.036232 0.042751
0 0.100725 0.951673 0.042029 0.044610
0 0.610145 0.828996 0.037681 0.037175
0 0.731884 0.397770 0.031884 0.040892
0 0.163043 0.780669 0.039130 0.044610
0 0.345652 0.609665 0.039130 0.040892
0 0.104348 0.478625 0.037681 0.042751
0 0.104348 0.609665 0.037681 0.040892
0 0.849275 0.399628 0.037681 0.040892
0 0.849275 0.613383 0.037681 0.040892
0 0.613768 0.269517 0.036232 0.037175
0 0.344928 0.828067 0.040580 0.042751
0 0.225362 0.907063 0.039130 0.040892
0 0.909420 0.401487 0.039130 0.040892
0 0.542754 0.481413 0.030435 0.037175
0 0.407246 0.263941 0.040580 0.040892
0 0.729710 0.783457 0.039130 0.042751
0 0.673188 0.397770 0.039130 0.040892
0 0.669565 0.828067 0.043478 0.046468
0 0.670290 0.654275 0.036232 0.037175
0 0.555797 0.609665 0.036232 0.040892
0 0.731884 0.568773 0.037681 0.044610
0 0.790580 0.526952 0.039130 0.039033
0 0.612319 0.654275 0.036232 0.037175
0 0.731884 0.612454 0.037681 0.039033
0 0.344928 0.739777 0.040580 0.040892
0 0.166667 0.393123 0.040580 0.042751
0 0.350000 0.263941 0.039130 0.040892
0 0.163768 0.653346 0.040580 0.046468
0 0.670290 0.697026 0.036232 0.037175
0 0.512319 0.210967 0.039130 0.042751
0 0.104348 0.567844 0.043478 0.042751
0 0.344928 0.697026 0.040580 0.040892
0 0.408696 0.399628 0.034783 0.048327
0 0.848551 0.441450 0.036232 0.042751
0 0.225362 0.697026 0.036232 0.037175
0 0.909420 0.444238 0.039130 0.044610
0 0.792029 0.267658 0.039130 0.040892
0 0.461594 0.568773 0.039130 0.044610
0 0.105797 0.306691 0.037681 0.040892
0 0.848551 0.483271 0.039130 0.040892
0 0.730435 0.356877 0.034783 0.040892
0 0.910145 0.315056 0.040580 0.042751
0 0.464493 0.483271 0.039130 0.044610
0 0.345652 0.653346 0.039130 0.042751
0 0.166667 0.483271 0.037681 0.040892
0 0.671014 0.526022 0.040580 0.044610
0 0.553623 0.693309 0.037681 0.040892
0 0.553623 0.951673 0.037681 0.044610
0 0.283333 0.912639 0.039130 0.040892
0 0.286232 0.483271 0.036232 0.040892
0 0.344928 0.784387 0.040580 0.040892
0 0.462319 0.954461 0.037681 0.042751
0 0.849275 0.572491 0.040580 0.040892
0 0.344203 0.524164 0.042029 0.044610
0 0.671014 0.613383 0.040580 0.044610
0 0.611594 0.355948 0.037681 0.042751
0 0.463768 0.310409 0.034783 0.040892
0 0.612319 0.527881 0.039130 0.052045
0 0.673188 0.355948 0.039130 0.042751
0 0.789855 0.356877 0.037681 0.040892
0 0.568116 0.526952 0.031884 0.039033
0 0.789855 0.483271 0.037681 0.040892
0 0.345652 0.396840 0.039130 0.042751
0 0.790580 0.312268 0.039130 0.040892
0 0.227536 0.306691 0.040580 0.048327
0 0.789855 0.400558 0.037681 0.042751
0 0.850000 0.312268 0.039130 0.044610
0 0.226812 0.260223 0.039130 0.044610
0 0.407246 0.353160 0.037681 0.040892
0 0.288406 0.263941 0.040580 0.044610
0 0.407246 0.311338 0.040580 0.042751
0 0.731884 0.312268 0.037681 0.040892
0 0.286957 0.311338 0.043478 0.042751
