0 0.765814 0.841255 0.032301 0.028517
0 0.826380 0.721483 0.034993 0.039924
0 0.946164 0.414449 0.037685 0.045627
0 0.707941 0.305133 0.037685 0.020913
0 0.884926 0.761407 0.036339 0.032319
0 0.410498 0.603612 0.034993 0.036122
0 0.351279 0.297529 0.034993 0.039924
0 0.349933 0.760456 0.037685 0.041825
0 0.171602 0.865970 0.036339 0.039924
0 0.691790 0.762357 0.024226 0.034221
0 0.543742 0.692015 0.024226 0.022814
0 0.542396 0.842205 0.024226 0.030418
0 0.542396 0.575095 0.021534 0.024715
0 0.945491 0.380228 0.036339 0.034221
0 0.693809 0.569392 0.022880 0.032319
0 0.543069 0.872624 0.025572 0.034221
0 0.693136 0.380228 0.021534 0.026616
0 0.693809 0.419202 0.022880 0.032319
0 0.693136 0.455323 0.018843 0.032319
0 0.692463 0.491445 0.020188 0.028517
0 0.694482 0.530418 0.021534 0.030418
0 0.721400 0.382129 0.018843 0.026616
0 0.721400 0.418251 0.016151 0.030418
0 0.528937 0.241445 0.032301 0.022814
0 0.528264 0.286122 0.033647 0.024715
0 0.530283 0.425856 0.037685 0.030418
0 0.529610 0.454373 0.033647 0.026616
0 0.528937 0.472433 0.034993 0.009506
0 0.541723 0.487643 0.022880 0.017110
0 0.543742 0.505703 0.026918 0.019011
0 0.543069 0.732890 0.022880 0.020913
0 0.544415 0.671103 0.020188 0.026616
0 0.544415 0.625475 0.022880 0.026616
0 0.543069 0.593156 0.020188 0.019011
0 0.766487 0.756654 0.036339 0.041825
0 0.291386 0.680608 0.033647 0.038023
0 0.409825 0.836502 0.036339 0.041825
0 0.350606 0.489544 0.033647 0.036122
0 0.232167 0.262357 0.039031 0.041825
0 0.766487 0.609316 0.039031 0.039924
0 0.588829 0.268061 0.036339 0.041825
0 0.469044 0.721483 0.033647 0.039924
0 0.649394 0.263308 0.036339 0.039924
0 0.471736 0.304183 0.036339 0.041825
0 0.291386 0.756654 0.039031 0.038023
0 0.648048 0.530418 0.036339 0.034221
0 0.590175 0.379278 0.033647 0.039924
0 0.411844 0.262357 0.034993 0.045627
0 0.232167 0.604563 0.033647 0.041825
0 0.767160 0.645437 0.037685 0.039924
0 0.292059 0.796578 0.034993 0.041825
0 0.648048 0.646388 0.039031 0.034221
0 0.648048 0.610266 0.036339 0.038023
0 0.648721 0.494297 0.037685 0.038023
0 0.232167 0.756654 0.036339 0.041825
0 0.469044 0.684411 0.033647 0.038023
0 0.766487 0.684411 0.036339 0.038023
0 0.231494 0.681559 0.034993 0.039924
0 0.232167 0.524715 0.033647 0.038023
0 0.349933 0.644487 0.037685 0.038023
0 0.646703 0.797529 0.036339 0.039924
0 0.231494 0.374525 0.034993 0.041825
0 0.290713 0.569392 0.034993 0.039924
0 0.470390 0.528517 0.036339 0.034221
0 0.470390 0.645437 0.036339 0.039924
0 0.232167 0.644487 0.036339 0.038023
0 0.232167 0.796578 0.036339 0.038023
0 0.648048 0.837452 0.036339 0.039924
0 0.691790 0.685361 0.029610 0.039924
0 0.827052 0.459125 0.033647 0.039924
0 0.172948 0.681559 0.039031 0.043726
0 0.648721 0.303232 0.034993 0.032319
0 0.720727 0.836502 0.022880 0.034221
0 0.589502 0.415399 0.034993 0.036122
0 0.410498 0.339354 0.037685 0.036122
0 0.885599 0.305133 0.034993 0.039924
0 0.409825 0.529468 0.033647 0.032319
0 0.721400 0.875475 0.026918 0.039924
0 0.589502 0.228137 0.034993 0.041825
0 0.471736 0.262357 0.039031 0.041825
0 0.410498 0.414449 0.037685 0.038023
0 0.410498 0.378327 0.037685 0.038023
0 0.113055 0.262357 0.034993 0.045627
0 0.886272 0.496198 0.033647 0.034221
0 0.825707 0.303232 0.036339 0.047529
0 0.885599 0.459125 0.032301 0.039924
0 0.231494 0.489544 0.034993 0.036122
0 0.349933 0.529468 0.032301 0.039924
0 0.946164 0.495247 0.040377 0.039924
0 0.543742 0.650190 0.021534 0.022814
0 0.350606 0.870722 0.033647 0.034221
0 0.944145 0.876426 0.036339 0.038023
0 0.350606 0.414449 0.033647 0.034221
0 0.291386 0.378327 0.039031 0.038023
0 0.526918 0.762357 0.036339 0.022814
0 0.527591 0.358365 0.034993 0.043726
0 0.530283 0.218631 0.037685 0.026616
0 0.526245 0.783270 0.034993 0.015209
0 0.292059 0.258555 0.034993 0.045627
0 0.470390 0.453422 0.033647 0.039924
0 0.646703 0.761407 0.036339 0.039924
0 0.469044 0.837452 0.033647 0.032319
0 0.409825 0.761407 0.036339 0.039924
0 0.944145 0.765209 0.036339 0.036122
0 0.531629 0.262357 0.034993 0.022814
0 0.943472 0.799430 0.037685 0.032319
0 0.172275 0.531369 0.034993 0.032319
0 0.825034 0.876426 0.040377 0.034221
0 0.541723 0.712928 0.025572 0.019011
0 0.468371 0.874525 0.037685 0.038023
0 0.529610 0.317490 0.036339 0.041825
0 0.646030 0.721483 0.037685 0.039924
0 0.648048 0.379278 0.036339 0.039924
0 0.349933 0.377376 0.037685 0.039924
0 0.825034 0.838403 0.037685 0.038023
0 0.944145 0.686312 0.036339 0.038023
0 0.886272 0.877376 0.039031 0.036122
0 0.944145 0.722433 0.036339 0.041825
0 0.944145 0.650190 0.036339 0.038023
0 0.409152 0.796578 0.037685 0.034221
0 0.350606 0.796578 0.039031 0.034221
0 0.410498 0.494297 0.034993 0.038023
0 0.649394 0.418251 0.033647 0.034221
0 0.410498 0.679658 0.037685 0.039924
0 0.290713 0.490494 0.034993 0.041825
0 0.349933 0.722433 0.037685 0.038023
0 0.232167 0.318441 0.036339 0.062738
0 0.720727 0.644487 0.022880 0.026616
0 0.113055 0.298479 0.034993 0.034221
0 0.885599 0.722433 0.037685 0.038023
0 0.825707 0.535171 0.036339 0.039924
0 0.826380 0.420152 0.032301 0.034221
0 0.172275 0.836502 0.037685 0.041825
0 0.943472 0.836502 0.037685 0.041825
0 0.946837 0.534221 0.036339 0.038023
0 0.886272 0.570342 0.036339 0.041825
0 0.886272 0.685361 0.036339 0.039924
0 0.113055 0.679658 0.034993 0.039924
0 0.766487 0.872624 0.036339 0.041825
0 0.767160 0.419202 0.029610 0.028517
0 0.825034 0.756654 0.037685 0.041825
0 0.884926 0.838403 0.039031 0.038023
0 0.350606 0.332700 0.033647 0.041825
0 0.172275 0.639734 0.037685 0.039924
0 0.886272 0.345057 0.033647 0.039924
0 0.351279 0.570342 0.034993 0.041825
0 0.172948 0.298479 0.033647 0.038023
0 0.825707 0.685361 0.036339 0.039924
0 0.469044 0.605513 0.033647 0.036122
0 0.172275 0.490494 0.034993 0.045627
0 0.349933 0.605513 0.037685 0.036122
0 0.172275 0.720532 0.037685 0.034221
0 0.691790 0.796578 0.024226 0.034221
0 0.886272 0.610266 0.039031 0.038023
0 0.720727 0.719582 0.022880 0.028517
0 0.693136 0.606464 0.024226 0.030418
0 0.662180 0.228137 0.024226 0.034221
0 0.721400 0.228137 0.024226 0.034221
0 0.111709 0.871673 0.037685 0.039924
0 0.767160 0.529468 0.034993 0.039924
0 0.945491 0.570342 0.039031 0.041825
0 0.590175 0.454373 0.033647 0.041825
0 0.885599 0.531369 0.032301 0.036122
0 0.291386 0.414449 0.039031 0.041825
0 0.721400 0.759506 0.021534 0.032319
0 0.112382 0.638783 0.036339 0.041825
0 0.825707 0.647338 0.036339 0.039924
0 0.767833 0.569392 0.036339 0.039924
0 0.111036 0.755703 0.033647 0.036122
0 0.946164 0.611217 0.037685 0.039924
0 0.694482 0.229087 0.026918 0.032319
0 0.826380 0.610266 0.034993 0.041825
0 0.291386 0.454373 0.036339 0.034221
0 0.886272 0.381179 0.036339 0.039924
0 0.884926 0.796578 0.039031 0.045627
0 0.589502 0.495247 0.032301 0.039924
0 0.112382 0.333650 0.036339 0.039924
0 0.350606 0.448669 0.033647 0.041825
0 0.690444 0.877376 0.024226 0.032319
0 0.113055 0.488593 0.034993 0.034221
0 0.111709 0.602662 0.037685 0.038023
0 0.172948 0.755703 0.039031 0.039924
0 0.827052 0.381179 0.033647 0.039924
0 0.825034 0.571293 0.037685 0.039924
0 0.721400 0.604563 0.024226 0.034221
0 0.173620 0.413498 0.034993 0.039924
0 0.691790 0.719582 0.024226 0.028517
0 0.471063 0.377376 0.034993 0.036122
0 0.886272 0.645437 0.039031 0.039924
0 0.722073 0.494297 0.022880 0.030418
0 0.172948 0.263308 0.033647 0.039924
0 0.291386 0.836502 0.033647 0.034221
0 0.691117 0.834601 0.022880 0.030418
0 0.171602 0.603612 0.036339 0.039924
0 0.589502 0.340304 0.034993 0.038023
0 0.722073 0.569392 0.022880 0.036122
0 0.291386 0.643536 0.033647 0.036122
0 0.708614 0.269011 0.036339 0.039924
0 0.885599 0.420152 0.034993 0.041825
0 0.945491 0.345057 0.039031 0.039924
0 0.722746 0.529468 0.021534 0.032319
0 0.112382 0.794677 0.036339 0.038023
0 0.112382 0.719582 0.036339 0.039924
0 0.825707 0.800380 0.036339 0.041825
0 0.720727 0.454373 0.022880 0.034221
0 0.767833 0.720532 0.036339 0.034221
0 0.469044 0.570342 0.033647 0.045627
0 0.767160 0.494297 0.034993 0.038023
0 0.292059 0.298479 0.034993 0.038023
0 0.691117 0.646388 0.025572 0.034221
0 0.172948 0.795627 0.039031 0.039924
0 0.826380 0.344106 0.034993 0.038023
0 0.111709 0.373574 0.034993 0.036122
0 0.349933 0.836502 0.037685 0.041825
0 0.411171 0.565589 0.036339 0.039924
0 0.111036 0.412548 0.033647 0.038023
0 0.767833 0.345057 0.033647 0.039924
0 0.292059 0.338403 0.034993 0.041825
0 0.231494 0.875475 0.037685 0.036122
0 0.945491 0.456274 0.039031 0.041825
0 0.707941 0.339354 0.037685 0.043726
0 0.721400 0.681559 0.024226 0.036122
0 0.409825 0.721483 0.033647 0.039924
0 0.409825 0.640684 0.039031 0.041825
0 0.111709 0.831749 0.037685 0.039924
0 0.411171 0.302281 0.036339 0.038023
0 0.827725 0.496198 0.034993 0.034221
0 0.173620 0.448669 0.037685 0.038023
0 0.469044 0.760456 0.033647 0.038023
0 0.767833 0.380228 0.033647 0.038023
0 0.471736 0.340304 0.036339 0.038023
0 0.721400 0.797529 0.024226 0.032319
0 0.351279 0.262357 0.037685 0.038023
0 0.111709 0.564639 0.034993 0.034221
0 0.589502 0.305133 0.034993 0.039924
0 0.648721 0.339354 0.032301 0.039924
0 0.409825 0.875475 0.036339 0.036122
0 0.231494 0.720532 0.034993 0.034221
0 0.170929 0.563688 0.037685 0.039924
0 0.172275 0.374525 0.034993 0.038023
0 0.113055 0.523764 0.037685 0.043726
0 0.470390 0.414449 0.030956 0.041825
0 0.290713 0.605513 0.034993 0.039924
0 0.946837 0.305133 0.036339 0.047529
0 0.231494 0.836502 0.034993 0.041825
0 0.172948 0.337452 0.036339 0.039924
0 0.767833 0.302281 0.039031 0.041825
0 0.232167 0.413498 0.036339 0.039924
0 0.112382 0.448669 0.033647 0.038023
0 0.291386 0.870722 0.036339 0.041825
0 0.648048 0.877376 0.039031 0.039924
0 0.648048 0.681559 0.039031 0.039924
0 0.350606 0.681559 0.039031 0.039924
0 0.410498 0.453422 0.037685 0.039924
0 0.648721 0.455323 0.037685 0.039924
0 0.232167 0.563688 0.033647 0.039924
0 0.290713 0.529468 0.034993 0.039924
0 0.648048 0.570342 0.036339 0.041825
0 0.468371 0.801331 0.037685 0.043726
0 0.766487 0.802281 0.036339 0.041825
0 0.767833 0.454373 0.036339 0.041825
0 0.232167 0.453422 0.036339 0.039924
0 0.471063 0.493346 0.034993 0.039924
0 0.291386 0.720532 0.036339 0.041825
