0 0.804774 0.129490 0.042840 0.054820
0 0.976132 0.133270 0.040392 0.051040
0 0.297430 0.082231 0.041616 0.054820
0 0.469400 0.234405 0.035496 0.045369
0 0.808446 0.866730 0.040392 0.047259
0 0.808446 0.815690 0.040392 0.051040
0 0.691554 0.081285 0.039168 0.056711
0 0.184211 0.189981 0.040392 0.051040
0 0.864749 0.907372 0.040392 0.049149
0 0.413097 0.385633 0.040392 0.049149
0 0.806610 0.183365 0.036720 0.052930
0 0.750306 0.329868 0.039168 0.051040
0 0.752754 0.668242 0.039168 0.047259
0 0.411873 0.477316 0.035496 0.051040
0 0.637699 0.478261 0.036720 0.049149
0 0.748470 0.132325 0.035496 0.056711
0 0.692778 0.137051 0.036720 0.047259
0 0.750306 0.282609 0.036720 0.047259
0 0.410649 0.239130 0.037944 0.047259
0 0.751530 0.428166 0.036720 0.047259
0 0.637699 0.430057 0.036720 0.047259
0 0.751530 0.475425 0.039168 0.054820
0 0.410649 0.137051 0.040392 0.054820
0 0.919829 0.379017 0.040392 0.051040
0 0.863525 0.334594 0.035496 0.049149
0 0.917993 0.283554 0.036720 0.049149
0 0.862913 0.235350 0.036720 0.047259
0 0.752754 0.621928 0.039168 0.049149
0 0.751530 0.524575 0.036720 0.051040
0 0.470624 0.333648 0.037944 0.047259
0 0.807834 0.427221 0.036720 0.049149
0 0.864749 0.764650 0.040392 0.047259
0 0.298654 0.136106 0.036720 0.049149
0 0.808446 0.670132 0.040392 0.051040
0 0.808446 0.620983 0.040392 0.047259
0 0.299878 0.186200 0.036720 0.054820
0 0.580171 0.237240 0.036720 0.054820
0 0.412485 0.081285 0.041616 0.060491
0 0.637699 0.137051 0.036720 0.047259
0 0.185435 0.132325 0.040392 0.060491
0 0.637699 0.237240 0.036720 0.051040
0 0.808446 0.473535 0.035496 0.047259
0 0.863525 0.816635 0.040392 0.049149
0 0.241738 0.133270 0.035496 0.051040
0 0.241126 0.186200 0.036720 0.051040
0 0.581395 0.082231 0.039168 0.054820
0 0.750306 0.380907 0.034272 0.051040
0 0.525092 0.423440 0.046512 0.052930
0 0.637699 0.286389 0.039168 0.047259
0 0.808446 0.768431 0.040392 0.047259
0 0.692778 0.235350 0.036720 0.043478
0 0.356181 0.288280 0.036720 0.054820
0 0.470624 0.282609 0.037944 0.051040
0 0.356181 0.133270 0.036720 0.051040
0 0.752754 0.718336 0.039168 0.049149
0 0.918605 0.428166 0.040392 0.051040
0 0.241126 0.234405 0.036720 0.049149
0 0.806610 0.282609 0.036720 0.051040
0 0.862301 0.382798 0.037944 0.047259
0 0.863525 0.286389 0.035496 0.047259
0 0.917381 0.189036 0.037944 0.045369
0 0.862913 0.186200 0.036720 0.051040
0 0.469400 0.136106 0.037944 0.056711
0 0.808446 0.522684 0.035496 0.047259
0 0.469400 0.187146 0.037944 0.045369
0 0.918605 0.329868 0.035496 0.047259
0 0.807222 0.718336 0.040392 0.045369
0 0.807834 0.333648 0.039168 0.051040
0 0.864749 0.669187 0.040392 0.052930
0 0.917381 0.136106 0.037944 0.060491
0 0.354345 0.237240 0.035496 0.047259
0 0.411873 0.189036 0.040392 0.049149
0 0.636475 0.082231 0.039168 0.058601
0 0.356181 0.187146 0.034272 0.049149
0 0.694002 0.380907 0.036720 0.051040
0 0.580783 0.183365 0.040392 0.052930
0 0.637699 0.382798 0.036720 0.051040
0 0.862301 0.133270 0.037944 0.054820
0 0.637699 0.330813 0.036720 0.049149
0 0.692778 0.186200 0.036720 0.054820
0 0.637699 0.184310 0.041616 0.054820
0 0.580171 0.136106 0.036720 0.049149
0 0.526316 0.336484 0.048960 0.037807
0 0.526316 0.302457 0.046512 0.034026
0 0.538556 0.776938 0.029376 0.030246
0 0.539780 0.750473 0.031824 0.030246
0 0.977356 0.573724 0.037944 0.051040
0 0.525092 0.471645 0.044064 0.035917
0 0.411873 0.866730 0.035496 0.047259
0 0.695226 0.282609 0.036720 0.054820
0 0.411873 0.913043 0.035496 0.049149
0 0.070379 0.234405 0.037944 0.041588
0 0.411873 0.722117 0.037944 0.037807
0 0.977356 0.620983 0.040392 0.047259
0 0.413097 0.821361 0.040392 0.051040
0 0.069155 0.333648 0.042840 0.051040
0 0.069155 0.280718 0.040392 0.051040
0 0.526316 0.145558 0.048960 0.030246
0 0.977356 0.672023 0.040392 0.051040
0 0.184211 0.479206 0.040392 0.047259
0 0.919829 0.764650 0.040392 0.047259
0 0.864749 0.720227 0.040392 0.049149
0 0.976132 0.286389 0.040392 0.051040
0 0.918605 0.473535 0.037944 0.047259
0 0.468176 0.381853 0.035496 0.045369
0 0.751530 0.813800 0.036720 0.054820
0 0.976132 0.235350 0.040392 0.047259
0 0.239902 0.818526 0.039168 0.049149
0 0.239902 0.380907 0.036720 0.051040
0 0.805386 0.233459 0.036720 0.047259
0 0.129131 0.238185 0.037944 0.049149
0 0.808446 0.571834 0.040392 0.054820
0 0.749082 0.235350 0.036720 0.047259
0 0.527540 0.261815 0.046512 0.047259
0 0.863525 0.479206 0.035496 0.051040
0 0.241126 0.428166 0.036720 0.051040
0 0.919829 0.522684 0.040392 0.051040
0 0.919829 0.813800 0.040392 0.051040
0 0.976132 0.184310 0.035496 0.051040
0 0.239902 0.282609 0.036720 0.047259
0 0.297430 0.234405 0.034272 0.045369
0 0.526928 0.183365 0.047736 0.045369
0 0.468176 0.080340 0.035496 0.054820
0 0.413097 0.577505 0.042840 0.051040
0 0.637699 0.525520 0.039168 0.045369
0 0.241126 0.081285 0.039168 0.052930
0 0.411873 0.768431 0.040392 0.051040
0 0.862301 0.429112 0.037944 0.049149
0 0.241738 0.768431 0.042840 0.051040
0 0.241126 0.672968 0.041616 0.049149
0 0.184211 0.286389 0.037944 0.047259
0 0.239902 0.327977 0.036720 0.051040
0 0.241126 0.525520 0.036720 0.049149
0 0.411873 0.524575 0.040392 0.047259
0 0.241126 0.572779 0.039168 0.049149
0 0.747858 0.190926 0.036720 0.049149
0 0.694002 0.332703 0.036720 0.041588
0 0.751530 0.573724 0.036720 0.047259
0 0.807222 0.379962 0.035496 0.041588
0 0.977356 0.527410 0.040392 0.045369
0 0.071603 0.082231 0.040392 0.051040
0 0.070379 0.430057 0.037944 0.043478
0 0.070379 0.187146 0.042840 0.049149
0 0.070379 0.136106 0.040392 0.056711
0 0.976744 0.768431 0.041616 0.051040
0 0.072827 0.383743 0.042840 0.045369
0 0.976132 0.330813 0.040392 0.041588
0 0.808446 0.914934 0.040392 0.049149
0 0.978580 0.717391 0.040392 0.051040
0 0.411873 0.965028 0.040392 0.054820
0 0.241126 0.965974 0.041616 0.049149
0 0.977968 0.816635 0.041616 0.045369
0 0.976132 0.428166 0.037944 0.043478
0 0.919829 0.862004 0.035496 0.041588
0 0.526316 0.067108 0.051408 0.043478
0 0.526928 0.109641 0.047736 0.041588
0 0.411873 0.622873 0.040392 0.047259
0 0.921053 0.573724 0.040392 0.047259
0 0.413097 0.335539 0.040392 0.051040
0 0.127295 0.082231 0.041616 0.054820
0 0.977968 0.913043 0.041616 0.045369
0 0.637699 0.670132 0.036720 0.051040
0 0.070379 0.481096 0.040392 0.051040
0 0.750918 0.963138 0.040392 0.051040
0 0.526928 0.224008 0.047736 0.035917
0 0.979192 0.862949 0.041616 0.051040
0 0.978580 0.962193 0.042840 0.052930
0 0.637699 0.568998 0.039168 0.045369
0 0.637699 0.718336 0.039168 0.049149
0 0.239902 0.914934 0.041616 0.049149
0 0.637699 0.764650 0.039168 0.051040
0 0.976132 0.379017 0.040392 0.058601
0 0.241126 0.867675 0.036720 0.045369
0 0.184211 0.433837 0.040392 0.047259
0 0.808446 0.963138 0.040392 0.051040
0 0.184211 0.529301 0.037944 0.049149
0 0.863525 0.962193 0.040392 0.056711
0 0.411873 0.430057 0.037944 0.043478
0 0.921053 0.963138 0.040392 0.054820
0 0.977356 0.475425 0.040392 0.054820
0 0.410649 0.286389 0.035496 0.047259
0 0.751530 0.911153 0.036720 0.049149
0 0.127907 0.189036 0.040392 0.049149
0 0.411873 0.675803 0.040392 0.054820
0 0.751530 0.764650 0.036720 0.047259
0 0.921053 0.718336 0.037944 0.041588
0 0.919829 0.620983 0.040392 0.051040
0 0.127295 0.137051 0.041616 0.051040
0 0.184211 0.329868 0.040392 0.047259
0 0.863525 0.569943 0.040392 0.051040
0 0.185435 0.381853 0.040392 0.052930
0 0.239902 0.719282 0.039168 0.047259
0 0.752142 0.862949 0.037944 0.047259
0 0.864749 0.862004 0.035496 0.041588
0 0.919829 0.670132 0.035496 0.051040
0 0.974908 0.080340 0.040392 0.054820
0 0.921053 0.907372 0.040392 0.049149
0 0.863525 0.524575 0.037944 0.047259
0 0.241126 0.620983 0.036720 0.047259
0 0.241126 0.478261 0.036720 0.049149
0 0.638923 0.619093 0.041616 0.054820
0 0.184211 0.238185 0.037944 0.045369
0 0.863525 0.620983 0.037944 0.047259
0 0.917381 0.235350 0.035496 0.043478
