0 0.505799 0.607210 0.022024 0.024850
0 0.391317 0.401532 0.032332 0.034871
0 0.392496 0.384967 0.039580 0.065241
0 0.506126 0.578721 0.020563 0.018460
0 0.437406 0.332735 0.022129 0.028012
0 0.505136 0.683192 0.020669 0.021622
0 0.504449 0.703743 0.020669 0.021622
0 0.464881 0.334207 0.022129 0.028012
0 0.380476 0.332853 0.023378 0.028079
0 0.910459 0.179116 0.022129 0.028012
0 0.226491 0.391912 0.034882 0.036585
0 0.113896 0.410428 0.036290 0.041395
0 0.114038 0.387472 0.034882 0.036585
0 0.499616 0.436632 0.036131 0.036652
0 0.437293 0.654219 0.033581 0.034937
0 0.503111 0.369512 0.035867 0.028748
0 0.447430 0.369697 0.037116 0.028815
0 0.505658 0.630166 0.023220 0.023336
0 0.502866 0.339409 0.036184 0.038233
0 0.497361 0.878362 0.023220 0.023336
0 0.379092 0.748499 0.036131 0.036652
0 0.377490 0.777711 0.037327 0.035138
0 0.382342 0.651275 0.033581 0.034937
0 0.498698 0.857053 0.021918 0.021688
0 0.882333 0.178401 0.028427 0.029927
0 0.169287 0.418938 0.034460 0.023938
0 0.832278 0.421985 0.034618 0.028681
0 0.407951 0.334325 0.023484 0.031241
0 0.164302 0.549326 0.035761 0.025586
0 0.438244 0.625763 0.033475 0.031776
0 0.593851 0.855024 0.034777 0.033423
0 0.487673 0.793907 0.033422 0.030195
0 0.598516 0.790342 0.032279 0.033290
0 0.226897 0.361051 0.036184 0.038233
0 0.874300 0.774232 0.034830 0.035004
0 0.906261 0.248574 0.028480 0.031508
0 0.598245 0.761029 0.032332 0.034871
0 0.155494 0.831543 0.032279 0.033290
0 0.904015 0.315760 0.023431 0.029660
0 0.382696 0.621996 0.037275 0.033557
0 0.376978 0.811733 0.035920 0.030329
0 0.160725 0.675038 0.034671 0.030262
0 0.875982 0.742648 0.036078 0.035071
0 0.660786 0.574336 0.034724 0.031843
0 0.592874 0.884270 0.034830 0.035004
0 0.769033 0.611016 0.033528 0.033357
0 0.379445 0.719219 0.037222 0.031976
0 0.431086 0.783749 0.037327 0.035138
0 0.872837 0.836710 0.036026 0.033490
0 0.431552 0.432986 0.019473 0.023136
0 0.774995 0.451382 0.032173 0.030128
0 0.654850 0.733179 0.035920 0.030329
0 0.159774 0.703493 0.034777 0.033423
0 0.604207 0.601395 0.036078 0.035071
0 0.156551 0.799926 0.032173 0.030128
0 0.373238 0.493210 0.022182 0.029593
0 0.830078 0.450373 0.037433 0.038300
0 0.456966 0.496111 0.022182 0.029593
0 0.876222 0.679313 0.034830 0.035004
0 0.322892 0.745488 0.036131 0.036652
0 0.871675 0.871489 0.038735 0.039948
0 0.161835 0.641840 0.032279 0.033290
0 0.872048 0.804202 0.034830 0.035004
0 0.880808 0.617003 0.039667 0.030529
0 0.431903 0.815467 0.036078 0.035071
0 0.876362 0.712578 0.037327 0.035138
0 0.153865 0.861546 0.033634 0.036518
0 0.905151 0.281772 0.023378 0.028079
0 0.649021 0.888861 0.034618 0.028681
0 0.651732 0.826450 0.038523 0.033624
0 0.162892 0.610222 0.032385 0.036451
0 0.500779 0.401853 0.036131 0.036652
0 0.879974 0.211533 0.026035 0.032955
0 0.879126 0.648587 0.038629 0.036786
0 0.225460 0.422739 0.034724 0.031843
0 0.597432 0.822750 0.037327 0.035138
0 0.906825 0.212971 0.024680 0.029727
0 0.164002 0.577024 0.034777 0.033423
0 0.881214 0.586143 0.038576 0.035205
0 0.434423 0.721372 0.034777 0.033423
0 0.601660 0.696281 0.034724 0.031843
0 0.115852 0.351936 0.033686 0.038099
0 0.445802 0.399700 0.036078 0.035071
0 0.884517 0.487339 0.035920 0.030329
0 0.433419 0.751408 0.034882 0.036585
0 0.652737 0.796414 0.036131 0.036652
0 0.878812 0.246312 0.025929 0.029793
0 0.653873 0.762425 0.036078 0.035071
0 0.771312 0.580256 0.033581 0.034937
0 0.371451 0.527956 0.023537 0.032821
0 0.282085 0.356881 0.036131 0.036652
0 0.158179 0.769923 0.033528 0.033357
0 0.883621 0.457992 0.039825 0.035272
0 0.777839 0.385019 0.036237 0.039814
0 0.321809 0.777896 0.036078 0.035071
0 0.657070 0.666783 0.035920 0.030329
0 0.399251 0.557159 0.023590 0.034402
0 0.602499 0.633769 0.037275 0.033557
0 0.599979 0.727864 0.033686 0.038099
0 0.610387 0.472655 0.032173 0.030128
0 0.722756 0.386028 0.036078 0.035071
0 0.649998 0.859615 0.037380 0.036719
0 0.773393 0.480595 0.033581 0.034937
0 0.602717 0.664663 0.037327 0.035138
0 0.611929 0.407806 0.033422 0.030195
0 0.715060 0.578826 0.033581 0.034937
0 0.882297 0.553735 0.036131 0.036652
0 0.439354 0.592565 0.031083 0.034804
0 0.607084 0.571459 0.034830 0.035004
0 0.659184 0.603548 0.033528 0.033357
0 0.170284 0.351684 0.037433 0.038300
0 0.882835 0.518922 0.037275 0.033557
0 0.718960 0.480846 0.034724 0.031843
0 0.720017 0.449229 0.034724 0.031843
0 0.828185 0.488281 0.036078 0.035071
0 0.226810 0.326206 0.038576 0.035205
0 0.375869 0.844931 0.036131 0.036652
0 0.327365 0.649122 0.035920 0.030329
0 0.771797 0.547024 0.032332 0.034871
0 0.320779 0.808723 0.035920 0.030329
0 0.664954 0.412230 0.034777 0.033423
0 0.773532 0.513860 0.036078 0.035071
0 0.606321 0.538161 0.036078 0.035071
0 0.607430 0.504963 0.036078 0.035071
0 0.275367 0.520433 0.033475 0.031776
0 0.278729 0.457266 0.036078 0.035071
0 0.663464 0.475498 0.036026 0.033490
0 0.331427 0.490179 0.038576 0.035205
0 0.272602 0.584425 0.037380 0.036719
0 0.281573 0.390903 0.037327 0.035138
0 0.716196 0.544838 0.036131 0.036652
0 0.662381 0.507906 0.036078 0.035071
0 0.505040 0.667350 0.021601 0.012203
0 0.507253 0.563736 0.019262 0.016812
0 0.497764 0.548183 0.026491 0.009309
0 0.833282 0.391948 0.034830 0.035004
0 0.436157 0.688207 0.036131 0.036652
0 0.884001 0.427922 0.036078 0.035071
0 0.460276 0.434524 0.024891 0.036050
0 0.612986 0.376189 0.036131 0.036652
0 0.499448 0.460378 0.031751 0.017481
0 0.497641 0.533131 0.035709 0.024005
0 0.504918 0.652298 0.023114 0.020174
0 0.165386 0.516918 0.036237 0.039814
0 0.279839 0.424068 0.036078 0.035071
0 0.324980 0.683044 0.038576 0.035205
0 0.276450 0.488026 0.033528 0.033357
0 0.661245 0.541895 0.036131 0.036652
0 0.497291 0.506190 0.035920 0.030329
0 0.110243 0.482290 0.036131 0.036652
0 0.331566 0.523444 0.036078 0.035071
0 0.274363 0.550470 0.033581 0.034937
0 0.329453 0.586678 0.036078 0.035071
0 0.775374 0.421312 0.033634 0.036518
0 0.334764 0.427802 0.036131 0.036652
0 0.112004 0.448335 0.037327 0.035138
0 0.336524 0.393846 0.032332 0.034871
0 0.458023 0.464494 0.022077 0.026431
0 0.401365 0.493925 0.026087 0.034536
0 0.389361 0.460024 0.034830 0.035004
0 0.556813 0.372388 0.033792 0.041261
0 0.440983 0.562562 0.034724 0.031843
0 0.327094 0.619810 0.036078 0.035071
0 0.385081 0.588074 0.039931 0.038434
0 0.666715 0.378275 0.033686 0.038099
0 0.887037 0.393244 0.037433 0.038300
0 0.429976 0.461408 0.023431 0.029660
0 0.166575 0.481349 0.036078 0.035071
0 0.658778 0.634408 0.034830 0.035004
0 0.319722 0.840340 0.036026 0.033490
0 0.330562 0.553480 0.035973 0.031909
0 0.717956 0.510883 0.034830 0.035004
0 0.440844 0.529297 0.032438 0.038032
0 0.400879 0.527156 0.022129 0.028012
0 0.833794 0.357926 0.036131 0.036652
0 0.723268 0.352006 0.037380 0.036719
0 0.333654 0.461000 0.035920 0.030329
0 0.337661 0.359858 0.037380 0.036719
0 0.223752 0.455113 0.036026 0.033490
0 0.611444 0.441038 0.034882 0.036585
0 0.380555 0.686021 0.037327 0.035138
0 0.170889 0.389725 0.036184 0.038233
0 0.664495 0.444671 0.033581 0.034937
0 0.318691 0.871167 0.033581 0.034937
0 0.168283 0.448974 0.032279 0.033290
0 0.325119 0.716309 0.036078 0.035071
0 0.721620 0.420017 0.036131 0.036652
0 0.390339 0.430778 0.034671 0.030262
0 0.655960 0.699981 0.036131 0.036652
0 0.158664 0.736692 0.037380 0.036719
