0 0.199952 0.346667 0.044091 0.036479
0 0.092306 0.376768 0.041192 0.034250
0 0.459290 0.304955 0.031195 0.027209
0 0.757620 0.194081 0.039893 0.033896
0 0.495572 0.267008 0.039893 0.033896
0 0.361799 0.303418 0.039893 0.033896
0 0.557845 0.774596 0.024911 0.032698
0 0.304381 0.880477 0.043002 0.043382
0 0.253080 0.894440 0.041703 0.043028
0 0.713881 0.470660 0.030709 0.037156
0 0.172611 0.505695 0.043605 0.046426
0 0.743627 0.606932 0.030106 0.034112
0 0.197731 0.908703 0.041309 0.047241
0 0.693218 0.366404 0.034212 0.042429
0 0.231315 0.788078 0.043002 0.043382
0 0.705745 0.768027 0.041703 0.043028
0 0.671651 0.257582 0.030106 0.034112
0 0.413477 0.850784 0.039198 0.036587
0 0.320506 0.951480 0.041703 0.043028
0 0.626981 0.384432 0.041401 0.041506
0 0.823932 0.735859 0.030106 0.034112
0 0.798456 0.741992 0.029712 0.038325
0 0.147067 0.663432 0.041100 0.039984
0 0.174169 0.803631 0.040404 0.042675
0 0.860688 0.427495 0.046202 0.047133
0 0.837054 0.802066 0.033609 0.039385
0 0.194225 0.611296 0.042005 0.044550
0 0.237754 0.824021 0.042005 0.044550
0 0.659178 0.812783 0.043002 0.043382
0 0.474314 0.871120 0.041703 0.043028
0 0.712381 0.801511 0.041703 0.043028
0 0.613771 0.866848 0.039801 0.039631
0 0.427851 0.919858 0.042005 0.044550
0 0.290505 0.810466 0.043002 0.043382
0 0.444962 0.232660 0.032704 0.034819
0 0.210459 0.979422 0.037807 0.041155
0 0.681316 0.441026 0.031405 0.034466
0 0.311470 0.916244 0.043303 0.044904
0 0.212634 0.421013 0.039105 0.042321
0 0.665768 0.849488 0.041703 0.043028
0 0.283915 0.773761 0.044300 0.043735
0 0.607634 0.832427 0.045205 0.048301
0 0.829919 0.769520 0.029411 0.036803
0 0.775304 0.563020 0.040404 0.042675
0 0.748768 0.643229 0.038108 0.043490
0 0.466575 0.835530 0.040706 0.044197
0 0.654063 0.300065 0.030408 0.035634
0 0.593305 0.760132 0.038502 0.039277
0 0.201921 0.943654 0.040404 0.042675
0 0.440182 0.205088 0.030802 0.031422
0 0.645059 0.748452 0.037505 0.040446
0 0.805892 0.776060 0.030709 0.037156
0 0.736991 0.573448 0.033910 0.040907
0 0.866628 0.464376 0.043002 0.043382
0 0.638423 0.714969 0.038108 0.043490
0 0.139178 0.627081 0.046806 0.050176
0 0.310410 0.617370 0.038502 0.039277
0 0.522628 0.410429 0.041703 0.043028
0 0.181258 0.839398 0.043303 0.044904
0 0.719319 0.836517 0.041100 0.039984
0 0.297594 0.846232 0.042700 0.041860
0 0.648943 0.488335 0.041703 0.043028
0 0.537802 0.480087 0.038502 0.039277
0 0.599745 0.796076 0.043303 0.044904
0 0.179851 0.542223 0.043002 0.043382
0 0.303472 0.582364 0.041703 0.043028
0 0.811879 0.809720 0.032612 0.040554
0 0.572793 0.656637 0.041703 0.043028
0 0.878116 0.791692 0.043002 0.043382
0 0.608920 0.573016 0.040404 0.042675
0 0.207602 0.682246 0.040404 0.042675
0 0.632482 0.678087 0.041309 0.047241
0 0.842882 0.620822 0.043907 0.047948
0 0.423846 0.623389 0.039105 0.042321
0 0.624396 0.644196 0.043002 0.043382
0 0.703730 0.547211 0.035812 0.044305
0 0.689054 0.476616 0.033609 0.039385
0 0.296836 0.548880 0.041703 0.043028
0 0.188737 0.576698 0.041703 0.043028
0 0.669908 0.594113 0.042005 0.044550
0 0.771601 0.268074 0.037505 0.040446
0 0.364413 0.606681 0.042005 0.044550
0 0.864194 0.724901 0.041703 0.043028
0 0.219270 0.454497 0.041703 0.043028
0 0.243436 0.562612 0.041401 0.041506
0 0.552210 0.286882 0.041007 0.045719
0 0.418509 0.589552 0.041703 0.043028
0 0.565856 0.621631 0.042306 0.046072
0 0.550681 0.551973 0.041703 0.043028
0 0.426130 0.362103 0.040706 0.044197
0 0.097597 0.413826 0.044904 0.046779
0 0.655579 0.521819 0.041703 0.043028
0 0.111322 0.483076 0.043999 0.042213
0 0.786277 0.338670 0.041703 0.043028
0 0.697810 0.734897 0.041703 0.043028
0 0.449344 0.468873 0.039105 0.042321
0 0.800153 0.408681 0.041703 0.043028
0 0.453500 0.766102 0.041703 0.043028
0 0.830988 0.288002 0.041703 0.043028
0 0.445414 0.732211 0.042005 0.044550
0 0.820015 0.512353 0.038410 0.045012
0 0.660200 0.334486 0.032612 0.040554
0 0.508752 0.340417 0.041703 0.043028
0 0.558105 0.326984 0.042306 0.046072
0 0.675396 0.628711 0.041703 0.043028
0 0.315140 0.354616 0.041007 0.045719
0 0.793562 0.371977 0.043002 0.043382
0 0.454983 0.504232 0.042306 0.046072
0 0.382868 0.413178 0.040404 0.042675
0 0.262800 0.667222 0.041703 0.043028
0 0.789029 0.632271 0.040706 0.044197
0 0.235048 0.527199 0.044300 0.043735
0 0.267635 0.408450 0.042005 0.044550
0 0.255514 0.633915 0.043002 0.043382
0 0.201464 0.647824 0.042005 0.044550
0 0.531015 0.445842 0.041401 0.041506
0 0.733028 0.353163 0.041703 0.043028
0 0.634418 0.418500 0.040404 0.042675
0 0.166021 0.468990 0.041703 0.043028
0 0.281058 0.476178 0.042306 0.046072
0 0.441409 0.435743 0.041703 0.043028
0 0.274422 0.442694 0.041703 0.043028
0 0.588257 0.468760 0.043303 0.044904
0 0.601681 0.536489 0.041007 0.045719
0 0.581169 0.432993 0.040404 0.042675
0 0.710613 0.246977 0.044904 0.046779
0 0.718352 0.282567 0.040706 0.044197
0 0.827904 0.548704 0.041703 0.043028
0 0.452051 0.268427 0.033609 0.039385
0 0.479153 0.408627 0.034304 0.036695
0 0.485441 0.443809 0.036809 0.043136
0 0.471913 0.372099 0.038712 0.046534
0 0.456425 0.290496 0.030291 0.022643
0 0.598174 0.239082 0.039893 0.033896
0 0.469810 0.575589 0.040404 0.042675
0 0.430483 0.656873 0.039105 0.042321
0 0.206693 0.384132 0.039105 0.042321
0 0.825500 0.253404 0.042005 0.044550
0 0.482399 0.905011 0.044602 0.045257
0 0.728452 0.537274 0.033307 0.037863
0 0.132588 0.590376 0.041703 0.043028
0 0.835491 0.583533 0.040404 0.042675
0 0.462223 0.540760 0.041703 0.043028
0 0.701954 0.400118 0.029411 0.036803
0 0.459290 0.802223 0.041401 0.041506
0 0.420113 0.884268 0.043002 0.043382
0 0.594894 0.502244 0.040102 0.041153
0 0.586669 0.726649 0.042306 0.046072
0 0.652843 0.780822 0.040404 0.042675
0 0.245643 0.860372 0.043303 0.044904
0 0.709671 0.584093 0.032008 0.037510
0 0.850620 0.656412 0.041703 0.043028
0 0.695841 0.510860 0.031313 0.040200
0 0.782393 0.598787 0.040102 0.041153
0 0.686628 0.329700 0.032310 0.039032
0 0.227658 0.489910 0.045205 0.048301
0 0.161592 0.733266 0.041007 0.045719
0 0.400251 0.780596 0.042306 0.046072
0 0.216790 0.718243 0.042306 0.046072
0 0.802406 0.703220 0.041703 0.043028
0 0.189646 0.874811 0.040404 0.042675
0 0.717606 0.617223 0.035209 0.041261
0 0.844864 0.358014 0.041703 0.043028
0 0.646325 0.264475 0.032612 0.040554
0 0.578780 0.690298 0.039801 0.039631
0 0.221780 0.753779 0.043002 0.043382
0 0.689272 0.698723 0.044904 0.046779
0 0.154353 0.696739 0.041007 0.045719
0 0.768065 0.526493 0.040404 0.042675
0 0.419041 0.326336 0.041007 0.045719
0 0.666640 0.370430 0.033609 0.039385
0 0.168832 0.769794 0.040404 0.042675
0 0.125801 0.556132 0.042005 0.044550
0 0.852602 0.393604 0.045297 0.042567
0 0.706642 0.434132 0.033910 0.040907
0 0.796269 0.668799 0.043303 0.044904
0 0.856259 0.691771 0.041703 0.043028
0 0.117460 0.517498 0.043605 0.046426
0 0.682032 0.662195 0.041703 0.043028
0 0.872129 0.758031 0.041703 0.043028
0 0.248274 0.597387 0.043605 0.046426
0 0.678739 0.293349 0.034212 0.042429
0 0.406841 0.817300 0.043605 0.046426
0 0.150892 0.396112 0.043002 0.043382
0 0.160382 0.433631 0.042306 0.046072
0 0.674529 0.406781 0.035511 0.042783
0 0.410875 0.557943 0.041703 0.043028
0 0.838274 0.321309 0.043002 0.043382
0 0.377837 0.674410 0.041703 0.043028
0 0.753992 0.458941 0.042005 0.044550
0 0.814028 0.478692 0.041703 0.043028
0 0.720517 0.504144 0.036508 0.041614
0 0.277128 0.739517 0.044602 0.045257
0 0.104686 0.449592 0.044602 0.045257
0 0.817808 0.214593 0.042909 0.049116
0 0.269390 0.703927 0.043002 0.043382
0 0.390715 0.746297 0.042306 0.046072
0 0.661218 0.557178 0.042306 0.046072
0 0.575680 0.398395 0.043303 0.044904
0 0.606063 0.275433 0.045599 0.044089
0 0.397197 0.485472 0.043303 0.044904
0 0.642156 0.454090 0.042005 0.044550
0 0.384925 0.710177 0.042005 0.044550
0 0.432871 0.399568 0.039709 0.045365
0 0.739965 0.388168 0.041703 0.043028
0 0.367740 0.340299 0.041703 0.043028
0 0.619893 0.348665 0.039105 0.042321
0 0.558767 0.585865 0.042005 0.044550
0 0.403787 0.522177 0.045205 0.048301
0 0.725591 0.319095 0.040706 0.044197
0 0.808540 0.444094 0.042608 0.047594
0 0.760779 0.493186 0.041703 0.043028
0 0.357325 0.570915 0.041703 0.043028
0 0.517290 0.376591 0.042306 0.046072
0 0.289596 0.512352 0.041703 0.043028
0 0.616009 0.608783 0.043303 0.044904
0 0.329619 0.427671 0.043605 0.046426
0 0.778388 0.302319 0.046202 0.047133
0 0.612004 0.312314 0.038410 0.045012
0 0.350085 0.534387 0.041703 0.043028
0 0.438673 0.694746 0.044208 0.049470
0 0.260592 0.369462 0.047409 0.053220
0 0.762610 0.229617 0.043605 0.046426
0 0.374979 0.376827 0.042306 0.046072
0 0.567942 0.362805 0.042306 0.046072
0 0.322878 0.390206 0.042005 0.044550
0 0.746903 0.423174 0.041703 0.043028
0 0.371200 0.640926 0.041703 0.043028
0 0.501362 0.303128 0.042608 0.047594
0 0.544891 0.515853 0.042608 0.047594
0 0.389957 0.448945 0.046504 0.048654
