0 0.501511 0.387411 0.033233 0.040780
0 0.501511 0.348404 0.033233 0.037234
0 0.332326 0.198582 0.042296 0.031915
0 0.076284 0.194149 0.040785 0.026596
0 0.731873 0.738475 0.040785 0.026596
0 0.502266 0.221631 0.031722 0.028369
0 0.503776 0.304078 0.031722 0.033688
0 0.734894 0.198582 0.040785 0.028369
0 0.550604 0.197695 0.040785 0.023050
0 0.331571 0.367908 0.040785 0.040780
0 0.328550 0.701241 0.040785 0.040780
0 0.856495 0.820035 0.042296 0.040780
0 0.266616 0.701241 0.040785 0.040780
0 0.857251 0.738475 0.040785 0.040780
0 0.546073 0.696809 0.043807 0.042553
0 0.920695 0.903369 0.046828 0.040780
0 0.857251 0.779255 0.040785 0.040780
0 0.204683 0.491135 0.040785 0.031915
0 0.548338 0.367908 0.042296 0.040780
0 0.546073 0.820922 0.040785 0.042553
0 0.075529 0.904255 0.045317 0.046099
0 0.329305 0.821809 0.042296 0.040780
0 0.671450 0.821809 0.040785 0.033688
0 0.919184 0.408688 0.040785 0.037234
0 0.204683 0.821809 0.043807 0.044326
0 0.266616 0.824468 0.046828 0.042553
0 0.547583 0.655142 0.040785 0.037234
0 0.076284 0.820035 0.040785 0.040780
0 0.204683 0.701241 0.043807 0.040780
0 0.917674 0.865248 0.043807 0.039007
0 0.919184 0.326241 0.040785 0.042553
0 0.266616 0.326241 0.040785 0.039007
0 0.204683 0.784574 0.040785 0.037234
0 0.671450 0.782801 0.043807 0.044326
0 0.671450 0.902482 0.043807 0.039007
0 0.328550 0.573582 0.040785 0.040780
0 0.671450 0.659574 0.043807 0.039007
0 0.330060 0.491135 0.040785 0.042553
0 0.856495 0.696809 0.045317 0.039007
0 0.669940 0.618794 0.040785 0.042553
0 0.265106 0.739362 0.040785 0.042553
0 0.857251 0.532801 0.040785 0.040780
0 0.920695 0.697695 0.043807 0.040780
0 0.669940 0.532801 0.040785 0.037234
0 0.076284 0.408688 0.040785 0.040780
0 0.920695 0.536348 0.040785 0.044326
0 0.452417 0.492021 0.040785 0.040780
0 0.268127 0.782801 0.040785 0.037234
0 0.547583 0.782801 0.040785 0.037234
0 0.856495 0.409574 0.042296 0.039007
0 0.733384 0.775709 0.040785 0.044326
0 0.796073 0.405142 0.039275 0.037234
0 0.330816 0.281915 0.042296 0.042553
0 0.203172 0.742908 0.040785 0.042553
0 0.548338 0.573582 0.039275 0.040780
0 0.918429 0.615248 0.042296 0.042553
0 0.393505 0.577128 0.040785 0.044326
0 0.077795 0.739362 0.043807 0.042553
0 0.549849 0.239362 0.036254 0.042553
0 0.669940 0.573582 0.040785 0.040780
0 0.856495 0.286348 0.042296 0.040780
0 0.075529 0.531915 0.042296 0.042553
0 0.794562 0.363475 0.045317 0.042553
0 0.856495 0.615248 0.042296 0.039007
0 0.795317 0.327128 0.040785 0.037234
0 0.267372 0.240248 0.042296 0.040780
0 0.203927 0.280142 0.042296 0.042553
0 0.077795 0.280142 0.043807 0.039007
0 0.731873 0.614362 0.043807 0.040780
0 0.796073 0.616135 0.042296 0.044326
0 0.453927 0.532801 0.040785 0.040780
0 0.141239 0.325355 0.043807 0.040780
0 0.453172 0.615248 0.042296 0.042553
0 0.671450 0.408688 0.040785 0.037234
0 0.731873 0.285461 0.040785 0.042553
0 0.265106 0.618794 0.043807 0.046099
0 0.141239 0.239362 0.043807 0.042553
0 0.077039 0.364362 0.045317 0.044326
0 0.265861 0.660461 0.042296 0.040780
0 0.266616 0.573582 0.040785 0.044326
0 0.608761 0.367908 0.042296 0.040780
0 0.732628 0.656028 0.042296 0.042553
0 0.204683 0.451241 0.040785 0.040780
0 0.734894 0.449468 0.040785 0.040780
0 0.074773 0.573582 0.043807 0.040780
0 0.733384 0.531028 0.040785 0.040780
0 0.075529 0.656915 0.042296 0.040780
0 0.857251 0.573582 0.043807 0.040780
0 0.204683 0.367021 0.043807 0.039007
0 0.204683 0.656915 0.043807 0.044326
0 0.919940 0.450355 0.042296 0.046099
0 0.328550 0.616135 0.040785 0.040780
0 0.391994 0.408688 0.037764 0.040780
0 0.672961 0.240248 0.040785 0.040780
0 0.731873 0.697695 0.043807 0.040780
0 0.328550 0.532801 0.037764 0.037234
0 0.074773 0.616135 0.040785 0.040780
0 0.330816 0.240248 0.039275 0.040780
0 0.670695 0.326241 0.042296 0.039007
0 0.549094 0.408688 0.037764 0.037234
0 0.671450 0.446809 0.040785 0.039007
0 0.328550 0.408688 0.040785 0.040780
0 0.204683 0.573582 0.043807 0.044326
0 0.795317 0.573582 0.040785 0.040780
0 0.731873 0.325355 0.043807 0.040780
0 0.268127 0.408688 0.043807 0.040780
0 0.077039 0.321809 0.045317 0.044326
0 0.329305 0.660461 0.045317 0.044326
0 0.140483 0.492021 0.045317 0.044326
0 0.206193 0.322695 0.040785 0.046099
0 0.331571 0.326241 0.040785 0.046099
0 0.733384 0.408688 0.040785 0.040780
0 0.547583 0.450355 0.040785 0.046099
0 0.670695 0.367908 0.042296 0.040780
0 0.608761 0.536348 0.045317 0.044326
0 0.140483 0.446809 0.045317 0.046099
0 0.856495 0.240248 0.042296 0.047872
0 0.330060 0.449468 0.040785 0.040780
0 0.267372 0.284574 0.042296 0.040780
0 0.395015 0.531915 0.040785 0.046099
0 0.141239 0.280142 0.043807 0.046099
0 0.546073 0.532801 0.040785 0.040780
0 0.731873 0.367021 0.043807 0.042553
0 0.609517 0.284574 0.040785 0.040780
0 0.607251 0.491135 0.045317 0.042553
0 0.393505 0.327128 0.040785 0.040780
0 0.795317 0.243794 0.040785 0.044326
0 0.077795 0.234929 0.043807 0.044326
0 0.670695 0.491135 0.045317 0.046099
0 0.671450 0.284574 0.043807 0.044326
0 0.856495 0.327128 0.045317 0.040780
0 0.607251 0.325355 0.042296 0.040780
0 0.608761 0.449468 0.045317 0.040780
0 0.268127 0.450355 0.043807 0.039007
0 0.452417 0.367021 0.040785 0.042553
0 0.453172 0.284574 0.042296 0.040780
0 0.548338 0.326241 0.039275 0.042553
0 0.394260 0.239362 0.042296 0.046099
0 0.609517 0.239362 0.040785 0.046099
0 0.796073 0.286348 0.042296 0.040780
0 0.394260 0.285461 0.045317 0.046099
0 0.453927 0.325355 0.040785 0.040780
0 0.204683 0.409574 0.043807 0.046099
0 0.268127 0.494681 0.043807 0.046099
0 0.453927 0.408688 0.040785 0.040780
0 0.453927 0.451241 0.040785 0.040780
0 0.733384 0.239362 0.040785 0.046099
0 0.204683 0.531028 0.043807 0.044326
0 0.455438 0.242908 0.040785 0.042553
0 0.503021 0.172872 0.030211 0.023050
0 0.503776 0.194149 0.031722 0.023050
0 0.453927 0.906028 0.040785 0.042553
0 0.393505 0.490248 0.040785 0.040780
0 0.138218 0.363475 0.040785 0.039007
0 0.453172 0.780142 0.039275 0.042553
0 0.075529 0.861702 0.045317 0.042553
0 0.917674 0.825355 0.043807 0.040780
0 0.076284 0.779255 0.040785 0.037234
0 0.547583 0.738475 0.040785 0.044326
0 0.203172 0.906915 0.040785 0.040780
0 0.547583 0.861702 0.040785 0.035461
0 0.201662 0.866135 0.040785 0.040780
0 0.074773 0.490248 0.043807 0.040780
0 0.503776 0.111702 0.031722 0.031915
0 0.453927 0.825355 0.040785 0.040780
0 0.856495 0.860816 0.045317 0.040780
0 0.547583 0.614362 0.040785 0.040780
0 0.795317 0.491135 0.040785 0.046099
0 0.733384 0.573582 0.040785 0.040780
0 0.453927 0.866135 0.037764 0.037234
0 0.453172 0.659574 0.039275 0.039007
0 0.857251 0.491135 0.043807 0.046099
0 0.502266 0.143617 0.031722 0.031915
0 0.919940 0.577128 0.039275 0.037234
0 0.328550 0.866135 0.037764 0.040780
0 0.857251 0.368794 0.043807 0.039007
0 0.455438 0.573582 0.040785 0.037234
0 0.857251 0.655142 0.040785 0.040780
0 0.453172 0.701241 0.042296 0.040780
0 0.330060 0.742021 0.040785 0.040780
0 0.917674 0.656915 0.040785 0.037234
0 0.266616 0.866135 0.040785 0.037234
0 0.204683 0.615248 0.037764 0.035461
0 0.546073 0.903369 0.040785 0.040780
0 0.548338 0.281915 0.039275 0.042553
0 0.919940 0.491135 0.042296 0.042553
0 0.858006 0.903369 0.045317 0.040780
0 0.671450 0.738475 0.043807 0.044326
0 0.796073 0.532801 0.039275 0.040780
0 0.268127 0.906915 0.043807 0.044326
0 0.669940 0.697695 0.040785 0.040780
0 0.731873 0.903369 0.040785 0.040780
0 0.547583 0.491135 0.040785 0.035461
0 0.330060 0.782801 0.040785 0.040780
0 0.731873 0.861702 0.040785 0.042553
0 0.453927 0.739362 0.040785 0.039007
0 0.391994 0.367908 0.043807 0.040780
0 0.919184 0.276596 0.040785 0.042553
0 0.919940 0.367908 0.045317 0.044326
0 0.328550 0.906915 0.043807 0.040780
0 0.731873 0.820035 0.043807 0.040780
0 0.204683 0.238475 0.037764 0.040780
0 0.074773 0.449468 0.040785 0.040780
0 0.268127 0.533688 0.040785 0.035461
0 0.266616 0.364362 0.040785 0.040780
0 0.919184 0.234929 0.040785 0.040780
0 0.671450 0.860816 0.043807 0.044326
0 0.391994 0.450355 0.037764 0.039007
0 0.733384 0.487589 0.040785 0.039007
0 0.857251 0.450355 0.037764 0.039007
0 0.919184 0.742021 0.040785 0.040780
0 0.074773 0.697695 0.043807 0.040780
0 0.608761 0.408688 0.036254 0.040780
0 0.141239 0.405142 0.040785 0.040780
0 0.917674 0.780142 0.043807 0.042553
0 0.796073 0.445922 0.042296 0.040780
