0 0.871676 0.771073 0.023121 0.040230
0 0.904046 0.814176 0.023121 0.034483
0 0.094220 0.619732 0.021965 0.044061
0 0.634104 0.381226 0.019653 0.034483
0 0.094220 0.570881 0.021965 0.034483
0 0.418497 0.772031 0.023121 0.042146
0 0.929480 0.863985 0.023121 0.042146
0 0.095954 0.722222 0.025434 0.042146
0 0.417919 0.911877 0.024277 0.042146
0 0.095376 0.670498 0.024277 0.042146
0 0.929480 0.815134 0.023121 0.040230
0 0.443931 0.963602 0.023121 0.042146
0 0.378613 0.725096 0.038150 0.055556
0 0.444509 0.772031 0.021965 0.038314
0 0.391329 0.428161 0.021965 0.044061
0 0.487283 0.064176 0.049711 0.044061
0 0.443353 0.912835 0.021965 0.044061
0 0.095376 0.522989 0.021965 0.034483
0 0.846821 0.235632 0.021965 0.034483
0 0.485549 0.260536 0.046243 0.042146
0 0.927746 0.524904 0.024277 0.038314
0 0.658382 0.429119 0.024277 0.038314
0 0.847977 0.770115 0.021965 0.038314
0 0.122543 0.673372 0.025434 0.044061
0 0.417919 0.816092 0.024277 0.038314
0 0.123121 0.772031 0.024277 0.042146
0 0.095376 0.379310 0.021965 0.034483
0 0.847977 0.815134 0.021965 0.040230
0 0.765896 0.427203 0.024277 0.042146
0 0.431214 0.725096 0.039306 0.051724
0 0.095954 0.424330 0.023121 0.040230
0 0.391329 0.379310 0.024277 0.038314
0 0.257225 0.771073 0.021965 0.040230
0 0.121387 0.428161 0.023121 0.044061
0 0.121965 0.622605 0.026590 0.042146
0 0.229480 0.380268 0.021965 0.036398
0 0.230058 0.429119 0.023121 0.038314
0 0.871676 0.285441 0.025434 0.042146
0 0.901156 0.379310 0.021965 0.038314
0 0.204046 0.426245 0.021965 0.040230
0 0.485549 0.521073 0.032370 0.042146
0 0.484971 0.181992 0.045087 0.049808
0 0.097110 0.476054 0.025434 0.044061
0 0.053757 0.725096 0.038150 0.051724
0 0.378613 0.330460 0.038150 0.055556
0 0.108092 0.330460 0.035838 0.051724
0 0.901734 0.476054 0.023121 0.040230
0 0.632370 0.427203 0.020809 0.038314
0 0.215029 0.726054 0.039306 0.057471
0 0.926590 0.426245 0.021965 0.040230
0 0.819653 0.286398 0.020809 0.036398
0 0.161272 0.726054 0.033526 0.049808
0 0.121965 0.523946 0.024277 0.040230
0 0.913873 0.720307 0.038150 0.049808
0 0.216763 0.674330 0.035838 0.049808
0 0.054335 0.280651 0.034682 0.047893
0 0.793642 0.286398 0.021965 0.036398
0 0.765896 0.383142 0.024277 0.038314
0 0.927746 0.382184 0.021965 0.036398
0 0.818497 0.238506 0.023121 0.040230
0 0.162428 0.332375 0.035838 0.051724
0 0.700578 0.722222 0.036994 0.061303
0 0.754335 0.722222 0.038150 0.049808
0 0.163584 0.229885 0.038150 0.053640
0 0.269364 0.674330 0.034682 0.049808
0 0.913295 0.669540 0.036994 0.047893
0 0.430636 0.674330 0.038150 0.049808
0 0.901156 0.428161 0.026590 0.044061
0 0.269364 0.617816 0.036994 0.055556
0 0.591908 0.185824 0.034682 0.049808
0 0.108092 0.282567 0.033526 0.047893
0 0.913295 0.334291 0.034682 0.047893
0 0.929480 0.475096 0.025434 0.038314
0 0.860694 0.718391 0.035838 0.053640
0 0.323699 0.673372 0.034682 0.047893
0 0.162428 0.673372 0.033526 0.051724
0 0.205202 0.379310 0.024277 0.042146
0 0.108092 0.230843 0.038150 0.051724
0 0.646243 0.723180 0.036994 0.055556
0 0.054335 0.622605 0.039306 0.057471
0 0.658382 0.383142 0.024277 0.038314
0 0.377457 0.675287 0.035838 0.047893
0 0.054335 0.675287 0.036994 0.051724
0 0.162428 0.621648 0.033526 0.055556
0 0.753179 0.673372 0.035838 0.047893
0 0.216185 0.278736 0.034682 0.044061
0 0.539306 0.282567 0.035838 0.047893
0 0.430636 0.622605 0.038150 0.053640
0 0.053757 0.330460 0.040462 0.051724
0 0.700578 0.619732 0.036994 0.055556
0 0.646243 0.335249 0.036994 0.053640
0 0.806358 0.723180 0.038150 0.055556
0 0.270520 0.283525 0.034682 0.045977
0 0.377457 0.283525 0.035838 0.045977
0 0.376879 0.621648 0.034682 0.059387
0 0.216763 0.621648 0.038150 0.055556
0 0.216185 0.331418 0.039306 0.053640
0 0.323699 0.282567 0.034682 0.047893
0 0.540462 0.235632 0.033526 0.045977
0 0.323699 0.725096 0.036994 0.051724
0 0.593064 0.233716 0.034682 0.045977
0 0.054335 0.229885 0.039306 0.057471
0 0.646243 0.671456 0.034682 0.051724
0 0.162428 0.282567 0.038150 0.047893
0 0.807514 0.674330 0.035838 0.049808
0 0.647399 0.619732 0.036994 0.055556
0 0.216185 0.230843 0.036994 0.051724
0 0.269364 0.230843 0.034682 0.051724
0 0.859538 0.669540 0.033526 0.047893
0 0.377457 0.230843 0.035838 0.055556
0 0.913873 0.236590 0.038150 0.055556
0 0.913295 0.618774 0.036994 0.053640
0 0.859538 0.617816 0.035838 0.051724
0 0.593064 0.131226 0.032370 0.055556
0 0.323699 0.334291 0.034682 0.059387
0 0.753179 0.621648 0.038150 0.055556
0 0.752023 0.332375 0.038150 0.055556
0 0.752023 0.234674 0.035838 0.051724
0 0.485549 0.422414 0.043931 0.055556
0 0.432948 0.282567 0.035838 0.047893
0 0.324855 0.619732 0.036994 0.055556
0 0.646243 0.234674 0.034682 0.051724
0 0.913873 0.286398 0.035838 0.047893
0 0.323699 0.229885 0.036994 0.053640
0 0.646243 0.286398 0.034682 0.047893
0 0.432948 0.229885 0.035838 0.049808
0 0.807514 0.619732 0.033526 0.055556
0 0.698266 0.234674 0.034682 0.051724
0 0.593064 0.286398 0.034682 0.051724
0 0.698266 0.286398 0.034682 0.047893
0 0.698266 0.336207 0.034682 0.055556
0 0.539884 0.181992 0.034682 0.053640
0 0.485549 0.474138 0.041618 0.051724
0 0.485549 0.224138 0.043931 0.034483
0 0.065896 0.912835 0.030058 0.047893
0 0.498844 0.766284 0.021965 0.034483
0 0.419653 0.964559 0.023121 0.040230
0 0.903468 0.862069 0.024277 0.038314
0 0.419653 0.863985 0.025434 0.042146
0 0.066474 0.814176 0.028902 0.042146
0 0.095376 0.770115 0.021965 0.038314
0 0.850289 0.911877 0.024277 0.038314
0 0.902890 0.912835 0.025434 0.040230
0 0.929480 0.770115 0.023121 0.042146
0 0.065318 0.772031 0.024277 0.034483
0 0.390173 0.816092 0.024277 0.038314
0 0.873410 0.818966 0.021965 0.040230
0 0.871676 0.235632 0.023121 0.034483
0 0.443931 0.815134 0.023121 0.036398
0 0.820231 0.331418 0.024277 0.038314
0 0.538728 0.333333 0.036994 0.038314
0 0.122543 0.379310 0.020809 0.038314
0 0.271676 0.330460 0.036994 0.051724
0 0.849133 0.863985 0.024277 0.038314
0 0.121965 0.573755 0.024277 0.036398
0 0.904046 0.964559 0.025434 0.044061
0 0.257225 0.815134 0.021965 0.040230
0 0.269364 0.722222 0.036994 0.049808
0 0.874566 0.913793 0.021965 0.038314
0 0.485549 0.336207 0.046243 0.040230
0 0.283815 0.815134 0.021965 0.036398
0 0.928902 0.964559 0.024277 0.040230
0 0.388439 0.770115 0.027746 0.038314
0 0.487283 0.299808 0.045087 0.036398
0 0.486127 0.143678 0.049711 0.034483
0 0.438150 0.334291 0.023121 0.044061
0 0.849133 0.960728 0.024277 0.040230
0 0.793064 0.233716 0.023121 0.038314
0 0.928902 0.911877 0.024277 0.042146
0 0.283815 0.770115 0.021965 0.034483
0 0.902890 0.766284 0.025434 0.038314
0 0.121387 0.722222 0.023121 0.042146
0 0.485549 0.106322 0.046243 0.044061
