0 0.159624 0.383486 0.040689 0.036697
0 0.833333 0.933028 0.042254 0.038532
0 0.834116 0.763303 0.040689 0.036697
0 0.028169 0.291743 0.040689 0.040367
0 0.096244 0.925688 0.042254 0.038532
0 0.833333 0.849541 0.042254 0.040367
0 0.094679 0.504587 0.039124 0.036697
0 0.029734 0.376147 0.040689 0.044037
0 0.354460 0.926606 0.042254 0.040367
0 0.913146 0.514679 0.035994 0.038532
0 0.028951 0.713761 0.039124 0.040367
0 0.224570 0.925688 0.042254 0.042202
0 0.705008 0.886239 0.039124 0.036697
0 0.916275 0.471560 0.032864 0.036697
0 0.467919 0.376147 0.031299 0.040367
0 0.028169 0.842202 0.040689 0.044037
0 0.703443 0.926606 0.042254 0.036697
0 0.093114 0.754128 0.042254 0.040367
0 0.579030 0.592661 0.037559 0.033028
0 0.916275 0.429358 0.032864 0.033028
0 0.028951 0.885321 0.042254 0.045872
0 0.468701 0.158716 0.032864 0.031193
0 0.027387 0.633028 0.042254 0.044037
0 0.097027 0.379817 0.040689 0.040367
0 0.025822 0.757798 0.039124 0.040367
0 0.094679 0.632110 0.042254 0.042202
0 0.518779 0.299083 0.042254 0.025688
0 0.910798 0.392661 0.037559 0.036697
0 0.468701 0.126606 0.032864 0.029358
0 0.224570 0.713761 0.042254 0.025688
0 0.646322 0.258716 0.040689 0.029358
0 0.469484 0.313761 0.037559 0.029358
0 0.419405 0.211009 0.037559 0.025688
0 0.577465 0.801835 0.040689 0.025688
0 0.354460 0.716514 0.042254 0.023853
0 0.901408 0.220183 0.043818 0.025688
0 0.359937 0.211009 0.040689 0.029358
0 0.093897 0.881651 0.043818 0.042202
0 0.708920 0.217431 0.040689 0.027523
0 0.030516 0.206422 0.042254 0.027523
0 0.709703 0.258716 0.039124 0.040367
0 0.838028 0.217431 0.042254 0.027523
0 0.028951 0.462385 0.045383 0.025688
0 0.467136 0.335780 0.029734 0.025688
0 0.227700 0.211009 0.042254 0.025688
0 0.028169 0.422936 0.043818 0.049541
0 0.643975 0.596330 0.042254 0.040367
0 0.093114 0.673394 0.042254 0.040367
0 0.516432 0.717431 0.037559 0.040367
0 0.704225 0.679817 0.040689 0.038532
0 0.514085 0.592661 0.039124 0.040367
0 0.470266 0.183486 0.032864 0.022018
0 0.096244 0.295413 0.042254 0.040367
0 0.417840 0.301835 0.040689 0.042202
0 0.096244 0.338532 0.042254 0.042202
0 0.577465 0.636697 0.043818 0.044037
0 0.706573 0.343119 0.039124 0.040367
0 0.291862 0.383486 0.042254 0.040367
0 0.226135 0.591743 0.039124 0.042202
0 0.706573 0.511927 0.039124 0.040367
0 0.643192 0.299083 0.040689 0.040367
0 0.771518 0.349541 0.037559 0.042202
0 0.707355 0.596330 0.040689 0.040367
0 0.643975 0.427523 0.039124 0.040367
0 0.290297 0.636697 0.042254 0.040367
0 0.642410 0.677064 0.042254 0.040367
0 0.515649 0.511927 0.042254 0.040367
0 0.643192 0.511927 0.040689 0.040367
0 0.226917 0.297248 0.037559 0.040367
0 0.771518 0.467890 0.037559 0.044037
0 0.418623 0.551376 0.042254 0.042202
0 0.417840 0.254128 0.040689 0.045872
0 0.514867 0.801835 0.037559 0.040367
0 0.644757 0.386239 0.037559 0.038532
0 0.707355 0.636697 0.040689 0.040367
0 0.356808 0.342202 0.037559 0.038532
0 0.640063 0.928440 0.046948 0.036697
0 0.577465 0.467890 0.040689 0.040367
0 0.836463 0.470642 0.042254 0.045872
0 0.093897 0.422936 0.040689 0.042202
0 0.292645 0.254128 0.037559 0.045872
0 0.580595 0.385321 0.040689 0.040367
0 0.226135 0.800000 0.039124 0.044037
0 0.417840 0.470642 0.040689 0.042202
0 0.097027 0.251376 0.040689 0.044037
0 0.706573 0.427523 0.039124 0.040367
0 0.836463 0.680734 0.042254 0.044037
0 0.160407 0.716514 0.042254 0.042202
0 0.357590 0.592661 0.042254 0.040367
0 0.769171 0.765138 0.042254 0.044037
0 0.417058 0.760550 0.042254 0.045872
0 0.769953 0.722936 0.040689 0.040367
0 0.642410 0.552294 0.042254 0.044037
0 0.769953 0.599083 0.040689 0.042202
0 0.706573 0.467890 0.039124 0.040367
0 0.094679 0.544954 0.039124 0.044037
0 0.771518 0.680734 0.037559 0.040367
0 0.517214 0.426606 0.039124 0.038532
0 0.158059 0.590826 0.037559 0.044037
0 0.513302 0.844037 0.037559 0.044037
0 0.773083 0.260550 0.037559 0.040367
0 0.834898 0.638532 0.042254 0.040367
0 0.836463 0.514679 0.042254 0.042202
0 0.514085 0.760550 0.039124 0.042202
0 0.225352 0.426606 0.040689 0.038532
0 0.354460 0.798165 0.042254 0.044037
0 0.357590 0.427523 0.039124 0.040367
0 0.771518 0.511927 0.037559 0.040367
0 0.577465 0.552294 0.040689 0.040367
0 0.226917 0.251376 0.043818 0.044037
0 0.900626 0.179817 0.042254 0.044037
0 0.514867 0.677064 0.040689 0.040367
0 0.771518 0.554128 0.037559 0.044037
0 0.838028 0.306422 0.042254 0.040367
0 0.161189 0.251376 0.037559 0.040367
0 0.833333 0.805505 0.042254 0.040367
0 0.290297 0.677064 0.039124 0.033028
0 0.575117 0.926606 0.042254 0.040367
0 0.224570 0.503670 0.039124 0.038532
0 0.223005 0.550459 0.042254 0.036697
0 0.576682 0.845872 0.042254 0.040367
0 0.290297 0.761468 0.042254 0.040367
0 0.157277 0.922936 0.039124 0.040367
0 0.158842 0.881651 0.042254 0.042202
0 0.834898 0.723853 0.042254 0.038532
0 0.640845 0.845872 0.042254 0.040367
0 0.025822 0.672477 0.042254 0.042202
0 0.093897 0.588991 0.037559 0.040367
0 0.355243 0.885321 0.040689 0.042202
0 0.093897 0.713761 0.040689 0.040367
0 0.028951 0.800000 0.042254 0.040367
0 0.467919 0.798165 0.028169 0.025688
0 0.468701 0.205505 0.032864 0.036697
0 0.470266 0.242202 0.029734 0.029358
0 0.579030 0.678899 0.043818 0.040367
0 0.157277 0.838532 0.039124 0.040367
0 0.415493 0.716514 0.039124 0.038532
0 0.224570 0.635780 0.039124 0.038532
0 0.027387 0.928440 0.042254 0.040367
0 0.094679 0.794495 0.039124 0.040367
0 0.830986 0.892661 0.040689 0.042202
0 0.835681 0.350459 0.040689 0.044037
0 0.902191 0.137615 0.042254 0.040367
0 0.224570 0.882569 0.042254 0.040367
0 0.417058 0.592661 0.042254 0.040367
0 0.705008 0.844954 0.042254 0.042202
0 0.418623 0.844954 0.039124 0.042202
0 0.705008 0.805505 0.042254 0.040367
0 0.158842 0.423853 0.039124 0.040367
0 0.418623 0.508257 0.039124 0.036697
0 0.290297 0.551376 0.042254 0.042202
0 0.028951 0.500000 0.042254 0.045872
0 0.226135 0.842202 0.039124 0.040367
0 0.417058 0.676147 0.042254 0.038532
0 0.353678 0.842202 0.037559 0.040367
0 0.157277 0.798165 0.039124 0.040367
0 0.577465 0.765138 0.043818 0.040367
0 0.418623 0.635780 0.039124 0.042202
0 0.640845 0.886239 0.042254 0.040367
0 0.464789 0.423853 0.034429 0.040367
0 0.576682 0.885321 0.042254 0.042202
0 0.641628 0.761468 0.040689 0.040367
0 0.771518 0.427523 0.037559 0.036697
0 0.642410 0.635780 0.042254 0.042202
0 0.706573 0.764220 0.042254 0.042202
0 0.514867 0.635780 0.040689 0.038532
0 0.157277 0.635780 0.039124 0.038532
0 0.027387 0.591743 0.042254 0.042202
0 0.833333 0.598165 0.035994 0.040367
0 0.514085 0.552294 0.039124 0.040367
0 0.029734 0.334862 0.040689 0.042202
0 0.094679 0.837615 0.039124 0.042202
0 0.359937 0.254128 0.040689 0.045872
0 0.157277 0.675229 0.039124 0.040367
0 0.158842 0.757798 0.042254 0.040367
0 0.158842 0.548624 0.039124 0.036697
0 0.900626 0.302752 0.042254 0.036697
0 0.029734 0.247706 0.040689 0.044037
0 0.640845 0.720183 0.042254 0.042202
0 0.291862 0.507339 0.039124 0.042202
0 0.771518 0.640367 0.037559 0.040367
0 0.357590 0.677064 0.039124 0.040367
0 0.577465 0.720183 0.040689 0.045872
0 0.836463 0.555963 0.042254 0.040367
0 0.224570 0.754128 0.042254 0.044037
0 0.641628 0.804587 0.040689 0.038532
0 0.418623 0.801835 0.039124 0.040367
0 0.158842 0.507339 0.042254 0.045872
0 0.028951 0.548624 0.039124 0.044037
0 0.901408 0.346789 0.040689 0.044037
0 0.356025 0.753211 0.042254 0.042202
0 0.356808 0.635780 0.037559 0.042202
0 0.093897 0.464220 0.040689 0.036697
0 0.356025 0.548624 0.042254 0.044037
0 0.226135 0.677064 0.042254 0.040367
0 0.290297 0.595413 0.042254 0.042202
0 0.288732 0.716514 0.039124 0.042202
0 0.773083 0.388991 0.037559 0.036697
0 0.161189 0.298165 0.037559 0.038532
0 0.516432 0.383486 0.043818 0.044037
0 0.705790 0.555963 0.037559 0.040367
0 0.517214 0.470642 0.042254 0.042202
0 0.356808 0.385321 0.040689 0.044037
0 0.291080 0.343119 0.040689 0.040367
0 0.358372 0.299083 0.037559 0.040367
0 0.291862 0.423853 0.039124 0.040367
0 0.356808 0.467890 0.040689 0.040367
0 0.291080 0.299083 0.040689 0.040367
0 0.418623 0.427523 0.039124 0.040367
0 0.579812 0.257798 0.039124 0.042202
0 0.579030 0.511927 0.043818 0.044037
0 0.643192 0.467890 0.040689 0.040367
0 0.773083 0.302752 0.037559 0.044037
0 0.226135 0.464220 0.035994 0.040367
0 0.707355 0.386239 0.040689 0.042202
0 0.709703 0.302752 0.039124 0.040367
0 0.579812 0.299083 0.035994 0.040367
0 0.161972 0.339450 0.042254 0.040367
0 0.225352 0.339450 0.040689 0.040367
0 0.706573 0.721101 0.042254 0.040367
0 0.516432 0.342202 0.040689 0.038532
0 0.643192 0.343119 0.040689 0.040367
0 0.291862 0.466972 0.039124 0.038532
0 0.835681 0.261468 0.043818 0.049541
0 0.902191 0.261468 0.042254 0.045872
0 0.417840 0.343119 0.037559 0.040367
0 0.226135 0.383486 0.042254 0.044037
0 0.160407 0.466055 0.039124 0.040367
0 0.417840 0.385321 0.040689 0.040367
0 0.579030 0.426606 0.043818 0.042202
0 0.579812 0.343119 0.039124 0.040367
0 0.516432 0.258716 0.043818 0.047706
