0 0.199552 0.602492 0.046045 0.063151
0 0.393698 0.490811 0.043352 0.059179
0 0.520292 0.294090 0.039582 0.054811
0 0.859041 0.415733 0.044698 0.061165
0 0.540118 0.405065 0.037961 0.057203
0 0.430262 0.701225 0.043620 0.060770
0 0.471705 0.627764 0.043352 0.059179
0 0.873876 0.789511 0.038510 0.048447
0 0.660049 0.780872 0.042549 0.054406
0 0.507191 0.838573 0.040392 0.053616
0 0.677233 0.583702 0.038235 0.052825
0 0.231296 0.784267 0.041463 0.059980
0 0.639066 0.360362 0.040117 0.057993
0 0.294092 0.521398 0.040921 0.062767
0 0.431131 0.386726 0.038771 0.056007
0 0.726888 0.259771 0.036079 0.052035
0 0.644635 0.702907 0.043352 0.059179
0 0.696262 0.683145 0.043620 0.060770
0 0.588654 0.377145 0.039039 0.057598
0 0.571109 0.276314 0.037157 0.052430
0 0.788815 0.311402 0.039849 0.056402
0 0.908341 0.688201 0.039314 0.053220
0 0.619906 0.256744 0.038235 0.052825
0 0.225860 0.442518 0.039582 0.054811
0 0.512808 0.878743 0.040392 0.053616
0 0.393781 0.797361 0.044156 0.063952
0 0.414135 0.918278 0.037700 0.049643
0 0.343098 0.815933 0.043620 0.060770
0 0.420830 0.958053 0.038235 0.052825
0 0.584724 0.656450 0.043077 0.063557
0 0.476996 0.336136 0.045784 0.055591
0 0.858465 0.708166 0.038235 0.052825
0 0.282709 0.453780 0.042810 0.061966
0 0.881679 0.543414 0.040117 0.057993
0 0.449473 0.499089 0.040117 0.057993
0 0.562086 0.528769 0.042810 0.061966
0 0.571724 0.589425 0.046580 0.066333
0 0.443117 0.777594 0.043620 0.060770
0 0.271880 0.992492 0.046587 0.015016
0 0.471379 0.938686 0.045509 0.059969
0 0.760603 0.745715 0.043084 0.057588
0 0.418080 0.625455 0.038496 0.060385
0 0.495146 0.760218 0.043620 0.060770
0 0.482552 0.692200 0.043620 0.060770
0 0.609823 0.492696 0.037961 0.057203
0 0.719791 0.217609 0.039039 0.057598
0 0.439831 0.441813 0.037961 0.057203
0 0.821228 0.497155 0.040921 0.062767
0 0.831271 0.556818 0.040117 0.057993
0 0.407639 0.560026 0.039039 0.057598
0 0.799260 0.373451 0.039849 0.056402
0 0.551239 0.464333 0.040385 0.059584
0 0.483156 0.372730 0.045248 0.052409
0 0.511814 0.798028 0.028002 0.040118
0 0.555801 0.739681 0.025309 0.036146
0 0.596916 0.722082 0.042810 0.061966
0 0.746000 0.665764 0.041196 0.058389
0 0.179339 0.475611 0.043620 0.060770
0 0.457453 0.855954 0.044973 0.056787
0 0.343157 0.503419 0.041463 0.059980
0 0.779037 0.256709 0.043352 0.059179
0 0.669915 0.237574 0.040117 0.057993
0 0.846849 0.350101 0.044431 0.059574
0 0.837747 0.292627 0.041196 0.058389
0 0.613183 0.757505 0.026388 0.036541
0 0.257866 0.887704 0.032851 0.044881
0 0.470160 0.302325 0.043909 0.044454
0 0.485961 0.396194 0.047137 0.051609
0 0.912426 0.647854 0.025845 0.039328
0 0.713737 0.722348 0.024231 0.035751
0 0.663999 0.739729 0.024499 0.037342
0 0.320935 0.364606 0.039307 0.059189
0 0.221520 0.726195 0.043888 0.062361
0 0.188572 0.537260 0.043888 0.062361
0 0.372153 0.349217 0.043084 0.057588
0 0.874756 0.206432 0.042281 0.052815
0 0.369001 0.656952 0.043352 0.059179
0 0.721347 0.532909 0.043352 0.059179
0 0.733406 0.597746 0.043888 0.062361
0 0.810917 0.435901 0.040653 0.061176
0 0.420813 0.332231 0.039039 0.057598
0 0.169966 0.419926 0.041463 0.059980
0 0.461937 0.562933 0.044156 0.063952
0 0.828239 0.236146 0.043084 0.057588
0 0.769529 0.200228 0.040928 0.056798
0 0.818189 0.183243 0.039039 0.057598
0 0.305734 0.597366 0.040117 0.057993
0 0.331459 0.736585 0.044966 0.062756
0 0.867391 0.162680 0.038235 0.052825
0 0.221187 0.401157 0.039314 0.053220
0 0.382048 0.421602 0.041999 0.063162
0 0.627357 0.603667 0.040385 0.059584
0 0.269847 0.384171 0.040117 0.057993
0 0.678884 0.294253 0.038235 0.052825
0 0.846290 0.625637 0.044431 0.059574
0 0.406904 0.875321 0.040928 0.056798
0 0.496533 0.465798 0.044698 0.061165
0 0.870699 0.478183 0.042274 0.058784
0 0.211202 0.671701 0.044156 0.063952
0 0.361790 0.852157 0.025577 0.037737
0 0.862959 0.663447 0.026656 0.038132
0 0.411528 0.834776 0.025309 0.036146
0 0.461403 0.814811 0.024767 0.038933
0 0.622620 0.881578 0.040117 0.057993
0 0.762940 0.701786 0.023963 0.034160
0 0.449002 0.176635 0.046602 0.048427
0 0.461318 0.253201 0.049822 0.061550
0 0.256876 0.932829 0.044431 0.059574
0 0.773592 0.822879 0.043352 0.059179
0 0.673573 0.861218 0.043352 0.059179
0 0.609902 0.802625 0.044156 0.063952
0 0.241603 0.848901 0.042274 0.058784
0 0.665666 0.821042 0.039856 0.050434
0 0.915170 0.728772 0.039046 0.051629
0 0.262627 0.973592 0.039314 0.052815
0 0.710463 0.760709 0.042549 0.054406
0 0.708210 0.468468 0.036347 0.053626
0 0.658623 0.469747 0.037961 0.057203
0 0.520581 0.918123 0.042549 0.054406
0 0.922673 0.769941 0.042817 0.055997
0 0.464282 0.896524 0.039856 0.050434
0 0.867046 0.748940 0.039314 0.053220
0 0.722910 0.841451 0.043352 0.059179
0 0.319675 0.666580 0.040117 0.057993
0 0.453682 0.211237 0.047405 0.053200
0 0.357568 0.895088 0.040392 0.053616
0 0.531551 0.350773 0.036882 0.056808
0 0.369746 0.972127 0.045509 0.055746
0 0.894006 0.609841 0.044431 0.059574
0 0.697497 0.404828 0.039039 0.057598
0 0.687588 0.345961 0.043352 0.059179
