0 0.499729 0.492564 0.046206 0.041333
0 0.731282 0.227259 0.037437 0.039178
0 0.233482 0.940622 0.041267 0.054319
0 0.679490 0.242486 0.035422 0.049728
0 0.522947 0.237605 0.036154 0.046752
0 0.673917 0.664835 0.037432 0.048644
0 0.367829 0.737550 0.039806 0.050805
0 0.853405 0.412324 0.038528 0.048913
0 0.169250 0.367868 0.036154 0.046752
0 0.369858 0.273557 0.039443 0.047560
0 0.087791 0.555443 0.041085 0.052697
0 0.154582 0.704088 0.037432 0.048644
0 0.831465 0.668636 0.038710 0.050536
0 0.850593 0.367166 0.040903 0.051074
0 0.091608 0.599521 0.038528 0.048913
0 0.373657 0.779466 0.037250 0.047021
0 0.942592 0.725524 0.038892 0.052158
0 0.850025 0.834134 0.041267 0.054319
0 0.754482 0.434131 0.040539 0.047829
0 0.616886 0.126158 0.040170 0.054050
0 0.837292 0.710552 0.036154 0.046752
0 0.419913 0.262924 0.036154 0.046752
0 0.151220 0.664067 0.035058 0.046483
0 0.424644 0.305110 0.038346 0.047291
0 0.227655 0.898705 0.038346 0.047291
0 0.082787 0.510824 0.040903 0.051074
0 0.364304 0.234074 0.041817 0.049721
0 0.402156 0.561556 0.039625 0.049182
0 0.729069 0.694631 0.042181 0.052966
0 0.224020 0.856250 0.040539 0.047829
0 0.822094 0.585075 0.041085 0.052697
0 0.610672 0.552832 0.037614 0.050266
0 0.513303 0.151611 0.041630 0.057564
0 0.391689 0.478265 0.037978 0.053511
0 0.924305 0.562460 0.040539 0.047829
0 0.795532 0.338181 0.036336 0.048374
0 0.837037 0.246287 0.035972 0.045129
0 0.845953 0.325791 0.038528 0.048913
0 0.229865 0.436335 0.038346 0.047291
0 0.321612 0.325426 0.037978 0.053511
0 0.335714 0.451173 0.035240 0.048105
0 0.447664 0.505358 0.037432 0.048644
0 0.857863 0.452076 0.038710 0.050536
0 0.840654 0.750574 0.038528 0.048913
0 0.896647 0.315835 0.040903 0.051074
0 0.564546 0.141520 0.040352 0.055673
0 0.919665 0.521085 0.041085 0.052697
0 0.650626 0.457151 0.039261 0.045937
0 0.415000 0.219116 0.039074 0.053781
0 0.694415 0.365530 0.037250 0.047021
0 0.377860 0.354953 0.040170 0.054050
0 0.862321 0.491828 0.038528 0.048913
0 0.201093 0.651811 0.036518 0.049997
0 0.951415 0.809219 0.042363 0.054589
0 0.772221 0.597331 0.039988 0.052428
0 0.711606 0.528863 0.039625 0.049182
0 0.363189 0.696175 0.039988 0.052428
0 0.625707 0.214855 0.037432 0.048644
0 0.270897 0.802216 0.038528 0.048913
0 0.339348 0.493628 0.037432 0.048644
0 0.929859 0.601942 0.038892 0.052158
0 0.178439 0.449806 0.038892 0.052158
0 0.621890 0.170777 0.039988 0.052428
0 0.279172 0.886046 0.040539 0.047829
0 0.702235 0.445303 0.035058 0.046483
0 0.374225 0.312498 0.039443 0.047560
0 0.584202 0.306749 0.037432 0.048644
0 0.219653 0.817310 0.038346 0.047291
0 0.819646 0.543162 0.038346 0.047291
0 0.892464 0.273514 0.039443 0.047560
0 0.206392 0.227029 0.041267 0.054319
0 0.805176 0.424175 0.035972 0.045129
0 0.406614 0.601308 0.037250 0.047021
0 0.178057 0.908392 0.038528 0.048913
0 0.601847 0.474139 0.039261 0.045937
0 0.234323 0.476087 0.038528 0.048913
0 0.902474 0.357751 0.038346 0.047291
0 0.284726 0.925529 0.041085 0.052697
0 0.538077 0.729059 0.021550 0.021074
0 0.537811 0.711619 0.025384 0.026749
0 0.266439 0.762464 0.038346 0.047291
0 0.736013 0.269444 0.038892 0.052158
0 0.452304 0.546733 0.037250 0.047021
0 0.110170 0.760017 0.039625 0.049182
0 0.685317 0.284403 0.037250 0.047021
0 0.216036 0.313023 0.038710 0.050536
0 0.238781 0.515839 0.036154 0.046752
0 0.238850 0.980258 0.041448 0.039484
0 0.118263 0.842224 0.041999 0.051344
0 0.326891 0.367478 0.033962 0.046213
0 0.809361 0.461493 0.033416 0.041346
0 0.828744 0.624289 0.038346 0.047291
0 0.387231 0.438513 0.041817 0.049721
0 0.648452 0.417672 0.037432 0.048644
0 0.845294 0.791948 0.040903 0.051074
0 0.114098 0.338072 0.038710 0.050536
0 0.618765 0.635039 0.039625 0.049182
0 0.172612 0.407890 0.038528 0.048913
0 0.277015 0.384735 0.040903 0.051074
0 0.933403 0.643586 0.038346 0.047291
0 0.714967 0.568885 0.037250 0.047021
0 0.195539 0.612329 0.038165 0.045668
0 0.343806 0.533380 0.037250 0.047021
0 0.118829 0.380258 0.038710 0.050536
0 0.211396 0.271648 0.038528 0.048913
0 0.767033 0.556091 0.039811 0.041339
0 0.096066 0.639273 0.038346 0.047291
0 0.274441 0.843860 0.040539 0.047829
0 0.147310 0.624180 0.036700 0.051619
0 0.099976 0.679160 0.037432 0.048644
0 0.789978 0.298698 0.036154 0.046752
0 0.164519 0.325682 0.036154 0.046752
0 0.270915 0.340385 0.041085 0.052697
0 0.159333 0.279440 0.037064 0.054865
0 0.423805 0.764642 0.042181 0.052966
0 0.359118 0.187832 0.042363 0.054589
0 0.289912 0.971771 0.041267 0.054319
0 0.744197 0.352463 0.038165 0.045668
0 0.878342 0.614602 0.038528 0.048913
0 0.396602 0.522074 0.037250 0.047021
0 0.528774 0.279522 0.038346 0.047291
0 0.706875 0.486678 0.037796 0.051889
0 0.493902 0.450647 0.045469 0.053774
0 0.382773 0.398761 0.037250 0.047021
0 0.204455 0.691833 0.038528 0.048913
0 0.137116 0.543323 0.038892 0.052158
0 0.841586 0.286850 0.035972 0.045129
0 0.678375 0.704587 0.041635 0.048099
0 0.726531 0.651906 0.039988 0.052428
0 0.882982 0.655976 0.040903 0.051074
0 0.580016 0.269431 0.037432 0.048644
0 0.409814 0.172874 0.039256 0.055403
0 0.243512 0.558025 0.040903 0.051074
0 0.259789 0.723251 0.038528 0.048913
0 0.884462 0.192118 0.042363 0.054589
0 0.187264 0.528499 0.041267 0.054319
0 0.872788 0.575119 0.040539 0.047829
0 0.655084 0.496903 0.039443 0.047560
0 0.192177 0.572307 0.036518 0.049997
0 0.631443 0.255960 0.039806 0.050805
0 0.576382 0.226976 0.037432 0.048644
0 0.597116 0.431953 0.039988 0.052428
0 0.537049 0.363352 0.038528 0.048913
0 0.434838 0.385967 0.036154 0.046752
0 0.832397 0.204912 0.036882 0.053242
0 0.869244 0.533475 0.038892 0.052158
0 0.593572 0.390310 0.037250 0.047021
0 0.697777 0.405551 0.035240 0.048105
0 0.518032 0.198799 0.037250 0.047021
0 0.813819 0.501245 0.040903 0.051074
0 0.442547 0.931763 0.042545 0.056211
0 0.634896 0.296793 0.037250 0.047021
0 0.331804 0.411286 0.036518 0.049997
0 0.606032 0.511458 0.037796 0.051889
0 0.429102 0.344862 0.036336 0.048374
0 0.252610 0.639152 0.039074 0.053781
0 0.439296 0.425719 0.041085 0.052697
0 0.214922 0.775124 0.040539 0.047829
0 0.757844 0.474153 0.038528 0.048913
0 0.570646 0.185871 0.037250 0.047021
0 0.160591 0.747627 0.039625 0.049182
0 0.615403 0.595018 0.037250 0.047021
0 0.749751 0.391946 0.040903 0.051074
0 0.689775 0.324155 0.037796 0.051889
0 0.531861 0.322112 0.037614 0.050266
0 0.799349 0.382259 0.039256 0.055403
0 0.639536 0.338168 0.037432 0.048644
0 0.742022 0.312983 0.040721 0.049452
0 0.588842 0.348124 0.037614 0.050266
0 0.720431 0.607556 0.037614 0.050266
0 0.210282 0.733749 0.041085 0.052697
0 0.763123 0.516204 0.039988 0.052428
0 0.664728 0.582897 0.039806 0.050805
0 0.643994 0.377920 0.037250 0.047021
0 0.669459 0.625083 0.039806 0.050805
0 0.660911 0.538820 0.037614 0.050266
0 0.911024 0.439013 0.039079 0.044315
0 0.126265 0.923620 0.037250 0.047021
0 0.442658 0.465741 0.033234 0.039723
0 0.874560 0.701394 0.024465 0.037568
0 0.419347 0.724890 0.037614 0.050266
0 0.472344 0.248373 0.047115 0.049445
0 0.063495 0.348840 0.040539 0.047829
0 0.436538 0.888224 0.036704 0.042154
0 0.132092 0.965537 0.039443 0.047560
0 0.670574 0.162982 0.042363 0.054589
0 0.628136 0.718600 0.037614 0.050266
0 0.632412 0.756729 0.037068 0.045399
0 0.068683 0.390080 0.039625 0.049182
0 0.636779 0.795670 0.033048 0.047566
0 0.428263 0.804394 0.039079 0.044315
0 0.887567 0.822408 0.027936 0.039999
0 0.219398 0.353044 0.036336 0.048374
0 0.913326 0.816078 0.026839 0.039729
0 0.623953 0.676279 0.038710 0.050536
0 0.466253 0.184013 0.044377 0.044039
0 0.183336 0.950444 0.039988 0.052428
0 0.462341 0.149129 0.046388 0.042955
0 0.475983 0.280823 0.046024 0.039710
0 0.908320 0.776461 0.025197 0.034593
0 0.468614 0.215111 0.045842 0.038088
0 0.483719 0.344779 0.047302 0.041602
0 0.899679 0.694388 0.024283 0.035946
0 0.488820 0.375203 0.046933 0.047823
0 0.774925 0.259883 0.025743 0.039460
0 0.882652 0.783602 0.027203 0.042975
0 0.225498 0.397395 0.035426 0.040262
0 0.165049 0.787379 0.039443 0.047560
0 0.666484 0.116471 0.040352 0.055673
0 0.186057 0.984154 0.042181 0.031693
0 0.073414 0.432266 0.041817 0.049721
0 0.355097 0.613968 0.034694 0.043237
0 0.879018 0.741146 0.026839 0.039729
0 0.414616 0.682704 0.039079 0.044315
0 0.799312 0.256391 0.025561 0.037838
0 0.128200 0.463819 0.038528 0.048913
0 0.409976 0.641330 0.038160 0.055134
0 0.905324 0.734682 0.024647 0.039191
0 0.776861 0.638705 0.039806 0.050805
0 0.110281 0.293995 0.041267 0.054319
0 0.676128 0.202465 0.036704 0.042154
0 0.947323 0.767710 0.038165 0.045668
0 0.247879 0.596966 0.040539 0.047829
0 0.381658 0.860862 0.039443 0.047560
0 0.122630 0.881165 0.041999 0.051344
0 0.378024 0.818407 0.037250 0.047021
0 0.456214 0.586619 0.034144 0.047836
0 0.386116 0.900614 0.039625 0.049182
0 0.905745 0.396961 0.040903 0.051074
0 0.348446 0.574754 0.038160 0.055134
0 0.888097 0.234573 0.039443 0.047560
0 0.113532 0.800038 0.041635 0.048099
0 0.123833 0.424878 0.038892 0.052158
0 0.173599 0.868640 0.038346 0.047291
0 0.359282 0.651286 0.035058 0.046483
0 0.059039 0.304085 0.039988 0.052428
0 0.257341 0.681338 0.035790 0.043507
0 0.771290 0.217427 0.023915 0.042167
0 0.142031 0.582129 0.037068 0.045399
0 0.104161 0.716478 0.037432 0.048644
0 0.134812 0.990483 0.042727 0.019033
0 0.077324 0.472152 0.038346 0.047291
0 0.539624 0.742851 0.023196 0.016745
0 0.391029 0.944422 0.042545 0.056211
0 0.936765 0.683608 0.036336 0.048374
0 0.794856 0.211636 0.024647 0.039191
0 0.914113 0.476600 0.037250 0.047021
0 0.182806 0.488747 0.038165 0.045668
0 0.132658 0.503571 0.038346 0.047291
0 0.480262 0.313951 0.045837 0.047553
0 0.168593 0.829023 0.037796 0.051889
0 0.432903 0.845769 0.042545 0.056211
