0 0.824592 0.296424 0.029491 0.028912
0 0.597605 0.376827 0.036612 0.054762
0 0.114544 0.579812 0.031976 0.029252
0 0.538866 0.851972 0.024385 0.026658
0 0.355038 0.804719 0.034193 0.026446
0 0.837963 0.452948 0.025191 0.036097
0 0.515720 0.566283 0.021765 0.024745
0 0.456892 0.694493 0.033891 0.037288
0 0.569413 0.716493 0.034025 0.038861
0 0.287406 0.653234 0.037921 0.026956
0 0.359197 0.352960 0.027408 0.033291
0 0.571428 0.740089 0.036511 0.039201
0 0.458690 0.722894 0.038157 0.044090
0 0.579138 0.837707 0.037216 0.033079
0 0.745315 0.847589 0.039131 0.041114
0 0.266326 0.399092 0.034327 0.028019
0 0.595724 0.354804 0.032782 0.038691
0 0.111907 0.556300 0.039802 0.048980
0 0.612185 0.576953 0.033924 0.023300
0 0.815205 0.326356 0.036242 0.036055
0 0.690634 0.855073 0.036376 0.037628
0 0.807178 0.394297 0.023008 0.024915
0 0.386252 0.353235 0.028785 0.035034
0 0.277143 0.525727 0.033924 0.023300
0 0.344087 0.676511 0.036544 0.025213
0 0.601166 0.418515 0.035134 0.037458
0 0.743585 0.819974 0.037753 0.039371
0 0.380173 0.414544 0.035973 0.032908
0 0.688769 0.825885 0.037485 0.036225
0 0.339954 0.613416 0.035134 0.037458
0 0.835140 0.390470 0.025326 0.037670
0 0.686636 0.793552 0.038862 0.037968
0 0.683881 0.761303 0.038727 0.036395
0 0.398146 0.639669 0.033756 0.035715
0 0.399943 0.668070 0.034730 0.032738
0 0.731609 0.657689 0.035973 0.032908
0 0.577962 0.809221 0.034730 0.032738
0 0.783670 0.619529 0.036376 0.037628
0 0.733742 0.690023 0.037619 0.037798
0 0.119852 0.641950 0.032648 0.037118
0 0.292445 0.712226 0.038324 0.031676
0 0.390907 0.577000 0.034193 0.026446
0 0.836031 0.422974 0.023411 0.029634
0 0.461646 0.757502 0.035134 0.037458
0 0.352619 0.776403 0.038291 0.045663
0 0.195613 0.888608 0.035704 0.029762
0 0.467290 0.823573 0.037619 0.037798
0 0.761145 0.333755 0.038022 0.042517
0 0.741452 0.787641 0.036376 0.037628
0 0.817405 0.359476 0.037753 0.039371
0 0.349663 0.741795 0.037216 0.033079
0 0.793177 0.745548 0.036376 0.037628
0 0.368015 0.448834 0.023142 0.026488
0 0.116409 0.608999 0.033891 0.037288
0 0.303531 0.842007 0.036242 0.036055
0 0.453785 0.665475 0.037753 0.039371
0 0.163027 0.477686 0.036242 0.036055
0 0.378242 0.384570 0.037216 0.033079
0 0.550819 0.491453 0.034730 0.032738
0 0.729744 0.628501 0.037619 0.037798
0 0.738764 0.756178 0.036376 0.037628
0 0.798820 0.811619 0.036376 0.037628
0 0.465022 0.789666 0.034025 0.038861
0 0.337401 0.583527 0.035134 0.037458
0 0.726503 0.597911 0.036511 0.039201
0 0.400901 0.701361 0.036511 0.039201
0 0.167361 0.543140 0.036376 0.037628
0 0.165782 0.509935 0.036376 0.037628
0 0.470733 0.856523 0.039131 0.041114
0 0.400512 0.512821 0.025191 0.036097
0 0.800752 0.841593 0.037619 0.037798
0 0.177422 0.668287 0.034730 0.032738
0 0.795999 0.778583 0.036376 0.037628
0 0.567145 0.682586 0.035134 0.037458
0 0.404479 0.735884 0.038022 0.042517
0 0.295536 0.748407 0.036376 0.037628
0 0.346774 0.707973 0.037888 0.040944
0 0.307311 0.908333 0.037216 0.033079
0 0.519955 0.792492 0.035402 0.040604
0 0.394081 0.606804 0.034025 0.038861
0 0.179908 0.697390 0.035134 0.037458
0 0.304556 0.876084 0.037619 0.037798
0 0.105575 0.489528 0.034865 0.034311
0 0.637263 0.863173 0.033488 0.032568
0 0.298089 0.778296 0.036376 0.037628
0 0.791245 0.715574 0.035134 0.037458
0 0.808421 0.423570 0.023680 0.032781
0 0.553305 0.520556 0.035134 0.037458
0 0.109237 0.517674 0.037619 0.037798
0 0.124320 0.708977 0.034999 0.035885
0 0.630712 0.801206 0.036376 0.037628
0 0.772785 0.492107 0.036376 0.037628
0 0.185065 0.765119 0.038593 0.034822
0 0.680707 0.731499 0.037753 0.039371
0 0.787802 0.682624 0.036376 0.037628
0 0.652673 0.381227 0.036108 0.034482
0 0.169914 0.573029 0.036376 0.037628
0 0.623204 0.705948 0.034730 0.032738
0 0.736631 0.723845 0.037753 0.039371
0 0.785870 0.652650 0.035134 0.037458
0 0.333337 0.550662 0.035134 0.037458
0 0.443320 0.506166 0.036242 0.036055
0 0.444698 0.537012 0.036108 0.034482
0 0.872977 0.355053 0.036242 0.036055
0 0.563702 0.649636 0.033891 0.037288
0 0.581624 0.866810 0.037888 0.040944
0 0.714930 0.469787 0.040105 0.038138
0 0.870088 0.321231 0.036645 0.040774
0 0.441120 0.473046 0.035268 0.039031
0 0.326315 0.453746 0.032245 0.032398
0 0.450005 0.599150 0.036242 0.036055
0 0.395356 0.445092 0.028920 0.036607
0 0.774986 0.525228 0.037619 0.037798
0 0.285273 0.620900 0.040373 0.041284
0 0.397623 0.478999 0.024788 0.031378
0 0.279142 0.556488 0.036376 0.037628
0 0.437055 0.440181 0.034999 0.035885
0 0.389395 0.544581 0.037888 0.040944
0 0.618450 0.642938 0.036511 0.039201
0 0.323897 0.425430 0.032514 0.035544
0 0.274036 0.496710 0.039399 0.044260
0 0.212334 0.407278 0.038996 0.039541
0 0.830977 0.518360 0.037485 0.036225
0 0.541043 0.362288 0.038022 0.042517
0 0.101796 0.452645 0.036779 0.042347
0 0.329204 0.487568 0.032648 0.037118
0 0.559704 0.588114 0.036376 0.037628
0 0.556815 0.554292 0.036511 0.039201
0 0.611631 0.548381 0.036511 0.039201
0 0.269148 0.432127 0.035402 0.040604
0 0.172400 0.602132 0.036242 0.036055
0 0.767478 0.429969 0.035973 0.032908
0 0.281695 0.586377 0.038593 0.034822
0 0.663289 0.505502 0.036108 0.034482
0 0.625690 0.735050 0.037619 0.037798
0 0.435123 0.410206 0.033756 0.035715
0 0.122741 0.675772 0.035268 0.039031
0 0.289959 0.683123 0.038996 0.039541
0 0.451517 0.631569 0.033891 0.037288
0 0.673686 0.634582 0.037619 0.037798
0 0.369594 0.482040 0.023949 0.035927
0 0.300357 0.812203 0.037753 0.039371
0 0.484329 0.353339 0.032547 0.021557
0 0.486496 0.371345 0.033924 0.023300
0 0.487554 0.391094 0.032816 0.024703
0 0.490527 0.418538 0.037485 0.036225
0 0.483825 0.332719 0.033085 0.027849
0 0.491552 0.452615 0.036645 0.040774
0 0.321008 0.391608 0.035402 0.040604
0 0.607700 0.517089 0.033756 0.035715
0 0.215223 0.441099 0.038862 0.037968
0 0.833110 0.550694 0.036376 0.037628
0 0.331136 0.517542 0.033622 0.034141
0 0.543932 0.396110 0.034865 0.034311
0 0.762724 0.366960 0.034999 0.035885
0 0.603367 0.451635 0.036376 0.037628
0 0.717752 0.502823 0.039836 0.034992
0 0.764992 0.400867 0.036376 0.037628
0 0.604946 0.484841 0.033891 0.037288
0 0.708110 0.375231 0.040105 0.038138
0 0.678439 0.697592 0.036376 0.037628
0 0.572655 0.776526 0.038022 0.042517
0 0.187484 0.793435 0.038862 0.037968
0 0.705154 0.340622 0.040105 0.038138
0 0.447385 0.568474 0.036376 0.037628
0 0.658048 0.444151 0.036376 0.037628
0 0.724369 0.565577 0.037619 0.037798
0 0.661424 0.476315 0.037485 0.036225
0 0.620651 0.676058 0.034999 0.035885
0 0.175289 0.635954 0.036376 0.037628
0 0.650473 0.348106 0.040642 0.044431
0 0.780361 0.588152 0.037619 0.037798
0 0.342155 0.646537 0.038862 0.037968
0 0.181555 0.731382 0.037753 0.039371
0 0.432234 0.376385 0.036645 0.040774
0 0.827668 0.486983 0.036511 0.039201
0 0.614873 0.608415 0.037753 0.039371
0 0.519147 0.606397 0.021631 0.023172
0 0.500000 0.529443 0.034327 0.028019
0 0.517333 0.585160 0.021497 0.021599
0 0.521935 0.624318 0.023713 0.018793
0 0.524454 0.668535 0.018742 0.018112
0 0.526134 0.688199 0.019414 0.025978
0 0.798495 0.299996 0.022034 0.027891
0 0.360682 0.870790 0.031976 0.029252
0 0.522590 0.639348 0.022605 0.020196
0 0.523245 0.654377 0.020959 0.015306
0 0.501411 0.545960 0.038089 0.014541
0 0.357725 0.836181 0.038291 0.045663
0 0.541637 0.877057 0.028382 0.030315
0 0.497296 0.505145 0.038459 0.033249
0 0.720926 0.532627 0.038862 0.037968
0 0.670998 0.603120 0.037619 0.037798
0 0.676306 0.665258 0.037485 0.036225
0 0.655428 0.413475 0.036242 0.036055
0 0.159450 0.443163 0.040776 0.046004
0 0.125765 0.740609 0.038022 0.042517
0 0.191548 0.826300 0.036376 0.037628
0 0.561501 0.616515 0.034596 0.031165
0 0.769611 0.462303 0.037619 0.037798
0 0.712729 0.436667 0.038593 0.034822
0 0.875530 0.384942 0.035973 0.032908
0 0.546686 0.428359 0.034999 0.035885
0 0.777808 0.558263 0.037350 0.034652
0 0.363235 0.900679 0.040239 0.039711
0 0.193127 0.859505 0.038862 0.037968
0 0.633467 0.833454 0.036242 0.036055
0 0.710243 0.407564 0.038459 0.033249
0 0.665556 0.539409 0.035268 0.039031
0 0.877042 0.417361 0.036376 0.037628
0 0.198788 0.918412 0.037753 0.039371
0 0.668311 0.571658 0.034865 0.034311
0 0.548131 0.459991 0.034999 0.035885
0 0.627890 0.768170 0.036376 0.037628
0 0.271701 0.462016 0.034596 0.031165
