0 0.922325 0.428997 0.034542 0.043700
0 0.181268 0.448919 0.025384 0.037574
0 0.215342 0.287583 0.024584 0.042336
0 0.346602 0.303081 0.023375 0.040547
0 0.353380 0.221421 0.024277 0.037423
0 0.249983 0.581385 0.023273 0.038909
0 0.375907 0.226984 0.025281 0.035937
0 0.867818 0.462001 0.034235 0.038786
0 0.270557 0.252199 0.020651 0.032055
0 0.361056 0.473540 0.021860 0.033844
0 0.913145 0.593742 0.036652 0.042365
0 0.267895 0.294780 0.023478 0.042185
0 0.289884 0.380379 0.026388 0.036088
0 0.357401 0.130299 0.023478 0.042185
0 0.341331 0.387425 0.023068 0.035634
0 0.141109 0.234472 0.023068 0.035634
0 0.916155 0.554512 0.035546 0.042213
0 0.169875 0.613361 0.025691 0.042488
0 0.213941 0.327860 0.024482 0.040698
0 0.746858 0.736972 0.039172 0.047581
0 0.238040 0.790349 0.023171 0.037271
0 0.161545 0.782351 0.025486 0.039212
0 0.185986 0.364500 0.024175 0.035785
0 0.471729 0.363162 0.024277 0.037423
0 0.322413 0.252693 0.023970 0.032510
0 0.752980 0.656874 0.034542 0.043700
0 0.297059 0.256654 0.020753 0.033693
0 0.367175 0.348844 0.022761 0.030720
0 0.155168 0.866544 0.030219 0.044731
0 0.629876 0.305534 0.023375 0.040547
0 0.900351 0.798460 0.032227 0.041759
0 0.278491 0.544821 0.026490 0.037726
0 0.324925 0.676714 0.026285 0.034450
0 0.255654 0.499574 0.024380 0.039061
0 0.257609 0.459373 0.023171 0.037271
0 0.162096 0.737829 0.025486 0.039212
0 0.292494 0.338617 0.024277 0.037423
0 0.479354 0.241150 0.024175 0.035785
0 0.287223 0.422961 0.026797 0.042639
0 0.232615 0.877149 0.023171 0.037271
0 0.253546 0.542231 0.023273 0.038909
0 0.409995 0.520710 0.025281 0.035937
0 0.261774 0.374878 0.023273 0.038909
0 0.177552 0.490530 0.025281 0.035937
0 0.175597 0.530731 0.022064 0.037120
0 0.230761 0.496165 0.023068 0.035634
0 0.872382 0.380038 0.035546 0.042213
0 0.196826 0.199982 0.023171 0.037271
0 0.304847 0.123102 0.024380 0.039061
0 0.239941 0.331420 0.022966 0.033996
0 0.387263 0.893372 0.028907 0.041304
0 0.327535 0.634951 0.024584 0.042336
0 0.517086 0.280178 0.043987 0.036875
0 0.167214 0.655942 0.027699 0.039515
0 0.264281 0.334753 0.022761 0.030720
0 0.335314 0.510483 0.023970 0.032510
0 0.521436 0.210574 0.048311 0.035843
0 0.201554 0.106479 0.025793 0.044125
0 0.756141 0.570589 0.034849 0.048613
0 0.173591 0.571750 0.025179 0.034299
0 0.903012 0.755878 0.032841 0.051585
0 0.906575 0.716724 0.036243 0.035814
0 0.860887 0.546117 0.038270 0.050705
0 0.156825 0.822173 0.025384 0.037574
0 0.198534 0.154793 0.020446 0.028780
0 0.276537 0.585022 0.025281 0.035937
0 0.281808 0.500678 0.025179 0.034299
0 0.511098 0.375986 0.044090 0.038512
0 0.498876 0.750088 0.021246 0.024018
0 0.500258 0.727978 0.021348 0.025656
0 0.769488 0.365947 0.033538 0.045186
0 0.737678 0.901717 0.036857 0.045640
0 0.417774 0.396241 0.024872 0.029386
0 0.301930 0.169778 0.024482 0.040698
0 0.512992 0.345688 0.043987 0.036875
0 0.501567 0.492782 0.041775 0.036572
0 0.768487 0.408756 0.039274 0.049219
0 0.665091 0.393771 0.035853 0.047127
0 0.714878 0.400589 0.035853 0.047127
0 0.818172 0.417212 0.039274 0.049219
0 0.831785 0.199392 0.039479 0.052494
0 0.725574 0.229444 0.038373 0.052343
0 0.102386 0.229169 0.037164 0.050554
0 0.780891 0.192422 0.039479 0.052494
0 0.709309 0.480762 0.034542 0.043700
0 0.670208 0.311883 0.035648 0.043851
0 0.672869 0.269302 0.036058 0.050402
0 0.777974 0.239098 0.039377 0.050857
0 0.621023 0.259724 0.033742 0.048461
0 0.775210 0.283317 0.039172 0.047581
0 0.693457 0.770127 0.039274 0.049219
0 0.559689 0.419805 0.035955 0.048764
0 0.716228 0.361131 0.035853 0.047127
0 0.389166 0.853991 0.030219 0.044731
0 0.822890 0.332792 0.035853 0.047127
0 0.415564 0.440536 0.028805 0.039667
0 0.771996 0.325823 0.033435 0.043548
0 0.698472 0.689878 0.034849 0.048613
0 0.934528 0.260537 0.038884 0.060532
0 0.867559 0.421497 0.035853 0.047127
0 0.820782 0.375449 0.034542 0.043700
0 0.404826 0.603416 0.025588 0.040850
0 0.238591 0.370877 0.025588 0.040850
0 0.250381 0.164370 0.023375 0.040547
0 0.759908 0.528160 0.032022 0.038483
0 0.882678 0.206361 0.037266 0.052191
0 0.740186 0.861592 0.036754 0.044003
0 0.910638 0.633866 0.036959 0.047278
0 0.370789 0.308871 0.023478 0.042185
0 0.357893 0.515226 0.023273 0.038909
0 0.929244 0.309366 0.035648 0.043851
0 0.454358 0.239379 0.023273 0.038909
0 0.407334 0.563291 0.025486 0.039212
0 0.366778 0.390909 0.023068 0.035634
0 0.457224 0.193522 0.023683 0.045460
0 0.742847 0.819011 0.036959 0.047278
0 0.228150 0.537927 0.025588 0.040850
0 0.705954 0.561239 0.031223 0.043245
0 0.260823 0.416868 0.024482 0.040698
0 0.208121 0.876273 0.027699 0.039515
0 0.398605 0.729749 0.024277 0.037423
0 0.337822 0.470358 0.024277 0.037423
0 0.320863 0.759571 0.026797 0.042639
0 0.247720 0.206952 0.023171 0.037271
0 0.667147 0.351932 0.034644 0.045337
0 0.898643 0.843649 0.037369 0.053829
0 0.485086 0.149436 0.024380 0.039061
0 0.317095 0.802001 0.028805 0.039667
0 0.397896 0.312583 0.024380 0.039061
0 0.395144 0.767266 0.024277 0.037423
0 0.445729 0.359601 0.023171 0.037271
0 0.097217 0.311875 0.032636 0.048310
0 0.273167 0.210436 0.023171 0.037271
0 0.627810 0.168981 0.036262 0.053678
0 0.233268 0.456040 0.025588 0.040850
0 0.525581 0.144245 0.046405 0.040453
0 0.379777 0.182916 0.025486 0.039212
0 0.344494 0.345738 0.024482 0.040698
0 0.349663 0.263032 0.021962 0.035482
0 0.248726 0.628288 0.024482 0.040698
0 0.382745 0.135421 0.025691 0.042488
0 0.522274 0.179305 0.044499 0.045063
0 0.215203 0.745102 0.025281 0.035937
0 0.588134 0.161070 0.026695 0.041001
0 0.089182 0.440438 0.039172 0.047581
0 0.465300 0.448173 0.024072 0.034147
0 0.278745 0.121179 0.023478 0.042185
0 0.284715 0.463085 0.024277 0.037423
0 0.460192 0.146027 0.023478 0.042185
0 0.182669 0.408643 0.025486 0.039212
0 0.234825 0.832855 0.028703 0.038029
0 0.212439 0.789321 0.025486 0.039212
0 0.331598 0.552094 0.024277 0.037423
0 0.226749 0.578204 0.025281 0.035937
0 0.431828 0.189218 0.025793 0.044125
0 0.222726 0.624728 0.025384 0.037574
0 0.166403 0.240413 0.025384 0.037574
0 0.243864 0.706081 0.024380 0.039061
0 0.754637 0.612503 0.039377 0.050857
0 0.242448 0.291295 0.023068 0.035634
0 0.575471 0.336900 0.023478 0.042185
0 0.295155 0.296036 0.024482 0.040698
0 0.216051 0.704750 0.021860 0.033844
0 0.239543 0.748435 0.025691 0.042488
0 0.191001 0.284250 0.021962 0.035482
0 0.579792 0.294546 0.024584 0.042336
0 0.220062 0.247762 0.024482 0.040698
0 0.087781 0.480714 0.041282 0.046246
0 0.582248 0.255240 0.026388 0.036088
0 0.321711 0.719219 0.025384 0.037574
0 0.363010 0.433339 0.023068 0.035634
0 0.193509 0.244125 0.024482 0.040698
0 0.246372 0.665956 0.024277 0.037423
0 0.209931 0.829446 0.025384 0.037574
0 0.469119 0.404924 0.024584 0.042336
0 0.188494 0.324375 0.024482 0.040698
0 0.400506 0.270820 0.020056 0.040092
0 0.235929 0.413459 0.025384 0.037574
0 0.165311 0.695324 0.024380 0.039061
0 0.354535 0.176156 0.023273 0.038909
0 0.311168 0.887907 0.030219 0.044731
0 0.300273 0.214148 0.024687 0.043974
0 0.873630 0.342218 0.035546 0.042213
0 0.734361 0.945860 0.038168 0.049067
0 0.440163 0.484373 0.023171 0.037271
0 0.907874 0.678086 0.037164 0.050554
0 0.392380 0.811485 0.028907 0.041304
0 0.864757 0.502050 0.036058 0.050402
0 0.879208 0.252961 0.036058 0.050402
0 0.094453 0.356094 0.034644 0.045337
0 0.401663 0.645102 0.024380 0.039061
0 0.314085 0.841231 0.030116 0.043094
0 0.925335 0.389767 0.035648 0.043851
0 0.584909 0.212659 0.026592 0.039364
0 0.697071 0.730154 0.034542 0.043700
0 0.515039 0.312933 0.044602 0.046701
0 0.451002 0.319855 0.021962 0.035482
0 0.518784 0.244072 0.045708 0.046853
0 0.445331 0.401667 0.023478 0.042185
0 0.476744 0.282912 0.022269 0.040395
0 0.330145 0.593189 0.026695 0.041001
0 0.082753 0.525449 0.041794 0.054435
0 0.338117 0.429930 0.024584 0.042336
0 0.482169 0.196112 0.024277 0.037423
0 0.681961 0.936207 0.036959 0.047278
0 0.220771 0.664928 0.026592 0.039364
0 0.433086 0.142315 0.026797 0.042639
0 0.374506 0.267260 0.023375 0.040547
0 0.091946 0.396219 0.036959 0.047278
0 0.920217 0.471654 0.035648 0.043851
0 0.398899 0.689322 0.026797 0.042639
0 0.474236 0.323037 0.024584 0.042336
0 0.674127 0.222399 0.035053 0.051888
0 0.100831 0.271902 0.036754 0.044003
0 0.765876 0.450518 0.036754 0.044003
0 0.246216 0.248866 0.025691 0.042488
0 0.690693 0.814346 0.034644 0.045337
0 0.411950 0.480509 0.026490 0.037726
0 0.423343 0.316068 0.024380 0.039061
0 0.702739 0.603745 0.034746 0.046975
0 0.275828 0.167855 0.025588 0.040850
0 0.684418 0.896901 0.034542 0.043700
0 0.700129 0.645507 0.036857 0.045640
0 0.424744 0.275791 0.024277 0.037423
0 0.556772 0.466480 0.040483 0.051008
0 0.429014 0.234256 0.025691 0.042488
0 0.927843 0.349642 0.035750 0.045489
0 0.876844 0.299713 0.037266 0.052191
0 0.463950 0.487630 0.026899 0.044277
0 0.828161 0.248448 0.036160 0.052040
0 0.561346 0.375434 0.036160 0.052040
0 0.441564 0.444097 0.025486 0.039212
0 0.827210 0.290438 0.036754 0.044003
0 0.712370 0.440713 0.035546 0.042213
0 0.918663 0.514387 0.038066 0.047430
0 0.718336 0.318474 0.032329 0.043397
0 0.505990 0.448790 0.043905 0.053100
0 0.744750 0.779629 0.037861 0.044154
0 0.706802 0.520887 0.036857 0.045640
0 0.661323 0.436200 0.040483 0.051008
0 0.688185 0.854471 0.034746 0.046975
0 0.624893 0.215657 0.033333 0.041910
0 0.452957 0.279655 0.023375 0.040547
0 0.763369 0.490643 0.034644 0.045337
0 0.750472 0.696999 0.036857 0.045640
0 0.720946 0.276712 0.034849 0.048613
0 0.419626 0.357678 0.024482 0.040698
