0 0.861111 0.905074 0.031111 0.045827
0 0.399444 0.868249 0.032222 0.044190
0 0.450556 0.783961 0.032222 0.042553
0 0.398333 0.419804 0.034444 0.040917
0 0.757222 0.419804 0.034444 0.047463
0 0.399444 0.337971 0.032222 0.040917
0 0.346111 0.462357 0.032222 0.044190
0 0.347222 0.541735 0.032222 0.042553
0 0.398333 0.380524 0.032222 0.040917
0 0.398333 0.461538 0.032222 0.042553
0 0.706667 0.541735 0.033333 0.042553
0 0.296667 0.543372 0.033333 0.039280
0 0.348889 0.625205 0.031111 0.039280
0 0.346111 0.337971 0.032222 0.040917
0 0.655556 0.741408 0.031111 0.042553
0 0.400556 0.293781 0.034444 0.047463
0 0.245556 0.625205 0.033333 0.045827
0 0.347222 0.664484 0.032222 0.042553
0 0.296667 0.622750 0.033333 0.040917
0 0.810556 0.620295 0.034444 0.042553
0 0.809444 0.457447 0.032222 0.040917
0 0.705556 0.419804 0.037778 0.040917
0 0.860556 0.662848 0.032222 0.042553
0 0.706667 0.743863 0.033333 0.044190
0 0.655556 0.823241 0.031111 0.042553
0 0.191111 0.422259 0.033333 0.039280
0 0.398889 0.541735 0.028889 0.039280
0 0.706667 0.378069 0.033333 0.045827
0 0.245000 0.704583 0.032222 0.044190
0 0.757778 0.296236 0.033333 0.045827
0 0.605556 0.702128 0.033333 0.042553
0 0.243889 0.419804 0.032222 0.044190
0 0.296667 0.461538 0.033333 0.042553
0 0.140556 0.627660 0.036667 0.040917
0 0.347222 0.704583 0.030000 0.040917
0 0.347778 0.293781 0.033333 0.044190
0 0.347222 0.583470 0.032222 0.037643
0 0.605556 0.825696 0.035556 0.047463
0 0.295556 0.338789 0.031111 0.042553
0 0.706667 0.254501 0.033333 0.047463
0 0.245556 0.749591 0.033333 0.042553
0 0.244444 0.296236 0.033333 0.045827
0 0.245556 0.869885 0.033333 0.044190
0 0.192222 0.791326 0.033333 0.040917
0 0.860556 0.581015 0.034444 0.039280
0 0.706667 0.623568 0.031111 0.039280
0 0.348333 0.786416 0.036667 0.040917
0 0.706667 0.702128 0.033333 0.042553
0 0.347222 0.744681 0.032222 0.042553
0 0.296111 0.791326 0.034444 0.040917
0 0.860556 0.417349 0.032222 0.042553
0 0.243333 0.545827 0.035556 0.040917
0 0.860556 0.743863 0.036667 0.040917
0 0.295556 0.380524 0.033333 0.040917
0 0.706667 0.337971 0.033333 0.040917
0 0.861667 0.622750 0.032222 0.040917
0 0.140556 0.424714 0.034444 0.040917
0 0.757222 0.340426 0.034444 0.039280
0 0.245000 0.788871 0.030000 0.039280
0 0.398333 0.625205 0.034444 0.042553
0 0.705556 0.459902 0.033333 0.042553
0 0.809444 0.380524 0.032222 0.040917
0 0.808333 0.662848 0.032222 0.039280
0 0.140556 0.545827 0.034444 0.044190
0 0.295556 0.422259 0.031111 0.042553
0 0.706111 0.581015 0.032222 0.039280
0 0.244444 0.583470 0.033333 0.037643
0 0.860556 0.459902 0.032222 0.039280
0 0.347778 0.419804 0.033333 0.037643
0 0.296667 0.747136 0.033333 0.047463
0 0.809444 0.338789 0.032222 0.042553
0 0.860556 0.341244 0.032222 0.044190
0 0.398333 0.504092 0.032222 0.036007
0 0.810556 0.825696 0.034444 0.044190
0 0.810000 0.576105 0.031111 0.042553
0 0.860556 0.296236 0.034444 0.045827
0 0.140556 0.504092 0.034444 0.042553
0 0.347222 0.828151 0.032222 0.042553
0 0.860556 0.702128 0.034444 0.039280
0 0.810556 0.501637 0.034444 0.044190
0 0.245556 0.830606 0.033333 0.040917
0 0.706111 0.662848 0.032222 0.039280
0 0.243333 0.462357 0.033333 0.040917
0 0.348333 0.909984 0.036667 0.045827
0 0.605556 0.783961 0.035556 0.042553
0 0.246667 0.914894 0.035556 0.042553
0 0.398333 0.581015 0.032222 0.042553
0 0.347778 0.501637 0.031111 0.037643
0 0.296667 0.704583 0.028889 0.040917
0 0.294444 0.504092 0.031111 0.039280
0 0.860556 0.823241 0.032222 0.042553
0 0.141111 0.835516 0.035556 0.044190
0 0.655556 0.702128 0.033333 0.036007
0 0.861667 0.214403 0.034444 0.042553
0 0.348333 0.867430 0.036667 0.042553
0 0.757222 0.378069 0.032222 0.039280
0 0.191667 0.462357 0.036667 0.040917
0 0.143333 0.917349 0.037778 0.044190
0 0.655556 0.865794 0.033333 0.042553
0 0.604444 0.744681 0.033333 0.039280
0 0.140556 0.380524 0.032222 0.040917
0 0.242222 0.378069 0.033333 0.042553
0 0.347778 0.378069 0.031111 0.036007
0 0.191111 0.625205 0.033333 0.039280
0 0.140556 0.709493 0.036667 0.040917
0 0.912778 0.254501 0.034444 0.044190
0 0.192778 0.707038 0.032222 0.042553
0 0.192778 0.543372 0.032222 0.042553
0 0.860556 0.540917 0.030000 0.037643
0 0.194444 0.914894 0.033333 0.045827
0 0.193333 0.873159 0.033333 0.037643
0 0.297778 0.831424 0.033333 0.039280
0 0.089444 0.380524 0.032222 0.040917
0 0.295556 0.296236 0.033333 0.045827
0 0.810556 0.907529 0.036667 0.047463
0 0.296667 0.583470 0.033333 0.037643
0 0.552222 0.744681 0.033333 0.042553
0 0.912778 0.214403 0.034444 0.039280
0 0.654444 0.781506 0.031111 0.037643
0 0.911111 0.456628 0.033333 0.039280
0 0.296111 0.870704 0.032222 0.042553
0 0.810556 0.741408 0.027778 0.042553
0 0.912778 0.499182 0.034444 0.042553
0 0.297778 0.914894 0.033333 0.042553
0 0.140556 0.464812 0.032222 0.042553
0 0.706111 0.166939 0.032222 0.049100
0 0.554444 0.912439 0.033333 0.044190
0 0.140556 0.585925 0.034444 0.039280
0 0.912778 0.538462 0.034444 0.039280
0 0.192778 0.296236 0.034444 0.045827
0 0.243333 0.338789 0.031111 0.039280
0 0.451667 0.702128 0.030000 0.039280
0 0.140556 0.669394 0.036667 0.042553
0 0.810556 0.699673 0.032222 0.040917
0 0.090556 0.338789 0.034444 0.042553
0 0.808333 0.296236 0.032222 0.042553
0 0.088333 0.422259 0.034444 0.042553
0 0.088333 0.296236 0.036667 0.045827
0 0.860556 0.254501 0.032222 0.037643
0 0.191111 0.583470 0.033333 0.040917
0 0.451667 0.743863 0.032222 0.040917
0 0.911111 0.419804 0.033333 0.040917
0 0.656111 0.907529 0.032222 0.040917
0 0.912778 0.581015 0.034444 0.045827
0 0.243333 0.504092 0.035556 0.042553
0 0.553889 0.786416 0.032222 0.040917
0 0.860556 0.783961 0.032222 0.039280
0 0.861667 0.167758 0.034444 0.047463
0 0.140556 0.751227 0.032222 0.042553
0 0.399444 0.704583 0.030000 0.037643
0 0.451667 0.825696 0.034444 0.040917
0 0.911111 0.340426 0.033333 0.039280
0 0.860000 0.499182 0.031111 0.042553
0 0.809444 0.419804 0.032222 0.037643
0 0.398333 0.783961 0.032222 0.042553
0 0.810556 0.783961 0.030000 0.036007
0 0.192222 0.337971 0.031111 0.037643
0 0.513333 0.736498 0.022222 0.029460
0 0.860556 0.380524 0.032222 0.024550
0 0.191111 0.667758 0.033333 0.042553
0 0.255000 0.665303 0.021111 0.031097
0 0.821111 0.540917 0.020000 0.031097
0 0.810556 0.865794 0.036667 0.032733
0 0.450556 0.865794 0.034444 0.039280
0 0.451667 0.907529 0.034444 0.040917
0 0.912222 0.170213 0.035556 0.045827
0 0.192222 0.833061 0.035556 0.042553
0 0.140556 0.337971 0.027778 0.037643
0 0.192222 0.748773 0.031111 0.037643
0 0.705556 0.499182 0.031111 0.036007
0 0.400556 0.909984 0.034444 0.039280
0 0.295556 0.664484 0.031111 0.042553
0 0.911667 0.378069 0.032222 0.042553
0 0.399444 0.825696 0.032222 0.034370
0 0.553333 0.825696 0.028889 0.037643
0 0.706667 0.296236 0.031111 0.039280
0 0.398889 0.744681 0.028889 0.039280
0 0.553333 0.868249 0.033333 0.044190
0 0.399444 0.664484 0.032222 0.039280
0 0.861667 0.862520 0.032222 0.039280
0 0.141111 0.791326 0.033333 0.040917
0 0.706667 0.211948 0.033333 0.040917
0 0.141111 0.875614 0.035556 0.036007
0 0.191111 0.378069 0.033333 0.042553
0 0.553889 0.699673 0.032222 0.040917
0 0.192778 0.501637 0.034444 0.037643
0 0.140556 0.296236 0.032222 0.042553
0 0.912778 0.298691 0.034444 0.040917
0 0.501667 0.452537 0.041111 0.047463
0 0.500556 0.182488 0.041111 0.034370
0 0.501667 0.315057 0.041111 0.037643
0 0.499444 0.248773 0.043333 0.039280
0 0.502778 0.380524 0.041111 0.031097
0 0.501667 0.284779 0.041111 0.032733
0 0.501667 0.150573 0.043333 0.032733
0 0.502778 0.352700 0.041111 0.031097
0 0.500556 0.214403 0.041111 0.029460
