0 0.704740 0.704121 0.037847 0.047817
0 0.176169 0.540501 0.023386 0.036258
0 0.202839 0.542884 0.023388 0.037903
0 0.176352 0.667146 0.021163 0.036251
0 0.137464 0.667269 0.034506 0.042872
0 0.202406 0.627589 0.022279 0.039544
0 0.188148 0.372700 0.036733 0.046169
0 0.177399 0.622734 0.023386 0.036258
0 0.085255 0.293256 0.037847 0.047817
0 0.396414 0.709211 0.036728 0.042879
0 0.807518 0.703795 0.034509 0.044517
0 0.921484 0.372840 0.023388 0.037903
0 0.202529 0.712293 0.024499 0.037906
0 0.405995 0.419706 0.023386 0.036258
0 0.561484 0.373982 0.023393 0.041192
0 0.291304 0.249839 0.034499 0.037938
0 0.085378 0.377960 0.037844 0.046172
0 0.859746 0.707741 0.038955 0.046176
0 0.176783 0.580795 0.024494 0.034617
0 0.858571 0.663337 0.036728 0.042879
0 0.240254 0.291942 0.034506 0.042872
0 0.561545 0.415923 0.023386 0.036258
0 0.449747 0.709041 0.032284 0.042865
0 0.910257 0.293106 0.032284 0.042865
0 0.858156 0.377153 0.036733 0.046169
0 0.756904 0.663659 0.035613 0.039586
0 0.601303 0.248856 0.034504 0.041228
0 0.408272 0.457528 0.023381 0.032969
0 0.600124 0.201984 0.032294 0.049444
0 0.756409 0.705602 0.036736 0.047814
0 0.188029 0.290463 0.036743 0.052748
0 0.806429 0.335376 0.033393 0.041224
0 0.239078 0.247538 0.036733 0.046169
0 0.135374 0.375334 0.033398 0.044514
0 0.807951 0.619089 0.033405 0.049448
0 0.856984 0.335216 0.034504 0.041228
0 0.701985 0.335708 0.033393 0.041224
0 0.651979 0.331754 0.033390 0.039579
0 0.137399 0.622861 0.034511 0.046162
0 0.291366 0.292602 0.036736 0.047814
0 0.704618 0.619417 0.033405 0.049448
0 0.396426 0.334210 0.035617 0.042876
0 0.910191 0.247876 0.038958 0.047821
0 0.343093 0.334379 0.035613 0.039586
0 0.601365 0.291619 0.036731 0.044524
0 0.498816 0.449839 0.040069 0.047824
0 0.137525 0.710032 0.036733 0.046169
0 0.291236 0.202964 0.036743 0.052748
0 0.755314 0.333071 0.035613 0.039586
0 0.498323 0.492604 0.041171 0.041249
0 0.549143 0.291784 0.032286 0.044510
0 0.858506 0.618929 0.036738 0.049458
0 0.395736 0.624509 0.033402 0.047803
0 0.651484 0.373697 0.036736 0.047814
0 0.806487 0.375672 0.033390 0.039579
0 0.756840 0.619251 0.035627 0.049455
0 0.448575 0.667104 0.036726 0.041235
0 0.806361 0.288501 0.033405 0.049448
0 0.500332 0.345393 0.043381 0.033032
0 0.873868 0.868881 0.026714 0.032979
0 0.499168 0.309213 0.043390 0.039611
0 0.498015 0.280433 0.043378 0.031387
0 0.497915 0.211355 0.045596 0.028105
0 0.500377 0.376643 0.043386 0.036322
0 0.911423 0.330931 0.036709 0.029722
0 0.498383 0.534545 0.036724 0.039590
0 0.771093 0.870851 0.023381 0.032969
0 0.500044 0.146381 0.045603 0.033039
0 0.396909 0.667268 0.033393 0.041224
0 0.200990 0.417067 0.020052 0.036248
0 0.870915 0.748001 0.027828 0.034628
0 0.768693 0.748326 0.023379 0.031324
0 0.500092 0.180098 0.043383 0.034677
0 0.818693 0.748167 0.023388 0.037903
0 0.497964 0.245072 0.043390 0.039611
0 0.136427 0.335035 0.033390 0.039579
0 0.820970 0.785989 0.023383 0.034613
0 0.769863 0.788618 0.027830 0.036272
0 0.512014 0.740094 0.021149 0.026383
0 0.151037 0.833345 0.023381 0.032969
0 0.922100 0.414779 0.024497 0.036262
0 0.085316 0.335197 0.035613 0.039586
0 0.202781 0.502588 0.023381 0.032969
0 0.150975 0.790582 0.023381 0.032969
0 0.176550 0.419611 0.024499 0.037906
0 0.703567 0.661361 0.033393 0.041224
0 0.201356 0.669533 0.022272 0.034610
0 0.240316 0.334705 0.036724 0.039590
0 0.808015 0.663497 0.035617 0.042876
0 0.150923 0.754397 0.025603 0.032976
0 0.548093 0.333729 0.036719 0.036300
0 0.175555 0.500207 0.022277 0.037899
0 0.175497 0.459911 0.022275 0.036255
0 0.872085 0.788294 0.025608 0.036265
0 0.202719 0.459825 0.023390 0.039548
0 0.136366 0.293094 0.033402 0.047803
0 0.396362 0.289802 0.035622 0.046165
0 0.446982 0.334049 0.034506 0.042872
0 0.447399 0.621878 0.036738 0.049458
0 0.448025 0.287171 0.036731 0.044524
0 0.343029 0.289971 0.033400 0.046158
0 0.755250 0.288663 0.035622 0.046165
0 0.447040 0.374345 0.032282 0.041221
0 0.701921 0.291300 0.035625 0.047810
0 0.703154 0.376000 0.033395 0.042869
0 0.755373 0.373367 0.033393 0.041224
0 0.549075 0.244910 0.036733 0.046169
0 0.858031 0.290804 0.036736 0.047814
0 0.651359 0.287348 0.036738 0.049458
0 0.396485 0.374506 0.035620 0.044521
0 0.343152 0.374675 0.037842 0.044528
