0 0.899375 0.157437 0.021250 0.026899
0 0.111250 0.431171 0.035000 0.039557
0 0.110625 0.408228 0.033750 0.034810
0 0.871250 0.158228 0.027500 0.028481
0 0.829375 0.404272 0.033750 0.026899
0 0.883125 0.753956 0.033750 0.033228
0 0.897500 0.227057 0.027500 0.030063
0 0.897500 0.294304 0.022500 0.028481
0 0.883750 0.722310 0.035000 0.033228
0 0.883750 0.816456 0.035000 0.031646
0 0.828125 0.432753 0.036250 0.036392
0 0.881875 0.659019 0.033750 0.033228
0 0.883750 0.851266 0.037500 0.037975
0 0.881875 0.784019 0.033750 0.033228
0 0.884375 0.596519 0.038750 0.028481
0 0.883125 0.692247 0.036250 0.033228
0 0.897500 0.260285 0.022500 0.026899
0 0.870000 0.191456 0.025000 0.031646
0 0.883750 0.628165 0.037500 0.034810
0 0.896875 0.191456 0.023750 0.028481
0 0.883750 0.565665 0.037500 0.033228
0 0.111250 0.372627 0.032500 0.036392
0 0.883750 0.466772 0.035000 0.028481
0 0.870000 0.226266 0.025000 0.028481
0 0.881875 0.437500 0.038750 0.033228
0 0.883750 0.533228 0.035000 0.034810
0 0.883125 0.498418 0.036250 0.031646
0 0.827500 0.470728 0.035000 0.033228
0 0.829375 0.374209 0.033750 0.033228
0 0.881250 0.407437 0.035000 0.033228
0 0.110000 0.503165 0.035000 0.034810
0 0.110625 0.469146 0.036250 0.033228
0 0.883125 0.372627 0.036250 0.036392
0 0.828750 0.340190 0.035000 0.034810
0 0.332500 0.658228 0.035000 0.034810
0 0.703125 0.341772 0.021250 0.028481
0 0.496250 0.333070 0.035000 0.020570
0 0.498125 0.371835 0.036250 0.022152
0 0.512500 0.612342 0.017500 0.022152
0 0.511250 0.573576 0.020000 0.017405
0 0.498750 0.352848 0.022500 0.018987
0 0.497500 0.390823 0.027500 0.018987
0 0.496875 0.416139 0.033750 0.031646
0 0.511250 0.592563 0.020000 0.020570
0 0.512500 0.632911 0.017500 0.015823
0 0.510625 0.649525 0.021250 0.017405
0 0.510000 0.664557 0.020000 0.009494
0 0.509375 0.678006 0.018750 0.014241
0 0.510000 0.693038 0.020000 0.022152
0 0.605625 0.847310 0.031250 0.026899
0 0.441875 0.878956 0.036250 0.036392
0 0.221250 0.816456 0.035000 0.034810
0 0.276250 0.465190 0.037500 0.034810
0 0.222500 0.528481 0.032500 0.031646
0 0.607500 0.691456 0.035000 0.031646
0 0.730000 0.469146 0.022500 0.026899
0 0.442500 0.499209 0.032500 0.033228
0 0.276250 0.368671 0.032500 0.034810
0 0.222500 0.402690 0.032500 0.033228
0 0.661250 0.529272 0.032500 0.026899
0 0.221875 0.499209 0.031250 0.033228
0 0.220625 0.625791 0.036250 0.033228
0 0.442500 0.465190 0.035000 0.034810
0 0.275625 0.878956 0.033750 0.033228
0 0.607500 0.659019 0.035000 0.033228
0 0.661875 0.404272 0.031250 0.033228
0 0.275625 0.847310 0.033750 0.030063
0 0.276250 0.591772 0.037500 0.034810
0 0.551250 0.529272 0.032500 0.030063
0 0.275625 0.531646 0.036250 0.028481
0 0.387500 0.527690 0.035000 0.030063
0 0.718750 0.720728 0.032500 0.033228
0 0.662500 0.372627 0.035000 0.033228
0 0.551875 0.464399 0.031250 0.033228
0 0.275625 0.657437 0.036250 0.033228
0 0.771875 0.499209 0.033750 0.033228
0 0.387500 0.431962 0.032500 0.031646
0 0.771875 0.437500 0.033750 0.033228
0 0.275625 0.625000 0.033750 0.031646
0 0.663125 0.658228 0.033750 0.034810
0 0.718125 0.628165 0.033750 0.031646
0 0.221250 0.686709 0.035000 0.034810
0 0.167500 0.370253 0.037500 0.041139
0 0.221250 0.720728 0.035000 0.033228
0 0.661875 0.625000 0.036250 0.031646
0 0.332500 0.562500 0.032500 0.033228
0 0.221250 0.561709 0.035000 0.034810
0 0.661875 0.721519 0.033750 0.034810
0 0.332500 0.591772 0.032500 0.031646
0 0.771875 0.532437 0.033750 0.033228
0 0.332500 0.435918 0.035000 0.033228
0 0.388125 0.498418 0.036250 0.031646
0 0.717500 0.561709 0.032500 0.028481
0 0.221875 0.435918 0.033750 0.033228
0 0.773750 0.562500 0.035000 0.033228
0 0.275625 0.817247 0.036250 0.033228
0 0.607500 0.401899 0.037500 0.041139
0 0.221875 0.466772 0.036250 0.031646
0 0.332500 0.624209 0.035000 0.033228
0 0.660625 0.499209 0.033750 0.033228
0 0.221875 0.594146 0.036250 0.033228
0 0.277500 0.403481 0.035000 0.034810
0 0.718125 0.531646 0.033750 0.034810
0 0.607500 0.532437 0.037500 0.039557
0 0.607500 0.628956 0.037500 0.033228
0 0.661250 0.436709 0.032500 0.028481
0 0.551875 0.628165 0.033750 0.034810
0 0.510625 0.875791 0.021250 0.030063
0 0.607500 0.567247 0.035000 0.033228
0 0.773750 0.623418 0.035000 0.037975
0 0.717500 0.685127 0.032500 0.041139
0 0.510000 0.851266 0.022500 0.022152
0 0.551875 0.687500 0.031250 0.033228
0 0.772500 0.595728 0.032500 0.033228
0 0.718750 0.878165 0.035000 0.031646
0 0.605000 0.868671 0.040000 0.056962
0 0.497500 0.790348 0.030000 0.026899
0 0.716875 0.372627 0.033750 0.026899
0 0.730000 0.339399 0.022500 0.033228
0 0.498750 0.538766 0.035000 0.023734
0 0.551250 0.784019 0.032500 0.033228
0 0.441875 0.656646 0.031250 0.031646
0 0.772500 0.659019 0.035000 0.033228
0 0.607500 0.590190 0.037500 0.041139
0 0.718125 0.849684 0.033750 0.031646
0 0.551250 0.812500 0.035000 0.033228
0 0.718125 0.658228 0.031250 0.028481
0 0.221250 0.850475 0.032500 0.033228
0 0.730000 0.498418 0.022500 0.028481
0 0.702500 0.466772 0.020000 0.028481
0 0.442500 0.624209 0.032500 0.033228
0 0.606875 0.465190 0.031250 0.028481
0 0.443125 0.438291 0.036250 0.025316
0 0.605625 0.435918 0.031250 0.030063
0 0.498125 0.508703 0.036250 0.036392
0 0.605625 0.817247 0.038750 0.033228
0 0.277500 0.720728 0.032500 0.033228
0 0.221875 0.879747 0.033750 0.034810
0 0.440625 0.784019 0.036250 0.033228
0 0.605000 0.784810 0.035000 0.034810
0 0.551250 0.435918 0.032500 0.026899
0 0.551875 0.720728 0.033750 0.033228
0 0.441875 0.846519 0.033750 0.028481
0 0.440625 0.817247 0.036250 0.033228
0 0.716250 0.402690 0.035000 0.033228
0 0.551875 0.753956 0.033750 0.033228
0 0.332500 0.372627 0.035000 0.033228
0 0.276250 0.436709 0.032500 0.028481
0 0.718125 0.817247 0.033750 0.033228
0 0.331250 0.340190 0.037500 0.034810
0 0.275625 0.753956 0.036250 0.033228
0 0.442500 0.528481 0.032500 0.031646
0 0.443125 0.591772 0.031250 0.031646
0 0.607500 0.499209 0.032500 0.033228
0 0.443125 0.561709 0.033750 0.034810
0 0.773750 0.721519 0.032500 0.034810
0 0.772500 0.690665 0.032500 0.030063
0 0.441875 0.753165 0.033750 0.034810
0 0.551875 0.845728 0.033750 0.033228
0 0.387500 0.562500 0.035000 0.033228
0 0.661875 0.787975 0.036250 0.034810
0 0.552500 0.594937 0.032500 0.034810
0 0.730625 0.436709 0.023750 0.034810
0 0.718125 0.784810 0.031250 0.031646
0 0.661250 0.754747 0.035000 0.034810
0 0.771875 0.469146 0.033750 0.030063
0 0.333125 0.466772 0.033750 0.031646
0 0.608125 0.720728 0.033750 0.033228
0 0.552500 0.561709 0.032500 0.028481
0 0.442500 0.690665 0.035000 0.036392
0 0.770625 0.402690 0.031250 0.033228
0 0.662500 0.688291 0.032500 0.028481
0 0.221250 0.753165 0.032500 0.031646
0 0.221250 0.656646 0.035000 0.028481
0 0.441875 0.721519 0.033750 0.028481
0 0.552500 0.658228 0.032500 0.028481
0 0.221875 0.368671 0.033750 0.034810
0 0.717500 0.753956 0.032500 0.033228
0 0.497500 0.452532 0.035000 0.037975
0 0.660625 0.340190 0.033750 0.034810
0 0.605000 0.753956 0.035000 0.033228
0 0.552500 0.879747 0.032500 0.034810
0 0.220625 0.784019 0.033750 0.033228
0 0.277500 0.688291 0.032500 0.031646
0 0.275625 0.784810 0.033750 0.031646
0 0.276250 0.560918 0.032500 0.033228
0 0.332500 0.402690 0.035000 0.033228
0 0.703125 0.435918 0.021250 0.023734
0 0.388750 0.398734 0.037500 0.034810
0 0.332500 0.499209 0.035000 0.033228
0 0.551875 0.498418 0.033750 0.031646
0 0.716875 0.595728 0.033750 0.033228
0 0.443750 0.404272 0.037500 0.045886
0 0.331250 0.528481 0.035000 0.031646
0 0.660625 0.469146 0.033750 0.033228
0 0.661875 0.595728 0.033750 0.033228
0 0.276250 0.499209 0.037500 0.033228
0 0.387500 0.465190 0.035000 0.034810
0 0.662500 0.561709 0.035000 0.034810
0 0.550625 0.402690 0.033750 0.039557
