0 0.855882 0.661765 0.034118 0.044118
0 0.650000 0.429228 0.022353 0.042279
0 0.911765 0.660846 0.037647 0.045956
0 0.597059 0.384191 0.024706 0.036765
0 0.256471 0.340993 0.035294 0.049632
0 0.595294 0.246324 0.023529 0.036765
0 0.597647 0.433824 0.023529 0.036765
0 0.855882 0.709559 0.038824 0.051471
0 0.747647 0.613971 0.034118 0.051471
0 0.625882 0.384191 0.023529 0.036765
0 0.571176 0.433824 0.027059 0.040441
0 0.256471 0.249081 0.040000 0.045956
0 0.598824 0.525735 0.023529 0.040441
0 0.570000 0.246324 0.024706 0.040441
0 0.571176 0.526654 0.022353 0.034926
0 0.855882 0.614890 0.034118 0.053309
0 0.598824 0.478860 0.023529 0.034926
0 0.627059 0.848346 0.028235 0.042279
0 0.908824 0.245404 0.038824 0.053309
0 0.704118 0.428309 0.024706 0.040441
0 0.745294 0.292279 0.038824 0.044118
0 0.624706 0.431066 0.021176 0.038603
0 0.527647 0.199449 0.034118 0.038603
0 0.925882 0.798713 0.028235 0.038603
0 0.568824 0.292279 0.024706 0.036765
0 0.597647 0.569853 0.023529 0.036765
0 0.570000 0.383272 0.024706 0.034926
0 0.310588 0.201287 0.035294 0.038603
0 0.597059 0.338235 0.024706 0.033088
0 0.900588 0.750919 0.024706 0.042279
0 0.899412 0.797794 0.024706 0.040441
0 0.022353 0.391544 0.023529 0.040441
0 0.311765 0.293199 0.037647 0.034926
0 0.912941 0.705882 0.040000 0.047794
0 0.925294 0.751838 0.024706 0.040441
0 0.571176 0.480699 0.024706 0.042279
0 0.627059 0.757353 0.021176 0.040441
0 0.597647 0.293199 0.023529 0.034926
0 0.650000 0.386029 0.022353 0.040441
0 0.657059 0.943015 0.024706 0.044118
0 0.146471 0.295037 0.038824 0.042279
0 0.702941 0.385110 0.022353 0.038603
0 0.146471 0.203125 0.041176 0.034926
0 0.022353 0.435662 0.025882 0.040441
0 0.654706 0.758272 0.022353 0.034926
0 0.799412 0.293199 0.036471 0.045956
0 0.093529 0.295037 0.038824 0.034926
0 0.628235 0.894301 0.028235 0.042279
0 0.908824 0.293199 0.036471 0.045956
0 0.655882 0.848346 0.027059 0.038603
0 0.705294 0.519301 0.024706 0.038603
0 0.628235 0.943015 0.028235 0.040441
0 0.051176 0.391544 0.024706 0.033088
0 0.366471 0.295037 0.038824 0.045956
0 0.655294 0.895221 0.023529 0.044118
0 0.475294 0.520221 0.030588 0.044118
0 0.022353 0.482537 0.025882 0.042279
0 0.474706 0.083640 0.050588 0.042279
0 0.528824 0.292279 0.038824 0.025735
0 0.256471 0.291360 0.035294 0.042279
0 0.474706 0.126838 0.045882 0.044118
0 0.475882 0.345588 0.048235 0.040441
0 0.654706 0.801471 0.024706 0.040441
0 0.488235 0.750919 0.023529 0.034926
0 0.024706 0.526654 0.025882 0.042279
0 0.214118 0.389706 0.023529 0.033088
0 0.473529 0.194853 0.045882 0.051471
0 0.475882 0.306985 0.048235 0.040441
0 0.474706 0.159007 0.050588 0.034926
0 0.475294 0.280331 0.047059 0.038603
0 0.475882 0.247243 0.045882 0.045956
0 0.474706 0.427390 0.043529 0.045956
0 0.420588 0.345588 0.041176 0.047794
0 0.801765 0.661765 0.038824 0.044118
0 0.908824 0.339154 0.038824 0.045956
0 0.419412 0.293199 0.036471 0.045956
0 0.911765 0.609375 0.040000 0.053309
0 0.692353 0.705882 0.038824 0.055147
0 0.853529 0.294118 0.034118 0.044118
0 0.637647 0.707721 0.040000 0.055147
0 0.528824 0.246324 0.038824 0.047794
0 0.310588 0.246324 0.040000 0.047794
0 0.584706 0.713235 0.040000 0.055147
0 0.640000 0.614890 0.037647 0.064338
0 0.691765 0.247243 0.040000 0.053309
0 0.690588 0.338235 0.040000 0.055147
0 0.365294 0.247243 0.036471 0.053309
0 0.798824 0.241728 0.035294 0.053309
0 0.091176 0.340074 0.038824 0.051471
0 0.801765 0.614890 0.038824 0.053309
0 0.584706 0.618566 0.035294 0.053309
0 0.745882 0.245404 0.037647 0.053309
0 0.420588 0.249081 0.034118 0.045956
0 0.852353 0.340074 0.036471 0.047794
0 0.852353 0.246324 0.036471 0.051471
0 0.147647 0.340074 0.041176 0.051471
0 0.037647 0.296875 0.040000 0.045956
0 0.802941 0.707721 0.038824 0.047794
0 0.745882 0.339154 0.037647 0.053309
0 0.146471 0.248162 0.038824 0.047794
0 0.527647 0.147059 0.038824 0.058824
0 0.748824 0.713235 0.038824 0.055147
0 0.636471 0.337316 0.040000 0.053309
0 0.311176 0.340074 0.038824 0.055147
0 0.255294 0.196691 0.037647 0.055147
0 0.694118 0.618566 0.037647 0.056985
0 0.037059 0.341912 0.041176 0.047794
0 0.528824 0.338235 0.038824 0.055147
0 0.747647 0.661765 0.038824 0.047794
0 0.800000 0.341912 0.037647 0.051471
0 0.310588 0.147978 0.037647 0.064338
0 0.474118 0.477941 0.042353 0.047794
0 0.146471 0.151654 0.038824 0.060662
0 0.093529 0.250000 0.036471 0.047794
0 0.200588 0.248162 0.038824 0.055147
0 0.419412 0.200368 0.036471 0.055147
0 0.201176 0.341912 0.037647 0.047794
0 0.093529 0.196691 0.036471 0.055147
0 0.037059 0.248162 0.041176 0.055147
0 0.366471 0.344669 0.038824 0.049632
0 0.635294 0.248162 0.035294 0.055147
0 0.570000 0.338235 0.024706 0.044118
0 0.627059 0.798713 0.023529 0.042279
0 0.200588 0.296875 0.038824 0.042279
