0 0.454688 0.726982 0.044247 0.047176
0 0.388926 0.747163 0.033931 0.044011
0 0.115847 0.566424 0.034881 0.042902
0 0.377579 0.375950 0.042957 0.046780
0 0.161445 0.704400 0.046147 0.044959
0 0.492750 0.901846 0.046825 0.047968
0 0.742066 0.637991 0.043907 0.045672
0 0.728226 0.567460 0.045536 0.047572
0 0.126812 0.486673 0.034542 0.041398
0 0.239824 0.792113 0.041939 0.042268
0 0.100853 0.493835 0.034881 0.042902
0 0.083789 0.424294 0.037799 0.045198
0 0.252831 0.599167 0.041600 0.040764
0 0.846493 0.343016 0.046825 0.047968
0 0.869765 0.449248 0.045197 0.046068
0 0.391080 0.444977 0.041328 0.044881
0 0.473732 0.569974 0.041600 0.040764
0 0.337417 0.723570 0.041939 0.042268
0 0.718334 0.272991 0.042279 0.043772
0 0.371085 0.603885 0.042618 0.045276
0 0.709669 0.494356 0.041668 0.046385
0 0.777579 0.294210 0.046486 0.046463
0 0.323116 0.394271 0.041668 0.046385
0 0.769437 0.258113 0.047165 0.049472
0 0.435331 0.393607 0.040378 0.045989
0 0.153303 0.668304 0.046825 0.047968
0 0.508764 0.334085 0.041600 0.040764
0 0.345050 0.757411 0.042957 0.046780
0 0.679307 0.359745 0.042007 0.047889
0 0.337737 0.462150 0.042279 0.043772
0 0.747746 0.409501 0.041939 0.042268
0 0.808619 0.431828 0.046825 0.047968
0 0.853820 0.378558 0.045197 0.046068
0 0.771018 0.515733 0.044247 0.047176
0 0.491272 0.638566 0.046147 0.044959
0 0.551895 0.283863 0.037732 0.039577
0 0.414182 0.550457 0.042618 0.045276
0 0.736368 0.603557 0.041600 0.040764
0 0.703834 0.462376 0.037732 0.039577
0 0.602489 0.266729 0.043636 0.049788
0 0.636976 0.670240 0.042618 0.045276
0 0.293506 0.776444 0.046825 0.047968
0 0.207630 0.652437 0.046486 0.046463
0 0.516057 0.366422 0.039360 0.041477
0 0.583769 0.684959 0.042618 0.045276
0 0.142586 0.556611 0.034881 0.042902
0 0.793150 0.360189 0.042618 0.045276
0 0.622151 0.598403 0.037121 0.042190
0 0.546487 0.507444 0.041600 0.040764
0 0.738654 0.375304 0.042618 0.045276
0 0.650152 0.478045 0.039360 0.041477
0 0.315130 0.618644 0.041600 0.040764
0 0.815113 0.203893 0.047165 0.049472
0 0.539329 0.472654 0.037732 0.039577
0 0.718455 0.530255 0.042279 0.043772
0 0.353546 0.535294 0.044586 0.048680
0 0.223404 0.722374 0.046825 0.047968
0 0.191210 0.582697 0.042957 0.046780
0 0.523079 0.403666 0.042957 0.046780
0 0.229559 0.492935 0.047165 0.049472
0 0.260919 0.369134 0.047165 0.049472
0 0.421703 0.773287 0.030945 0.036095
0 0.416977 0.324461 0.043296 0.048284
0 0.266621 0.972042 0.034881 0.042902
0 0.260992 0.898187 0.045197 0.046068
0 0.461506 0.760269 0.039021 0.039973
0 0.937918 0.763629 0.044179 0.041556
0 0.564253 0.766530 0.029656 0.035699
0 0.931404 0.728641 0.042279 0.043772
0 0.379518 0.897998 0.042279 0.043772
0 0.091761 0.459638 0.033524 0.036886
0 0.370765 0.865305 0.042279 0.043772
0 0.428216 0.808276 0.034881 0.042902
0 0.402121 0.817892 0.032913 0.039498
0 0.434459 0.203311 0.036714 0.035065
0 0.360534 0.569332 0.042957 0.046780
0 0.270898 0.932938 0.046825 0.047968
0 0.774872 0.774264 0.042618 0.045276
0 0.385217 0.932432 0.046486 0.046463
0 0.183360 0.804616 0.041939 0.042268
0 0.484259 0.433269 0.034542 0.041398
0 0.149439 0.593103 0.033524 0.036886
0 0.199032 0.880213 0.045875 0.049076
0 0.924247 0.693850 0.046825 0.047968
0 0.859553 0.416199 0.040378 0.045989
0 0.485728 0.864601 0.043907 0.045672
0 0.751634 0.671238 0.042957 0.046780
0 0.520106 0.781686 0.041939 0.042268
0 0.214957 0.687979 0.042279 0.043772
0 0.900160 0.587064 0.046825 0.047968
0 0.111682 0.416538 0.032913 0.039498
0 0.562465 0.581340 0.040989 0.043377
0 0.445562 0.689580 0.045536 0.047572
0 0.175571 0.510306 0.044247 0.047176
0 0.253117 0.334541 0.041193 0.033640
0 0.290476 0.964722 0.032235 0.036490
0 0.493125 0.261694 0.035696 0.030553
0 0.145108 0.366077 0.039904 0.033244
0 0.823085 0.239238 0.043433 0.032927
0 0.700761 0.201193 0.040243 0.034748
0 0.191332 0.839961 0.042957 0.046780
0 0.477281 0.830206 0.041939 0.042268
0 0.440565 0.230383 0.037392 0.038073
0 0.825024 0.761286 0.046825 0.047968
0 0.200166 0.619348 0.046486 0.046463
0 0.477780 0.401486 0.034474 0.035778
0 0.916580 0.656804 0.044518 0.043060
0 0.527400 0.814022 0.041600 0.040764
0 0.729331 0.826030 0.040311 0.040369
0 0.355771 0.792716 0.041600 0.040764
0 0.472556 0.366102 0.039089 0.045593
0 0.569759 0.613676 0.040650 0.041873
0 0.254140 0.861695 0.042618 0.045276
0 0.837401 0.308819 0.040311 0.040369
0 0.614843 0.825784 0.040311 0.040369
0 0.394319 0.783299 0.032913 0.039498
0 0.778990 0.551078 0.041328 0.044881
0 0.763370 0.741610 0.041600 0.040764
0 0.383942 0.673110 0.045536 0.047572
0 0.621967 0.857368 0.042890 0.041160
0 0.782369 0.810558 0.046486 0.046463
0 0.331413 0.690838 0.042279 0.043772
0 0.535033 0.847863 0.043296 0.048284
0 0.802092 0.656558 0.042618 0.045276
0 0.135089 0.520316 0.032235 0.036490
0 0.169553 0.737291 0.044857 0.044564
0 0.247626 0.826706 0.045875 0.049076
0 0.793950 0.620461 0.042618 0.045276
0 0.786331 0.326903 0.042550 0.039656
0 0.361470 0.827150 0.044586 0.048680
0 0.646407 0.705941 0.040717 0.047493
0 0.276917 0.705953 0.042957 0.046780
0 0.393034 0.707307 0.041600 0.040764
0 0.108995 0.529932 0.033524 0.036886
0 0.413086 0.738141 0.033252 0.041003
0 0.438438 0.657995 0.042279 0.043772
0 0.893172 0.553026 0.045197 0.046068
0 0.593675 0.719710 0.044247 0.047176
0 0.498260 0.672604 0.045197 0.046068
0 0.758656 0.708482 0.041939 0.042268
0 0.705788 0.724706 0.042618 0.045276
0 0.722207 0.794445 0.041668 0.046385
0 0.885200 0.517681 0.041600 0.040764
0 0.307327 0.584051 0.039021 0.039973
0 0.144177 0.630901 0.042957 0.046780
0 0.818511 0.726297 0.043568 0.044168
0 0.810234 0.692654 0.042618 0.045276
0 0.544973 0.885820 0.042279 0.043772
0 0.713557 0.756092 0.043907 0.045672
0 0.874988 0.484632 0.042618 0.045276
0 0.761770 0.221066 0.043636 0.049788
0 0.607177 0.788737 0.043296 0.048284
0 0.455661 0.297312 0.037732 0.039577
0 0.512304 0.747093 0.045875 0.049076
0 0.469784 0.793912 0.043907 0.045672
0 0.176236 0.773032 0.042618 0.045276
0 0.230562 0.757164 0.042279 0.043772
0 0.834116 0.795483 0.042890 0.041160
0 0.785978 0.585116 0.042957 0.046780
0 0.448560 0.467541 0.038749 0.044089
0 0.119484 0.451131 0.032235 0.036490
0 0.658124 0.513390 0.039021 0.039973
0 0.601478 0.754303 0.040989 0.043377
0 0.698427 0.685957 0.043636 0.049788
0 0.908947 0.622963 0.048115 0.048363
0 0.212631 0.420939 0.042618 0.045276
0 0.313346 0.357066 0.041668 0.046385
0 0.696846 0.428337 0.041939 0.042268
0 0.829598 0.274226 0.046825 0.047968
0 0.238040 0.530535 0.043907 0.045672
0 0.504468 0.709294 0.043907 0.045672
0 0.284889 0.741297 0.042618 0.045276
0 0.184188 0.545453 0.042618 0.045276
0 0.566210 0.353444 0.040989 0.043377
0 0.610631 0.302825 0.044857 0.044564
0 0.268945 0.670608 0.041939 0.042268
0 0.407363 0.517170 0.041328 0.044881
0 0.377259 0.637370 0.041939 0.042268
0 0.709853 0.235390 0.042957 0.046780
0 0.345709 0.497495 0.042618 0.045276
0 0.635837 0.408464 0.042618 0.045276
0 0.466100 0.536133 0.042618 0.045276
0 0.656680 0.253316 0.039767 0.048601
0 0.300033 0.551715 0.042618 0.045276
0 0.665297 0.288462 0.042618 0.045276
0 0.666911 0.549288 0.044925 0.050184
0 0.723218 0.306871 0.042957 0.046780
0 0.457652 0.501738 0.041328 0.044881
0 0.383141 0.412838 0.042957 0.046780
0 0.799188 0.396127 0.046825 0.047968
0 0.399052 0.480322 0.041668 0.046385
0 0.205167 0.387850 0.042618 0.045276
0 0.731666 0.341266 0.043568 0.044168
0 0.619078 0.337220 0.043568 0.044168
0 0.220942 0.457788 0.042957 0.046780
0 0.448368 0.264976 0.038749 0.044089
0 0.426239 0.359410 0.042279 0.043772
0 0.531730 0.442019 0.042618 0.045276
0 0.613874 0.564760 0.041328 0.044881
0 0.687449 0.395842 0.043907 0.045672
0 0.366349 0.338389 0.043296 0.048284
0 0.671335 0.324401 0.040311 0.040369
0 0.441538 0.430297 0.040989 0.043377
0 0.430635 0.623402 0.040378 0.045989
0 0.577392 0.647517 0.044247 0.047176
0 0.762536 0.478132 0.046825 0.047968
0 0.159457 0.438864 0.043907 0.045672
0 0.559867 0.319207 0.043907 0.045672
0 0.245367 0.566078 0.042957 0.046780
0 0.755718 0.444846 0.042279 0.043772
0 0.291518 0.510908 0.043907 0.045672
0 0.589821 0.461180 0.042618 0.045276
0 0.423138 0.587108 0.043568 0.044168
0 0.331563 0.428666 0.042957 0.046780
0 0.277067 0.443781 0.044857 0.044564
0 0.500961 0.299493 0.042957 0.046780
0 0.321812 0.654385 0.042618 0.045276
0 0.573843 0.387284 0.043907 0.045672
0 0.284394 0.479324 0.043229 0.042664
0 0.481196 0.603062 0.042957 0.046780
0 0.581340 0.423579 0.048454 0.049867
0 0.555307 0.546549 0.042957 0.046780
0 0.598574 0.493873 0.041939 0.042268
0 0.260328 0.635461 0.044925 0.050184
0 0.642519 0.444204 0.045536 0.047572
0 0.606885 0.530721 0.042957 0.046780
0 0.628664 0.633391 0.042957 0.046780
0 0.152300 0.404074 0.040717 0.047493
0 0.627389 0.374069 0.043907 0.045672
0 0.268620 0.409386 0.044247 0.047176
0 0.169194 0.472864 0.042618 0.045276
