0 0.277187 0.770654 0.034871 0.036437
0 0.242132 0.402269 0.037677 0.039726
0 0.802283 0.691307 0.036202 0.036521
0 0.800031 0.725590 0.037677 0.039726
0 0.166572 0.794931 0.037533 0.036606
0 0.798894 0.764637 0.038865 0.036690
0 0.573502 0.888819 0.037317 0.031925
0 0.503804 0.403224 0.029257 0.029858
0 0.854872 0.694644 0.037533 0.036606
0 0.221014 0.801515 0.037389 0.033485
0 0.576530 0.823290 0.037461 0.035045
0 0.513209 0.228565 0.034582 0.030196
0 0.790229 0.908830 0.040268 0.038335
0 0.606387 0.249343 0.038937 0.038250
0 0.509408 0.296392 0.033323 0.031672
0 0.794985 0.834805 0.037677 0.039726
0 0.588838 0.571358 0.035914 0.030280
0 0.534481 0.389523 0.025407 0.032725
0 0.607415 0.212635 0.037533 0.036606
0 0.684117 0.864542 0.037461 0.035045
0 0.130188 0.397513 0.037750 0.041286
0 0.685811 0.827877 0.037533 0.036606
0 0.447397 0.670354 0.037389 0.033485
0 0.575052 0.855275 0.037533 0.036606
0 0.123918 0.504303 0.037533 0.036606
0 0.550733 0.312315 0.037822 0.042847
0 0.514543 0.199701 0.034654 0.031756
0 0.129231 0.432660 0.035914 0.030280
0 0.107592 0.828743 0.037533 0.036606
0 0.520987 0.854974 0.033251 0.030111
0 0.686804 0.791950 0.038865 0.036690
0 0.163546 0.831511 0.037461 0.035045
0 0.560842 0.353641 0.029257 0.029858
0 0.864943 0.520027 0.033539 0.036352
0 0.119610 0.612000 0.036202 0.036521
0 0.330635 0.842113 0.035986 0.031841
0 0.161960 0.865836 0.037461 0.035045
0 0.439107 0.849778 0.037677 0.039726
0 0.443379 0.742862 0.039081 0.041371
0 0.803868 0.656982 0.036202 0.036521
0 0.272987 0.876010 0.038793 0.035130
0 0.276932 0.805063 0.037533 0.036606
0 0.604657 0.286788 0.033611 0.037912
0 0.170952 0.685673 0.036058 0.033401
0 0.752598 0.581749 0.036202 0.036521
0 0.216511 0.870080 0.037533 0.036606
0 0.455432 0.525338 0.034726 0.033316
0 0.332185 0.808569 0.038865 0.036690
0 0.555831 0.462076 0.029329 0.031418
0 0.875339 0.338389 0.037605 0.038166
0 0.450119 0.596981 0.033539 0.036352
0 0.859486 0.594790 0.037533 0.036606
0 0.350907 0.446726 0.034726 0.033316
0 0.690749 0.721003 0.037605 0.038166
0 0.447723 0.634384 0.037533 0.036606
0 0.116764 0.644680 0.036058 0.033401
0 0.681164 0.899563 0.037533 0.036606
0 0.445775 0.705459 0.037605 0.038166
0 0.549598 0.568086 0.032280 0.037828
0 0.531600 0.422983 0.025335 0.031165
0 0.523238 0.820691 0.037677 0.039726
0 0.525366 0.528993 0.028286 0.037575
0 0.693631 0.687543 0.037533 0.036606
0 0.181168 0.507936 0.037533 0.036606
0 0.580136 0.716331 0.034871 0.036437
0 0.536211 0.352078 0.025551 0.035845
0 0.527655 0.710654 0.033611 0.037912
0 0.280285 0.732513 0.037750 0.041286
0 0.871321 0.410896 0.039009 0.039811
0 0.578478 0.752216 0.037677 0.039726
0 0.819457 0.334060 0.037677 0.039726
0 0.166826 0.760521 0.037677 0.039726
0 0.349321 0.481050 0.037677 0.039726
0 0.225806 0.726709 0.037677 0.039726
0 0.281241 0.697366 0.038865 0.036690
0 0.112240 0.757058 0.037677 0.039726
0 0.230708 0.620614 0.037533 0.036606
0 0.701073 0.540925 0.036202 0.036521
0 0.559147 0.390306 0.029617 0.037659
0 0.532410 0.636628 0.036202 0.036521
0 0.173096 0.653731 0.037605 0.038166
0 0.644090 0.574864 0.037533 0.036606
0 0.231433 0.547115 0.037677 0.039726
0 0.289978 0.551612 0.040124 0.035214
0 0.808105 0.550846 0.037677 0.039726
0 0.299006 0.370670 0.038793 0.035130
0 0.189602 0.325391 0.040196 0.036775
0 0.758831 0.475739 0.033539 0.036352
0 0.587288 0.604903 0.036418 0.041202
0 0.460515 0.415343 0.034798 0.034876
0 0.116366 0.682210 0.036346 0.039642
0 0.227536 0.689264 0.037533 0.036606
0 0.188646 0.360538 0.038937 0.038250
0 0.557453 0.426971 0.029401 0.032978
0 0.593485 0.499673 0.033539 0.036352
0 0.647406 0.503094 0.037533 0.036606
0 0.650468 0.465733 0.037533 0.036606
0 0.816068 0.407390 0.037533 0.036606
0 0.527256 0.748184 0.036274 0.038081
0 0.286626 0.624162 0.037533 0.036606
0 0.291672 0.514947 0.040196 0.036775
0 0.655514 0.356518 0.037533 0.036606
0 0.288356 0.586717 0.037677 0.039726
0 0.296719 0.405732 0.037533 0.036606
0 0.283601 0.660743 0.042931 0.038504
0 0.194067 0.286554 0.037822 0.042847
0 0.458785 0.452788 0.035087 0.041117
0 0.239070 0.439629 0.037533 0.036606
0 0.231107 0.583085 0.037677 0.039726
0 0.185851 0.435470 0.037750 0.041286
0 0.241757 0.367037 0.036274 0.038081
0 0.440983 0.780264 0.037605 0.038166
0 0.132691 0.357770 0.038865 0.036690
0 0.461435 0.380976 0.033467 0.034792
0 0.704317 0.470715 0.036202 0.036521
0 0.595470 0.427818 0.038865 0.036690
0 0.554875 0.497223 0.030876 0.036183
0 0.236747 0.475472 0.036202 0.036521
0 0.581830 0.679666 0.037605 0.038166
0 0.524968 0.783246 0.037533 0.036606
0 0.596475 0.463872 0.036202 0.036521
0 0.135486 0.282837 0.037677 0.039726
0 0.293657 0.443093 0.037677 0.039726
0 0.175890 0.578799 0.039081 0.041371
0 0.466892 0.306213 0.037750 0.041286
0 0.695289 0.651658 0.037677 0.039726
0 0.353557 0.374914 0.038865 0.036690
0 0.357284 0.337595 0.037677 0.039726
0 0.223968 0.766494 0.037750 0.041286
0 0.600153 0.355353 0.033611 0.037912
0 0.714748 0.288297 0.034294 0.023955
0 0.364109 0.262136 0.038504 0.028889
0 0.877033 0.301723 0.037101 0.027244
0 0.845323 0.872424 0.037389 0.033485
0 0.488877 0.784086 0.023931 0.029520
0 0.506055 0.368942 0.033683 0.039473
0 0.179726 0.539140 0.037101 0.027244
0 0.139879 0.245561 0.037101 0.027244
0 0.853808 0.732132 0.039009 0.039811
0 0.849571 0.838268 0.040340 0.039895
0 0.850117 0.768670 0.034798 0.034876
0 0.858638 0.627597 0.036202 0.036521
0 0.845068 0.906833 0.037533 0.036606
0 0.500742 0.440585 0.032352 0.039388
0 0.849970 0.800739 0.037389 0.033485
0 0.797380 0.797402 0.038721 0.033570
0 0.439397 0.814589 0.034798 0.034876
0 0.791257 0.872123 0.036202 0.036521
0 0.857789 0.660404 0.034871 0.036437
0 0.109322 0.791298 0.037533 0.036606
0 0.113232 0.721131 0.036202 0.036521
0 0.637458 0.718404 0.037533 0.036606
0 0.702029 0.505778 0.032136 0.034708
0 0.530643 0.458130 0.026882 0.035930
0 0.658431 0.322278 0.037533 0.036606
0 0.710499 0.322452 0.037677 0.039726
0 0.863879 0.557514 0.037677 0.039726
0 0.634432 0.754984 0.037605 0.038166
0 0.329049 0.876438 0.038937 0.038250
0 0.344529 0.555856 0.037533 0.036606
0 0.235790 0.510619 0.034943 0.037997
0 0.104675 0.862983 0.040340 0.039895
0 0.577414 0.789704 0.036058 0.033401
0 0.705975 0.434830 0.030876 0.036183
0 0.168557 0.723076 0.037677 0.039726
0 0.342943 0.590181 0.037533 0.036606
0 0.126350 0.466120 0.036274 0.038081
0 0.121268 0.576115 0.036202 0.036521
0 0.813745 0.443233 0.036202 0.036521
0 0.805454 0.622658 0.036202 0.036521
0 0.602441 0.320290 0.034726 0.033316
0 0.333807 0.773464 0.038937 0.038250
0 0.220904 0.832803 0.037533 0.036606
0 0.868925 0.448299 0.037533 0.036606
0 0.528985 0.494015 0.029401 0.032978
0 0.412935 0.303571 0.038865 0.036690
0 0.689019 0.758448 0.037605 0.038166
0 0.652054 0.431409 0.037533 0.036606
0 0.632037 0.792387 0.041744 0.041540
0 0.639443 0.646549 0.034726 0.033316
0 0.535994 0.602430 0.034871 0.036437
0 0.699343 0.578370 0.036346 0.039642
0 0.754886 0.546686 0.037461 0.035045
0 0.586187 0.643170 0.034726 0.033316
0 0.697648 0.615035 0.036130 0.034961
0 0.337231 0.699354 0.038865 0.036690
0 0.186915 0.397983 0.038937 0.038250
0 0.360346 0.300234 0.037533 0.036606
0 0.174160 0.616244 0.039081 0.041371
0 0.637785 0.682434 0.034726 0.033316
0 0.511515 0.265230 0.037605 0.038166
0 0.122890 0.541010 0.041600 0.038419
0 0.338889 0.663469 0.038865 0.036690
0 0.409004 0.417551 0.033828 0.042593
0 0.811457 0.478296 0.034943 0.037997
0 0.229050 0.656499 0.034726 0.033316
0 0.867267 0.484184 0.037677 0.039726
0 0.766273 0.329121 0.037533 0.036606
0 0.451040 0.562614 0.037677 0.039726
0 0.134350 0.321885 0.036202 0.036521
0 0.809835 0.513401 0.037533 0.036606
0 0.706229 0.400421 0.033539 0.036352
0 0.872943 0.375791 0.038937 0.038250
0 0.457018 0.491014 0.037677 0.039726
0 0.341249 0.626846 0.037605 0.038166
0 0.183419 0.473653 0.036202 0.036521
0 0.645082 0.538937 0.039009 0.039811
0 0.530752 0.672513 0.036202 0.036521
0 0.520732 0.889383 0.036346 0.039642
0 0.273943 0.840863 0.037533 0.036606
0 0.293258 0.480623 0.034871 0.036437
0 0.335501 0.736799 0.038865 0.036690
0 0.436747 0.886401 0.036274 0.038081
0 0.807040 0.588333 0.038865 0.036690
0 0.344928 0.518327 0.040340 0.039895
0 0.641694 0.612267 0.039009 0.039811
0 0.597092 0.392713 0.036274 0.038081
0 0.463057 0.345871 0.033539 0.036352
0 0.591089 0.537076 0.037966 0.045967
0 0.653676 0.396304 0.037605 0.038166
0 0.760816 0.403885 0.036202 0.036521
0 0.550518 0.533719 0.030804 0.034623
0 0.755914 0.509979 0.036202 0.036521
0 0.351197 0.411536 0.037605 0.038166
0 0.763212 0.366482 0.037533 0.036606
0 0.246186 0.328981 0.039153 0.042931
0 0.759122 0.440550 0.036274 0.038081
0 0.817798 0.369945 0.037677 0.039726
0 0.247322 0.289933 0.037677 0.039726
0 0.409475 0.378462 0.036202 0.036521
0 0.303762 0.296644 0.039009 0.039811
0 0.411097 0.343357 0.038937 0.038250
0 0.709291 0.363060 0.036202 0.036521
0 0.300592 0.336345 0.041600 0.038419
