0 0.585754 0.630283 0.027386 0.031943
0 0.722679 0.695923 0.026053 0.031901
0 0.816126 0.585590 0.036862 0.038460
0 0.615192 0.776365 0.028683 0.030431
0 0.583528 0.592237 0.024830 0.036522
0 0.348680 0.417706 0.035420 0.033753
0 0.766320 0.878891 0.040824 0.037033
0 0.296987 0.602162 0.035383 0.032199
0 0.724257 0.734767 0.027459 0.035053
0 0.462812 0.705774 0.036862 0.038460
0 0.692630 0.552193 0.028719 0.031986
0 0.458187 0.593904 0.035456 0.035308
0 0.188322 0.717648 0.036862 0.038460
0 0.123697 0.350988 0.036789 0.035351
0 0.865992 0.436976 0.036825 0.036905
0 0.588635 0.809885 0.030088 0.033583
0 0.547393 0.700740 0.032827 0.036778
0 0.293731 0.491805 0.036716 0.032241
0 0.356413 0.747287 0.035420 0.033753
0 0.243770 0.750105 0.034050 0.032156
0 0.862981 0.365505 0.036825 0.036905
0 0.348852 0.453484 0.036898 0.040014
0 0.724484 0.772877 0.028756 0.033541
0 0.612620 0.666764 0.028719 0.031986
0 0.537297 0.298890 0.034123 0.035265
0 0.659552 0.336216 0.028828 0.036650
0 0.632668 0.298957 0.024721 0.031858
0 0.766850 0.844646 0.035493 0.036863
0 0.810983 0.366387 0.036789 0.035351
0 0.354717 0.674997 0.035383 0.032199
0 0.239121 0.495104 0.036716 0.032241
0 0.763291 0.806643 0.035456 0.035308
0 0.647026 0.370843 0.036753 0.033796
0 0.346756 0.307306 0.036825 0.036905
0 0.586118 0.702616 0.024757 0.033413
0 0.659379 0.300438 0.027423 0.033498
0 0.594606 0.410634 0.034050 0.032156
0 0.464545 0.779619 0.036825 0.036905
0 0.184475 0.496848 0.036716 0.032241
0 0.870696 0.694309 0.036862 0.038460
0 0.461707 0.743926 0.038158 0.036948
0 0.411114 0.747875 0.032718 0.032114
0 0.609137 0.518297 0.028683 0.030431
0 0.122501 0.385253 0.035529 0.038417
0 0.538209 0.337756 0.031385 0.032071
0 0.240305 0.602415 0.036716 0.032241
0 0.868564 0.546577 0.036862 0.038460
0 0.189451 0.822628 0.036898 0.040014
0 0.867707 0.510043 0.036898 0.040014
0 0.656782 0.843493 0.034014 0.030602
0 0.130628 0.646367 0.036862 0.038460
0 0.357004 0.857730 0.036825 0.036905
0 0.190326 0.859939 0.036825 0.036905
0 0.753307 0.295884 0.036825 0.036905
0 0.131849 0.755234 0.036862 0.038460
0 0.180991 0.348381 0.036825 0.036905
0 0.655368 0.811644 0.035383 0.032199
0 0.870278 0.619644 0.036716 0.032241
0 0.587832 0.775683 0.030161 0.036692
0 0.131504 0.683678 0.036862 0.038460
0 0.494218 0.253591 0.032718 0.032114
0 0.863457 0.328929 0.036862 0.038460
0 0.181848 0.384915 0.034050 0.032156
0 0.247254 0.898572 0.036825 0.036905
0 0.347614 0.343840 0.034123 0.035265
0 0.511103 0.774243 0.023315 0.028707
0 0.301500 0.822940 0.039528 0.038545
0 0.241810 0.638151 0.038268 0.041612
0 0.875557 0.873070 0.035529 0.038417
0 0.347250 0.271507 0.036534 0.024468
0 0.548347 0.883515 0.036497 0.022914
0 0.497062 0.431639 0.027423 0.033498
0 0.539160 0.264603 0.033832 0.022828
0 0.494984 0.286239 0.032718 0.032114
0 0.701899 0.407208 0.038195 0.038502
0 0.652224 0.592378 0.036862 0.038460
0 0.401993 0.416004 0.038231 0.040057
0 0.454980 0.343524 0.035529 0.038417
0 0.591750 0.374164 0.038158 0.036948
0 0.493781 0.234936 0.032134 0.007240
0 0.359860 0.894200 0.038268 0.041612
0 0.539030 0.372735 0.036898 0.040014
0 0.303288 0.899117 0.034269 0.041484
0 0.496754 0.361638 0.032973 0.042996
0 0.496908 0.396639 0.028719 0.031986
0 0.760641 0.551578 0.036789 0.035351
0 0.410941 0.712097 0.036862 0.038460
0 0.611115 0.631029 0.030198 0.038247
0 0.408088 0.562054 0.038158 0.036948
0 0.651121 0.516957 0.038231 0.040057
0 0.182742 0.423003 0.039637 0.043209
0 0.649597 0.480445 0.036716 0.032241
0 0.653199 0.662357 0.032863 0.038332
0 0.539942 0.411601 0.036825 0.036905
0 0.352545 0.639283 0.038195 0.038502
0 0.755861 0.404708 0.036825 0.036905
0 0.185732 0.607269 0.036862 0.038460
0 0.759081 0.513511 0.035493 0.036863
0 0.292016 0.418737 0.036862 0.038460
0 0.720198 0.590208 0.028792 0.035095
0 0.592016 0.300255 0.036862 0.038460
0 0.719916 0.549766 0.027459 0.035053
0 0.648740 0.443911 0.036753 0.033796
0 0.758205 0.476200 0.035493 0.036863
0 0.546551 0.778557 0.035493 0.036863
0 0.701708 0.370653 0.036825 0.036905
0 0.815041 0.510946 0.035529 0.038417
0 0.654510 0.775110 0.032827 0.036778
0 0.242931 0.714349 0.036862 0.038460
0 0.453992 0.415122 0.035529 0.038417
0 0.545184 0.663472 0.032827 0.036778
0 0.296130 0.565628 0.038158 0.036948
0 0.656936 0.878493 0.035529 0.038417
0 0.543389 0.558513 0.036789 0.035351
0 0.761843 0.659667 0.036825 0.036905
0 0.612239 0.593654 0.028792 0.035095
0 0.403726 0.489849 0.038195 0.038502
0 0.654950 0.736979 0.032791 0.035223
0 0.401421 0.306339 0.036862 0.038460
0 0.591541 0.336831 0.036825 0.036905
0 0.647235 0.408176 0.040824 0.037033
0 0.352127 0.564618 0.038122 0.035393
0 0.699255 0.294498 0.035493 0.036863
0 0.612829 0.704097 0.030125 0.035138
0 0.548286 0.738829 0.038195 0.038502
0 0.406982 0.600206 0.036789 0.035351
0 0.454849 0.451656 0.035493 0.036863
0 0.649385 0.556685 0.035456 0.035308
0 0.461764 0.632685 0.038195 0.038502
0 0.407821 0.635963 0.036862 0.038460
0 0.617327 0.810525 0.028828 0.036650
0 0.453420 0.305457 0.034160 0.036820
0 0.235162 0.383213 0.036862 0.038460
0 0.763612 0.735066 0.036862 0.038460
0 0.817858 0.659435 0.036825 0.036905
0 0.756355 0.368909 0.036825 0.036905
0 0.608298 0.482541 0.028828 0.036650
0 0.299119 0.749894 0.038049 0.032284
0 0.244627 0.786639 0.036825 0.036905
0 0.764033 0.696158 0.036789 0.035351
0 0.865153 0.401219 0.036825 0.036905
0 0.545048 0.629249 0.036534 0.024468
0 0.297862 0.639473 0.038195 0.038502
0 0.875421 0.838847 0.036862 0.038460
0 0.700203 0.334918 0.035566 0.039972
0 0.466187 0.849577 0.036825 0.036905
0 0.493416 0.219390 0.032645 0.029004
0 0.719150 0.517119 0.027313 0.028834
0 0.694308 0.623706 0.028792 0.035095
0 0.124306 0.462208 0.040824 0.037033
0 0.133545 0.827524 0.036680 0.030687
0 0.302376 0.860251 0.036716 0.032241
0 0.128822 0.569413 0.036753 0.033796
0 0.492723 0.189852 0.032645 0.029004
0 0.692475 0.517193 0.024684 0.030304
0 0.135259 0.900591 0.039345 0.030772
0 0.291616 0.344850 0.036825 0.036905
0 0.246415 0.862816 0.036825 0.036905
0 0.127126 0.497123 0.036716 0.032241
0 0.820948 0.876369 0.038122 0.035393
0 0.874491 0.799204 0.036825 0.036905
0 0.235637 0.346637 0.036753 0.033796
0 0.580993 0.484190 0.024794 0.034968
0 0.126632 0.532922 0.039528 0.038545
0 0.697125 0.772194 0.027423 0.033498
0 0.607422 0.445230 0.028683 0.030431
0 0.132342 0.719435 0.036789 0.035351
0 0.820091 0.839835 0.038158 0.036948
0 0.135717 0.863238 0.036898 0.040014
0 0.356110 0.819641 0.034196 0.038375
0 0.548932 0.851603 0.034087 0.033711
0 0.178765 0.310335 0.036789 0.035351
0 0.634821 0.333894 0.024757 0.033413
0 0.133354 0.790969 0.038122 0.035393
0 0.467747 0.887644 0.035529 0.038417
0 0.725917 0.805503 0.027423 0.033498
0 0.185201 0.641513 0.034123 0.035265
0 0.699642 0.879464 0.030088 0.033583
0 0.726946 0.877814 0.028719 0.031986
0 0.188612 0.786871 0.036680 0.030687
0 0.183636 0.461092 0.034050 0.032156
0 0.810125 0.329854 0.036825 0.036905
0 0.754165 0.332418 0.036862 0.038460
0 0.873689 0.765002 0.036825 0.036905
0 0.292892 0.456048 0.036789 0.035351
0 0.612030 0.556322 0.027386 0.031943
0 0.726144 0.843612 0.028719 0.031986
0 0.761616 0.621557 0.035383 0.032199
0 0.692136 0.587992 0.026126 0.035010
0 0.698839 0.845262 0.027496 0.036607
0 0.872832 0.728468 0.036862 0.038460
0 0.458754 0.561215 0.032718 0.032114
0 0.697297 0.807972 0.031494 0.036735
0 0.124727 0.423299 0.038231 0.040057
0 0.721001 0.624410 0.028719 0.031986
0 0.820412 0.768259 0.036753 0.033796
0 0.243504 0.824014 0.038231 0.040057
0 0.809953 0.294076 0.035566 0.039972
0 0.580766 0.446081 0.023351 0.030261
0 0.466069 0.816131 0.035456 0.035308
0 0.581868 0.521501 0.024721 0.031858
0 0.457915 0.525458 0.032791 0.035223
0 0.183944 0.531092 0.034050 0.032156
0 0.862582 0.291618 0.036862 0.038460
0 0.696077 0.699105 0.028756 0.033541
0 0.703541 0.477167 0.035383 0.032199
0 0.347174 0.381971 0.034160 0.036820
0 0.815917 0.548257 0.035529 0.038417
0 0.129643 0.604392 0.036862 0.038460
0 0.583928 0.666124 0.027459 0.035053
0 0.652360 0.626601 0.032791 0.035223
0 0.818679 0.694414 0.036862 0.038460
0 0.819900 0.803280 0.039528 0.038545
0 0.238627 0.530903 0.036789 0.035351
0 0.402981 0.344406 0.038158 0.036948
0 0.764469 0.771600 0.036825 0.036905
0 0.722543 0.661699 0.027386 0.031943
0 0.191202 0.897250 0.039564 0.040100
0 0.583967 0.554106 0.027459 0.035053
0 0.693905 0.663392 0.028828 0.036650
0 0.238227 0.457015 0.036825 0.036905
0 0.547372 0.813536 0.038195 0.038502
0 0.615631 0.738235 0.028792 0.035095
0 0.355919 0.783086 0.038158 0.036948
0 0.349900 0.526573 0.038158 0.036948
0 0.868219 0.475021 0.036789 0.035351
0 0.455819 0.379281 0.032718 0.032114
0 0.234744 0.308548 0.037008 0.044678
0 0.408012 0.672518 0.035493 0.036863
0 0.122786 0.312122 0.037008 0.044678
0 0.239502 0.568214 0.036935 0.041569
0 0.186189 0.569916 0.034123 0.035265
0 0.186040 0.677270 0.036862 0.038460
0 0.413340 0.785921 0.038231 0.040057
0 0.461973 0.670017 0.036789 0.035351
0 0.542192 0.592779 0.035456 0.035308
0 0.187864 0.755001 0.039528 0.038545
0 0.542341 0.485424 0.035383 0.032199
0 0.869803 0.656221 0.036898 0.040014
0 0.455688 0.487412 0.035420 0.033753
0 0.759517 0.588953 0.032863 0.038332
0 0.242759 0.678571 0.035383 0.032199
0 0.355519 0.709199 0.035456 0.035308
0 0.301309 0.786385 0.038158 0.036948
0 0.816983 0.622124 0.036825 0.036905
0 0.809804 0.401430 0.035493 0.036863
0 0.811346 0.438720 0.034160 0.036820
0 0.696952 0.736416 0.028828 0.036650
0 0.295236 0.527540 0.038195 0.038502
0 0.653408 0.699690 0.034196 0.038375
0 0.703386 0.442166 0.036753 0.033796
0 0.236019 0.419747 0.036825 0.036905
0 0.292474 0.381383 0.036789 0.035351
0 0.542495 0.520425 0.036825 0.036905
0 0.586957 0.738372 0.030161 0.036692
0 0.541502 0.449668 0.035529 0.038417
0 0.403535 0.453294 0.036753 0.033796
0 0.349728 0.490795 0.036825 0.036905
0 0.351597 0.598863 0.038122 0.035393
0 0.814239 0.476745 0.038122 0.035393
0 0.404601 0.527160 0.038122 0.035393
0 0.756718 0.441242 0.036789 0.035351
0 0.869403 0.582333 0.036862 0.038460
0 0.818888 0.731746 0.040860 0.038587
0 0.298719 0.676007 0.038158 0.036948
0 0.290759 0.308316 0.036862 0.038460
0 0.401136 0.379470 0.035456 0.035308
0 0.299595 0.713318 0.038158 0.036948
