0 0.502667 0.436434 0.029333 0.035659
0 0.502667 0.402326 0.029333 0.032558
0 0.353333 0.271318 0.037333 0.027907
0 0.127333 0.267442 0.036000 0.023256
0 0.706000 0.743411 0.036000 0.023256
0 0.503333 0.291473 0.028000 0.024806
0 0.504667 0.363566 0.028000 0.029457
0 0.708667 0.271318 0.036000 0.024806
0 0.546000 0.270543 0.036000 0.020155
0 0.352667 0.419380 0.036000 0.035659
0 0.350000 0.710853 0.036000 0.035659
0 0.816000 0.814729 0.037333 0.035659
0 0.295333 0.710853 0.036000 0.035659
0 0.816667 0.743411 0.036000 0.035659
0 0.542000 0.706977 0.038667 0.037209
0 0.872667 0.887597 0.041333 0.035659
0 0.816667 0.779070 0.036000 0.035659
0 0.240667 0.527132 0.036000 0.027907
0 0.544000 0.419380 0.037333 0.035659
0 0.542000 0.815504 0.036000 0.037209
0 0.126667 0.888372 0.040000 0.040310
0 0.350667 0.816279 0.037333 0.035659
0 0.652667 0.816279 0.036000 0.029457
0 0.871333 0.455039 0.036000 0.032558
0 0.240667 0.816279 0.038667 0.038760
0 0.295333 0.818605 0.041333 0.037209
0 0.543333 0.670543 0.036000 0.032558
0 0.127333 0.814729 0.036000 0.035659
0 0.240667 0.710853 0.038667 0.035659
0 0.870000 0.854264 0.038667 0.034109
0 0.871333 0.382946 0.036000 0.037209
0 0.295333 0.382946 0.036000 0.034109
0 0.240667 0.783721 0.036000 0.032558
0 0.652667 0.782171 0.038667 0.038760
0 0.652667 0.886822 0.038667 0.034109
0 0.350000 0.599225 0.036000 0.035659
0 0.652667 0.674419 0.038667 0.034109
0 0.351333 0.527132 0.036000 0.037209
0 0.816000 0.706977 0.040000 0.034109
0 0.651333 0.638760 0.036000 0.037209
0 0.294000 0.744186 0.036000 0.037209
0 0.816667 0.563566 0.036000 0.035659
0 0.872667 0.707752 0.038667 0.035659
0 0.651333 0.563566 0.036000 0.032558
0 0.127333 0.455039 0.036000 0.035659
0 0.872667 0.566667 0.036000 0.038760
0 0.459333 0.527907 0.036000 0.035659
0 0.296667 0.782171 0.036000 0.032558
0 0.543333 0.782171 0.036000 0.032558
0 0.816000 0.455814 0.037333 0.034109
0 0.707333 0.775969 0.036000 0.038760
0 0.762667 0.451938 0.034667 0.032558
0 0.352000 0.344186 0.037333 0.037209
0 0.239333 0.747287 0.036000 0.037209
0 0.544000 0.599225 0.034667 0.035659
0 0.870667 0.635659 0.037333 0.037209
0 0.407333 0.602326 0.036000 0.038760
0 0.128667 0.744186 0.038667 0.037209
0 0.545333 0.306977 0.032000 0.037209
0 0.651333 0.599225 0.036000 0.035659
0 0.816000 0.348062 0.037333 0.035659
0 0.126667 0.562791 0.037333 0.037209
0 0.761333 0.415504 0.040000 0.037209
0 0.816000 0.635659 0.037333 0.034109
0 0.762000 0.383721 0.036000 0.032558
0 0.296000 0.307752 0.037333 0.035659
0 0.240000 0.342636 0.037333 0.037209
0 0.128667 0.342636 0.038667 0.034109
0 0.706000 0.634884 0.038667 0.035659
0 0.762667 0.636434 0.037333 0.038760
0 0.460667 0.563566 0.036000 0.035659
0 0.184667 0.382171 0.038667 0.035659
0 0.460000 0.635659 0.037333 0.037209
0 0.652667 0.455039 0.036000 0.032558
0 0.706000 0.347287 0.036000 0.037209
0 0.294000 0.638760 0.038667 0.040310
0 0.184667 0.306977 0.038667 0.037209
0 0.128000 0.416279 0.040000 0.038760
0 0.294667 0.675194 0.037333 0.035659
0 0.295333 0.599225 0.036000 0.038760
0 0.597333 0.419380 0.037333 0.035659
0 0.706667 0.671318 0.037333 0.037209
0 0.240667 0.492248 0.036000 0.035659
0 0.708667 0.490698 0.036000 0.035659
0 0.126000 0.599225 0.038667 0.035659
0 0.707333 0.562016 0.036000 0.035659
0 0.126667 0.672093 0.037333 0.035659
0 0.816667 0.599225 0.038667 0.035659
0 0.240667 0.418605 0.038667 0.034109
0 0.240667 0.672093 0.038667 0.038760
0 0.872000 0.491473 0.037333 0.040310
0 0.350000 0.636434 0.036000 0.035659
0 0.406000 0.455039 0.033333 0.035659
0 0.654000 0.307752 0.036000 0.035659
0 0.706000 0.707752 0.038667 0.035659
0 0.350000 0.563566 0.033333 0.032558
0 0.126000 0.636434 0.036000 0.035659
0 0.352000 0.307752 0.034667 0.035659
0 0.652000 0.382946 0.037333 0.034109
0 0.544667 0.455039 0.033333 0.032558
0 0.652667 0.488372 0.036000 0.034109
0 0.350000 0.455039 0.036000 0.035659
0 0.240667 0.599225 0.038667 0.038760
0 0.762000 0.599225 0.036000 0.035659
0 0.706000 0.382171 0.038667 0.035659
0 0.296667 0.455039 0.038667 0.035659
0 0.128000 0.379070 0.040000 0.038760
0 0.350667 0.675194 0.040000 0.038760
0 0.184000 0.527907 0.040000 0.038760
0 0.242000 0.379845 0.036000 0.040310
0 0.352667 0.382946 0.036000 0.040310
0 0.707333 0.455039 0.036000 0.035659
0 0.543333 0.491473 0.036000 0.040310
0 0.652000 0.419380 0.037333 0.035659
0 0.597333 0.566667 0.040000 0.038760
0 0.184000 0.488372 0.040000 0.040310
0 0.816000 0.307752 0.037333 0.041860
0 0.351333 0.490698 0.036000 0.035659
0 0.296000 0.346512 0.037333 0.035659
0 0.408667 0.562791 0.036000 0.040310
0 0.184667 0.342636 0.038667 0.040310
0 0.542000 0.563566 0.036000 0.035659
0 0.706000 0.418605 0.038667 0.037209
0 0.598000 0.346512 0.036000 0.035659
0 0.596000 0.527132 0.040000 0.037209
0 0.407333 0.383721 0.036000 0.035659
0 0.762000 0.310853 0.036000 0.038760
0 0.128667 0.303101 0.038667 0.038760
0 0.652000 0.527132 0.040000 0.040310
0 0.652667 0.346512 0.038667 0.038760
0 0.816000 0.383721 0.040000 0.035659
0 0.596000 0.382171 0.037333 0.035659
0 0.597333 0.490698 0.040000 0.035659
0 0.296667 0.491473 0.038667 0.034109
0 0.459333 0.418605 0.036000 0.037209
0 0.460000 0.346512 0.037333 0.035659
0 0.544000 0.382946 0.034667 0.037209
0 0.408000 0.306977 0.037333 0.040310
0 0.598000 0.306977 0.036000 0.040310
0 0.762667 0.348062 0.037333 0.035659
0 0.408000 0.347287 0.040000 0.040310
0 0.460667 0.382171 0.036000 0.035659
0 0.240667 0.455814 0.038667 0.040310
0 0.296667 0.530233 0.038667 0.040310
0 0.460667 0.455039 0.036000 0.035659
0 0.460667 0.492248 0.036000 0.035659
0 0.707333 0.306977 0.036000 0.040310
0 0.240667 0.562016 0.038667 0.038760
0 0.462000 0.310078 0.036000 0.037209
0 0.504000 0.248837 0.026667 0.020155
0 0.504667 0.267442 0.028000 0.020155
0 0.460667 0.889922 0.036000 0.037209
0 0.407333 0.526357 0.036000 0.035659
0 0.182000 0.415504 0.036000 0.034109
0 0.460000 0.779845 0.034667 0.037209
0 0.126667 0.851163 0.040000 0.037209
0 0.870000 0.819380 0.038667 0.035659
0 0.127333 0.779070 0.036000 0.032558
0 0.543333 0.743411 0.036000 0.038760
0 0.239333 0.890698 0.036000 0.035659
0 0.543333 0.851163 0.036000 0.031008
0 0.238000 0.855039 0.036000 0.035659
0 0.126000 0.526357 0.038667 0.035659
0 0.504667 0.195349 0.028000 0.027907
0 0.460667 0.819380 0.036000 0.035659
0 0.816000 0.850388 0.040000 0.035659
0 0.543333 0.634884 0.036000 0.035659
0 0.762000 0.527132 0.036000 0.040310
0 0.707333 0.599225 0.036000 0.035659
0 0.460667 0.855039 0.033333 0.032558
0 0.460000 0.674419 0.034667 0.034109
0 0.816667 0.527132 0.038667 0.040310
0 0.503333 0.223256 0.028000 0.027907
0 0.872000 0.602326 0.034667 0.032558
0 0.350000 0.855039 0.033333 0.035659
0 0.816667 0.420155 0.038667 0.034109
0 0.462000 0.599225 0.036000 0.032558
0 0.816667 0.670543 0.036000 0.035659
0 0.460000 0.710853 0.037333 0.035659
0 0.351333 0.746512 0.036000 0.035659
0 0.870000 0.672093 0.036000 0.032558
0 0.295333 0.855039 0.036000 0.032558
0 0.240667 0.635659 0.033333 0.031008
0 0.542000 0.887597 0.036000 0.035659
0 0.544000 0.344186 0.034667 0.037209
0 0.872000 0.527132 0.037333 0.037209
0 0.817333 0.887597 0.040000 0.035659
0 0.652667 0.743411 0.038667 0.038760
0 0.762667 0.563566 0.034667 0.035659
0 0.296667 0.890698 0.038667 0.038760
0 0.651333 0.707752 0.036000 0.035659
0 0.706000 0.887597 0.036000 0.035659
0 0.543333 0.527132 0.036000 0.031008
0 0.351333 0.782171 0.036000 0.035659
0 0.706000 0.851163 0.036000 0.037209
0 0.460667 0.744186 0.036000 0.034109
0 0.406000 0.419380 0.038667 0.035659
0 0.871333 0.339535 0.036000 0.037209
0 0.872000 0.419380 0.040000 0.038760
0 0.350000 0.890698 0.038667 0.035659
0 0.706000 0.814729 0.038667 0.035659
0 0.240667 0.306202 0.033333 0.035659
0 0.126000 0.490698 0.036000 0.035659
0 0.296667 0.564341 0.036000 0.031008
0 0.295333 0.416279 0.036000 0.035659
0 0.871333 0.303101 0.036000 0.035659
0 0.652667 0.850388 0.038667 0.038760
0 0.406000 0.491473 0.033333 0.034109
0 0.707333 0.524031 0.036000 0.034109
0 0.816667 0.491473 0.033333 0.034109
0 0.871333 0.746512 0.036000 0.035659
0 0.126000 0.707752 0.038667 0.035659
0 0.597333 0.455039 0.032000 0.035659
0 0.184667 0.451938 0.036000 0.035659
0 0.870000 0.779845 0.038667 0.037209
0 0.762667 0.487597 0.037333 0.035659
