0 0.513934 0.438455 0.035050 0.041951
0 0.520011 0.405087 0.034498 0.038918
0 0.397257 0.240949 0.041495 0.036295
0 0.176851 0.182716 0.039362 0.031423
0 0.658165 0.787753 0.039362 0.031423
0 0.540412 0.296800 0.031812 0.031013
0 0.528873 0.367650 0.032641 0.035563
0 0.744882 0.326544 0.039639 0.032940
0 0.585882 0.286601 0.038810 0.028390
0 0.370226 0.385638 0.041572 0.043557
0 0.315688 0.670145 0.041572 0.043557
0 0.753072 0.884022 0.042876 0.043879
0 0.262208 0.656977 0.041572 0.043557
0 0.766431 0.814412 0.041572 0.043557
0 0.504214 0.712604 0.044457 0.045716
0 0.795527 0.968960 0.046790 0.044842
0 0.760078 0.849297 0.041572 0.043557
0 0.241459 0.464073 0.040191 0.035974
0 0.557409 0.431728 0.042876 0.043879
0 0.484878 0.818777 0.041848 0.045074
0 0.065573 0.790015 0.046314 0.049071
0 0.297558 0.773445 0.042876 0.043879
0 0.593006 0.846193 0.040467 0.037490
0 0.871288 0.545464 0.041020 0.040524
0 0.189944 0.746947 0.044733 0.047233
0 0.243010 0.762391 0.047066 0.046359
0 0.512009 0.677281 0.041020 0.040524
0 0.079345 0.718130 0.041572 0.043557
0 0.208727 0.643808 0.044181 0.044200
0 0.798857 0.935707 0.043905 0.042683
0 0.884132 0.474935 0.041848 0.045074
0 0.320628 0.336183 0.041296 0.042041
0 0.195745 0.715096 0.041020 0.040524
0 0.599083 0.812825 0.044733 0.047233
0 0.580438 0.915206 0.043905 0.042683
0 0.335576 0.560939 0.041572 0.043557
0 0.618280 0.707410 0.043905 0.042683
0 0.349725 0.490731 0.041848 0.045074
0 0.772270 0.778607 0.045209 0.043004
0 0.623329 0.672204 0.041848 0.045074
0 0.254964 0.689266 0.041848 0.045074
0 0.798472 0.638468 0.041572 0.043557
0 0.827569 0.793016 0.044181 0.044200
0 0.636725 0.598641 0.041020 0.040524
0 0.143428 0.366243 0.041572 0.043557
0 0.852705 0.654991 0.042124 0.046591
0 0.455244 0.517505 0.041572 0.043557
0 0.250806 0.727069 0.041020 0.040524
0 0.492121 0.786488 0.041020 0.040524
0 0.817017 0.532893 0.042600 0.042362
0 0.653669 0.819926 0.042124 0.046591
0 0.765531 0.516254 0.039715 0.040203
0 0.382971 0.311915 0.043153 0.045395
0 0.200931 0.679131 0.041848 0.045074
0 0.525367 0.607671 0.040268 0.043236
0 0.838456 0.722005 0.043153 0.045395
0 0.391113 0.577783 0.042124 0.046591
0 0.093218 0.649439 0.044457 0.045716
0 0.578739 0.322084 0.037935 0.044111
0 0.630372 0.633527 0.041572 0.043557
0 0.836214 0.427479 0.042876 0.043879
0 0.123579 0.471497 0.043153 0.045395
0 0.770718 0.480289 0.045761 0.046038
0 0.784976 0.708837 0.042600 0.042362
0 0.777033 0.449356 0.041020 0.040524
0 0.334677 0.262781 0.042876 0.043879
0 0.273677 0.283419 0.043153 0.045395
0 0.164758 0.256600 0.043905 0.042683
0 0.677500 0.681581 0.044181 0.044200
0 0.732661 0.696748 0.043429 0.046912
0 0.450195 0.552712 0.041572 0.043557
0 0.212500 0.308767 0.044181 0.044200
0 0.436699 0.623080 0.043153 0.045395
0 0.657365 0.492790 0.041020 0.040524
0 0.728739 0.400223 0.041848 0.045074
0 0.273747 0.586126 0.045010 0.048750
0 0.225897 0.235204 0.044457 0.045716
0 0.150986 0.328485 0.046038 0.047554
0 0.267908 0.621931 0.042876 0.043879
0 0.282095 0.547770 0.042124 0.046591
0 0.609585 0.444575 0.042876 0.043879
0 0.671661 0.717385 0.043153 0.045395
0 0.247674 0.429946 0.041572 0.043557
0 0.705797 0.541165 0.041572 0.043557
0 0.116435 0.506980 0.044181 0.044200
0 0.691787 0.610614 0.041572 0.043557
0 0.104105 0.578428 0.042876 0.043879
0 0.792119 0.673354 0.044181 0.044200
0 0.260794 0.357900 0.043905 0.042683
0 0.215632 0.605889 0.044733 0.047233
0 0.865449 0.581268 0.043705 0.048429
0 0.328947 0.597341 0.041572 0.043557
0 0.416050 0.433371 0.038963 0.042915
0 0.684910 0.349019 0.041572 0.043557
0 0.664518 0.752868 0.044181 0.044200
0 0.341929 0.526054 0.038411 0.039881
0 0.109806 0.543382 0.041572 0.043557
0 0.389462 0.276271 0.040268 0.043236
0 0.669557 0.422100 0.042600 0.042362
0 0.551708 0.466774 0.038411 0.039881
0 0.651426 0.525400 0.041296 0.042041
0 0.361264 0.419881 0.041572 0.043557
0 0.228615 0.534602 0.044733 0.047233
0 0.738638 0.660185 0.041572 0.043557
0 0.722524 0.434350 0.044181 0.044200
0 0.309088 0.407034 0.044181 0.044200
0 0.157615 0.292083 0.046038 0.047554
0 0.322694 0.635421 0.046038 0.047554
0 0.185883 0.451181 0.046038 0.047554
0 0.269004 0.320302 0.042401 0.048108
0 0.376717 0.349994 0.042401 0.048108
0 0.710846 0.505958 0.041572 0.043557
0 0.543912 0.502096 0.042401 0.048108
0 0.663066 0.457744 0.042876 0.043879
0 0.583344 0.588667 0.046038 0.047554
0 0.192927 0.412504 0.046314 0.049071
0 0.843396 0.388043 0.043981 0.049946
0 0.356216 0.455087 0.041572 0.043557
0 0.327771 0.300700 0.042876 0.043879
0 0.399461 0.539427 0.042401 0.048108
0 0.219544 0.270089 0.045010 0.048750
0 0.529764 0.572304 0.041572 0.043557
0 0.716033 0.469993 0.044457 0.045716
0 0.623220 0.373448 0.041572 0.043557
0 0.589084 0.549668 0.045761 0.046038
0 0.430060 0.363921 0.041572 0.043557
0 0.790015 0.378069 0.042124 0.046591
0 0.171802 0.217922 0.044733 0.047233
0 0.643869 0.563158 0.046314 0.049071
0 0.676700 0.386617 0.044733 0.047233
0 0.829861 0.462364 0.045485 0.044521
0 0.614910 0.407852 0.042876 0.043879
0 0.596879 0.514346 0.045485 0.044521
0 0.302597 0.442677 0.043905 0.042683
0 0.474717 0.410574 0.041848 0.045074
0 0.488213 0.340206 0.042876 0.043879
0 0.563900 0.396084 0.040544 0.044753
0 0.444385 0.289002 0.043705 0.048429
0 0.630263 0.334771 0.042401 0.048108
0 0.784038 0.414631 0.042876 0.043879
0 0.437203 0.328438 0.046314 0.049071
0 0.482513 0.375252 0.041572 0.043557
0 0.254165 0.394302 0.045010 0.048750
0 0.295691 0.480596 0.045010 0.048750
0 0.469530 0.446539 0.041572 0.043557
0 0.462901 0.482941 0.041572 0.043557
0 0.737225 0.361108 0.042401 0.048108
0 0.235244 0.498200 0.044733 0.047233
0 0.496661 0.305044 0.041848 0.045074
0 0.548661 0.255249 0.029679 0.026141
0 0.545998 0.273611 0.030983 0.026463
0 0.392051 0.871989 0.041848 0.045074
0 0.404648 0.503462 0.041572 0.043557
0 0.203953 0.340734 0.041296 0.042041
0 0.411010 0.764139 0.040544 0.044753
0 0.072202 0.753613 0.045761 0.046038
0 0.805072 0.901580 0.044181 0.044200
0 0.085699 0.683245 0.041020 0.040524
0 0.499027 0.748569 0.042124 0.046591
0 0.175381 0.819430 0.041572 0.043557
0 0.479830 0.853983 0.040743 0.039007
0 0.180430 0.784224 0.041572 0.043557
0 0.129418 0.435693 0.044181 0.044200
0 0.558842 0.203082 0.032365 0.034046
0 0.404619 0.802976 0.041572 0.043557
0 0.746719 0.918907 0.045485 0.044521
0 0.518362 0.642396 0.041572 0.043557
0 0.751482 0.589656 0.042401 0.048108
0 0.685158 0.647016 0.041572 0.043557
0 0.398266 0.837862 0.038411 0.039881
0 0.429793 0.660999 0.039991 0.041719
0 0.804963 0.602824 0.045010 0.048750
0 0.552566 0.230062 0.032365 0.034046
0 0.845699 0.689716 0.039715 0.040203
0 0.290000 0.811203 0.038963 0.042915
0 0.824022 0.498168 0.043905 0.042683
0 0.445146 0.587918 0.041020 0.040524
0 0.779413 0.743124 0.041572 0.043557
0 0.423302 0.696643 0.042876 0.043879
0 0.310640 0.705352 0.041572 0.043557
0 0.831313 0.757488 0.041020 0.040524
0 0.236519 0.798035 0.041020 0.040524
0 0.222123 0.570246 0.038135 0.038365
0 0.472034 0.889306 0.041572 0.043557
0 0.570805 0.358165 0.040544 0.044753
0 0.859096 0.616154 0.043153 0.045395
0 0.741395 0.955630 0.045485 0.044521
0 0.605988 0.774906 0.044733 0.047233
0 0.745643 0.625460 0.040268 0.043236
0 0.231471 0.833241 0.044733 0.047233
0 0.611037 0.739699 0.041572 0.043557
0 0.632476 0.928811 0.041572 0.043557
0 0.537559 0.536982 0.040743 0.039007
0 0.304287 0.740237 0.041572 0.043557
0 0.638968 0.893168 0.041848 0.045074
0 0.418016 0.729414 0.041296 0.042041
0 0.422403 0.398485 0.044181 0.044200
0 0.891866 0.432466 0.041848 0.045074
0 0.878293 0.510739 0.046038 0.047554
0 0.283647 0.846089 0.044181 0.044200
0 0.645459 0.857524 0.044181 0.044200
0 0.280820 0.247935 0.038963 0.042915
0 0.135771 0.400807 0.041572 0.043557
0 0.289615 0.513965 0.040743 0.039007
0 0.314689 0.368793 0.041572 0.043557
0 0.898357 0.396822 0.041572 0.043557
0 0.586929 0.879562 0.044733 0.047233
0 0.409558 0.469014 0.038687 0.041398
0 0.698554 0.573454 0.041296 0.042041
0 0.811316 0.567939 0.038687 0.041398
0 0.819359 0.830614 0.041572 0.043557
0 0.097100 0.613153 0.044181 0.044200
0 0.603232 0.479461 0.037659 0.042594
0 0.200070 0.377021 0.041572 0.043557
0 0.812116 0.862903 0.044457 0.045716
0 0.759178 0.551139 0.042876 0.043879
