0 0.488744 0.471681 0.046209 0.033628
0 0.763626 0.250442 0.036730 0.033628
0 0.155806 0.877876 0.039100 0.049558
0 0.707346 0.253097 0.033175 0.046018
0 0.543246 0.207080 0.034360 0.042478
0 0.651659 0.700000 0.035545 0.044248
0 0.321090 0.697345 0.037915 0.046018
0 0.870261 0.478761 0.036730 0.044248
0 0.155806 0.253097 0.034360 0.042478
0 0.377962 0.205310 0.037915 0.042478
0 0.047986 0.430973 0.039100 0.047788
0 0.100711 0.606195 0.035545 0.044248
0 0.816943 0.745133 0.036730 0.046018
0 0.872630 0.430088 0.039100 0.046018
0 0.046801 0.478761 0.036730 0.044248
0 0.322275 0.743363 0.035545 0.042478
0 0.927133 0.834513 0.036730 0.047788
0 0.816943 0.925664 0.039100 0.049558
0 0.763626 0.476106 0.039100 0.042478
0 0.655213 0.113274 0.037915 0.049558
0 0.818128 0.791150 0.034360 0.042478
0 0.431872 0.207080 0.034360 0.042478
0 0.101896 0.562832 0.033175 0.042478
0 0.431872 0.253097 0.036730 0.042478
0 0.154621 0.831858 0.036730 0.042478
0 0.047986 0.382301 0.039100 0.046018
0 0.376777 0.161947 0.040284 0.044248
0 0.377962 0.519469 0.037915 0.044248
0 0.706161 0.746018 0.040284 0.047788
0 0.155806 0.785841 0.039100 0.042478
0 0.816943 0.653982 0.039100 0.047788
0 0.598341 0.564602 0.035545 0.046018
0 0.543246 0.113274 0.039100 0.053097
0 0.376777 0.428319 0.035545 0.049558
0 0.927133 0.656637 0.039100 0.042478
0 0.818128 0.384956 0.034360 0.044248
0 0.872630 0.298230 0.034360 0.040708
0 0.872630 0.384956 0.036730 0.044248
0 0.211493 0.341593 0.036730 0.042478
0 0.321090 0.247788 0.035545 0.049558
0 0.321090 0.384956 0.033175 0.044248
0 0.432464 0.471681 0.035545 0.044248
0 0.870261 0.522124 0.036730 0.046018
0 0.816943 0.834513 0.036730 0.044248
0 0.927133 0.387611 0.039100 0.046018
0 0.598341 0.115929 0.037915 0.051327
0 0.927133 0.611504 0.039100 0.047788
0 0.651659 0.473451 0.037915 0.040708
0 0.431872 0.159292 0.036730 0.049558
0 0.708531 0.387611 0.035545 0.042478
0 0.376777 0.293805 0.037915 0.049558
0 0.870261 0.565487 0.036730 0.044248
0 0.155806 0.562832 0.034360 0.046018
0 0.926540 0.925664 0.040284 0.049558
0 0.763033 0.653982 0.037915 0.047788
0 0.707346 0.565487 0.037915 0.044248
0 0.321090 0.652212 0.037915 0.047788
0 0.654028 0.209735 0.035545 0.044248
0 0.211493 0.740708 0.036730 0.044248
0 0.319905 0.430973 0.035545 0.044248
0 0.928318 0.700000 0.036730 0.047788
0 0.155806 0.342478 0.036730 0.047788
0 0.655213 0.161947 0.037915 0.047788
0 0.210308 0.831858 0.039100 0.042478
0 0.707346 0.474336 0.033175 0.042478
0 0.377962 0.247788 0.037915 0.042478
0 0.599526 0.296460 0.035545 0.044248
0 0.155806 0.743363 0.036730 0.042478
0 0.819313 0.608850 0.036730 0.042478
0 0.927725 0.341593 0.037915 0.042478
0 0.211493 0.113274 0.039100 0.049558
0 0.818128 0.478761 0.034360 0.040708
0 0.377962 0.562832 0.035545 0.042478
0 0.101303 0.829204 0.036730 0.044248
0 0.598341 0.478761 0.037915 0.040708
0 0.211493 0.384956 0.036730 0.044248
0 0.928318 0.433628 0.036730 0.042478
0 0.211493 0.875221 0.039100 0.047788
0 0.501185 0.732743 0.021327 0.017699
0 0.502962 0.714159 0.024882 0.023009
0 0.211493 0.697345 0.036730 0.042478
0 0.763626 0.296460 0.036730 0.047788
0 0.432464 0.516814 0.035545 0.042478
0 0.047393 0.653982 0.037915 0.044248
0 0.708531 0.299115 0.035545 0.042478
0 0.211493 0.207080 0.036730 0.046018
0 0.211493 0.428319 0.034360 0.042478
0 0.155806 0.930088 0.039100 0.051327
0 0.046209 0.743363 0.040284 0.046018
0 0.321682 0.293805 0.031991 0.042478
0 0.818128 0.519469 0.031991 0.037168
0 0.819313 0.697345 0.036730 0.042478
0 0.376777 0.384956 0.040284 0.044248
0 0.654028 0.430973 0.035545 0.044248
0 0.816943 0.879646 0.039100 0.046018
0 0.101303 0.207080 0.036730 0.046018
0 0.597156 0.653982 0.037915 0.044248
0 0.154621 0.296460 0.036730 0.044248
0 0.267180 0.299115 0.039100 0.046018
0 0.927133 0.745133 0.036730 0.042478
0 0.706161 0.608850 0.035545 0.042478
0 0.154621 0.519469 0.036730 0.040708
0 0.319905 0.474336 0.035545 0.042478
0 0.101303 0.253097 0.036730 0.046018
0 0.211493 0.161947 0.036730 0.044248
0 0.762441 0.608850 0.039100 0.035398
0 0.046801 0.522124 0.036730 0.042478
0 0.210308 0.785841 0.039100 0.042478
0 0.102488 0.519469 0.034360 0.047788
0 0.046209 0.565487 0.035545 0.044248
0 0.816943 0.341593 0.034360 0.042478
0 0.155806 0.207080 0.034360 0.042478
0 0.265995 0.250442 0.039100 0.047788
0 0.155806 0.156637 0.034360 0.051327
0 0.376777 0.740708 0.040284 0.047788
0 0.376777 0.111504 0.040284 0.049558
0 0.211493 0.925664 0.039100 0.049558
0 0.762441 0.386726 0.036730 0.040708
0 0.872630 0.700000 0.036730 0.044248
0 0.376777 0.476106 0.035545 0.042478
0 0.544431 0.253097 0.036730 0.042478
0 0.707346 0.519469 0.035545 0.047788
0 0.487559 0.425664 0.043839 0.047788
0 0.376777 0.341593 0.035545 0.042478
0 0.154621 0.606195 0.036730 0.044248
0 0.101303 0.430973 0.036730 0.047788
0 0.872630 0.342478 0.034360 0.040708
0 0.651659 0.743363 0.040284 0.042478
0 0.708531 0.700000 0.037915 0.047788
0 0.872630 0.745133 0.039100 0.046018
0 0.599526 0.255752 0.035545 0.044248
0 0.431872 0.108850 0.036730 0.051327
0 0.211493 0.474336 0.039100 0.046018
0 0.209123 0.653982 0.036730 0.044248
0 0.928910 0.253097 0.040284 0.049558
0 0.155806 0.428319 0.039100 0.049558
0 0.871445 0.656637 0.039100 0.042478
0 0.651659 0.516814 0.037915 0.042478
0 0.155806 0.476106 0.034360 0.046018
0 0.655213 0.254867 0.037915 0.046018
0 0.600711 0.209735 0.035545 0.044248
0 0.598341 0.432743 0.037915 0.047788
0 0.543246 0.344248 0.036730 0.044248
0 0.433057 0.341593 0.034360 0.042478
0 0.872630 0.253097 0.034360 0.049558
0 0.872630 0.611504 0.036730 0.047788
0 0.599526 0.387611 0.035545 0.042478
0 0.707346 0.430973 0.033175 0.044248
0 0.542654 0.164602 0.035545 0.042478
0 0.818128 0.562832 0.039100 0.046018
0 0.376777 0.923009 0.040284 0.051327
0 0.654028 0.299115 0.035545 0.042478
0 0.321682 0.341593 0.034360 0.046018
0 0.598341 0.519469 0.035545 0.047788
0 0.431872 0.296460 0.034360 0.044248
0 0.211493 0.562832 0.036730 0.049558
0 0.433057 0.384956 0.039100 0.047788
0 0.155806 0.697345 0.039100 0.042478
0 0.762441 0.519469 0.036730 0.044248
0 0.599526 0.164602 0.035545 0.042478
0 0.101896 0.653982 0.037915 0.044248
0 0.598341 0.610619 0.035545 0.042478
0 0.763626 0.430088 0.039100 0.046018
0 0.708531 0.342478 0.035545 0.047788
0 0.542654 0.299115 0.035545 0.046018
0 0.816943 0.432743 0.036730 0.051327
0 0.654028 0.344248 0.035545 0.044248
0 0.764810 0.344248 0.039100 0.044248
0 0.599526 0.341593 0.035545 0.046018
0 0.707346 0.651327 0.035545 0.046018
0 0.155806 0.652212 0.039100 0.047788
0 0.763033 0.565487 0.037915 0.047788
0 0.651659 0.610619 0.037915 0.046018
0 0.654028 0.387611 0.035545 0.042478
0 0.651659 0.656637 0.037915 0.046018
0 0.652844 0.562832 0.035545 0.046018
0 0.927725 0.522124 0.037915 0.038938
0 0.045024 0.831858 0.035545 0.042478
0 0.431872 0.428319 0.031991 0.035398
0 0.858412 0.791150 0.022512 0.035398
0 0.376777 0.697345 0.035545 0.046018
0 0.488744 0.205310 0.046209 0.042478
0 0.046801 0.205310 0.039100 0.042478
0 0.375592 0.875221 0.035545 0.037168
0 0.046209 0.877876 0.037915 0.042478
0 0.707346 0.166372 0.040284 0.049558
0 0.597156 0.745133 0.035545 0.046018
0 0.597156 0.786726 0.035545 0.040708
0 0.047393 0.250442 0.037915 0.044248
0 0.597156 0.829204 0.030806 0.044248
0 0.376777 0.784071 0.037915 0.038938
0 0.857820 0.923009 0.026066 0.037168
0 0.210308 0.250442 0.034360 0.044248
0 0.885664 0.923009 0.024882 0.037168
0 0.597749 0.699115 0.036730 0.046018
0 0.489929 0.135398 0.043839 0.037168
0 0.101896 0.875221 0.037915 0.047788
0 0.489929 0.097345 0.046209 0.035398
0 0.488744 0.240708 0.046209 0.031858
0 0.885071 0.879646 0.023697 0.031858
0 0.488744 0.169027 0.046209 0.030088
0 0.489336 0.310619 0.047393 0.033628
0 0.885664 0.790265 0.022512 0.033628
0 0.491114 0.344248 0.046209 0.040708
0 0.805687 0.296460 0.023697 0.037168
0 0.857227 0.880531 0.024882 0.040708
0 0.211493 0.299115 0.034360 0.035398
0 0.101896 0.697345 0.037915 0.042478
0 0.708531 0.115929 0.037915 0.051327
0 0.099526 0.923009 0.040284 0.047788
0 0.047393 0.296460 0.040284 0.044248
0 0.322275 0.562832 0.033175 0.038938
0 0.858412 0.834513 0.024882 0.037168
0 0.376777 0.651327 0.037915 0.038938
0 0.831754 0.299115 0.023697 0.035398
0 0.101303 0.344248 0.036730 0.044248
0 0.376777 0.606195 0.035545 0.051327
0 0.886848 0.834513 0.022512 0.037168
0 0.763033 0.699115 0.037915 0.046018
0 0.102488 0.159292 0.039100 0.049558
0 0.708531 0.209735 0.035545 0.037168
0 0.927133 0.880531 0.036730 0.040708
0 0.211493 0.516814 0.039100 0.042478
0 0.321090 0.831858 0.037915 0.042478
0 0.046209 0.785841 0.040284 0.046018
0 0.322275 0.785841 0.035545 0.042478
0 0.431872 0.560177 0.031991 0.044248
0 0.321090 0.875221 0.037915 0.044248
0 0.927133 0.476106 0.039100 0.046018
0 0.319905 0.519469 0.035545 0.051327
0 0.927725 0.299115 0.037915 0.042478
0 0.046209 0.697345 0.040284 0.042478
0 0.101303 0.301770 0.036730 0.047788
0 0.101303 0.785841 0.036730 0.042478
0 0.322275 0.603540 0.033175 0.042478
0 0.047393 0.156637 0.037915 0.047788
0 0.211493 0.608850 0.034360 0.038938
0 0.806872 0.250442 0.021327 0.040708
0 0.101896 0.473451 0.035545 0.040708
0 0.046209 0.606195 0.035545 0.044248
0 0.043839 0.925664 0.040284 0.053097
0 0.046801 0.339823 0.036730 0.042478
0 0.501185 0.747788 0.023697 0.012389
0 0.321090 0.923009 0.040284 0.051327
0 0.925948 0.788496 0.034360 0.044248
0 0.832346 0.250442 0.022512 0.037168
0 0.926540 0.562832 0.035545 0.042478
0 0.155806 0.384956 0.036730 0.040708
0 0.101303 0.387611 0.036730 0.042478
0 0.489336 0.276991 0.045024 0.040708
0 0.100711 0.742478 0.035545 0.047788
0 0.376777 0.829204 0.040284 0.051327
