0 0.7128987517337032 0.9067164179104478 0.03328710124826628 0.03731343283582089
0 0.7753120665742025 0.75 0.03606102635228847 0.05223880597014918
0 0.8987517337031901 0.34825870646766166 0.03883495145631066 0.05970149253731344
0 0.6532593619972261 0.20522388059701496 0.03883495145631066 0.02736318407960192
0 0.8356449375866851 0.8022388059701492 0.03744798890429957 0.04228855721393021
0 0.34674063800277394 0.5957711442786069 0.03606102635228847 0.04726368159203986
0 0.2857142857142857 0.19527363184079602 0.03606102635228847 0.05223880597014924
0 0.2843273231622746 0.8009950248756219 0.03883495145631066 0.05472636815920395
0 0.10055478502080445 0.9390547263681592 0.03744798890429958 0.052238805970149294
0 0.6366158113730929 0.8034825870646766 0.024965325936199823 0.04477611940298498
0 0.4840499306518724 0.7114427860696517 0.02496532593619971 0.02985074626865658
0 0.4826629680998613 0.9079601990049752 0.02496532593619971 0.03980099502487566
0 0.4826629680998613 0.558457711442786 0.022191400832177577 0.03233830845771146
0 0.8980582524271845 0.3034825870646766 0.03744798890429957 0.04477611940298509
0 0.6386962552011096 0.5509950248756218 0.023578363384188616 0.04228855721393043
0 0.48335644937586686 0.9477611940298507 0.026352288488210807 0.04477611940298509
0 0.6380027739251041 0.30348258706467657 0.02219140083217752 0.03482587064676618
0 0.6386962552011096 0.3544776119402985 0.023578363384188616 0.04228855721393038
0 0.6380027739251041 0.40174129353233834 0.01941747572815533 0.04228855721393038
0 0.6373092926490985 0.44900497512437804 0.020804438280166426 0.037313432835821
0 0.6393897364771152 0.5 0.02219140083217752 0.03980099502487566
0 0.6671289875173371 0.30597014925373134 0.01941747572815533 0.03482587064676618
0 0.6671289875173371 0.35323383084577115 0.01664355062413314 0.03980099502487566
0 0.46879334257975036 0.12189054726368159 0.03328710124826628 0.029850746268656705
0 0.4680998613037448 0.18034825870646765 0.03467406380027738 0.032338308457711434
0 0.47018030513176146 0.36318407960199006 0.03883495145631066 0.03980099502487561
0 0.46948682385575585 0.40049751243781095 0.034674063800277266 0.03482587064676618
0 0.4687933425797503 0.4241293532338308 0.03606102635228836 0.01243781094527352
0 0.48196948682385576 0.44402985074626855 0.023578363384188672 0.022388059701492657
0 0.4840499306518724 0.46766169154228854 0.0277392510402219 0.02487562189054726
0 0.48335644937586686 0.7649253731343284 0.023578363384188616 0.02736318407960192
0 0.48474341192787795 0.6840796019900497 0.020804438280166426 0.03482587064676623
0 0.48474341192787795 0.6243781094527363 0.023578363384188616 0.03482587064676612
0 0.48335644937586686 0.5820895522388059 0.020804438280166482 0.02487562189054715
0 0.7135922330097088 0.7960199004975124 0.03744798890429957 0.05472636815920384
0 0.22399445214979197 0.6965174129353234 0.034674063800277405 0.04975124378109452
0 0.3460471567267684 0.900497512437811 0.03744798890429957 0.054726368159204064
0 0.28502080443828015 0.44651741293532343 0.03467406380027738 0.04726368159203981
0 0.16296809986130373 0.14925373134328354 0.040221914008321785 0.0547263681592039
0 0.7135922330097088 0.6032338308457711 0.04022191400832176 0.05223880597014907
0 0.5305131761442441 0.15671641791044777 0.03744798890429957 0.05472636815920398
0 0.4070735090152566 0.75 0.03467406380027738 0.05223880597014918
0 0.5929264909847434 0.1504975124378109 0.037447988904299456 0.05223880597014917
0 0.40984743411927876 0.20398009950248752 0.03744798890429957 0.054726368159204064
0 0.22399445214979197 0.7960199004975126 0.040221914008321785 0.049751243781094634
0 0.5915395284327323 0.5 0.03744798890429957 0.04477611940298504
0 0.5319001386962552 0.3022388059701493 0.03467406380027738 0.05223880597014924
0 0.34812760055478503 0.14925373134328357 0.03606102635228847 0.059701492537313425
0 0.16296809986130373 0.5970149253731344 0.034674063800277405 0.054726368159204064
0 0.7142857142857143 0.650497512437811 0.03883495145631066 0.05223880597014918
0 0.22468793342579751 0.8482587064676618 0.0360610263522885 0.05472636815920384
0 0.5915395284327323 0.6517412935323382 0.04022191400832176 0.044776119402985204
0 0.5915395284327323 0.6044776119402984 0.03744798890429957 0.04975124378109441
0 0.5922330097087378 0.45273631840796025 0.03883495145631066 0.049751243781094356
0 0.16296809986130373 0.7960199004975124 0.037447988904299595 0.05472636815920384
0 0.4070735090152566 0.7014925373134329 0.03467406380027738 0.04975124378109441
0 0.7135922330097088 0.7014925373134329 0.03744798890429957 0.04975124378109441
0 0.16227461858529818 0.6977611940298508 0.0360610263522885 0.052238805970149294
0 0.16296809986130373 0.4925373134328358 0.034674063800277405 0.04975124378109452
0 0.2843273231622746 0.6492537313432836 0.03883495145631066 0.04975124378109441
0 0.5901525658807212 0.849502487562189 0.03744798890429968 0.052238805970149405
0 0.16227461858529818 0.2960199004975125 0.0360610263522885 0.05472636815920401
0 0.2233009708737864 0.5509950248756219 0.03606102635228853 0.052238805970149294
0 0.40846047156726767 0.4975124378109453 0.03744798890429957 0.04477611940298509
0 0.40846047156726767 0.650497512437811 0.03744798890429957 0.05223880597014918
0 0.16296809986130373 0.6492537313432836 0.037447988904299595 0.04975124378109441
0 0.16296809986130373 0.8482587064676617 0.037447988904299595 0.049751243781094634
0 0.5915395284327323 0.9017412935323383 0.03744798890429957 0.052238805970149294
0 0.6366158113730929 0.7027363184079602 0.030513176144244203 0.05223880597014918
0 0.776005547850208 0.40671641791044766 0.03467406380027738 0.05223880597014913
0 0.10194174757281554 0.6977611940298507 0.04022191400832177 0.05721393034825861
0 0.5922330097087378 0.2027363184079602 0.03606102635228836 0.04228855721393035
0 0.6664355062413315 0.900497512437811 0.023578363384188616 0.04477611940298498
0 0.5312066574202496 0.34950248756218905 0.03606102635228847 0.04726368159203981
0 0.34674063800277394 0.25 0.03883495145631066 0.04726368159203978
0 0.8363384188626907 0.2052238805970149 0.03606102635228847 0.052238805970149266
0 0.3460471567267684 0.4987562189054726 0.03467406380027738 0.04228855721393038
0 0.6671289875173371 0.9514925373134329 0.0277392510402219 0.052238805970149294
0 0.5312066574202496 0.10447761194029855 0.03606102635228847 0.054726368159203925
0 0.40984743411927876 0.14925373134328354 0.04022191400832176 0.0547263681592039
0 0.34674063800277394 0.3482587064676617 0.03883495145631066 0.04975124378109452
0 0.34674063800277394 0.3009950248756219 0.03883495145631066 0.04975124378109452
0 0.04022191400832178 0.14925373134328357 0.036061026352288486 0.059701492537313425
0 0.8370319001386962 0.45522388059701485 0.03467406380027738 0.044776119402985204
0 0.7746185852981969 0.2027363184079602 0.03744798890429957 0.062189054726368154
0 0.8363384188626907 0.40671641791044766 0.03328710124826628 0.05223880597014913
0 0.16227461858529818 0.44651741293532343 0.0360610263522885 0.04726368159203981
0 0.2843273231622746 0.4987562189054726 0.03328710124826628 0.05223880597014924
0 0.8987517337031901 0.45398009950248763 0.04160887656033285 0.05223880597014907
0 0.4840499306518724 0.6567164179104478 0.02219140083217752 0.029850746268656803
0 0.28502080443828015 0.9452736318407959 0.03467406380027738 0.04477611940298509
0 0.8966712898751734 0.9527363184079602 0.03744798890429957 0.04975124378109452
0 0.28502080443828015 0.34825870646766166 0.03467406380027738 0.04477611940298504
0 0.22399445214979197 0.3009950248756219 0.040221914008321785 0.04975124378109452
0 0.4667128987517337 0.8034825870646767 0.03744798890429957 0.02985074626865658
0 0.46740638002773927 0.27487562189054726 0.03606102635228847 0.057213930348258724
0 0.47018030513176146 0.0920398009950249 0.03883495145631066 0.03482587064676625
0 0.46601941747572817 0.8308457711442787 0.03606102635228847 0.01990049751243761
0 0.22468793342579751 0.14427860696517414 0.0360610263522885 0.05970149253731344
0 0.40846047156726767 0.39925373134328357 0.03467406380027738 0.05223880597014924
0 0.5901525658807212 0.8022388059701493 0.03744798890429968 0.05223880597014918
0 0.4070735090152566 0.9017412935323383 0.03467406380027738 0.04228855721393032
0 0.3460471567267684 0.8022388059701493 0.03744798890429957 0.05223880597014918
0 0.8966712898751734 0.8072139303482587 0.03744798890429957 0.04726368159203975
0 0.47156726768377255 0.14925373134328357 0.03606102635228847 0.02985074626865672
0 0.8959778085991679 0.8519900497512438 0.03883495145631066 0.04228855721393032
0 0.10124826629681 0.5012437810945274 0.036061026352288486 0.04228855721393032
0 0.7739251040221914 0.9527363184079602 0.04160887656033285 0.04477611940298509
0 0.48196948682385576 0.7388059701492538 0.026352288488210807 0.024875621890547372
0 0.406380027739251 0.9502487562189055 0.03883495145631066 0.04975124378109452
0 0.4694868238557559 0.2213930348258706 0.03744798890429962 0.054726368159204064
0 0.5894590846047156 0.75 0.03883495145631077 0.05223880597014918
0 0.5915395284327323 0.3022388059701493 0.03744798890429957 0.05223880597014924
0 0.2843273231622746 0.2997512437810945 0.03883495145631066 0.052238805970149294
0 0.7739251040221914 0.9029850746268657 0.03883495145631066 0.04975124378109452
0 0.8966712898751734 0.7039800995024875 0.03744798890429957 0.04975124378109452
0 0.8370319001386962 0.9539800995024876 0.04022191400832176 0.04726368159203986
0 0.8966712898751734 0.7512437810945274 0.03744798890429957 0.05472636815920384
0 0.8966712898751734 0.6567164179104478 0.03744798890429957 0.04975124378109452
0 0.34535367545076284 0.8482587064676617 0.03883495145631066 0.044776119402985204
0 0.28502080443828015 0.8482587064676617 0.04022191400832176 0.044776119402985204
0 0.34674063800277394 0.45273631840796025 0.03606102635228847 0.049751243781094356
0 0.5929264909847434 0.35323383084577115 0.03467406380027738 0.04477611940298509
0 0.34674063800277394 0.695273631840796 0.03883495145631066 0.052238805970149294
0 0.2233009708737864 0.4477611940298507 0.03606102635228853 0.05472636815920401
0 0.2843273231622746 0.7512437810945274 0.03883495145631066 0.049751243781094634
0 0.16296809986130373 0.22263681592039802 0.037447988904299595 0.08208955223880599
0 0.6664355062413315 0.6492537313432836 0.023578363384188616 0.03482587064676612
0 0.04022191400832178 0.19651741293532338 0.036061026352288486 0.044776119402985065
0 0.8363384188626907 0.7512437810945274 0.03883495145631066 0.049751243781094634
0 0.7746185852981969 0.5062189054726368 0.03744798890429957 0.052238805970149294
0 0.7753120665742025 0.35572139303482586 0.03328710124826628 0.04477611940298509
0 0.10124826629681 0.900497512437811 0.038834951456310676 0.054726368159204064
0 0.8959778085991679 0.900497512437811 0.03883495145631066 0.054726368159204064
0 0.8994452149791956 0.5049751243781093 0.03744798890429957 0.04975124378109441
0 0.8370319001386962 0.5522388059701493 0.03744798890429957 0.05472636815920395
0 0.8370319001386962 0.7027363184079602 0.03744798890429957 0.05223880597014918
0 0.04022191400832178 0.695273631840796 0.036061026352288486 0.052238805970149294
0 0.7135922330097088 0.9477611940298507 0.03744798890429957 0.05472636815920395
0 0.7142857142857143 0.35447761194029853 0.030513176144244092 0.03731343283582089
0 0.7739251040221914 0.7960199004975124 0.03883495145631066 0.05472636815920384
0 0.8356449375866851 0.9029850746268657 0.04022191400832176 0.04975124378109452
0 0.28502080443828015 0.24129353233830847 0.03467406380027738 0.05472636815920398
0 0.10124826629681 0.6430348258706468 0.038834951456310676 0.052238805970149294
0 0.8370319001386962 0.2574626865671642 0.03467406380027738 0.05223880597014924
0 0.2857142857142857 0.5522388059701493 0.03606102635228847 0.05472636815920395
0 0.10194174757281554 0.19651741293532338 0.03467406380027739 0.04975124378109452
0 0.7746185852981969 0.7027363184079602 0.03744798890429957 0.05223880597014918
0 0.4070735090152566 0.5982587064676617 0.03467406380027738 0.04726368159203975
0 0.10124826629681 0.4477611940298507 0.036061026352288486 0.05970149253731344
0 0.2843273231622746 0.5982587064676617 0.03883495145631066 0.04726368159203975
0 0.10124826629681 0.7487562189054726 0.038834951456310676 0.044776119402985204
0 0.6366158113730929 0.8482587064676617 0.024965325936199823 0.044776119402985204
0 0.8370319001386962 0.6044776119402984 0.04022191400832176 0.04975124378109441
0 0.6664355062413315 0.7475124378109452 0.023578363384188616 0.03731343283582089
0 0.638002773925104 0.599502487562189 0.024965325936199823 0.03980099502487566
0 0.6061026352288488 0.10447761194029853 0.02496532593619971 0.044776119402985134
0 0.6671289875173371 0.10447761194029853 0.02496532593619971 0.044776119402985134
0 0.038834951456310676 0.9465174129353233 0.03883495145631068 0.05223880597014918
0 0.7142857142857143 0.4987562189054726 0.03606102635228847 0.05223880597014924
0 0.8980582524271845 0.5522388059701493 0.04022191400832176 0.05472636815920395
0 0.5319001386962552 0.40049751243781107 0.03467406380027738 0.05472636815920412
0 0.8363384188626907 0.5012437810945274 0.03328710124826628 0.04726368159203981
0 0.22399445214979197 0.34825870646766166 0.040221914008321785 0.05472636815920401
0 0.6671289875173371 0.7997512437810945 0.02219140083217752 0.042288557213930544
0 0.03952843273231623 0.6417910447761195 0.03744798890429958 0.05472636815920395
0 0.7746185852981969 0.6529850746268655 0.03744798890429957 0.052238805970149405
0 0.7149791955617198 0.5509950248756219 0.03744798890429957 0.052238805970149294
0 0.038141470180305136 0.7947761194029851 0.03467406380027739 0.04726368159203975
0 0.8987517337031901 0.6057213930348259 0.03883495145631066 0.052238805970149294
0 0.6393897364771151 0.1057213930348259 0.027739251040222013 0.042288557213930406
0 0.7753120665742025 0.6044776119402986 0.03606102635228847 0.05472636815920395
0 0.22399445214979194 0.40049751243781095 0.03744798890429962 0.04477611940298509
0 0.8370319001386962 0.30472636815920395 0.03744798890429957 0.05223880597014924
0 0.8356449375866851 0.8482587064676617 0.04022191400832176 0.059701492537313494
0 0.5312066574202496 0.45398009950248763 0.03328710124826628 0.05223880597014907
0 0.03952843273231623 0.2425373134328358 0.03744798890429958 0.052238805970149266
0 0.28502080443828015 0.39303482587064664 0.03467406380027738 0.05472636815920412
0 0.6352288488210818 0.9539800995024876 0.024965325936199823 0.04228855721393032
0 0.04022191400832178 0.44527363184079605 0.036061026352288486 0.04477611940298504
0 0.038834951456310676 0.5945273631840796 0.03883495145631068 0.04975124378109452
0 0.10194174757281554 0.7947761194029852 0.04022191400832177 0.052238805970149405
0 0.776005547850208 0.30472636815920395 0.03467406380027738 0.05223880597014924
0 0.7739251040221914 0.5534825870646767 0.03883495145631066 0.05223880597014907
0 0.6671289875173371 0.5970149253731343 0.02496532593619971 0.04477611940298509
0 0.10263522884882109 0.34701492537313433 0.036061026352288486 0.052238805970149294
0 0.6366158113730929 0.7475124378109452 0.024965325936199823 0.03731343283582089
0 0.4091539528432732 0.2997512437810945 0.03606102635228847 0.04726368159203981
0 0.8370319001386962 0.650497512437811 0.04022191400832176 0.05223880597014918
0 0.6678224687933426 0.45273631840796014 0.023578363384188616 0.039800995024875774
0 0.10194174757281554 0.1504975124378109 0.03467406380027739 0.05223880597014917
0 0.22399445214979197 0.900497512437811 0.034674063800277405 0.04477611940298498
0 0.6359223300970873 0.8980099502487562 0.023578363384188727 0.03980099502487555
0 0.10055478502080445 0.5957711442786069 0.03744798890429958 0.05223880597014918
0 0.5312066574202496 0.2512437810945274 0.03606102635228847 0.04975124378109455
0 0.6678224687933426 0.5509950248756219 0.023578363384188616 0.04726368159203964
0 0.22399445214979197 0.6480099502487563 0.034674063800277405 0.04726368159203975
0 0.6539528432732317 0.15796019900497513 0.03744798890429957 0.05223880597014924
0 0.8363384188626907 0.35572139303482586 0.03606102635228847 0.05472636815920395
0 0.8980582524271845 0.2574626865671642 0.04022191400832176 0.05223880597014924
0 0.6685159500693482 0.4987562189054726 0.02219140083217752 0.04228855721393038
0 0.03952843273231623 0.8457711442786071 0.03744798890429958 0.04975124378109441
0 0.03952843273231623 0.7475124378109452 0.03744798890429958 0.05223880597014918
0 0.7746185852981969 0.8532338308457711 0.03744798890429957 0.054726368159204064
0 0.6664355062413315 0.40049751243781095 0.023578363384188616 0.04477611940298509
0 0.7149791955617198 0.7487562189054726 0.03744798890429957 0.044776119402985204
0 0.4070735090152566 0.5522388059701493 0.03467406380027738 0.059701492537313494
0 0.7142857142857143 0.45273631840796025 0.03606102635228847 0.049751243781094356
0 0.22468793342579751 0.19651741293532338 0.0360610263522885 0.04975124378109452
0 0.6359223300970873 0.6517412935323382 0.026352288488210918 0.044776119402985204
0 0.10194174757281554 0.8470149253731344 0.04022191400832177 0.05223880597014907
0 0.7753120665742025 0.2562189054726368 0.03606102635228847 0.04975124378109452
0 0.03883495145631068 0.2947761194029851 0.036061026352288486 0.04726368159203981
0 0.2843273231622746 0.900497512437811 0.03883495145631066 0.054726368159204064
0 0.3474341192787795 0.5460199004975124 0.03744798890429957 0.05223880597014918
0 0.038141470180305136 0.34577114427860695 0.03467406380027739 0.04975124378109452
0 0.7149791955617198 0.2574626865671642 0.03467406380027738 0.05223880597014924
0 0.22468793342579751 0.24875621890547264 0.0360610263522885 0.05472636815920401
0 0.16227461858529818 0.9514925373134329 0.03883495145631069 0.04726368159203975
0 0.8980582524271845 0.4029850746268656 0.04022191400832176 0.05472636815920384
0 0.6532593619972261 0.25 0.03883495145631066 0.057213930348258724
0 0.6671289875173371 0.6977611940298507 0.02496532593619971 0.04726368159203986
0 0.3460471567267684 0.75 0.03467406380027738 0.05223880597014918
0 0.3460471567267684 0.6442786069651741 0.04022191400832176 0.054726368159204064
0 0.038834951456310676 0.8942786069651741 0.03883495145631068 0.052238805970149294
0 0.3474341192787795 0.2014925373134328 0.03744798890429957 0.049751243781094606
0 0.7766990291262136 0.45522388059701485 0.03606102635228847 0.044776119402985204
0 0.10263522884882109 0.39303482587064675 0.038834951456310676 0.04975124378109452
0 0.4070735090152566 0.8009950248756219 0.03467406380027738 0.04975124378109441
0 0.7149791955617198 0.3034825870646766 0.03467406380027738 0.04975124378109452
0 0.40984743411927876 0.2512437810945274 0.03744798890429957 0.04975124378109455
0 0.6671289875173371 0.849502487562189 0.02496532593619971 0.04228855721393043
0 0.2857142857142857 0.1492537313432836 0.03883495145631072 0.04975124378109454
0 0.03883495145631068 0.544776119402985 0.036061026352288486 0.04477611940298509
0 0.5312066574202496 0.2052238805970149 0.03606102635228847 0.052238805970149266
0 0.5922330097087378 0.25 0.03328710124826639 0.052238805970149266
0 0.3460471567267684 0.9514925373134329 0.03744798890429957 0.04726368159203975
0 0.16227461858529818 0.7487562189054726 0.0360610263522885 0.044776119402985204
0 0.0998613037447989 0.5435323383084577 0.038834951456310676 0.052238805970149294
0 0.10124826629681 0.2960199004975124 0.036061026352288486 0.04975124378109452
0 0.04022191400832178 0.4912935323383085 0.038834951456310676 0.05721393034825861
0 0.40846047156726767 0.34825870646766166 0.03190013869625519 0.05472636815920401
0 0.2233009708737864 0.5982587064676617 0.03606102635228853 0.052238805970149405
0 0.8994452149791956 0.20522388059701493 0.03744798890429957 0.062189054726368154
0 0.16227461858529818 0.900497512437811 0.0360610263522885 0.054726368159204064
0 0.10194174757281554 0.24751243781094526 0.03744798890429958 0.05223880597014924
0 0.7149791955617198 0.20149253731343286 0.04022191400832176 0.05472636815920398
0 0.16296809986130373 0.34701492537313433 0.037447988904299595 0.052238805970149294
0 0.03952843273231623 0.39303482587064675 0.03467406380027739 0.04975124378109452
0 0.22399445214979194 0.9452736318407959 0.03744798890429962 0.05472636815920395
0 0.5915395284327323 0.9539800995024876 0.04022191400832176 0.05223880597014918
0 0.5915395284327323 0.6977611940298508 0.04022191400832176 0.052238805970149294
0 0.28502080443828015 0.6977611940298508 0.04022191400832176 0.052238805970149294
0 0.34674063800277394 0.39925373134328357 0.03883495145631066 0.05223880597014924
0 0.5922330097087378 0.4017412935323384 0.03883495145631066 0.052238805970149405
0 0.16296809986130373 0.5435323383084577 0.034674063800277405 0.052238805970149294
0 0.2233009708737864 0.4987562189054726 0.03606102635228853 0.05223880597014924
0 0.5915395284327323 0.5522388059701493 0.03744798890429957 0.05472636815920395
0 0.406380027739251 0.8544776119402985 0.03883495145631066 0.057213930348258835
0 0.7135922330097088 0.8557213930348259 0.03744798890429957 0.054726368159204064
0 0.7149791955617198 0.40049751243781107 0.03744798890429957 0.05472636815920412
0 0.16296809986130373 0.39925373134328357 0.037447988904299595 0.05223880597014924
0 0.4091539528432732 0.45149253731343286 0.03606102635228847 0.05223880597014924
0 0.22399445214979194 0.7487562189054726 0.03744798890429962 0.05472636815920395
