0 0.094543 0.484712 0.044416 0.055755
0 0.330584 0.441547 0.041878 0.052158
0 0.507614 0.281475 0.038071 0.048561
0 0.860406 0.543165 0.043147 0.053957
0 0.508883 0.407374 0.035533 0.052158
0 0.331853 0.679856 0.041878 0.053957
0 0.391497 0.617806 0.041878 0.052158
0 0.807107 0.946942 0.038071 0.041367
0 0.571701 0.854317 0.041878 0.046763
0 0.391497 0.856115 0.039340 0.046763
0 0.627538 0.651079 0.036802 0.046763
0 0.095812 0.690647 0.039340 0.053957
0 0.626904 0.398381 0.038071 0.052158
0 0.214467 0.435252 0.038071 0.057554
0 0.391497 0.345324 0.036802 0.050360
0 0.743020 0.325540 0.034264 0.046763
0 0.569162 0.765288 0.041878 0.052158
0 0.630076 0.764388 0.041878 0.053957
0 0.567893 0.396583 0.036802 0.052158
0 0.567259 0.282374 0.035533 0.046763
0 0.802030 0.404676 0.038071 0.050360
0 0.864213 0.852518 0.038071 0.046763
0 0.625000 0.280576 0.036802 0.046763
0 0.153553 0.324640 0.038071 0.048561
0 0.390228 0.901079 0.039340 0.046763
0 0.273477 0.767986 0.041878 0.057554
0 0.273477 0.904676 0.036802 0.043165
0 0.213832 0.767986 0.041878 0.053957
0 0.273477 0.949640 0.036802 0.046763
0 0.511421 0.692446 0.040609 0.057554
0 0.451777 0.309353 0.045685 0.046763
0 0.805203 0.854317 0.036802 0.046763
0 0.214467 0.358813 0.040609 0.055755
0 0.861675 0.687950 0.038071 0.052158
0 0.390863 0.472122 0.038071 0.052158
0 0.510152 0.547662 0.040609 0.055755
0 0.509518 0.616007 0.044416 0.059353
0 0.331853 0.766187 0.041878 0.053957
0 0.097716 0.952338 0.045685 0.052158
0 0.333122 0.948741 0.044416 0.052158
0 0.689721 0.856115 0.041878 0.050360
0 0.332487 0.594424 0.035533 0.055755
0 0.392766 0.767986 0.041878 0.053957
0 0.391497 0.690647 0.041878 0.053957
0 0.569797 0.527878 0.035533 0.052158
0 0.743020 0.277878 0.036802 0.052158
0 0.390863 0.407374 0.035533 0.052158
0 0.803299 0.615108 0.038071 0.057554
0 0.803299 0.682554 0.038071 0.052158
0 0.333122 0.520683 0.036802 0.052158
0 0.802030 0.474820 0.038071 0.050360
0 0.510152 0.474820 0.038071 0.053957
0 0.451777 0.350719 0.045685 0.043165
0 0.404188 0.814748 0.026650 0.035971
0 0.463832 0.769784 0.024112 0.032374
0 0.512690 0.767086 0.040609 0.055755
0 0.688452 0.765288 0.039340 0.052158
0 0.095812 0.341727 0.041878 0.053957
0 0.333122 0.855216 0.044416 0.048561
0 0.272208 0.435252 0.039340 0.053957
0 0.801396 0.342626 0.041878 0.052158
0 0.684010 0.279676 0.038071 0.052158
0 0.859137 0.468525 0.043147 0.052158
0 0.859772 0.403777 0.039340 0.052158
0 0.524112 0.811151 0.025381 0.032374
0 0.105964 0.811151 0.031726 0.039568
0 0.450508 0.270683 0.045685 0.034173
0 0.450508 0.376799 0.048223 0.041367
0 0.876269 0.811151 0.024112 0.035971
0 0.642132 0.812950 0.022843 0.032374
0 0.583756 0.812050 0.022843 0.034173
0 0.273477 0.278777 0.036802 0.053957
0 0.095812 0.625000 0.041878 0.055755
0 0.094543 0.410971 0.041878 0.055755
0 0.333122 0.282374 0.041878 0.050360
0 0.916878 0.326439 0.041878 0.044964
0 0.272208 0.608813 0.041878 0.052158
0 0.685914 0.614209 0.041878 0.052158
0 0.687183 0.687950 0.041878 0.055755
0 0.803299 0.545863 0.038071 0.055755
0 0.390228 0.283273 0.036802 0.052158
0 0.095812 0.278777 0.039340 0.053957
0 0.392766 0.544964 0.041878 0.057554
0 0.859772 0.339928 0.041878 0.050360
0 0.801396 0.278777 0.039340 0.050360
0 0.858503 0.279676 0.036802 0.052158
0 0.213198 0.520683 0.038071 0.052158
0 0.215736 0.678957 0.043147 0.055755
0 0.916878 0.276978 0.036802 0.046763
0 0.156091 0.278777 0.038071 0.046763
0 0.330584 0.363309 0.039340 0.057554
0 0.568528 0.652878 0.038071 0.053957
0 0.213198 0.279676 0.038071 0.052158
0 0.683376 0.343525 0.036802 0.046763
0 0.807107 0.761691 0.043147 0.052158
0 0.273477 0.856115 0.039340 0.050360
0 0.449239 0.455036 0.043147 0.053957
0 0.861675 0.614209 0.040609 0.052158
0 0.094543 0.562950 0.041878 0.057554
0 0.227792 0.813849 0.024112 0.034173
0 0.818528 0.808453 0.025381 0.034173
0 0.286168 0.814748 0.024112 0.032374
0 0.345178 0.812950 0.022843 0.035971
0 0.511421 0.946942 0.038071 0.052158
0 0.700508 0.810252 0.022843 0.030576
0 0.450508 0.128597 0.048223 0.037770
0 0.449873 0.214928 0.049492 0.052158
0 0.096447 0.858813 0.043147 0.052158
0 0.689721 0.943345 0.041878 0.052158
0 0.571701 0.945144 0.041878 0.052158
0 0.512056 0.857914 0.041878 0.057554
0 0.095178 0.763489 0.040609 0.052158
0 0.570431 0.899281 0.039340 0.043165
0 0.864213 0.898381 0.038071 0.044964
0 0.095178 0.904676 0.038071 0.046763
0 0.631345 0.852518 0.041878 0.046763
0 0.683376 0.540468 0.034264 0.048561
0 0.628173 0.522482 0.035533 0.052158
0 0.391497 0.946043 0.041878 0.046763
0 0.864848 0.945144 0.041878 0.048561
0 0.333122 0.901079 0.039340 0.043165
0 0.807107 0.901079 0.038071 0.046763
0 0.630076 0.943345 0.041878 0.052158
0 0.215736 0.599820 0.038071 0.052158
0 0.449239 0.167266 0.048223 0.043165
0 0.215102 0.857914 0.039340 0.046763
0 0.509518 0.346223 0.034264 0.052158
0 0.213832 0.946942 0.044416 0.052158
0 0.862944 0.763489 0.043147 0.052158
0 0.683376 0.468525 0.036802 0.052158
0 0.683376 0.401978 0.041878 0.052158
