0 0.944240 0.700180 0.025735 0.032316
0 0.505515 0.393178 0.052696 0.043088
0 0.504289 0.287253 0.050245 0.035907
0 0.503676 0.357271 0.049020 0.028725
0 0.504289 0.210054 0.052696 0.032316
0 0.575980 0.933573 0.026961 0.035907
0 0.517770 0.797127 0.023284 0.035907
0 0.275735 0.751346 0.036765 0.048474
0 0.916667 0.840215 0.024510 0.039497
0 0.060049 0.800718 0.024510 0.039497
0 0.059436 0.843806 0.025735 0.039497
0 0.104779 0.385996 0.040441 0.046679
0 0.575368 0.979354 0.025735 0.030521
0 0.291054 0.933573 0.025735 0.039497
0 0.503064 0.248654 0.050245 0.044883
0 0.943015 0.748654 0.025735 0.039497
0 0.502451 0.137343 0.053922 0.041293
0 0.972426 0.748654 0.025735 0.035907
0 0.503064 0.174147 0.050245 0.043088
0 0.503676 0.319569 0.049020 0.043088
0 0.631127 0.660682 0.026961 0.039497
0 0.944240 0.793537 0.023284 0.035907
0 0.972426 0.703770 0.025735 0.035907
0 0.944240 0.658887 0.025735 0.035907
0 0.914828 0.434470 0.023284 0.035907
0 0.971201 0.657989 0.023284 0.034111
0 0.574755 0.841113 0.024510 0.041293
0 0.972426 0.794434 0.025735 0.037702
0 0.973039 0.839318 0.029412 0.041293
0 0.547181 0.795332 0.023284 0.035907
0 0.916667 0.798025 0.024510 0.034111
0 0.547181 0.976661 0.023284 0.035907
0 0.886642 0.798025 0.023284 0.037702
0 0.943627 0.430880 0.022059 0.035907
0 0.971814 0.612208 0.024510 0.035907
0 0.912990 0.567325 0.026961 0.039497
0 0.970588 0.434470 0.024510 0.035907
0 0.971814 0.565530 0.026961 0.032316
0 0.944240 0.613106 0.023284 0.037702
0 0.502451 0.563734 0.034314 0.039497
0 0.547181 0.932675 0.023284 0.034111
0 0.574142 0.798025 0.023284 0.037702
0 0.545956 0.842011 0.025735 0.035907
0 0.161152 0.249551 0.040441 0.035907
0 0.914216 0.475763 0.024510 0.039497
0 0.572304 0.430880 0.024510 0.035907
0 0.944240 0.475763 0.023284 0.039497
0 0.572304 0.568223 0.026961 0.044883
0 0.686887 0.433573 0.023284 0.034111
0 0.461397 0.292639 0.023284 0.039497
0 0.969363 0.475763 0.024510 0.035907
0 0.971814 0.520646 0.024510 0.039497
0 0.944240 0.520646 0.023284 0.032316
0 0.433824 0.294434 0.024510 0.039497
0 0.629289 0.434470 0.023284 0.035907
0 0.558211 0.751346 0.042892 0.044883
0 0.290441 0.839318 0.024510 0.037702
0 0.389706 0.342908 0.039216 0.039497
0 0.261029 0.841113 0.026961 0.041293
0 0.289828 0.888689 0.025735 0.039497
0 0.944240 0.565530 0.023284 0.035907
0 0.687500 0.477558 0.024510 0.035907
0 0.103554 0.338420 0.040441 0.044883
0 0.261029 0.886894 0.024510 0.035907
0 0.333333 0.706463 0.039216 0.041293
0 0.575980 0.889587 0.026961 0.041293
0 0.547181 0.891382 0.025735 0.037702
0 0.602328 0.615799 0.023284 0.035907
0 0.602328 0.477558 0.023284 0.032316
0 0.914216 0.521544 0.026961 0.037702
0 0.886642 0.521544 0.023284 0.037702
0 0.886642 0.432675 0.025735 0.035907
0 0.659314 0.479354 0.024510 0.035907
0 0.900123 0.747756 0.040441 0.048474
0 0.162377 0.290844 0.040441 0.043088
0 0.602328 0.430880 0.023284 0.039497
0 0.261029 0.797127 0.024510 0.035907
0 0.729167 0.654399 0.036765 0.048474
0 0.290441 0.797127 0.024510 0.035907
0 0.046569 0.705566 0.041667 0.043088
0 0.900123 0.654399 0.035539 0.048474
0 0.955882 0.388689 0.041667 0.044883
0 0.104779 0.294434 0.035539 0.046679
0 0.887255 0.475763 0.024510 0.039497
0 0.659926 0.432675 0.025735 0.039497
0 0.955270 0.342011 0.040441 0.048474
0 0.046569 0.295332 0.039216 0.052065
0 0.604779 0.571813 0.025735 0.037702
0 0.044730 0.752244 0.042892 0.050269
0 0.161152 0.197487 0.037990 0.061041
0 0.046569 0.340215 0.039216 0.044883
0 0.046569 0.657092 0.041667 0.053860
0 0.674020 0.705566 0.036765 0.043088
0 0.786765 0.385099 0.039216 0.044883
0 0.389706 0.386894 0.039216 0.052065
0 0.841912 0.248654 0.036765 0.044883
0 0.900123 0.703770 0.037990 0.046679
0 0.275735 0.706463 0.036765 0.041293
0 0.729167 0.753142 0.036765 0.052065
0 0.573529 0.478456 0.024510 0.041293
0 0.629902 0.524237 0.024510 0.035907
0 0.630515 0.614901 0.025735 0.041293
0 0.389706 0.657989 0.036765 0.048474
0 0.388480 0.754937 0.036765 0.048474
0 0.841299 0.200180 0.037990 0.055655
0 0.332108 0.751346 0.041667 0.048474
0 0.446078 0.705566 0.034314 0.043088
0 0.672794 0.340215 0.034314 0.044883
0 0.603554 0.523339 0.025735 0.041293
0 0.274510 0.657989 0.036765 0.055655
0 0.674020 0.752244 0.039216 0.050269
0 0.841299 0.296230 0.035539 0.043088
0 0.503064 0.471275 0.045343 0.048474
0 0.730392 0.702873 0.036765 0.048474
0 0.956495 0.293537 0.040441 0.052065
0 0.389706 0.706463 0.036765 0.048474
0 0.786765 0.340215 0.039216 0.048474
0 0.274510 0.388689 0.036765 0.044883
0 0.672794 0.657989 0.036765 0.052065
0 0.275735 0.291741 0.036765 0.048474
0 0.218750 0.751346 0.040441 0.048474
0 0.560662 0.657092 0.037990 0.050269
0 0.046569 0.386894 0.041667 0.052065
0 0.897672 0.388689 0.037990 0.044883
0 0.216912 0.291741 0.036765 0.048474
0 0.631127 0.479354 0.024510 0.035907
0 0.729167 0.385099 0.039216 0.055655
0 0.161152 0.340215 0.042892 0.048474
0 0.842525 0.340215 0.040441 0.048474
0 0.560662 0.708259 0.037990 0.048474
0 0.727941 0.297127 0.036765 0.052065
0 0.900123 0.295332 0.037990 0.048474
0 0.445466 0.755835 0.040441 0.050269
0 0.218750 0.706463 0.037990 0.044883
0 0.333333 0.390485 0.039216 0.048474
0 0.332108 0.657092 0.036765 0.053860
0 0.503064 0.519749 0.042892 0.048474
0 0.672794 0.291741 0.036765 0.052065
0 0.445466 0.657989 0.037990 0.052065
0 0.786765 0.296230 0.034314 0.043088
0 0.103554 0.246858 0.037990 0.052065
0 0.616422 0.386894 0.036765 0.048474
0 0.560662 0.343806 0.037990 0.041293
0 0.332108 0.291741 0.036765 0.048474
0 0.672794 0.386894 0.036765 0.052065
0 0.218750 0.656194 0.040441 0.052065
0 0.616422 0.294434 0.036765 0.046679
0 0.332108 0.340215 0.036765 0.048474
0 0.898897 0.342011 0.040441 0.048474
0 0.274510 0.339318 0.036765 0.046679
0 0.560049 0.388689 0.039216 0.048474
0 0.560662 0.295332 0.037990 0.052065
0 0.216912 0.339318 0.036765 0.046679
0 0.616422 0.340215 0.039216 0.044883
0 0.389706 0.294434 0.039216 0.053860
0 0.217525 0.386894 0.040441 0.052065
0 0.785539 0.248654 0.036765 0.052065
