0 0.691057 0.231687 0.039489 0.044293
0 0.476771 0.229983 0.045296 0.040886
0 0.099303 0.134583 0.036005 0.047700
0 0.476771 0.122658 0.047619 0.037479
0 0.477933 0.160136 0.045296 0.044293
0 0.099884 0.182283 0.034843 0.044293
0 0.479094 0.365417 0.045296 0.035775
0 0.492451 0.764055 0.020906 0.015332
0 0.491870 0.747871 0.022067 0.017036
0 0.491289 0.733390 0.020906 0.011925
0 0.479675 0.335605 0.046458 0.034072
0 0.693380 0.710392 0.032520 0.044293
0 0.800813 0.624361 0.033682 0.042589
0 0.369338 0.448893 0.034843 0.039182
0 0.422764 0.579216 0.037166 0.044293
0 0.207317 0.185690 0.038328 0.040886
0 0.532520 0.713799 0.038328 0.044293
0 0.799652 0.492334 0.036005 0.047700
0 0.747387 0.801533 0.038328 0.049404
0 0.313589 0.492334 0.032520 0.044293
0 0.691057 0.491482 0.034843 0.039182
0 0.691057 0.277683 0.034843 0.044293
0 0.799071 0.276831 0.037166 0.042589
0 0.207317 0.492334 0.033682 0.044293
0 0.853078 0.536627 0.036005 0.044293
0 0.312427 0.404600 0.034843 0.045997
0 0.313589 0.319421 0.034843 0.039182
0 0.532520 0.276831 0.031359 0.042589
0 0.151568 0.403748 0.033682 0.044293
0 0.476771 0.442930 0.042973 0.047700
0 0.369338 0.183986 0.034843 0.051107
0 0.851916 0.138842 0.038328 0.049404
0 0.637631 0.756388 0.034843 0.044293
0 0.584785 0.408007 0.033682 0.039182
0 0.692218 0.451448 0.032520 0.040886
0 0.314170 0.447189 0.033682 0.045997
0 0.800232 0.362862 0.037166 0.044293
0 0.260163 0.491482 0.034843 0.049404
0 0.531359 0.755537 0.038328 0.042589
0 0.689895 0.367973 0.034843 0.044293
0 0.260743 0.407155 0.036005 0.040886
0 0.691057 0.753833 0.034843 0.039182
0 0.853078 0.234242 0.038328 0.045997
0 0.204994 0.578365 0.036005 0.045997
0 0.532520 0.362010 0.036005 0.042589
0 0.532520 0.622658 0.036005 0.045997
0 0.800813 0.711244 0.033682 0.042589
0 0.747967 0.670358 0.034843 0.049404
0 0.800813 0.797274 0.036005 0.044293
0 0.855401 0.755537 0.036005 0.042589
0 0.855401 0.623509 0.036005 0.044293
0 0.853078 0.492334 0.038328 0.044293
0 0.151568 0.271721 0.033682 0.049404
0 0.853078 0.189097 0.038328 0.044293
0 0.799652 0.582624 0.036005 0.044293
0 0.585366 0.752981 0.034843 0.040886
0 0.421022 0.493186 0.029036 0.042589
0 0.692218 0.534072 0.034843 0.042589
0 0.691057 0.187394 0.039489 0.044293
0 0.261905 0.181431 0.036005 0.052811
0 0.206156 0.272572 0.038328 0.047700
0 0.531359 0.795571 0.033682 0.044293
0 0.638211 0.321124 0.033682 0.039182
0 0.692218 0.625213 0.032520 0.044293
0 0.584785 0.316865 0.038328 0.051107
0 0.637631 0.274276 0.034843 0.047700
0 0.691057 0.408007 0.034843 0.039182
0 0.260743 0.445486 0.033682 0.039182
0 0.097561 0.275128 0.034843 0.045997
0 0.853078 0.281090 0.038328 0.044293
0 0.746225 0.755537 0.033682 0.042589
0 0.109175 0.879898 0.023229 0.035775
0 0.479094 0.487223 0.045296 0.030664
0 0.109175 0.794719 0.023229 0.035775
0 0.585366 0.880750 0.034843 0.044293
0 0.081882 0.926746 0.022067 0.037479
0 0.585366 0.494889 0.034843 0.045997
0 0.202671 0.795571 0.031359 0.044293
0 0.421603 0.929302 0.034843 0.042589
0 0.042393 0.842419 0.036005 0.039182
0 0.639954 0.793867 0.034843 0.037479
0 0.203833 0.710392 0.036005 0.044293
0 0.369338 0.620102 0.034843 0.044293
0 0.531359 0.931005 0.040650 0.045997
0 0.097561 0.319421 0.037166 0.039182
0 0.585947 0.839012 0.031359 0.042589
0 0.042393 0.663543 0.036005 0.039182
0 0.206156 0.359455 0.038328 0.047700
0 0.042973 0.359455 0.034843 0.044293
0 0.422764 0.881601 0.037166 0.045997
0 0.529036 0.885009 0.038328 0.045997
0 0.855401 0.797274 0.033682 0.044293
0 0.693380 0.881601 0.039489 0.045997
0 0.746806 0.276831 0.034843 0.039182
0 0.204994 0.405451 0.033682 0.044293
0 0.479094 0.300681 0.045296 0.042589
0 0.800813 0.926746 0.038328 0.047700
0 0.368177 0.663543 0.034843 0.045997
0 0.853078 0.407155 0.038328 0.044293
0 0.206156 0.448893 0.031359 0.039182
0 0.152149 0.450596 0.034843 0.049404
0 0.585947 0.231687 0.036005 0.034072
0 0.638792 0.929302 0.039489 0.049404
0 0.040650 0.575809 0.034843 0.044293
0 0.421603 0.713799 0.034843 0.040886
0 0.421603 0.755537 0.034843 0.042589
0 0.692218 0.839864 0.034843 0.044293
0 0.585947 0.537479 0.033682 0.035775
0 0.800232 0.234242 0.037166 0.039182
0 0.095238 0.624361 0.039489 0.042589
0 0.531359 0.838160 0.033682 0.044293
0 0.041231 0.755537 0.038328 0.042589
0 0.042973 0.316865 0.037166 0.044293
0 0.855401 0.838160 0.038328 0.044293
0 0.098722 0.489779 0.037166 0.042589
0 0.042393 0.619250 0.036005 0.045997
0 0.097561 0.578365 0.039489 0.049404
0 0.042973 0.402044 0.034843 0.044293
0 0.203833 0.621806 0.036005 0.044293
0 0.747967 0.492334 0.034843 0.040886
0 0.692218 0.797274 0.034843 0.044293
0 0.313589 0.622658 0.034843 0.035775
0 0.531359 0.183986 0.033682 0.044293
0 0.421603 0.668654 0.034843 0.045997
0 0.531359 0.495741 0.033682 0.044293
0 0.042393 0.798126 0.036005 0.049404
0 0.367015 0.753833 0.039489 0.045997
0 0.799071 0.320273 0.034843 0.044293
0 0.801394 0.667802 0.030197 0.044293
0 0.314170 0.710392 0.036005 0.047700
0 0.206156 0.316865 0.033682 0.044293
0 0.584204 0.667802 0.034843 0.044293
0 0.855401 0.665247 0.033682 0.039182
0 0.638792 0.882453 0.037166 0.044293
0 0.743322 0.137990 0.037166 0.044293
0 0.854239 0.709540 0.033682 0.049404
0 0.041812 0.447189 0.037166 0.045997
0 0.207317 0.138842 0.038328 0.049404
0 0.207317 0.227428 0.036005 0.039182
0 0.261905 0.274276 0.036005 0.037479
0 0.042393 0.707836 0.038328 0.049404
0 0.746806 0.235945 0.034843 0.045997
0 0.369338 0.579216 0.034843 0.040886
0 0.422764 0.449744 0.027875 0.040886
0 0.423926 0.229983 0.034843 0.037479
0 0.367015 0.711244 0.039489 0.045997
0 0.314170 0.666951 0.036005 0.045997
0 0.203833 0.838160 0.036005 0.044293
0 0.692218 0.321124 0.034843 0.045997
0 0.108595 0.706985 0.024390 0.040886
0 0.204994 0.885009 0.038328 0.045997
0 0.312427 0.881601 0.034843 0.042589
0 0.055749 0.273424 0.023229 0.039182
0 0.476771 0.195060 0.049942 0.028961
0 0.110918 0.926746 0.024390 0.040886
0 0.081882 0.879898 0.022067 0.035775
0 0.083043 0.665247 0.022067 0.028961
0 0.907666 0.189097 0.036005 0.047700
0 0.477933 0.265758 0.045296 0.034072
0 0.097561 0.534923 0.039489 0.044293
0 0.108595 0.838160 0.024390 0.034072
0 0.314170 0.929302 0.038328 0.049404
0 0.204994 0.928450 0.038328 0.040886
0 0.082462 0.838160 0.023229 0.040886
0 0.312427 0.753833 0.034843 0.039182
0 0.083043 0.707836 0.022067 0.042589
0 0.084204 0.749574 0.022067 0.034072
0 0.108595 0.666951 0.024390 0.035775
0 0.312427 0.840716 0.032520 0.039182
0 0.584204 0.269165 0.034843 0.040886
0 0.800813 0.879898 0.040650 0.045997
0 0.367596 0.930153 0.040650 0.044293
0 0.042393 0.882453 0.036005 0.044293
0 0.042393 0.533220 0.033682 0.044293
0 0.204413 0.755537 0.034843 0.042589
0 0.081882 0.794719 0.022067 0.039182
0 0.853078 0.364566 0.036005 0.040886
0 0.745645 0.186542 0.037166 0.049404
0 0.041812 0.489779 0.034843 0.039182
0 0.855401 0.881601 0.033682 0.042589
0 0.042393 0.928450 0.038328 0.047700
0 0.421603 0.839012 0.034843 0.042589
0 0.636469 0.232538 0.034843 0.042589
0 0.097561 0.403748 0.034843 0.037479
0 0.365854 0.885009 0.039489 0.045997
0 0.907666 0.236797 0.038328 0.051107
0 0.585366 0.794719 0.034843 0.042589
0 0.110337 0.749574 0.025552 0.037479
0 0.800232 0.448041 0.034843 0.040886
0 0.203833 0.666099 0.036005 0.044293
0 0.585947 0.925043 0.038328 0.044293
0 0.421603 0.795571 0.039489 0.044293
0 0.855401 0.927598 0.036005 0.049404
0 0.800813 0.838160 0.038328 0.040886
0 0.205575 0.534072 0.030197 0.039182
0 0.532520 0.534923 0.033682 0.037479
0 0.907666 0.139693 0.038328 0.051107
0 0.691057 0.669506 0.032520 0.040886
0 0.314170 0.797274 0.036005 0.047700
0 0.800232 0.406303 0.034843 0.042589
0 0.693380 0.925894 0.037166 0.042589
0 0.097561 0.445486 0.037166 0.042589
0 0.854239 0.448041 0.033682 0.040886
0 0.852497 0.324532 0.039489 0.042589
0 0.367015 0.795571 0.037166 0.044293
0 0.097561 0.359455 0.034843 0.044293
0 0.747967 0.712947 0.030197 0.039182
0 0.099884 0.227428 0.034843 0.045997
0 0.368177 0.838160 0.039489 0.044293
0 0.421603 0.536627 0.034843 0.044293
0 0.584204 0.451448 0.032520 0.044293
0 0.150987 0.318569 0.034843 0.044293
0 0.313589 0.535775 0.034843 0.049404
0 0.745645 0.408007 0.034843 0.039182
0 0.531359 0.576661 0.036005 0.045997
0 0.691057 0.137138 0.037166 0.049404
0 0.747967 0.450596 0.037166 0.042589
0 0.585366 0.710392 0.032520 0.040886
0 0.800813 0.752981 0.033682 0.044293
0 0.260163 0.316865 0.034843 0.044293
0 0.532520 0.450596 0.036005 0.045997
0 0.150987 0.362862 0.037166 0.044293
0 0.691057 0.578365 0.037166 0.045997
0 0.532520 0.318569 0.036005 0.044293
0 0.369338 0.231687 0.039489 0.044293
0 0.422764 0.625213 0.037166 0.047700
0 0.261324 0.229983 0.039489 0.047700
0 0.638792 0.540034 0.034843 0.040886
0 0.638792 0.580920 0.034843 0.040886
0 0.637631 0.408007 0.034843 0.039182
0 0.853078 0.581772 0.038328 0.045997
0 0.799652 0.540034 0.036005 0.044293
0 0.747967 0.624361 0.032520 0.042589
0 0.313589 0.581772 0.034843 0.045997
0 0.638792 0.449744 0.034843 0.044293
0 0.313589 0.359455 0.034843 0.044293
0 0.800813 0.189097 0.038328 0.051107
0 0.638792 0.839012 0.037166 0.045997
0 0.638792 0.667802 0.039489 0.044293
0 0.369338 0.536627 0.034843 0.040886
0 0.745645 0.366269 0.034843 0.044293
0 0.637631 0.712095 0.037166 0.044293
0 0.747967 0.581772 0.037166 0.045997
0 0.314750 0.180579 0.037166 0.051107
0 0.747967 0.537479 0.037166 0.045997
0 0.746806 0.321976 0.037166 0.044293
0 0.260743 0.362010 0.036005 0.045997
0 0.584785 0.365417 0.036005 0.045997
0 0.532520 0.666099 0.038328 0.047700
0 0.585947 0.623509 0.036005 0.044293
0 0.637631 0.494037 0.034843 0.044293
0 0.422764 0.362862 0.037166 0.040886
0 0.369338 0.407155 0.032520 0.044293
0 0.314750 0.230835 0.034843 0.045997
0 0.368757 0.362010 0.031359 0.042589
0 0.637631 0.363714 0.034843 0.049404
0 0.585366 0.579216 0.034843 0.044293
0 0.423926 0.183986 0.037166 0.054514
0 0.585947 0.184838 0.038328 0.052811
0 0.636469 0.186542 0.034843 0.052811
0 0.638211 0.623509 0.038328 0.044293
0 0.369338 0.318569 0.034843 0.044293
0 0.531359 0.229983 0.040650 0.047700
0 0.368177 0.491482 0.034843 0.049404
0 0.532520 0.406303 0.038328 0.042589
0 0.423926 0.321976 0.037166 0.044293
0 0.369338 0.277683 0.034843 0.040886
0 0.422764 0.406303 0.034843 0.045997
0 0.423345 0.275128 0.036005 0.049404
0 0.314750 0.277683 0.034843 0.047700
