0 0.3884711779448622 0.38137082601054484 0.03759398496240601 0.04569420035149385
0 0.968671679197995 0.5544815465729349 0.04260651629072687 0.033391915641476255
0 0.3308270676691729 0.6432337434094904 0.040100250626566414 0.024604569420035194
0 0.2719298245614035 0.29086115992970124 0.03508771929824561 0.04393673110720564
0 0.5081453634085213 0.30667838312829526 0.0463659147869675 0.033391915641476255
0 0.5050125313283208 0.13005272407732865 0.04761904761904767 0.035149384885764495
0 0.9692982456140351 0.5131810193321618 0.041353383458646586 0.04569420035149374
0 0.5056390977443609 0.1625659050966608 0.0538847117794487 0.02987697715289983
0 0.44799498746867167 0.8216168717047452 0.03884711779448624 0.040421792618629215
0 0.5068922305764412 0.4701230228471002 0.04385964912280704 0.040421792618629326
0 0.5050125313283208 0.09490333919156414 0.05012531328320802 0.035149384885764495
0 0.5068922305764411 0.2355008787346221 0.046365914786967444 0.031634446397188126
0 0.9680451127819549 0.4692442882249561 0.03884711779448613 0.04217926186291754
0 0.44674185463659144 0.8629173989455186 0.04135338345864664 0.04569420035149385
0 0.15476190476190477 0.47012302284710017 0.041353383458646614 0.04393673110720564
0 0.7355889724310777 0.29173989455184535 0.03759398496240607 0.04920913884007028
0 0.09711779448621553 0.24516695957820736 0.03634085213032581 0.04042179261862916
0 0.5081453634085213 0.2697715289982425 0.0463659147869675 0.03690685413005268
0 0.039473684210526314 0.15114235500878734 0.03884711779448621 0.04569420035149385
0 0.3884711779448622 0.4235500878734622 0.03759398496240601 0.03163444639718804
0 0.5776942355889725 0.3804920913884007 0.03007518796992492 0.04042179261862916
0 0.6203007518796992 0.7785588752196837 0.03759398496240607 0.04217926186291743
0 0.15601503759398494 0.2882249560632689 0.03884711779448621 0.04217926186291737
0 0.15601503759398494 0.2451669595782074 0.03884711779448621 0.04393673110720564
0 0.9674185463659148 0.38400702987697716 0.03759398496240596 0.040421792618629215
0 0.5507518796992481 0.10105448154657293 0.02631578947368418 0.040421792618629174
0 0.44674185463659144 0.9103690685413006 0.04135338345864664 0.04920913884007028
0 0.3884711779448622 0.2908611599297012 0.03759398496240601 0.04042179261862916
0 0.6190476190476191 0.7355008787346221 0.03508771929824561 0.04393673110720564
0 0.21365914786967416 0.6898066783831283 0.03884711779448621 0.04393673110720564
0 0.15538847117794485 0.19947275922671354 0.03759398496240601 0.047451669595782064
0 0.44548872180451127 0.7776801405975395 0.03884711779448624 0.04393673110720564
0 0.5062656641604011 0.3409490333919156 0.05012531328320813 0.03866432337434095
0 0.7355889724310777 0.10808435852372583 0.03759398496240607 0.05096660808435853
0 0.15476190476190477 0.5123022847100177 0.041353383458646614 0.04393673110720564
0 0.9667919799498748 0.29349736379613356 0.036340852130325785 0.04217926186291743
0 0.09837092731829573 0.20035149384885764 0.03884711779448621 0.04920913884007028
0 0.6791979949874687 0.3391915641476274 0.03759398496240607 0.04569420035149385
0 0.6215538847117794 0.8224956063268893 0.03759398496240596 0.04569420035149385
0 0.7355889724310777 0.335676625659051 0.03759398496240607 0.04217926186291737
0 0.6215538847117794 0.867311072056239 0.03759398496240596 0.04393673110720564
0 0.5488721804511278 0.3330404217926186 0.022556390977443663 0.04042179261862916
0 0.15601503759398494 0.5553602811950791 0.041353383458646614 0.042179261862917206
0 0.5068922305764412 0.20035149384885764 0.0488721804511279 0.0421792618629174
0 0.6203007518796992 0.6915641476274165 0.03759398496240607 0.047451669595782064
0 0.5507518796992481 0.15289982425307558 0.02631578947368418 0.03866432337434095
0 0.09962406015037593 0.15202108963093147 0.03634085213032581 0.04393673110720561
0 0.9667919799498748 0.2038664323374341 0.036340852130325785 0.04217926186291737
0 0.21303258145363407 0.6432337434094904 0.03759398496240601 0.04569420035149396
0 0.6190476190476191 0.5562390158172232 0.03759398496240607 0.040421792618629104
0 0.44548872180451127 0.7337434094903339 0.036340852130325785 0.04393673110720564
0 0.331453634085213 0.8646748681898067 0.04135338345864664 0.04217926186291743
0 0.9674185463659148 0.42618629173989453 0.03759398496240596 0.043936731107205584
0 0.2149122807017544 0.4244288224956063 0.03634085213032581 0.04042179261862916
0 0.15476190476190477 0.5984182776801406 0.041353383458646614 0.04393673110720564
0 0.03947368421052632 0.2460456942003515 0.0413533834586466 0.04569420035149385
0 0.3308270676691729 0.2478031634446397 0.03759398496240601 0.04569420035149385
0 0.5776942355889724 0.2908611599297012 0.02506265664160412 0.036906854130052735
0 0.6203007518796992 0.6441124780316345 0.040100250626566414 0.04393673110720564
0 0.331453634085213 0.8216168717047452 0.038847117794486186 0.04393673110720564
0 0.21303258145363407 0.4657293497363796 0.040100250626566414 0.04217926186291737
0 0.040726817042606514 0.19683655536028116 0.041353383458646614 0.0456942003514938
0 0.21303258145363407 0.5984182776801406 0.040100250626566414 0.04393673110720564
0 0.2706766917293233 0.2451669595782074 0.03508771929824561 0.04393673110720564
0 0.6203007518796992 0.6001757469244289 0.040100250626566414 0.047451669595782175
0 0.9078947368421053 0.29261862917398945 0.036340852130325785 0.04393673110720564
0 0.6779448621553885 0.29173989455184535 0.03759398496240596 0.04920913884007028
0 0.5507518796992481 0.20123022847100175 0.02631578947368418 0.03690685413005265
0 0.850250626566416 0.29876977152899825 0.036340852130325896 0.04569420035149385
0 0.21303258145363407 0.5087873462214412 0.040100250626566414 0.04745166959578201
0 0.3320802005012531 0.7785588752196837 0.03759398496240601 0.04217926186291743
0 0.9078947368421053 0.20298769771528996 0.036340852130325785 0.05096660808435852
0 0.9680451127819549 0.2486818980667838 0.03884711779448613 0.047451669595782064
0 0.7944862155388471 0.29173989455184535 0.040100250626566414 0.04569420035149385
0 0.44548872180451127 0.687170474516696 0.036340852130325785 0.04569420035149396
0 0.15726817042606517 0.1054481546572935 0.041353383458646614 0.049209138840070304
0 0.9680451127819549 0.15817223198594027 0.03884711779448613 0.049209138840070304
0 0.7355889724310777 0.2478031634446397 0.040100250626566414 0.04569420035149385
0 0.09962406015037593 0.10456942003514938 0.03884711779448621 0.05096660808435856
0 0.850250626566416 0.34270650263620384 0.036340852130325896 0.04217926186291737
0 0.8515037593984962 0.10808435852372583 0.041353383458646586 0.05448154657293497
0 0.09837092731829573 0.3339191564147628 0.03634085213032581 0.04217926186291737
0 0.15476190476190477 0.6493848857644992 0.03884711779448621 0.05096660808435849
0 0.2130325814536341 0.7337434094903339 0.04260651629072687 0.04745166959578195
0 0.3302005012531328 0.20123022847100175 0.03884711779448624 0.047451669595782064
0 0.15601503759398494 0.15289982425307558 0.03884711779448621 0.04569420035149385
0 0.7343358395989975 0.20298769771528996 0.03759398496240607 0.04393673110720561
0 0.09586466165413533 0.37697715289982425 0.03884711779448621 0.047451669595782064
0 0.3308270676691729 0.3330404217926186 0.03759398496240601 0.04042179261862916
0 0.7355889724310777 0.15817223198594024 0.040100250626566414 0.04569420035149385
0 0.5776942355889724 0.2460456942003515 0.02506265664160412 0.04217926186291743
0 0.6215538847117794 0.913884007029877 0.04260651629072687 0.04569420035149385
0 0.44548872180451127 0.6467486818980668 0.036340852130325785 0.04217926186291732
0 0.6779448621553885 0.38400702987697716 0.03508771929824561 0.04393673110720564
0 0.15601503759398494 0.37697715289982425 0.03884711779448621 0.04393673110720564
0 0.9078947368421053 0.2486818980667838 0.036340852130325785 0.04393673110720561
0 0.736842105263158 0.38137082601054484 0.03759398496240596 0.04569420035149385
0 0.6203007518796992 0.47012302284710017 0.040100250626566414 0.04393673110720564
0 0.2719298245614035 0.3347978910369068 0.03508771929824561 0.04042179261862916
0 0.9680451127819549 0.10720562390158173 0.0413533834586467 0.05272407732864676
0 0.850250626566416 0.20298769771528996 0.03884711779448624 0.04393673110720561
0 0.09837092731829573 0.28822495606326887 0.041353383458646614 0.04569420035149385
0 0.21303258145363407 0.5544815465729349 0.040100250626566414 0.04393673110720553
0 0.38784461152882205 0.4657293497363797 0.03884711779448624 0.04920913884007044
0 0.5494987468671679 0.24604569420035144 0.023809523809523725 0.03514938488576444
0 0.7944862155388471 0.3383128295254833 0.040100250626566414 0.047451669595782064
0 0.5776942355889724 0.335676625659051 0.02506265664160412 0.03514938488576452
0 0.44674185463659144 0.10720562390158173 0.03634085213032584 0.05272407732864676
0 0.3302005012531328 0.9130052724077329 0.041353383458646586 0.05096660808435849
0 0.6203007518796992 0.29613356766256593 0.03759398496240607 0.043936731107205584
0 0.56265664160401 0.5123022847100177 0.03759398496240596 0.04393673110720564
0 0.21428571428571427 0.1063268892794376 0.03759398496240601 0.05096660808435852
0 0.5494987468671679 0.289103690685413 0.023809523809523725 0.04042179261862916
0 0.850250626566416 0.15905096660808438 0.03884711779448624 0.04393673110720561
0 0.793233082706767 0.24516695957820733 0.040100250626566414 0.05096660808435857
0 0.040726817042606514 0.10105448154657293 0.041353383458646614 0.05096660808435853
0 0.21177944862155387 0.2460456942003515 0.03759398496240601 0.04217926186291743
0 0.6203007518796992 0.10808435852372583 0.040100250626566414 0.05448154657293497
0 0.2706766917293233 0.38137082601054484 0.03759398496240601 0.04920913884007033
0 0.3884711779448622 0.5149384885764499 0.03759398496240601 0.049209138840070055
0 0.9680451127819549 0.3400702987697715 0.03884711779448613 0.047451669595782064
0 0.3308270676691729 0.5123022847100176 0.040100250626566414 0.040421792618629215
0 0.44548872180451127 0.46836555360281196 0.03884711779448624 0.040421792618629215
0 0.6203007518796992 0.5140597539543058 0.04260651629072676 0.04393673110720564
0 0.21303258145363407 0.3330404217926186 0.040100250626566414 0.04393673110720564
0 0.6766917293233083 0.2478031634446397 0.03759398496240596 0.0421792618629174
0 0.44548872180451127 0.5114235500878735 0.03884711779448624 0.04569420035149396
0 0.21428571428571427 0.15377855887521968 0.03759398496240601 0.047451669595782064
0 0.5639097744360901 0.601054481546573 0.03759398496240618 0.04569420035149385
0 0.212406015037594 0.289103690685413 0.041353383458646614 0.043936731107205584
0 0.3302005012531328 0.15377855887521968 0.03884711779448624 0.04393673110720564
0 0.3302005012531328 0.6854130052724079 0.036340852130325785 0.04920913884007028
0 0.21303258145363407 0.37785588752196836 0.040100250626566414 0.04920913884007028
0 0.33270676691729323 0.1054481546572935 0.036340852130325785 0.049209138840070304
0 0.6203007518796992 0.3391915641476274 0.03759398496240607 0.04217926186291743
0 0.21365914786967416 0.20123022847100175 0.03884711779448621 0.047451669595782064
0 0.44548872180451127 0.5553602811950791 0.036340852130325785 0.042179261862917206
0 0.15601503759398494 0.3330404217926186 0.03884711779448621 0.0509666080843586
0 0.38784461152882205 0.3339191564147628 0.03884711779448624 0.04217926186291737
0 0.9091478696741855 0.3409490333919156 0.041353383458646586 0.04920913884007033
0 0.44799498746867167 0.2908611599297012 0.036340852130325785 0.04042179261862916
0 0.850250626566416 0.2504393673110721 0.03884711779448624 0.04745166959578209
0 0.3308270676691729 0.29086115992970124 0.03759398496240601 0.04393673110720564
0 0.5050125313283208 0.4182776801405975 0.04761904761904767 0.04569420035149385
0 0.5639097744360901 0.5562390158172232 0.03759398496240618 0.04393673110720553
0 0.15476190476190477 0.4244288224956063 0.03884711779448621 0.04393673110720564
0 0.4473684210526316 0.2038664323374341 0.03508771929824561 0.04217926186291737
0 0.44548872180451127 0.5992970123022847 0.03884711779448624 0.04569420035149396
0 0.44799498746867167 0.15817223198594024 0.036340852130325785 0.04569420035149385
0 0.6203007518796992 0.42618629173989453 0.03759398496240607 0.043936731107205584
0 0.3302005012531328 0.5544815465729349 0.03884711779448624 0.04393673110720553
0 0.6203007518796992 0.15729349736379614 0.040100250626566414 0.04393673110720564
0 0.44674185463659144 0.38137082601054484 0.033834586466165384 0.04217926186291737
0 0.331453634085213 0.7346221441124781 0.04135338345864664 0.04569420035149385
0 0.6215538847117794 0.38137082601054484 0.03759398496240596 0.04217926186291737
0 0.3890977443609023 0.2469244288224956 0.03634085213032584 0.05096660808435849
0 0.3308270676691729 0.601933216168717 0.042606516290726815 0.05096660808435849
0 0.6766917293233082 0.20298769771528996 0.040100250626566414 0.05096660808435852
0 0.32957393483709274 0.37697715289982425 0.03759398496240601 0.047451669595782064
0 0.3308270676691729 0.4244288224956063 0.03759398496240601 0.04393673110720564
0 0.56265664160401 0.468365553602812 0.03759398496240596 0.04393673110720575
0 0.5639097744360901 0.4235500878734622 0.03759398496240618 0.04569420035149385
0 0.6203007518796992 0.20298769771528996 0.040100250626566414 0.05096660808435852
0 0.3308270676691729 0.46924428822495606 0.040100250626566414 0.04569420035149385
0 0.44548872180451127 0.42618629173989453 0.036340852130325785 0.043936731107205584
0 0.44799498746867167 0.3347978910369068 0.036340852130325785 0.04745166959578212
0 0.44799498746867167 0.2478031634446397 0.03884711779448624 0.04569420035149385
0 0.6215538847117794 0.250439367311072 0.03508771929824561 0.04393673110720561
