0 0.648667 0.892969 0.036000 0.032813
0 0.756000 0.855469 0.037333 0.035937
0 0.866000 0.712500 0.036000 0.034375
0 0.501333 0.262500 0.032000 0.034375
0 0.293333 0.821094 0.040000 0.035937
0 0.868667 0.677344 0.036000 0.032813
0 0.458667 0.677344 0.032000 0.032813
0 0.128667 0.380469 0.036000 0.035937
0 0.502000 0.196875 0.030667 0.025000
0 0.866000 0.532813 0.033333 0.031250
0 0.594000 0.889844 0.036000 0.032813
0 0.647333 0.856250 0.036000 0.037500
0 0.294667 0.890625 0.037333 0.034375
0 0.650000 0.714063 0.036000 0.037500
0 0.650667 0.568750 0.034667 0.031250
0 0.348000 0.855469 0.034667 0.032813
0 0.348000 0.818750 0.034667 0.034375
0 0.406000 0.892969 0.036000 0.035937
0 0.546667 0.312500 0.034667 0.037500
0 0.869333 0.425000 0.032000 0.037500
0 0.539333 0.856250 0.036000 0.034375
0 0.760000 0.387500 0.032000 0.034375
0 0.650667 0.312500 0.034667 0.040625
0 0.458667 0.856250 0.034667 0.034375
0 0.294667 0.637500 0.032000 0.034375
0 0.704667 0.749219 0.036000 0.032813
0 0.867333 0.496875 0.036000 0.034375
0 0.184000 0.340625 0.037333 0.040625
0 0.542667 0.711719 0.037333 0.039062
0 0.702000 0.856250 0.036000 0.037500
0 0.405333 0.856250 0.032000 0.034375
0 0.814000 0.533594 0.033333 0.032813
0 0.406000 0.309375 0.033333 0.037500
0 0.239333 0.306250 0.033333 0.037500
0 0.295333 0.493750 0.036000 0.034375
0 0.594000 0.784375 0.036000 0.031250
0 0.238667 0.854688 0.034667 0.034375
0 0.238667 0.603125 0.037333 0.034375
0 0.292000 0.675000 0.034667 0.034375
0 0.593333 0.854688 0.037333 0.037500
0 0.350667 0.711719 0.037333 0.035937
0 0.127333 0.457813 0.036000 0.034375
0 0.183333 0.417969 0.036000 0.042188
0 0.128667 0.306250 0.036000 0.034375
0 0.812000 0.714063 0.034667 0.034375
0 0.759333 0.605469 0.036000 0.032813
0 0.239333 0.342969 0.036000 0.032813
0 0.541333 0.783594 0.032000 0.035937
0 0.542667 0.674219 0.034667 0.032813
0 0.706667 0.606250 0.037333 0.034375
0 0.869333 0.314063 0.032000 0.034375
0 0.184667 0.527344 0.038667 0.039062
0 0.458667 0.821875 0.034667 0.034375
0 0.758667 0.783594 0.037333 0.035937
0 0.703333 0.784375 0.036000 0.034375
0 0.239333 0.709375 0.036000 0.034375
0 0.595333 0.565625 0.036000 0.034375
0 0.351333 0.529687 0.036000 0.037500
0 0.598000 0.309375 0.033333 0.034375
0 0.128667 0.417969 0.038667 0.039062
0 0.814000 0.496094 0.036000 0.035937
0 0.126000 0.493750 0.036000 0.040625
0 0.815333 0.314844 0.036000 0.039062
0 0.542000 0.567969 0.033333 0.032813
0 0.296000 0.421875 0.037333 0.037500
0 0.406000 0.678125 0.036000 0.034375
0 0.294667 0.783594 0.037333 0.035937
0 0.349333 0.746875 0.037333 0.037500
0 0.814000 0.677344 0.036000 0.035937
0 0.352667 0.308594 0.033333 0.035937
0 0.760000 0.534375 0.034667 0.034375
0 0.650000 0.458594 0.036000 0.035937
0 0.760667 0.568750 0.036000 0.034375
0 0.542000 0.637500 0.036000 0.037500
0 0.596000 0.423438 0.032000 0.034375
0 0.458667 0.783594 0.034667 0.035937
0 0.704667 0.642969 0.036000 0.035937
0 0.706000 0.349219 0.036000 0.035937
0 0.596000 0.459375 0.034667 0.037500
0 0.650000 0.349219 0.036000 0.035937
0 0.704000 0.459375 0.034667 0.034375
0 0.458667 0.642188 0.034667 0.034375
0 0.648667 0.784375 0.036000 0.037500
0 0.406667 0.531250 0.037333 0.037500
0 0.706667 0.387500 0.034667 0.034375
0 0.459333 0.421094 0.036000 0.039062
0 0.406667 0.603125 0.037333 0.034375
0 0.238000 0.493750 0.036000 0.037500
0 0.458667 0.605469 0.034667 0.035937
0 0.352667 0.346875 0.036000 0.037500
0 0.295333 0.384375 0.036000 0.034375
0 0.458667 0.567969 0.034667 0.039062
0 0.238000 0.637500 0.036000 0.037500
0 0.350000 0.567969 0.033333 0.035937
0 0.596667 0.496875 0.036000 0.037500
0 0.238000 0.746094 0.036000 0.039062
0 0.706000 0.493750 0.036000 0.034375
0 0.543333 0.496094 0.036000 0.035937
0 0.544667 0.349219 0.033333 0.035937
0 0.814000 0.425000 0.036000 0.034375
0 0.760667 0.461719 0.036000 0.035937
0 0.459333 0.459375 0.036000 0.034375
0 0.406667 0.784375 0.037333 0.037500
0 0.595333 0.750000 0.036000 0.037500
0 0.459333 0.384375 0.036000 0.034375
0 0.595333 0.675000 0.036000 0.037500
0 0.460667 0.348438 0.033333 0.034375
0 0.706000 0.568750 0.036000 0.034375
0 0.406000 0.459375 0.036000 0.034375
0 0.351333 0.384375 0.036000 0.037500
0 0.759333 0.678125 0.036000 0.037500
0 0.460667 0.308594 0.036000 0.039062
0 0.706000 0.533594 0.036000 0.039062
0 0.650667 0.533594 0.034667 0.035937
0 0.596000 0.348438 0.034667 0.037500
0 0.407333 0.384375 0.036000 0.034375
0 0.542000 0.532813 0.036000 0.034375
0 0.296000 0.306250 0.034667 0.037500
0 0.650000 0.496094 0.036000 0.035937
0 0.544667 0.386719 0.033333 0.039062
0 0.596000 0.387500 0.034667 0.037500
0 0.543333 0.459375 0.036000 0.034375
0 0.867333 0.565625 0.036000 0.037500
0 0.594667 0.817969 0.034667 0.035937
0 0.704667 0.678125 0.033333 0.034375
0 0.867333 0.605469 0.036000 0.035937
0 0.542667 0.603125 0.032000 0.034375
0 0.540000 0.750000 0.034667 0.034375
0 0.294000 0.458594 0.036000 0.035937
0 0.238000 0.457813 0.036000 0.037500
0 0.868667 0.461719 0.036000 0.032813
0 0.406000 0.821875 0.036000 0.034375
0 0.184667 0.564844 0.036000 0.035937
0 0.350667 0.892969 0.037333 0.039062
0 0.760667 0.496875 0.036000 0.034375
0 0.348000 0.675000 0.034667 0.034375
0 0.814667 0.604688 0.034667 0.034375
0 0.294667 0.746094 0.037333 0.039062
0 0.238000 0.380469 0.036000 0.035937
0 0.814000 0.461719 0.033333 0.035937
0 0.866000 0.642188 0.036000 0.034375
0 0.238000 0.784375 0.036000 0.034375
0 0.239333 0.532813 0.036000 0.037500
0 0.649333 0.640625 0.032000 0.034375
0 0.458667 0.493750 0.034667 0.034375
0 0.184667 0.490625 0.036000 0.034375
0 0.295333 0.346875 0.036000 0.037500
0 0.594000 0.637500 0.033333 0.031250
0 0.406667 0.714844 0.037333 0.035937
0 0.238000 0.890625 0.036000 0.037500
0 0.238000 0.567969 0.036000 0.035937
0 0.184000 0.306250 0.037333 0.034375
0 0.594000 0.712500 0.036000 0.034375
0 0.183333 0.456250 0.036000 0.034375
0 0.294667 0.567969 0.037333 0.039062
0 0.348000 0.640625 0.034667 0.034375
0 0.350000 0.493750 0.036000 0.034375
0 0.406667 0.567969 0.034667 0.035937
0 0.814667 0.387500 0.037333 0.034375
0 0.649333 0.387500 0.032000 0.034375
0 0.650667 0.675000 0.037333 0.037500
0 0.183333 0.603125 0.036000 0.037500
0 0.759333 0.424219 0.036000 0.035937
0 0.814000 0.352344 0.036000 0.035937
0 0.814000 0.568750 0.036000 0.034375
0 0.350667 0.603125 0.034667 0.034375
0 0.814667 0.640625 0.034667 0.034375
0 0.458667 0.748437 0.034667 0.034375
0 0.503333 0.243750 0.028000 0.006250
0 0.406000 0.640625 0.036000 0.034375
0 0.544667 0.425000 0.033333 0.031250
0 0.758667 0.715625 0.034667 0.034375
0 0.704000 0.425000 0.034667 0.037500
0 0.348000 0.784375 0.034667 0.034375
0 0.760000 0.350000 0.034667 0.034375
0 0.458000 0.529687 0.036000 0.034375
0 0.650667 0.604688 0.037333 0.037500
0 0.595333 0.603125 0.036000 0.037500
0 0.597333 0.533594 0.037333 0.032813
0 0.408667 0.346875 0.036000 0.034375
0 0.406667 0.493750 0.034667 0.034375
0 0.501333 0.399219 0.024000 0.020313
0 0.500000 0.368750 0.032000 0.034375
0 0.500000 0.421094 0.029333 0.023438
0 0.238667 0.818750 0.037333 0.034375
0 0.504667 0.784375 0.020000 0.028125
0 0.702000 0.818750 0.033333 0.034375
0 0.760000 0.314844 0.032000 0.032813
0 0.128667 0.343750 0.036000 0.034375
0 0.866000 0.856250 0.038667 0.034375
0 0.866000 0.824219 0.036000 0.032813
0 0.239333 0.417969 0.036000 0.039062
0 0.866667 0.892188 0.037333 0.034375
0 0.703333 0.714063 0.036000 0.037500
0 0.868000 0.387500 0.032000 0.034375
0 0.539333 0.892969 0.036000 0.032813
0 0.650667 0.421094 0.032000 0.029687
0 0.540667 0.821094 0.033333 0.035937
0 0.866000 0.787500 0.036000 0.037500
0 0.706000 0.311719 0.033333 0.032813
0 0.183333 0.378125 0.033333 0.034375
0 0.127333 0.271094 0.036000 0.035937
0 0.128000 0.234375 0.034667 0.037500
0 0.503333 0.225000 0.028000 0.028125
0 0.758667 0.892188 0.034667 0.034375
0 0.294000 0.604688 0.036000 0.031250
0 0.868000 0.350000 0.032000 0.037500
0 0.500000 0.293750 0.029333 0.028125
0 0.812000 0.750000 0.034667 0.037500
0 0.458667 0.892188 0.034667 0.034375
0 0.458667 0.712500 0.032000 0.034375
0 0.648000 0.821875 0.034667 0.031250
0 0.238000 0.675000 0.033333 0.031250
0 0.867333 0.751563 0.036000 0.040625
0 0.295333 0.531250 0.036000 0.037500
0 0.294667 0.856250 0.034667 0.031250
0 0.293333 0.709375 0.037333 0.034375
0 0.758000 0.821094 0.036000 0.032813
0 0.351333 0.421875 0.036000 0.034375
0 0.703333 0.893750 0.036000 0.034375
0 0.404000 0.750000 0.034667 0.034375
0 0.351333 0.458594 0.036000 0.032813
0 0.758667 0.750000 0.034667 0.034375
0 0.759333 0.639062 0.036000 0.034375
0 0.649333 0.750000 0.032000 0.034375
0 0.760667 0.275000 0.033333 0.040625
0 0.406000 0.421875 0.036000 0.037500
