0 0.400556 0.281609 0.034444 0.050903
0 0.655556 0.282430 0.035556 0.045977
0 0.553333 0.325123 0.033333 0.039409
0 0.451111 0.281609 0.033333 0.047619
0 0.451667 0.621511 0.036667 0.044335
0 0.604444 0.325123 0.033333 0.042693
0 0.808333 0.281609 0.034444 0.044335
0 0.758333 0.325944 0.034444 0.041051
0 0.451667 0.665846 0.034444 0.041051
0 0.348333 0.705255 0.036667 0.047619
0 0.553889 0.280788 0.032222 0.045977
0 0.348333 0.324302 0.032222 0.041051
0 0.400556 0.663383 0.034444 0.042693
0 0.243333 0.284072 0.033333 0.042693
0 0.193333 0.710181 0.033333 0.047619
0 0.348333 0.282430 0.032222 0.045977
0 0.657778 0.621511 0.031111 0.041051
0 0.603333 0.366995 0.033333 0.044335
0 0.400556 0.619048 0.034444 0.045977
0 0.811667 0.616585 0.034444 0.044335
0 0.193333 0.621511 0.035556 0.047619
0 0.808333 0.325944 0.032222 0.041051
0 0.706667 0.324302 0.033333 0.041051
0 0.349444 0.619048 0.032222 0.049261
0 0.296667 0.325944 0.037778 0.044335
0 0.657222 0.661741 0.032222 0.039409
0 0.400556 0.365353 0.034444 0.050903
0 0.348333 0.663383 0.034444 0.039409
0 0.722222 0.661741 0.022222 0.036125
0 0.296667 0.284893 0.035556 0.037767
0 0.860556 0.283251 0.032222 0.041051
0 0.464444 0.492611 0.026667 0.036125
0 0.141667 0.282430 0.036667 0.045977
0 0.758333 0.366174 0.032222 0.039409
0 0.655556 0.325123 0.033333 0.042693
0 0.088333 0.280788 0.036667 0.049261
0 0.502778 0.238916 0.043333 0.037767
0 0.720556 0.701149 0.021111 0.032841
0 0.195556 0.568966 0.026667 0.031199
0 0.810556 0.665846 0.032222 0.034483
0 0.505556 0.368637 0.046667 0.034483
0 0.503333 0.344007 0.042222 0.037767
0 0.502222 0.487685 0.037778 0.042693
0 0.552778 0.368637 0.034444 0.044335
0 0.348333 0.366174 0.036667 0.045977
0 0.140000 0.366174 0.037778 0.045977
0 0.242222 0.325123 0.035556 0.039409
0 0.451111 0.324302 0.033333 0.037767
0 0.192778 0.280788 0.034444 0.045977
0 0.592222 0.491790 0.022222 0.031199
0 0.553333 0.706076 0.033333 0.049261
0 0.440556 0.449918 0.021111 0.036125
0 0.192222 0.325123 0.035556 0.042693
0 0.808333 0.368637 0.032222 0.044335
0 0.859444 0.324302 0.032222 0.041051
0 0.440556 0.532020 0.023333 0.036125
0 0.440556 0.408867 0.023333 0.036125
0 0.720556 0.619048 0.021111 0.036125
0 0.440556 0.492611 0.021111 0.032841
0 0.810556 0.701970 0.032222 0.041051
0 0.720556 0.490969 0.023333 0.036125
0 0.696667 0.618227 0.024444 0.037767
0 0.140556 0.325123 0.034444 0.039409
0 0.090556 0.708539 0.036667 0.044335
0 0.243333 0.366174 0.035556 0.042693
0 0.555556 0.661741 0.031111 0.036125
0 0.451667 0.363711 0.036667 0.044335
0 0.696111 0.660099 0.023333 0.032841
0 0.502778 0.174056 0.043333 0.039409
0 0.128333 0.579639 0.023333 0.042693
0 0.555556 0.618227 0.028889 0.047619
0 0.192778 0.368637 0.032222 0.044335
0 0.400556 0.324302 0.032222 0.034483
0 0.129444 0.451560 0.021111 0.036125
0 0.295556 0.241379 0.035556 0.042693
0 0.193333 0.666667 0.037778 0.042693
0 0.668333 0.492611 0.023333 0.036125
0 0.694444 0.409688 0.020000 0.034483
0 0.089444 0.622332 0.036667 0.042693
0 0.155556 0.665025 0.022222 0.032841
0 0.451667 0.706897 0.036667 0.041051
0 0.440556 0.745484 0.021111 0.032841
0 0.400556 0.702791 0.034444 0.042693
0 0.654444 0.366174 0.033333 0.042693
0 0.593333 0.579639 0.022222 0.032841
0 0.592778 0.407225 0.021111 0.032841
0 0.720556 0.575534 0.021111 0.034483
0 0.912778 0.279146 0.034444 0.036125
0 0.858333 0.365353 0.032222 0.041051
0 0.130556 0.706897 0.023333 0.037767
0 0.089444 0.326765 0.038889 0.039409
0 0.706667 0.364532 0.033333 0.042693
0 0.503889 0.527094 0.027778 0.036125
0 0.440556 0.578818 0.021111 0.034483
0 0.594444 0.620690 0.022222 0.032841
0 0.667778 0.408046 0.020000 0.034483
0 0.153333 0.411330 0.024444 0.037767
0 0.657222 0.701970 0.036667 0.044335
0 0.295556 0.193760 0.037778 0.055829
0 0.620556 0.577176 0.023333 0.031199
0 0.642778 0.492611 0.018889 0.032841
0 0.129444 0.787356 0.023333 0.037767
0 0.088333 0.366174 0.038889 0.045977
0 0.154444 0.533662 0.020000 0.036125
0 0.618333 0.491790 0.021111 0.031199
0 0.128333 0.492611 0.021111 0.032841
0 0.463333 0.449918 0.022222 0.036125
0 0.155556 0.620690 0.022222 0.036125
0 0.620556 0.620690 0.023333 0.032841
0 0.463333 0.409688 0.022222 0.034483
0 0.130556 0.746305 0.023333 0.034483
0 0.911667 0.196223 0.036667 0.050903
0 0.128333 0.622332 0.021111 0.036125
0 0.089444 0.665025 0.036667 0.042693
0 0.592778 0.531199 0.021111 0.034483
0 0.912222 0.323481 0.035556 0.045977
0 0.153333 0.493432 0.022222 0.034483
0 0.128333 0.410509 0.023333 0.036125
0 0.128333 0.533662 0.023333 0.036125
0 0.695556 0.577176 0.024444 0.031199
0 0.617222 0.448276 0.021111 0.032841
0 0.154444 0.450739 0.020000 0.034483
0 0.154444 0.706897 0.020000 0.031199
0 0.643889 0.405583 0.018889 0.029557
0 0.720000 0.409688 0.020000 0.034483
0 0.721667 0.534483 0.023333 0.037767
0 0.696667 0.533662 0.022222 0.039409
0 0.667778 0.449097 0.020000 0.037767
0 0.694444 0.447455 0.020000 0.031199
0 0.617778 0.408046 0.020000 0.031199
0 0.076111 0.409688 0.023333 0.034483
0 0.465556 0.531199 0.024444 0.031199
0 0.440556 0.782430 0.023333 0.034483
0 0.076667 0.454023 0.022222 0.037767
0 0.720000 0.446634 0.020000 0.032841
0 0.619444 0.536946 0.021111 0.036125
0 0.465556 0.577176 0.022222 0.041051
0 0.101667 0.411330 0.023333 0.037767
0 0.129444 0.664204 0.021111 0.031199
0 0.154444 0.745484 0.020000 0.032841
0 0.465000 0.743021 0.021111 0.031199
0 0.155000 0.827586 0.021111 0.032841
0 0.155000 0.787356 0.021111 0.034483
0 0.695556 0.491790 0.020000 0.031199
0 0.102222 0.451560 0.022222 0.032841
0 0.502222 0.139573 0.046667 0.032841
0 0.592778 0.449097 0.021111 0.037767
0 0.642778 0.448276 0.018889 0.032841
0 0.154444 0.577997 0.020000 0.039409
0 0.130556 0.826765 0.021111 0.031199
0 0.516667 0.742200 0.022222 0.026273
0 0.502222 0.208539 0.046667 0.029557
0 0.503333 0.306240 0.046667 0.041051
0 0.669444 0.535304 0.021111 0.036125
0 0.465556 0.781609 0.022222 0.029557
0 0.911667 0.240558 0.036667 0.037767
0 0.502222 0.274220 0.044444 0.032841
0 0.760556 0.702791 0.034444 0.045977
0 0.243333 0.238916 0.033333 0.047619
0 0.604444 0.280788 0.033333 0.045977
0 0.860556 0.239737 0.034444 0.045977
0 0.758333 0.617406 0.032222 0.045977
0 0.757778 0.281609 0.033333 0.044335
0 0.705556 0.281609 0.033333 0.044335
0 0.759444 0.662562 0.032222 0.041051
0 0.502222 0.445813 0.040000 0.044335
