0 0.192080 0.796296 0.039007 0.052632
0 0.736407 0.090643 0.037825 0.052632
0 0.083333 0.950292 0.039007 0.052632
0 0.082151 0.893762 0.039007 0.052632
0 0.742317 0.790448 0.037825 0.048733
0 0.851655 0.890838 0.039007 0.046784
0 0.523050 0.103314 0.048463 0.035088
0 0.958038 0.249513 0.039007 0.046784
0 0.902482 0.442495 0.039007 0.050682
0 0.903664 0.397661 0.039007 0.050682
0 0.137707 0.803119 0.039007 0.046784
0 0.741726 0.891813 0.039007 0.052632
0 0.852837 0.940546 0.036643 0.044834
0 0.741726 0.943470 0.039007 0.050682
0 0.300236 0.196881 0.037825 0.050682
0 0.904846 0.543860 0.039007 0.046784
0 0.468676 0.893762 0.034279 0.048733
0 0.523050 0.024366 0.043735 0.040936
0 0.193262 0.946394 0.039007 0.044834
0 0.741135 0.689084 0.035461 0.048733
0 0.958038 0.094542 0.039007 0.052632
0 0.192080 0.897661 0.039007 0.052632
0 0.468676 0.944444 0.039007 0.052632
0 0.082151 0.847953 0.041371 0.046784
0 0.904846 0.492203 0.039007 0.052632
0 0.904846 0.692982 0.039007 0.048733
0 0.468676 0.692982 0.036643 0.048733
0 0.901300 0.245614 0.039007 0.042885
0 0.906028 0.790448 0.039007 0.048733
0 0.468676 0.791423 0.034279 0.046784
0 0.525414 0.300195 0.043735 0.038986
0 0.468676 0.841131 0.036643 0.052632
0 0.741135 0.741715 0.035461 0.056530
0 0.080969 0.746589 0.039007 0.050682
0 0.192080 0.692982 0.036643 0.052632
0 0.850473 0.591618 0.034279 0.044834
0 0.739953 0.297271 0.035461 0.048733
0 0.080969 0.097466 0.039007 0.054581
0 0.468676 0.743665 0.034279 0.048733
0 0.795508 0.243665 0.033097 0.050682
0 0.524232 0.221248 0.043735 0.048733
0 0.411939 0.092593 0.036643 0.056530
0 0.576832 0.642300 0.037825 0.052632
0 0.852837 0.792398 0.036643 0.048733
0 0.904846 0.591618 0.036643 0.044834
0 0.741726 0.841131 0.039007 0.052632
0 0.300236 0.449318 0.037825 0.056530
0 0.082742 0.797271 0.040189 0.058480
0 0.578014 0.593567 0.035461 0.048733
0 0.190898 0.250487 0.031915 0.044834
0 0.958038 0.200780 0.039007 0.050682
0 0.741135 0.589669 0.035461 0.048733
0 0.848109 0.392788 0.036643 0.048733
0 0.247636 0.595517 0.031915 0.044834
0 0.902482 0.293372 0.039007 0.056530
0 0.468676 0.646199 0.036643 0.048733
0 0.848109 0.096491 0.036643 0.056530
0 0.080969 0.250487 0.034279 0.048733
0 0.523050 0.067251 0.043735 0.044834
0 0.082151 0.648148 0.041371 0.052632
0 0.081560 0.397661 0.035461 0.046784
0 0.081560 0.347953 0.037825 0.052632
0 0.082151 0.698830 0.039007 0.048733
0 0.851655 0.842105 0.039007 0.050682
0 0.905437 0.743665 0.040189 0.048733
0 0.576241 0.201754 0.039007 0.056530
0 0.246454 0.698830 0.039007 0.056530
0 0.083333 0.499025 0.039007 0.050682
0 0.300236 0.149123 0.040189 0.048733
0 0.192080 0.648148 0.034279 0.044834
0 0.848700 0.147173 0.033097 0.048733
0 0.739953 0.543860 0.035461 0.046784
0 0.905437 0.843080 0.040189 0.056530
0 0.080378 0.298246 0.035461 0.050682
0 0.576832 0.395712 0.035461 0.042885
0 0.192080 0.039961 0.036643 0.056530
0 0.136525 0.697856 0.039007 0.050682
0 0.738771 0.143275 0.035461 0.052632
0 0.956856 0.147173 0.039007 0.052632
0 0.740544 0.640351 0.039007 0.052632
0 0.192671 0.845029 0.040189 0.048733
0 0.524232 0.263158 0.046099 0.038986
0 0.523050 0.187135 0.043735 0.035088
0 0.795508 0.192982 0.037825 0.035088
0 0.536643 0.751462 0.021277 0.025341
0 0.523050 0.435673 0.041371 0.037037
0 0.535461 0.722222 0.021277 0.033138
0 0.247636 0.199805 0.034279 0.048733
0 0.577423 0.544834 0.036643 0.048733
0 0.741135 0.397661 0.037825 0.050682
0 0.136525 0.548733 0.039007 0.048733
0 0.521277 0.386940 0.042553 0.052632
0 0.739953 0.447368 0.040189 0.048733
0 0.411939 0.248538 0.036643 0.056530
0 0.357565 0.038012 0.036643 0.056530
0 0.192080 0.446394 0.034279 0.046784
0 0.849291 0.344055 0.036643 0.048733
0 0.412530 0.149123 0.037825 0.052632
0 0.136525 0.451267 0.036643 0.052632
0 0.190898 0.095517 0.039007 0.050682
0 0.136525 0.249513 0.036643 0.050682
0 0.467494 0.497076 0.034279 0.046784
0 0.849291 0.295322 0.036643 0.048733
0 0.245863 0.644250 0.035461 0.052632
0 0.136525 0.096491 0.039007 0.052632
0 0.301418 0.347953 0.040189 0.052632
0 0.136525 0.149123 0.039007 0.056530
0 0.138889 0.041910 0.039007 0.056530
0 0.521868 0.144250 0.043735 0.046784
0 0.190898 0.598441 0.034279 0.046784
0 0.301418 0.098441 0.040189 0.052632
0 0.466312 0.094542 0.034279 0.044834
0 0.794326 0.395712 0.035461 0.046784
0 0.303783 0.041910 0.040189 0.060429
0 0.739953 0.344055 0.037825 0.052632
0 0.795508 0.296296 0.037825 0.054581
0 0.300827 0.246589 0.041371 0.048733
0 0.630024 0.098441 0.035461 0.052632
0 0.852837 0.744639 0.034279 0.046784
0 0.192080 0.744639 0.039007 0.046784
0 0.136525 0.499025 0.036643 0.050682
0 0.356974 0.094542 0.033097 0.052632
0 0.577423 0.496101 0.036643 0.052632
0 0.300236 0.297271 0.035461 0.048733
0 0.848109 0.038012 0.036643 0.060429
0 0.576241 0.694932 0.039007 0.056530
0 0.247636 0.247563 0.036643 0.042885
0 0.576241 0.251462 0.034279 0.042885
0 0.683215 0.252437 0.035461 0.048733
0 0.467494 0.345029 0.034279 0.046784
0 0.849291 0.544834 0.036643 0.052632
0 0.246454 0.041910 0.039007 0.060429
0 0.246454 0.147173 0.036643 0.052632
0 0.246454 0.295322 0.039007 0.052632
0 0.189716 0.496101 0.036643 0.052632
0 0.900118 0.039961 0.039007 0.056530
0 0.246454 0.347953 0.039007 0.048733
0 0.247636 0.397661 0.039007 0.050682
0 0.958038 0.039961 0.041371 0.056530
0 0.576241 0.096491 0.036643 0.056530
0 0.136525 0.301170 0.034279 0.052632
0 0.901300 0.098441 0.039007 0.052632
0 0.136525 0.400585 0.039007 0.052632
0 0.468676 0.595517 0.039007 0.052632
0 0.247636 0.096491 0.039007 0.052632
0 0.358156 0.149123 0.035461 0.052632
0 0.901300 0.151072 0.036643 0.052632
0 0.136525 0.347953 0.036643 0.048733
0 0.737589 0.038012 0.037825 0.056530
0 0.247636 0.447368 0.039007 0.048733
0 0.578605 0.443470 0.034279 0.048733
0 0.631206 0.198830 0.035461 0.046784
0 0.465130 0.447368 0.036643 0.048733
0 0.630024 0.038012 0.037825 0.060429
0 0.795508 0.447368 0.037825 0.052632
0 0.247636 0.545809 0.036643 0.050682
0 0.466312 0.197856 0.036643 0.048733
0 0.467494 0.245614 0.039007 0.050682
0 0.576241 0.041910 0.034279 0.056530
0 0.630024 0.149123 0.035461 0.052632
0 0.851655 0.644250 0.039007 0.056530
0 0.192080 0.548733 0.039007 0.052632
0 0.356974 0.201754 0.037825 0.056530
0 0.466312 0.039961 0.039007 0.056530
0 0.467494 0.296296 0.039007 0.050682
0 0.467494 0.545809 0.039007 0.050682
0 0.189716 0.299220 0.036643 0.052632
0 0.192080 0.199805 0.039007 0.052632
0 0.739953 0.245614 0.037825 0.054581
0 0.190898 0.399610 0.034279 0.046784
0 0.684397 0.199805 0.035461 0.056530
0 0.192080 0.148148 0.039007 0.054581
0 0.577423 0.347953 0.036643 0.048733
0 0.576241 0.147173 0.036643 0.048733
0 0.466312 0.143275 0.039007 0.052632
0 0.190898 0.349903 0.034279 0.052632
0 0.577423 0.298246 0.034279 0.050682
0 0.632388 0.250487 0.040189 0.052632
0 0.737589 0.196881 0.033097 0.046784
0 0.466312 0.393762 0.039007 0.054581
0 0.849291 0.442495 0.039007 0.050682
0 0.136525 0.201754 0.034279 0.052632
0 0.848109 0.246589 0.036643 0.052632
0 0.412530 0.196881 0.035461 0.046784
0 0.082742 0.598441 0.040189 0.050682
0 0.137707 0.597466 0.039007 0.052632
0 0.902482 0.203704 0.034279 0.048733
0 0.136525 0.749513 0.041371 0.056530
0 0.849291 0.496101 0.036643 0.052632
0 0.082151 0.545809 0.039007 0.046784
0 0.245863 0.497076 0.035461 0.046784
0 0.082151 0.200780 0.039007 0.050682
0 0.849291 0.197856 0.034279 0.048733
0 0.795508 0.347953 0.040189 0.048733
0 0.741135 0.496101 0.037825 0.052632
0 0.080969 0.038012 0.039007 0.056530
0 0.082151 0.147173 0.039007 0.048733
0 0.902482 0.346004 0.039007 0.052632
0 0.136525 0.648148 0.039007 0.048733
0 0.080969 0.449318 0.039007 0.052632
0 0.301418 0.397661 0.037825 0.046784
0 0.851655 0.694932 0.034279 0.052632
0 0.906028 0.641326 0.039007 0.058480
