0 0.244019 0.189850 0.038278 0.048872
0 0.244019 0.812030 0.035885 0.045113
0 0.856459 0.718045 0.038278 0.048872
0 0.078349 0.240602 0.039474 0.045113
0 0.578947 0.765977 0.033493 0.046992
0 0.911483 0.523496 0.040670 0.054511
0 0.967703 0.523496 0.038278 0.050752
0 0.855263 0.523496 0.035885 0.050752
0 0.133373 0.477444 0.039474 0.048872
0 0.910287 0.621241 0.035885 0.043233
0 0.910885 0.666353 0.039474 0.050752
0 0.410885 0.286654 0.034689 0.050752
0 0.300239 0.139098 0.035885 0.056391
0 0.857057 0.669173 0.034689 0.045113
0 0.910287 0.240602 0.038278 0.045113
0 0.077153 0.525376 0.037081 0.043233
0 0.132177 0.426692 0.039474 0.048872
0 0.633971 0.765977 0.040670 0.050752
0 0.967703 0.569549 0.035885 0.045113
0 0.910885 0.572368 0.037081 0.046992
0 0.910885 0.718045 0.039474 0.048872
0 0.523923 0.265977 0.045455 0.046992
0 0.633373 0.954887 0.041866 0.052632
0 0.635167 0.477444 0.038278 0.045113
0 0.133971 0.237782 0.035885 0.043233
0 0.964115 0.140977 0.038278 0.045113
0 0.355861 0.860902 0.039474 0.045113
0 0.855263 0.572368 0.035885 0.043233
0 0.412081 0.906955 0.034689 0.050752
0 0.412081 0.380639 0.034689 0.043233
0 0.189593 0.189850 0.034689 0.048872
0 0.132177 0.811090 0.034689 0.043233
0 0.966507 0.243421 0.035885 0.046992
0 0.410885 0.575188 0.037081 0.045113
0 0.355861 0.671053 0.037081 0.048872
0 0.245215 0.480263 0.035885 0.046992
0 0.966507 0.380639 0.035885 0.046992
0 0.521531 0.191729 0.047847 0.045113
0 0.635167 0.714286 0.038278 0.048872
0 0.523923 0.115602 0.050239 0.039474
0 0.577751 0.860902 0.035885 0.045113
0 0.800837 0.380639 0.034689 0.043233
0 0.133373 0.954887 0.039474 0.052632
0 0.580144 0.668233 0.038278 0.043233
0 0.412081 0.809211 0.032297 0.046992
0 0.633971 0.906015 0.035885 0.045113
0 0.355861 0.906015 0.039474 0.045113
0 0.912679 0.855263 0.035885 0.052632
0 0.078349 0.478383 0.039474 0.050752
0 0.078349 0.429511 0.034689 0.046992
0 0.188397 0.289474 0.037081 0.048872
0 0.800837 0.286654 0.039474 0.046992
0 0.522727 0.077068 0.047847 0.037594
0 0.133373 0.906955 0.041866 0.043233
0 0.577751 0.480263 0.038278 0.046992
0 0.967703 0.334586 0.038278 0.045113
0 0.911483 0.765977 0.040670 0.046992
0 0.523923 0.306391 0.045455 0.037594
0 0.524522 0.227444 0.044258 0.037594
0 0.537679 0.763158 0.027512 0.041353
0 0.912679 0.954887 0.040670 0.048872
0 0.075957 0.908835 0.037081 0.050752
0 0.522727 0.151316 0.050239 0.031955
0 0.912679 0.906015 0.035885 0.048872
0 0.078349 0.765977 0.041866 0.028195
0 0.578947 0.523496 0.040670 0.031955
0 0.911483 0.809211 0.035885 0.039474
0 0.910885 0.334586 0.039474 0.026316
0 0.522727 0.478383 0.043062 0.035714
0 0.077153 0.859962 0.039474 0.043233
0 0.133373 0.526316 0.037081 0.048872
0 0.633971 0.812030 0.040670 0.052632
0 0.523923 0.340226 0.045455 0.041353
0 0.578947 0.812030 0.033493 0.048872
0 0.412081 0.763158 0.032297 0.041353
0 0.357057 0.719925 0.039474 0.045113
0 0.079545 0.138158 0.039474 0.062030
0 0.967703 0.286654 0.038278 0.046992
0 0.633971 0.862782 0.040670 0.045113
0 0.580144 0.911654 0.038278 0.048872
0 0.132177 0.572368 0.039474 0.046992
0 0.078349 0.286654 0.041866 0.050752
0 0.910287 0.475564 0.035885 0.045113
0 0.577751 0.718045 0.033493 0.048872
0 0.577751 0.337406 0.035885 0.046992
0 0.964713 0.087406 0.039474 0.058271
0 0.078947 0.959586 0.038278 0.054511
0 0.356459 0.138158 0.035885 0.054511
0 0.578947 0.623120 0.040670 0.050752
0 0.355861 0.428571 0.037081 0.048872
0 0.354665 0.189850 0.037081 0.045113
0 0.855861 0.240602 0.037081 0.052632
0 0.633971 0.191729 0.035885 0.048872
0 0.633971 0.143797 0.038278 0.050752
0 0.413278 0.428571 0.037081 0.048872
0 0.242823 0.666353 0.038278 0.046992
0 0.355861 0.380639 0.034689 0.046992
0 0.187799 0.240602 0.035885 0.048872
0 0.855861 0.383459 0.037081 0.048872
0 0.355861 0.286654 0.039474 0.050752
0 0.856459 0.620301 0.038278 0.052632
0 0.688995 0.194549 0.035885 0.050752
0 0.688995 0.087406 0.035885 0.054511
0 0.855861 0.429511 0.037081 0.050752
0 0.132177 0.621241 0.041866 0.050752
0 0.910885 0.377820 0.039474 0.052632
0 0.854665 0.191729 0.034689 0.045113
0 0.636364 0.575188 0.038278 0.048872
0 0.355861 0.237782 0.037081 0.046992
0 0.577751 0.383459 0.035885 0.045113
0 0.467105 0.087406 0.037081 0.054511
0 0.244019 0.715226 0.038278 0.046992
0 0.688397 0.140977 0.039474 0.052632
0 0.133373 0.858083 0.039474 0.050752
0 0.799641 0.337406 0.039474 0.050752
0 0.357057 0.575188 0.039474 0.048872
0 0.135766 0.087406 0.041866 0.046992
0 0.357057 0.332707 0.034689 0.045113
0 0.301435 0.237782 0.038278 0.050752
0 0.075957 0.621241 0.039474 0.050752
0 0.744019 0.194549 0.038278 0.046992
0 0.133373 0.283835 0.037081 0.052632
0 0.578947 0.432331 0.035885 0.048872
0 0.910287 0.192669 0.038278 0.050752
0 0.245215 0.429511 0.040670 0.054511
0 0.077153 0.812030 0.041866 0.052632
0 0.244019 0.237782 0.038278 0.050752
0 0.132177 0.718045 0.041866 0.045113
0 0.078349 0.380639 0.039474 0.046992
0 0.412081 0.529135 0.039474 0.050752
0 0.965311 0.192669 0.040670 0.050752
0 0.855861 0.291353 0.037081 0.048872
0 0.356459 0.478383 0.035885 0.050752
0 0.244019 0.087406 0.040670 0.054511
0 0.244617 0.620301 0.034689 0.045113
0 0.800837 0.429511 0.037081 0.054511
0 0.413278 0.191729 0.037081 0.048872
0 0.967703 0.620301 0.038278 0.052632
0 0.357057 0.526316 0.039474 0.045113
0 0.633971 0.090226 0.038278 0.052632
0 0.244019 0.765977 0.035885 0.046992
0 0.135167 0.187030 0.035885 0.050752
0 0.910885 0.140977 0.039474 0.052632
0 0.245215 0.858083 0.040670 0.050752
0 0.077153 0.719925 0.039474 0.052632
0 0.244019 0.572368 0.038278 0.046992
0 0.577751 0.569549 0.038278 0.052632
0 0.742823 0.143797 0.035885 0.050752
0 0.357057 0.812030 0.039474 0.052632
0 0.132177 0.765977 0.039474 0.046992
0 0.910885 0.429511 0.037081 0.046992
0 0.132177 0.669173 0.039474 0.048872
0 0.635167 0.383459 0.038278 0.048872
0 0.245215 0.334586 0.040670 0.052632
0 0.522727 0.423872 0.043062 0.054511
0 0.577751 0.291353 0.035885 0.048872
0 0.079545 0.191729 0.039474 0.045113
0 0.800837 0.194549 0.037081 0.050752
0 0.634569 0.526316 0.039474 0.048872
0 0.077153 0.669173 0.039474 0.048872
0 0.410885 0.669173 0.034689 0.048872
0 0.078349 0.334586 0.039474 0.045113
0 0.412081 0.477444 0.039474 0.048872
0 0.633971 0.291353 0.033493 0.045113
0 0.634569 0.432331 0.039474 0.045113
0 0.635167 0.620301 0.038278 0.048872
0 0.802033 0.239662 0.037081 0.043233
0 0.244019 0.138158 0.040670 0.050752
0 0.188995 0.138158 0.035885 0.054511
0 0.357057 0.763158 0.039474 0.045113
0 0.134569 0.335526 0.037081 0.050752
0 0.633971 0.669173 0.035885 0.048872
0 0.635167 0.337406 0.035885 0.046992
0 0.910287 0.291353 0.040670 0.056391
0 0.910287 0.087406 0.038278 0.054511
0 0.413278 0.718045 0.037081 0.048872
0 0.135766 0.138158 0.039474 0.050752
0 0.800837 0.140977 0.037081 0.052632
0 0.357057 0.623120 0.034689 0.046992
0 0.302033 0.285714 0.039474 0.048872
0 0.244019 0.959586 0.043062 0.050752
0 0.244019 0.908835 0.040670 0.046992
0 0.855861 0.337406 0.037081 0.043233
0 0.244019 0.286654 0.035885 0.046992
0 0.413278 0.957707 0.039474 0.050752
0 0.855861 0.140977 0.037081 0.052632
0 0.077153 0.572368 0.039474 0.046992
0 0.355861 0.954887 0.039474 0.052632
0 0.800837 0.090226 0.037081 0.052632
0 0.410885 0.334586 0.034689 0.048872
0 0.800837 0.480263 0.037081 0.050752
0 0.410885 0.855263 0.034689 0.048872
0 0.412081 0.623120 0.034689 0.046992
0 0.133373 0.380639 0.034689 0.046992
0 0.467105 0.189850 0.034689 0.045113
0 0.966507 0.428571 0.035885 0.048872
0 0.299043 0.189850 0.040670 0.045113
0 0.965311 0.477444 0.038278 0.045113
0 0.244019 0.382519 0.038278 0.043233
0 0.244019 0.526316 0.038278 0.052632
0 0.855861 0.478383 0.037081 0.043233
0 0.580144 0.237782 0.038278 0.054511
0 0.410885 0.138158 0.039474 0.054511
0 0.744019 0.090226 0.040670 0.052632
0 0.412081 0.237782 0.034689 0.046992
0 0.412081 0.082707 0.041866 0.052632
0 0.468301 0.138158 0.039474 0.050752
0 0.633971 0.242481 0.035885 0.048872
