0 0.611026 0.604853 0.030628 0.034662
0 0.766462 0.682842 0.029096 0.034662
0 0.876723 0.563258 0.041348 0.041594
0 0.640888 0.768631 0.032159 0.032929
0 0.609495 0.562392 0.027565 0.039861
0 0.344564 0.359619 0.039816 0.036395
0 0.811639 0.888215 0.045942 0.039861
0 0.280245 0.563258 0.039816 0.034662
0 0.767228 0.726170 0.030628 0.038128
0 0.467841 0.684575 0.041348 0.041594
0 0.735835 0.521664 0.032159 0.034662
0 0.465544 0.559792 0.039816 0.038128
0 0.152374 0.688042 0.041348 0.041594
0 0.088055 0.277296 0.041348 0.038128
0 0.937979 0.399480 0.041348 0.039861
0 0.609495 0.805026 0.033691 0.036395
0 0.565084 0.681976 0.036753 0.039861
0 0.279479 0.440208 0.041348 0.034662
0 0.344564 0.727036 0.039816 0.036395
0 0.215161 0.726170 0.038285 0.034662
0 0.936447 0.319757 0.041348 0.039861
0 0.343798 0.399480 0.041348 0.043328
0 0.766462 0.768631 0.032159 0.036395
0 0.640888 0.646447 0.032159 0.034662
0 0.564319 0.233969 0.038285 0.038128
0 0.703675 0.279896 0.032159 0.039861
0 0.673813 0.237435 0.027565 0.034662
0 0.813170 0.850087 0.039816 0.039861
0 0.876723 0.318891 0.041348 0.038128
0 0.344564 0.646447 0.039816 0.034662
0 0.216692 0.441941 0.041348 0.034662
0 0.810107 0.807626 0.039816 0.038128
0 0.688361 0.318024 0.041348 0.036395
0 0.345329 0.236568 0.041348 0.039861
0 0.609495 0.685442 0.027565 0.036395
0 0.704441 0.240035 0.030628 0.036395
0 0.627106 0.360485 0.038285 0.034662
0 0.467841 0.766898 0.041348 0.039861
0 0.153905 0.441941 0.041348 0.034662
0 0.936447 0.686308 0.041348 0.041594
0 0.465544 0.727036 0.042879 0.039861
0 0.407351 0.729636 0.036753 0.034662
0 0.640888 0.480936 0.032159 0.032929
0 0.085758 0.315425 0.039816 0.041594
0 0.564319 0.277296 0.035222 0.034662
0 0.215161 0.561525 0.041348 0.034662
0 0.937979 0.521664 0.041348 0.041594
0 0.150842 0.805026 0.041348 0.043328
0 0.937979 0.480936 0.041348 0.043328
0 0.686830 0.844887 0.038285 0.032929
0 0.088055 0.606586 0.041348 0.041594
0 0.342266 0.850087 0.041348 0.039861
0 0.150842 0.846620 0.041348 0.039861
0 0.812404 0.238302 0.041348 0.039861
0 0.086524 0.727903 0.041348 0.041594
0 0.153905 0.276430 0.041348 0.039861
0 0.686064 0.809359 0.039816 0.034662
0 0.937979 0.603120 0.041348 0.034662
0 0.609495 0.766898 0.033691 0.039861
0 0.088055 0.648180 0.041348 0.041594
0 0.516080 0.181976 0.036753 0.034662
0 0.937979 0.279029 0.041348 0.041594
0 0.153905 0.317158 0.038285 0.034662
0 0.215161 0.891681 0.041348 0.039861
0 0.345329 0.277296 0.038285 0.038128
0 0.521440 0.762565 0.026034 0.031196
0 0.279479 0.809359 0.044410 0.041594
0 0.215926 0.601386 0.042879 0.045061
0 0.937213 0.885615 0.039816 0.041594
0 0.346861 0.196707 0.041348 0.025997
0 0.561256 0.885615 0.041348 0.024263
0 0.514548 0.380416 0.030628 0.036395
0 0.567381 0.195841 0.038285 0.024263
0 0.516080 0.218371 0.036753 0.034662
0 0.750383 0.360485 0.042879 0.041594
0 0.688361 0.564991 0.041348 0.041594
0 0.405819 0.359619 0.042879 0.043328
0 0.468606 0.280763 0.039816 0.041594
0 0.624809 0.319757 0.042879 0.039861
0 0.516080 0.161179 0.036753 0.006932
0 0.344564 0.890815 0.042879 0.045061
0 0.564319 0.316291 0.041348 0.043328
0 0.279479 0.894281 0.038285 0.045061
0 0.516080 0.302426 0.036753 0.046794
0 0.515314 0.341421 0.032159 0.034662
0 0.813936 0.523397 0.041348 0.038128
0 0.408116 0.689775 0.041348 0.041594
0 0.640123 0.606586 0.033691 0.041594
0 0.408882 0.522530 0.042879 0.039861
0 0.689127 0.480936 0.042879 0.043328
0 0.153905 0.359619 0.044410 0.046794
0 0.688361 0.440208 0.041348 0.034662
0 0.687596 0.642981 0.036753 0.041594
0 0.564319 0.359619 0.041348 0.039861
0 0.343032 0.606586 0.042879 0.041594
0 0.812404 0.359619 0.041348 0.039861
0 0.152374 0.564991 0.041348 0.041594
0 0.813170 0.480936 0.039816 0.039861
0 0.279479 0.358752 0.041348 0.041594
0 0.766462 0.564991 0.032159 0.038128
0 0.627106 0.237435 0.041348 0.041594
0 0.767228 0.519931 0.030628 0.038128
0 0.688361 0.399480 0.041348 0.036395
0 0.813170 0.439341 0.039816 0.039861
0 0.562021 0.768631 0.039816 0.039861
0 0.751149 0.319757 0.041348 0.039861
0 0.877489 0.480069 0.039816 0.041594
0 0.686064 0.768631 0.036753 0.039861
0 0.215161 0.686308 0.041348 0.041594
0 0.465544 0.360485 0.039816 0.041594
0 0.563553 0.640381 0.036753 0.039861
0 0.280245 0.522530 0.042879 0.039861
0 0.686064 0.883882 0.039816 0.041594
0 0.564319 0.523397 0.041348 0.038128
0 0.812404 0.643847 0.041348 0.039861
0 0.642420 0.564991 0.032159 0.038128
0 0.405819 0.441941 0.042879 0.041594
0 0.687596 0.726170 0.036753 0.038128
0 0.408116 0.237435 0.041348 0.041594
0 0.625574 0.278163 0.041348 0.039861
0 0.687596 0.359619 0.045942 0.039861
0 0.344564 0.523397 0.042879 0.038128
0 0.750383 0.234835 0.039816 0.039861
0 0.640123 0.688042 0.033691 0.038128
0 0.565084 0.724437 0.042879 0.041594
0 0.406585 0.564991 0.041348 0.038128
0 0.465544 0.401213 0.039816 0.039861
0 0.686064 0.525130 0.039816 0.038128
0 0.468606 0.603120 0.042879 0.041594
0 0.406585 0.604853 0.041348 0.041594
0 0.642420 0.806759 0.032159 0.039861
0 0.467841 0.238302 0.038285 0.039861
0 0.215161 0.317158 0.041348 0.041594
0 0.812404 0.727903 0.041348 0.041594
0 0.876723 0.645581 0.041348 0.039861
0 0.813936 0.319757 0.041348 0.039861
0 0.640888 0.441075 0.032159 0.039861
0 0.278714 0.727903 0.042879 0.034662
0 0.215161 0.766898 0.041348 0.039861
0 0.813936 0.684575 0.041348 0.038128
0 0.937979 0.359619 0.041348 0.039861
0 0.564319 0.602253 0.041348 0.025997
0 0.280245 0.604853 0.042879 0.041594
0 0.937979 0.847487 0.041348 0.041594
0 0.750383 0.279896 0.039816 0.043328
0 0.467841 0.844887 0.041348 0.039861
0 0.516080 0.143847 0.036753 0.031196
0 0.767228 0.483536 0.030628 0.031196
0 0.735835 0.601386 0.032159 0.038128
0 0.085758 0.401213 0.045942 0.039861
0 0.086524 0.808492 0.041348 0.032929
0 0.279479 0.850953 0.041348 0.034662
0 0.088055 0.520797 0.041348 0.036395
0 0.516080 0.110919 0.036753 0.031196
0 0.736600 0.482669 0.027565 0.032929
0 0.086524 0.889948 0.044410 0.032929
0 0.281011 0.276430 0.041348 0.039861
0 0.215161 0.851820 0.041348 0.039861
0 0.088055 0.440208 0.041348 0.034662
0 0.874426 0.887348 0.042879 0.038128
0 0.937979 0.803293 0.041348 0.039861
0 0.216692 0.276430 0.041348 0.036395
0 0.609495 0.441941 0.027565 0.038128
0 0.086524 0.480069 0.044410 0.041594
0 0.735069 0.766898 0.030628 0.036395
0 0.640888 0.399480 0.032159 0.032929
0 0.088055 0.688042 0.041348 0.038128
0 0.874426 0.846620 0.042879 0.039861
0 0.088055 0.848354 0.041348 0.043328
0 0.342266 0.807626 0.038285 0.041594
0 0.562787 0.850087 0.038285 0.036395
0 0.152374 0.233969 0.041348 0.038128
0 0.675345 0.276430 0.027565 0.036395
0 0.087289 0.767764 0.042879 0.038128
0 0.468606 0.887348 0.039816 0.041594
0 0.767228 0.805026 0.030628 0.036395
0 0.150842 0.603120 0.038285 0.038128
0 0.735069 0.886482 0.033691 0.036395
0 0.766462 0.885615 0.032159 0.034662
0 0.150842 0.765165 0.041348 0.032929
0 0.153905 0.402080 0.038285 0.034662
0 0.876723 0.278163 0.041348 0.039861
0 0.812404 0.279029 0.041348 0.041594
0 0.937979 0.765165 0.041348 0.039861
0 0.279479 0.400347 0.041348 0.038128
0 0.643185 0.523397 0.030628 0.034662
0 0.766462 0.847487 0.032159 0.034662
0 0.813170 0.601386 0.039816 0.034662
0 0.734303 0.561525 0.029096 0.038128
0 0.735069 0.848354 0.030628 0.039861
0 0.937979 0.724437 0.041348 0.041594
0 0.467075 0.523397 0.036753 0.034662
0 0.734303 0.806759 0.035222 0.039861
0 0.087289 0.357886 0.042879 0.043328
0 0.766462 0.603120 0.032159 0.034662
0 0.876723 0.766898 0.041348 0.036395
0 0.212864 0.808492 0.042879 0.043328
0 0.877489 0.238302 0.039816 0.043328
0 0.610260 0.399480 0.026034 0.032929
0 0.468606 0.807626 0.039816 0.038128
0 0.609495 0.483536 0.027565 0.034662
0 0.467075 0.483536 0.036753 0.038128
0 0.152374 0.480069 0.038285 0.034662
0 0.937979 0.237435 0.041348 0.041594
0 0.735835 0.685442 0.032159 0.036395
0 0.750383 0.438475 0.039816 0.034662
0 0.343798 0.319757 0.038285 0.039861
0 0.877489 0.521664 0.039816 0.041594
0 0.088055 0.559792 0.041348 0.041594
0 0.607963 0.644714 0.030628 0.038128
0 0.687596 0.603120 0.036753 0.038128
0 0.876723 0.684575 0.041348 0.041594
0 0.875191 0.805893 0.044410 0.041594
0 0.215161 0.481802 0.041348 0.038128
0 0.408882 0.279896 0.042879 0.039861
0 0.812404 0.768631 0.041348 0.039861
0 0.767228 0.644714 0.030628 0.034662
0 0.150842 0.888215 0.044410 0.043328
0 0.611026 0.519931 0.030628 0.038128
0 0.734303 0.645581 0.032159 0.039861
0 0.216692 0.399480 0.041348 0.039861
0 0.562021 0.807626 0.042879 0.041594
0 0.642420 0.726170 0.032159 0.038128
0 0.343032 0.766898 0.042879 0.039861
0 0.343032 0.480936 0.042879 0.039861
0 0.939510 0.441941 0.041348 0.038128
0 0.468606 0.320624 0.036753 0.034662
0 0.216692 0.233969 0.041348 0.048527
0 0.405819 0.645581 0.039816 0.039861
0 0.088055 0.233969 0.041348 0.048527
0 0.215161 0.523397 0.041348 0.045061
0 0.153905 0.523397 0.038285 0.038128
0 0.150842 0.642981 0.041348 0.041594
0 0.408882 0.772097 0.042879 0.043328
0 0.467841 0.644714 0.041348 0.038128
0 0.562021 0.561525 0.039816 0.038128
0 0.150842 0.729636 0.044410 0.041594
0 0.565084 0.441941 0.039816 0.034662
0 0.936447 0.643847 0.041348 0.043328
0 0.465544 0.441075 0.039816 0.036395
0 0.811639 0.564991 0.036753 0.041594
0 0.215926 0.646447 0.039816 0.034662
0 0.344564 0.684575 0.039816 0.038128
0 0.280245 0.768631 0.042879 0.039861
0 0.876723 0.603986 0.041348 0.039861
0 0.874426 0.357886 0.039816 0.039861
0 0.875191 0.399480 0.038285 0.039861
0 0.735835 0.727036 0.032159 0.039861
0 0.280245 0.480069 0.042879 0.041594
0 0.686830 0.684575 0.038285 0.041594
0 0.751149 0.399480 0.041348 0.036395
0 0.215161 0.357886 0.041348 0.039861
0 0.281011 0.317158 0.041348 0.038128
0 0.564319 0.480936 0.041348 0.039861
0 0.609495 0.725303 0.033691 0.039861
0 0.565084 0.402080 0.039816 0.041594
0 0.406585 0.401213 0.041348 0.036395
0 0.343798 0.441075 0.041348 0.039861
0 0.343032 0.561525 0.042879 0.038128
0 0.877489 0.441941 0.042879 0.038128
0 0.405819 0.483536 0.042879 0.038128
0 0.812404 0.400347 0.041348 0.038128
0 0.937979 0.561525 0.041348 0.041594
0 0.875957 0.726170 0.045942 0.041594
0 0.280245 0.645581 0.042879 0.039861
0 0.281011 0.235702 0.041348 0.041594
0 0.405819 0.318891 0.039816 0.038128
0 0.280245 0.687175 0.042879 0.039861
