0 0.470370 0.276043 0.045521 0.042347
0 0.621349 0.235506 0.036362 0.036312
0 0.480343 0.343638 0.048167 0.046270
0 0.485584 0.371450 0.050575 0.048584
0 0.547998 0.728961 0.025135 0.037268
0 0.803042 0.310643 0.026695 0.040838
0 0.460397 0.208449 0.049863 0.043756
0 0.121892 0.438820 0.037414 0.050444
0 0.850039 0.636897 0.026458 0.039229
0 0.327805 0.759063 0.038262 0.049187
0 0.829160 0.217852 0.038499 0.050797
0 0.782657 0.615749 0.037889 0.053663
0 0.464417 0.243403 0.049829 0.057536
0 0.856705 0.674365 0.031512 0.045465
0 0.368983 0.317360 0.038873 0.046320
0 0.193414 0.846499 0.028018 0.042800
0 0.281893 0.432457 0.041620 0.057938
0 0.077898 0.495250 0.042706 0.058290
0 0.199774 0.885753 0.029341 0.044761
0 0.455649 0.176261 0.049116 0.052708
0 0.476086 0.307074 0.047183 0.053613
0 0.506750 0.526479 0.036939 0.047226
0 0.071605 0.452601 0.036702 0.045616
0 0.450543 0.141659 0.051050 0.051802
0 0.578067 0.296764 0.035616 0.045264
0 0.535158 0.352841 0.038737 0.052406
0 0.129270 0.481117 0.037651 0.052054
0 0.365336 0.277226 0.040060 0.054367
0 0.616617 0.195724 0.038974 0.054015
0 0.581070 0.679447 0.038974 0.054015
0 0.112667 0.738620 0.042231 0.055072
0 0.325769 0.375223 0.036566 0.051702
0 0.610087 0.151466 0.039687 0.058843
0 0.776602 0.574709 0.037177 0.048835
0 0.832587 0.599554 0.037414 0.050444
0 0.528984 0.310997 0.038262 0.049187
0 0.868066 0.119226 0.036329 0.050092
0 0.522692 0.268348 0.037278 0.056530
0 0.770072 0.530451 0.038364 0.056882
0 0.875325 0.160718 0.038974 0.054015
0 0.066399 0.409600 0.042231 0.055072
0 0.320665 0.718375 0.038974 0.054015
0 0.735660 0.289495 0.038126 0.055273
0 0.275720 0.390613 0.038025 0.047578
0 0.169127 0.766683 0.037651 0.052054
0 0.575981 0.637250 0.038974 0.054015
0 0.823648 0.176636 0.037651 0.052054
0 0.270734 0.734570 0.041145 0.054719
0 0.226316 0.791980 0.039347 0.049539
0 0.790797 0.397249 0.026695 0.040838
0 0.811030 0.349369 0.026458 0.039229
0 0.785522 0.357643 0.025372 0.038877
0 0.826176 0.556100 0.037889 0.053663
0 0.318934 0.332750 0.037889 0.053663
0 0.573097 0.255372 0.038974 0.054015
0 0.817085 0.390409 0.027170 0.044057
0 0.276908 0.776414 0.041145 0.054719
0 0.568248 0.592540 0.039449 0.057234
0 0.317391 0.673061 0.039687 0.058843
0 0.862266 0.072202 0.039924 0.060453
0 0.119078 0.782073 0.042231 0.055072
0 0.729367 0.246847 0.039585 0.051149
0 0.162716 0.723229 0.040297 0.055977
0 0.125913 0.824546 0.043079 0.053814
0 0.224704 0.407160 0.036329 0.050092
0 0.175538 0.810136 0.042468 0.056681
0 0.178539 0.464294 0.038974 0.054015
0 0.427258 0.342305 0.039347 0.049539
0 0.669651 0.219839 0.038126 0.055273
0 0.420423 0.299833 0.039449 0.057234
0 0.433313 0.383345 0.040535 0.057586
0 0.816694 0.133359 0.037041 0.054921
0 0.683134 0.307375 0.039449 0.057234
0 0.772276 0.190769 0.037889 0.053663
0 0.229673 0.448551 0.038737 0.052406
0 0.313727 0.289749 0.038126 0.055273
0 0.820851 0.512295 0.037889 0.053663
0 0.676062 0.263293 0.037651 0.052054
0 0.167820 0.380077 0.040060 0.054367
0 0.267986 0.345902 0.039449 0.057234
0 0.627946 0.276369 0.040535 0.057586
0 0.785403 0.275891 0.036803 0.053311
0 0.213613 0.705878 0.040060 0.054367
0 0.358332 0.229749 0.041247 0.062414
0 0.723194 0.205002 0.040535 0.057586
0 0.220024 0.749331 0.040060 0.054367
0 0.375038 0.358400 0.042706 0.058290
0 0.264086 0.689507 0.041145 0.054719
0 0.500509 0.488030 0.045012 0.052909
0 0.172365 0.422449 0.038974 0.054015
0 0.494759 0.445205 0.046810 0.058089
0 0.116566 0.395015 0.042706 0.058290
0 0.218174 0.362902 0.039212 0.055625
0 0.566330 0.209505 0.039687 0.058843
0 0.778450 0.232613 0.037889 0.053663
