0 0.598635 0.749583 0.026055 0.036728
0 0.076923 0.832220 0.024814 0.035058
0 0.210298 0.362270 0.043424 0.030050
0 0.511166 0.746244 0.022333 0.026711
0 0.076923 0.746244 0.024814 0.033389
0 0.047767 0.746244 0.023573 0.033389
0 0.500000 0.371452 0.047146 0.035058
0 0.500000 0.341402 0.044665 0.038397
0 0.107320 0.873122 0.026055 0.036728
0 0.107320 0.786311 0.023573 0.033389
0 0.599876 0.789649 0.026055 0.033389
0 0.106700 0.747078 0.024814 0.035058
0 0.047767 0.785476 0.026055 0.035058
0 0.500620 0.202003 0.048387 0.030050
0 0.339330 0.832220 0.023573 0.035058
0 0.500620 0.270451 0.045906 0.030050
0 0.019851 0.747078 0.027295 0.035058
0 0.019851 0.786311 0.027295 0.033389
0 0.312655 0.832220 0.024814 0.035058
0 0.106700 0.831386 0.024814 0.040067
0 0.078164 0.785476 0.024814 0.038397
0 0.569479 0.412354 0.022333 0.033389
0 0.269231 0.234558 0.037221 0.041736
0 0.612283 0.707846 0.035980 0.043406
0 0.626551 0.792154 0.024814 0.035058
0 0.338089 0.786311 0.023573 0.036728
0 0.336849 0.746244 0.023573 0.033389
0 0.091191 0.705342 0.043424 0.041736
0 0.310174 0.746244 0.024814 0.033389
0 0.033499 0.659432 0.044665 0.040067
0 0.033499 0.702003 0.044665 0.048414
0 0.049007 0.489983 0.026055 0.031720
0 0.019851 0.490818 0.024814 0.033389
0 0.498759 0.168614 0.047146 0.036728
0 0.049007 0.532554 0.026055 0.036728
0 0.019851 0.407346 0.027295 0.033389
0 0.311414 0.786311 0.024814 0.036728
0 0.625931 0.751252 0.023573 0.036728
0 0.019851 0.447412 0.027295 0.030050
0 0.957816 0.281302 0.039702 0.041736
0 0.428040 0.792154 0.024814 0.035058
0 0.050248 0.407346 0.023573 0.033389
0 0.500620 0.131886 0.048387 0.036728
0 0.091811 0.662771 0.039702 0.043406
0 0.957816 0.242905 0.039702 0.041736
0 0.454715 0.749583 0.023573 0.033389
0 0.267990 0.276294 0.034739 0.038397
0 0.454094 0.792154 0.024814 0.035058
0 0.426179 0.750417 0.026055 0.035058
0 0.728288 0.710351 0.039702 0.045075
0 0.149504 0.704508 0.040943 0.046745
0 0.568238 0.451586 0.027295 0.038397
0 0.498759 0.526711 0.032258 0.035058
0 0.727047 0.369783 0.042184 0.041736
0 0.049007 0.447412 0.028536 0.033389
0 0.900124 0.282972 0.035980 0.041736
0 0.094913 0.277129 0.040943 0.046745
0 0.498759 0.234558 0.047146 0.041736
0 0.325062 0.706177 0.042184 0.043406
0 0.035980 0.321369 0.039702 0.041736
0 0.149504 0.661937 0.038462 0.041736
0 0.034739 0.616861 0.042184 0.051753
0 0.784739 0.708681 0.038462 0.045075
0 0.153226 0.276294 0.040943 0.045075
0 0.036600 0.277129 0.040943 0.046745
0 0.900124 0.326377 0.038462 0.045075
0 0.843052 0.620200 0.040943 0.048414
0 0.843052 0.707012 0.035980 0.041736
0 0.843052 0.665275 0.035980 0.041736
0 0.500000 0.303840 0.044665 0.040067
0 0.325062 0.661937 0.042184 0.045075
0 0.784739 0.279633 0.038462 0.048414
0 0.785980 0.621035 0.040943 0.046745
0 0.035980 0.363105 0.042184 0.041736
0 0.382134 0.704508 0.037221 0.040067
0 0.209677 0.319699 0.039702 0.045075
0 0.326303 0.617696 0.037221 0.043406
0 0.784739 0.666945 0.038462 0.045075
0 0.727047 0.668614 0.037221 0.041736
0 0.266749 0.321369 0.039702 0.045075
0 0.269231 0.187813 0.037221 0.048414
0 0.613524 0.665275 0.035980 0.041736
0 0.211538 0.277963 0.035980 0.041736
0 0.669975 0.325543 0.034739 0.036728
0 0.958437 0.326377 0.040943 0.048414
0 0.093052 0.616861 0.039702 0.051753
0 0.382754 0.363940 0.038462 0.043406
0 0.669975 0.665275 0.037221 0.041736
0 0.727047 0.620200 0.039702 0.048414
0 0.325682 0.321369 0.038462 0.041736
0 0.442308 0.363105 0.038462 0.045075
0 0.671216 0.621035 0.039702 0.046745
0 0.785980 0.325543 0.035980 0.040067
0 0.958437 0.195326 0.040943 0.053422
0 0.725806 0.325543 0.037221 0.043406
0 0.727047 0.281302 0.037221 0.048414
0 0.612283 0.281302 0.035980 0.048414
0 0.612903 0.620200 0.039702 0.048414
0 0.555211 0.707846 0.040943 0.043406
0 0.498759 0.445743 0.044665 0.046745
0 0.555211 0.665275 0.040943 0.041736
0 0.900124 0.237896 0.040943 0.048414
0 0.383375 0.665275 0.037221 0.041736
0 0.326303 0.363105 0.037221 0.045075
0 0.669975 0.710351 0.042184 0.045075
0 0.210918 0.231219 0.037221 0.048414
0 0.841811 0.279633 0.040943 0.048414
0 0.442308 0.322204 0.040943 0.040067
0 0.439826 0.706177 0.038462 0.040067
0 0.669975 0.368114 0.037221 0.048414
0 0.441067 0.663606 0.035980 0.045075
0 0.382754 0.323038 0.038462 0.041736
0 0.385236 0.279633 0.040943 0.048414
0 0.383375 0.616861 0.039702 0.048414
0 0.611663 0.324708 0.037221 0.041736
0 0.093672 0.359766 0.040943 0.051753
0 0.444789 0.279633 0.038462 0.045075
0 0.785360 0.369783 0.039702 0.048414
0 0.669975 0.278798 0.037221 0.050083
0 0.554591 0.370618 0.042184 0.046745
0 0.556452 0.326377 0.038462 0.041736
0 0.325682 0.276294 0.038462 0.048414
0 0.612903 0.370618 0.037221 0.046745
0 0.442308 0.618531 0.040943 0.048414
0 0.843052 0.368114 0.040943 0.048414
0 0.841811 0.326377 0.038462 0.045075
0 0.555831 0.279633 0.039702 0.048414
0 0.150744 0.616861 0.043424 0.051753
0 0.555211 0.618531 0.040943 0.048414
0 0.151985 0.358097 0.040943 0.051753
0 0.500000 0.489149 0.042184 0.040067
