0 0.0804721580703105 0.2744557729402039 0.021678214010777533 0.05952052907136952
0 0.2949550936617911 0.4618352163130339 0.024962791891198384 0.041884816753926676
0 0.2959404670259174 0.49931110498759984 0.025619707467282607 0.04629374483328734
0 0.29528355144983315 0.3703499586662993 0.02561970746728251 0.039680352714246345
0 0.5074672825250193 0.32736290989253236 0.021678214010777498 0.0330669605952053
0 0.2959404670259174 0.19289060347203088 0.025619707467282607 0.041884816753926725
0 0.29528355144983315 0.7076329567373932 0.019050551706440867 0.0440892807936071
0 0.2952835514498332 0.23808211628547807 0.02693353861945092 0.04408928079360706
0 0.2952835514498332 0.28327362909892534 0.02693353861945092 0.03747588867456601
0 0.538013856812933 0.7164508128961146 0.01707980497818836 0.05290713695232852
0 0.29528355144983315 0.32515844585285203 0.02561970746728251 0.055111600992008805
0 0.35473441108545034 0.4419950399559108 0.019707467282525058 0.055111600992008805
0 0.5376853990248909 0.44199503995591066 0.020364382858609184 0.05070267291264805
0 0.2949550936617911 0.4144392394599063 0.024962791891198384 0.05731606503168914
0 0.32550166794970486 0.3284651419123726 0.019050551706440932 0.04408928079360706
0 0.14189376443418014 0.3306696059520529 0.019707467282525027 0.05290713695232847
0 0.049597125994354625 0.3317718379718931 0.02036438285860919 0.05070267291264809
0 0.17342571208622018 0.3317718379718931 0.019707467282524992 0.05070267291264809
0 0.4460456761611496 0.44530173601543127 0.019707467282525058 0.052907136952328425
0 0.38495252758532206 0.49820887296775973 0.019707467282525058 0.05290713695232852
0 0.38495252758532206 0.4408928079360706 0.019707467282525058 0.05731606503168909
0 0.4759353348729792 0.3284651419123725 0.020364382858609247 0.06172499311104985
0 0.172768796510136 0.2711490768806834 0.019707467282525027 0.07054284926977132
0 0.20331537079804976 0.21052631578947367 0.020364382858609184 0.05952052907136952
0 0.14189376443418011 0.3879856709837421 0.02102129843469336 0.0617249931110499
0 0.35473441108545034 0.49820887296775973 0.019707467282525058 0.057316065031689185
0 0.35473441108545034 0.5555249379994489 0.019707467282525058 0.057316065031689185
0 0.3550628688734925 0.3284651419123725 0.020364382858609247 0.06172499311104985
0 0.537685399024891 0.6657481399834665 0.021678214010777498 0.05290713695232852
0 0.29429817808570696 0.6007164508128962 0.023648960739030004 0.05511160099200876
0 0.26572235052604565 0.3879856709837421 0.020364382858609184 0.057316065031689185
0 0.20331537079804976 0.3879856709837421 0.019050551706440835 0.057316065031689185
0 0.23419040287400564 0.3879856709837421 0.021678214010777498 0.057316065031689185
0 0.04959712599435463 0.3879856709837421 0.021678214010777516 0.0617249931110499
0 0.2650654349499615 0.32515844585285203 0.019050551706440867 0.06392945715073023
0 0.23451886066204775 0.2116285478093139 0.02233512958686169 0.0617249931110499
0 0.3856094431614062 0.21162854780931384 0.019707467282524992 0.05731606503168916
0 0.537685399024891 0.5555249379994488 0.021678214010777498 0.052907136952328425
0 0.23386194508596356 0.2711490768806834 0.02102129843469334 0.05290713695232847
0 0.5376853990248909 0.3306696059520529 0.020364382858609184 0.05290713695232847
0 0.4151706440851938 0.49820887296775973 0.02233512958686169 0.057316065031689185
0 0.08178598922247883 0.2116285478093139 0.021678214010777522 0.0617249931110499
0 0.11134719014626636 0.3306696059520529 0.020364382858609198 0.05290713695232847
0 0.38429561200923784 0.5555249379994488 0.021021298434693372 0.052907136952328425
0 0.537685399024891 0.6084320749517773 0.021678214010777498 0.057316065031689185
0 0.20331537079804976 0.2711490768806834 0.020364382858609184 0.05731606503168914
0 0.17342571208622018 0.3879856709837421 0.02102129843469334 0.0617249931110499
0 0.41582755966127793 0.38247451088454126 0.019707467282524992 0.05952052907136961
0 0.41582755966127793 0.4386883438963902 0.021021298434693372 0.0617249931110499
0 0.44538876058506544 0.32736290989253236 0.02233512958686169 0.05952052907136952
0 0.11200410572235052 0.2116285478093139 0.021678214010777533 0.0617249931110499
0 0.5068103669489351 0.38578120694406176 0.021678214010777564 0.0661339211904106
0 0.0502540415704388 0.2711490768806834 0.021678214010777522 0.07054284926977132
0 0.0804721580703105 0.3934968310829429 0.020364382858609184 0.05952052907136952
0 0.38495252758532206 0.3879856709837421 0.02102129843469331 0.05290713695232847
0 0.29462663587374904 0.656930283824745 0.022992045162945847 0.057316065031689185
0 0.38495252758532206 0.3306696059520529 0.02102129843469331 0.05731606503168914
0 0.38495252758532206 0.2711490768806834 0.019707467282525058 0.05731606503168914
0 0.11134719014626636 0.3879856709837421 0.021678214010777516 0.0617249931110499
0 0.537685399024891 0.2711490768806834 0.021678214010777498 0.0617249931110499
0 0.3547344110854504 0.3879856709837421 0.021021298434693372 0.05290713695232847
0 0.32484475237362076 0.3879856709837421 0.021678214010777498 0.0617249931110499
0 0.4759353348729792 0.3879856709837421 0.020364382858609247 0.0617249931110499
0 0.4460456761611496 0.3879856709837421 0.019707467282525058 0.0617249931110499
0 0.32484475237362076 0.2711490768806834 0.020364382858609184 0.07054284926977132
0 0.4460456761611496 0.5015155690272802 0.02102129843469331 0.055111600992008854
0 0.537685399024891 0.49820887296775973 0.021678214010777498 0.057316065031689185
0 0.4460456761611496 0.2711490768806834 0.02102129843469331 0.05731606503168914
0 0.5068103669489351 0.2711490768806834 0.021678214010777564 0.07054284926977132
0 0.5373569412368489 0.2116285478093139 0.02233512958686169 0.0617249931110499
0 0.44571721837310746 0.2116285478093139 0.021678214010777498 0.0617249931110499
0 0.11134719014626636 0.27335354092036374 0.021678214010777516 0.057316065031689185
0 0.537685399024891 0.3879856709837421 0.021678214010777498 0.0617249931110499
0 0.08112907364639467 0.3339763020115734 0.022992045162945864 0.05952052907136952
0 0.20397228637413398 0.3317718379718931 0.021678214010777533 0.05952052907136952
0 0.23451886066204775 0.3317718379718931 0.02233512958686169 0.05952052907136952
