0 0.1498046146293569 0.2189683860232945 0.030162002945508127 0.022628951747088212
0 0.06635640648011783 0.2196339434276206 0.02815120274914089 0.021297836938435965
0 0.34636033382425135 0.24292845257903495 0.021113402061855708 0.017304492512479185
0 0.5816239567992146 0.21830282861896838 0.02714580265095727 0.021297836938435965
0 0.3785331369661266 0.2196339434276206 0.027145802650957344 0.021297836938435965
0 0.2749769268532155 0.2196339434276206 0.02714580265095727 0.021297836938435965
0 0.3503819342169857 0.6549084858569051 0.015081001472754072 0.0239600665557405
0 0.14879921453117329 0.6855241264559069 0.028151202749140906 0.029284525790349392
0 0.10908591065292095 0.6855241264559069 0.027145802650957288 0.029284525790349392
0 0.5092351497299951 0.437936772046589 0.019102601865488473 0.02662229617304499
0 0.10657241040746196 0.3447587354409318 0.028151202749140906 0.03194675540765388
0 0.5112459499263623 0.5577371048252913 0.019102601865488397 0.0239600665557405
0 0.06635640648011781 0.6848585690515807 0.02614040255277367 0.03327787021630613
0 0.5092351497299951 0.34675540765391016 0.02111340206185567 0.030615640599001636
0 0.10858321060382915 0.5923460898502496 0.02815120274914089 0.029284525790349392
0 0.4599705449189986 0.6828618968386023 0.027145802650957195 0.029284525790349392
0 0.5092351497299951 0.25158069883527456 0.019102601865488473 0.02396006655574041
0 0.233252822778596 0.6855241264559069 0.02614040255277367 0.02396006655574041
0 0.15030731467844868 0.7480865224625625 0.027145802650957288 0.02928452579034948
0 0.45795974472263135 0.34675540765391016 0.02714580265095727 0.027953410981697145
0 0.5514619538537064 0.6828618968386023 0.019102601865488473 0.02396006655574041
0 0.5318566519391261 0.6821963394342763 0.018097201767304796 0.027953410981697145
0 0.06484830633284241 0.46988352745424294 0.027145802650957288 0.0266222961730449
0 0.0643456062837506 0.5923460898502496 0.026140402552773688 0.029284525790349392
0 0.6233480608738341 0.4352745424292845 0.030162002945508068 0.03194675540765397
0 0.5514619538537064 0.7407653910149751 0.02111340206185567 0.027953410981697235
0 0.10707511045655375 0.4372712146422629 0.02714580265095731 0.030615640599001726
0 0.10808051055473736 0.6236272878535774 0.027145802650957288 0.030615640599001636
0 0.41925184094256257 0.7094841930116472 0.028151202749140944 0.029284525790349392
0 0.2749769268532155 0.7161397670549084 0.02714580265095727 0.029284525790349392
0 0.4599705449189986 0.7121464226289518 0.027145802650957195 0.029284525790349392
0 0.3780304369170348 0.7440931780366057 0.026140402552773747 0.02662229617304499
0 0.23375552282768777 0.7460898502495841 0.02714580265095727 0.030615640599001726
0 0.14879921453117329 0.6242928452579035 0.028151202749140906 0.029284525790349392
0 0.34636033382425135 0.17970049916805325 0.021113402061855708 0.023960066555740435
0 0.06535100638193421 0.7467554076539102 0.02412960235640648 0.02928452579034948
0 0.48962984781541474 0.4059900166389351 0.02010800196367207 0.02396006655574041
0 0.14879921453117329 0.7168053244592346 0.028151202749140906 0.030615640599001636
0 0.1482965144820815 0.28352745424292847 0.025135002454590088 0.029284525790349437
0 0.41874914089347076 0.7414309484193012 0.027145802650957344 0.02928452579034948
0 0.1493019145802651 0.5923460898502496 0.029156602847324506 0.029284525790349392
0 0.37853313696612667 0.7141430948419301 0.029156602847324544 0.03327787021630613
0 0.5509592538046146 0.7121464226289518 0.018097201767304873 0.0266222961730449
0 0.5409052528227787 0.5284525790349417 0.02614040255277367 0.029284525790349392
0 0.5097378497790869 0.589018302828619 0.02412960235640647 0.030615640599001636
0 0.2744742268041237 0.6848585690515807 0.02614040255277367 0.030615640599001636
0 0.4901325478645066 0.28286189683860236 0.019102601865488397 0.0252911813643927
0 0.37853313696612667 0.6509151414309484 0.02513500245459007 0.02662229617304499
0 0.0643456062837506 0.7148086522462562 0.026140402552773688 0.029284525790349392
0 0.3468630338733431 0.1557404326123128 0.02010800196367207 0.021297836938435944
0 0.41824644084437895 0.6529118136439267 0.024129602356406394 0.027953410981697235
0 0.5323593519882179 0.7121464226289518 0.019102601865488397 0.0266222961730449
0 0.5112459499263623 0.5284525790349417 0.02111340206185567 0.029284525790349392
0 0.6223426607756505 0.46722129783693844 0.028151202749140868 0.029284525790349392
0 0.41824644084437895 0.6236272878535774 0.024129602356406394 0.030615640599001636
0 0.0643456062837506 0.437936772046589 0.03016200294550809 0.03460898502495846
0 0.19152871870397645 0.4685524126455907 0.025135002454590032 0.0266222961730449
0 0.37752773686794305 0.3447587354409318 0.02714580265095727 0.029284525790349392
0 0.0643456062837506 0.6236272878535774 0.02815120274914089 0.030615640599001636
0 0.4599705449189986 0.7427620632279535 0.027145802650957195 0.02662229617304499
0 0.14879921453117329 0.6555740432612313 0.028151202749140906 0.027953410981697235
0 0.45896514482081496 0.437936772046589 0.02714580265095727 0.02928452579034948
0 0.37853313696612667 0.4059900166389351 0.02513500245459007 0.0266222961730449
0 0.37803043691703486 0.6821963394342763 0.028151202749140868 0.030615640599001636
0 0.10657241040746196 0.37670549084858573 0.028151202749140906 0.029284525790349437
0 0.19152871870397645 0.437936772046589 0.027145802650957233 0.02928452579034948
0 0.5318566519391261 0.7414309484193012 0.02010800196367207 0.02928452579034948
0 0.3785331369661266 0.5603993344425957 0.027145802650957344 0.02928452579034948
0 0.58313205694649 0.7414309484193012 0.028151202749140868 0.02928452579034948
0 0.41724104074619534 0.49916805324459235 0.026140402552773594 0.029284525790349392
0 0.10657241040746196 0.49916805324459235 0.026140402552773688 0.029284525790349392
0 0.4192518409425626 0.5916805324459234 0.02614040255277367 0.03327787021630613
0 0.5821266568483063 0.5916805324459234 0.028151202749140868 0.03327787021630613
0 0.27397152675503195 0.49916805324459235 0.02513500245459007 0.029284525790349392
0 0.418246440844379 0.5617304492512479 0.028151202749140868 0.02928452579034948
0 0.4906352479135984 0.49916805324459235 0.022118802160039346 0.03194675540765388
0 0.49013254786450655 0.4372712146422629 0.02111340206185567 0.027953410981697235
0 0.19152871870397645 0.4086522462562396 0.027145802650957233 0.029284525790349392
0 0.10808051055473736 0.40732113144758736 0.027145802650957288 0.029284525790349392
0 0.45896514482081496 0.5304492512479201 0.02714580265095727 0.030615640599001636
0 0.5811212567501228 0.28286189683860236 0.02412960235640647 0.02795341098169719
0 0.23275012272950418 0.47188019966722133 0.02714580265095731 0.030615640599001636
0 0.5826293568973981 0.6828618968386023 0.02714580265095727 0.029284525790349392
0 0.1482965144820815 0.31281198003327787 0.027145802650957326 0.029284525790349437
0 0.15030731467844868 0.40798668885191347 0.027145802650957288 0.027953410981697145
0 0.41724104074619534 0.24891846921797006 0.026140402552773594 0.03194675540765388
0 0.2749769268532155 0.46988352745424294 0.02714580265095727 0.029284525790349392
0 0.3785331369661266 0.529783693843594 0.027145802650957344 0.03194675540765388
0 0.37752773686794305 0.4685524126455907 0.02714580265095727 0.029284525790349392
0 0.3136848306332843 0.28286189683860236 0.02614040255277371 0.03061564059900168
0 0.06484830633284241 0.25158069883527456 0.029156602847324478 0.03194675540765388
0 0.45896514482081496 0.46722129783693844 0.02714580265095727 0.029284525790349392
0 0.06484830633284241 0.31214642262895176 0.029156602847324478 0.02795341098169719
0 0.5816239567992146 0.3447587354409318 0.02714580265095727 0.029284525790349392
0 0.45896514482081496 0.6535773710482529 0.02714580265095727 0.02928452579034948
0 0.31519293078055965 0.37670549084858573 0.02513500245459011 0.029284525790349437
0 0.5816239567992146 0.4059900166389351 0.02714580265095727 0.029284525790349392
0 0.2749769268532155 0.6242928452579035 0.02714580265095727 0.029284525790349392
0 0.6218399607265588 0.31281198003327787 0.02714580265095727 0.029284525790349437
0 0.27397152675503195 0.594342762063228 0.02714580265095731 0.030615640599001636
0 0.5811212567501228 0.49650582362728785 0.02412960235640647 0.03194675540765388
0 0.48962984781541474 0.31281198003327787 0.02010800196367207 0.029284525790349437
0 0.37752773686794305 0.28352745424292847 0.02714580265095727 0.029284525790349437
0 0.41573294059891996 0.28352745424292847 0.027145802650957344 0.031946755407653925
0 0.45795974472263135 0.5603993344425957 0.02714580265095727 0.02928452579034948
0 0.233252822778596 0.25158069883527456 0.02614040255277367 0.03194675540765388
0 0.5821266568483063 0.37404326123128123 0.028151202749140868 0.029284525790349437
0 0.31418753068237604 0.40732113144758736 0.02714580265095731 0.03194675540765388
0 0.2744742268041237 0.31547420965058237 0.02614040255277367 0.029284525790349437
0 0.1493019145802651 0.49916805324459235 0.02714580265095731 0.029284525790349392
0 0.5409052528227787 0.589018302828619 0.02614040255277367 0.030615640599001636
0 0.1493019145802651 0.37670549084858573 0.029156602847324506 0.029284525790349437
0 0.19052331860579283 0.28552412645590686 0.02714580265095727 0.03061564059900168
0 0.14879921453117329 0.46988352745424294 0.028151202749140906 0.029284525790349392
0 0.10707511045655375 0.46921797004991683 0.02714580265095731 0.030615640599001636
0 0.3785331369661266 0.37603993344425957 0.027145802650957344 0.02795341098169719
0 0.5404025527736869 0.3447587354409318 0.02714580265095727 0.029284525790349392
0 0.45846244477172315 0.37670549084858573 0.02614040255277367 0.029284525790349437
0 0.10707511045655375 0.31281198003327787 0.02714580265095731 0.029284525790349437
0 0.19052331860579283 0.3447587354409318 0.02714580265095727 0.03194675540765388
0 0.31418753068237604 0.3474209650582363 0.02714580265095731 0.029284525790349392
0 0.19052331860579283 0.31547420965058237 0.02714580265095727 0.029284525790349437
0 0.41724104074619545 0.40798668885191347 0.028151202749140868 0.030615640599001636
0 0.41724104074619534 0.46722129783693844 0.026140402552773594 0.03194675540765388
0 0.41724104074619534 0.37670549084858573 0.026140402552773594 0.029284525790349437
0 0.5393971526755033 0.25158069883527456 0.029156602847324468 0.03194675540765388
0 0.5398998527245951 0.28286189683860236 0.02614040255277367 0.03061564059900168
0 0.5816239567992146 0.5284525790349417 0.02714580265095727 0.029284525790349392
0 0.34636033382425135 0.21098169717138102 0.021113402061855708 0.027953410981697145
0 0.34585763377515955 0.33344425956738766 0.022118802160039308 0.0252911813643927
0 0.34535493372606774 0.3640599001663894 0.02312420225822291 0.03061564059900168
0 0.34585763377515955 0.30149750415973375 0.02412960235640651 0.03327787021630613
0 0.34636033382425135 0.23028286189683858 0.021113402061855708 0.013311148086522496
0 0.45795974472263135 0.2196339434276206 0.02714580265095727 0.021297836938435965
0 0.31469023073146785 0.46988352745424294 0.02614040255277371 0.029284525790349392
0 0.27397152675503195 0.5284525790349417 0.02513500245459007 0.029284525790349392
0 0.14930191458026512 0.25158069883527456 0.02513500245459011 0.029284525790349392
0 0.6228453608247423 0.28286189683860236 0.02714580265095727 0.03061564059900168
0 0.2759823269513991 0.7460898502495841 0.029156602847324468 0.030615640599001726
0 0.5102405498281787 0.49650582362728785 0.02111340206185567 0.0266222961730449
0 0.06484830633284241 0.4059900166389351 0.027145802650957288 0.029284525790349392
0 0.5821266568483063 0.5590682196339435 0.02614040255277367 0.02928452579034948
0 0.31418753068237604 0.4392678868552412 0.02714580265095731 0.02928452579034948
0 0.5107432498772705 0.37670549084858573 0.018097201767304796 0.026622296173044947
0 0.27397152675503195 0.6555740432612313 0.02714580265095731 0.027953410981697235
0 0.233252822778596 0.7148086522462562 0.028151202749140906 0.029284525790349392
0 0.41724104074619534 0.4372712146422629 0.026140402552773594 0.027953410981697235
0 0.3785331369661266 0.621630615640599 0.027145802650957344 0.03194675540765388
0 0.4192518409425626 0.6815307820299501 0.02614040255277367 0.029284525790349392
0 0.10858321060382915 0.6555740432612313 0.02815120274914089 0.030615640599001726
0 0.48962984781541474 0.5311148086522463 0.02010800196367207 0.0266222961730449
0 0.5826293568973981 0.6229617304492512 0.02714580265095727 0.029284525790349392
0 0.4901325478645066 0.46722129783693844 0.019102601865488397 0.029284525790349392
0 0.5409052528227787 0.5597337770382695 0.02614040255277367 0.027953410981697235
0 0.5097378497790869 0.3148086522462562 0.02010800196367207 0.02795341098169719
0 0.1493019145802651 0.34409317803660566 0.029156602847324506 0.03327787021630613
0 0.06535100638193421 0.5311148086522463 0.026140402552773678 0.03194675540765388
0 0.23375552282768777 0.6242928452579035 0.02714580265095727 0.03194675540765388
0 0.10808051055473736 0.5311148086522463 0.027145802650957288 0.03194675540765388
0 0.5404025527736869 0.6509151414309484 0.02714580265095727 0.02928452579034948
0 0.06535100638193421 0.6549084858569051 0.026140402552773678 0.02928452579034948
0 0.4906352479135984 0.5603993344425957 0.022118802160039346 0.02928452579034948
0 0.6218399607265588 0.37404326123128123 0.02714580265095727 0.029284525790349437
0 0.48962984781541474 0.25158069883527456 0.02010800196367207 0.029284525790349392
0 0.3780304369170348 0.5896838602329451 0.026140402552773747 0.0266222961730449
0 0.10657241040746196 0.5617304492512479 0.028151202749140906 0.02928452579034948
0 0.45795974472263135 0.621630615640599 0.029156602847324395 0.03194675540765388
0 0.06535100638193421 0.49916805324459235 0.026140402552773678 0.03194675540765388
0 0.5409052528227787 0.49650582362728785 0.02614040255277367 0.029284525790349392
0 0.3136848306332843 0.25158069883527456 0.02614040255277371 0.03194675540765388
0 0.48912714776632293 0.34409317803660566 0.02111340206185567 0.027953410981697145
0 0.06535100638193421 0.5630615640599002 0.026140402552773678 0.02928452579034948
0 0.06484830633284241 0.37603993344425957 0.027145802650957288 0.03061564059900168
0 0.6223426607756505 0.40532445923460897 0.030162002945508144 0.027953410981697145
0 0.5092351497299951 0.4059900166389351 0.02111340206185567 0.029284525790349392
0 0.5409052528227787 0.6209650582362729 0.028151202749140868 0.030615640599001636
0 0.5816239567992146 0.6535773710482529 0.02714580265095727 0.02928452579034948
0 0.0643456062837506 0.3420965058236273 0.02815120274914089 0.03194675540765388
0 0.45795974472263135 0.5896838602329451 0.02714580265095727 0.029284525790349392
0 0.5836347569955818 0.7121464226289518 0.02714580265095727 0.029284525790349392
0 0.14879921453117329 0.437936772046589 0.028151202749140906 0.03194675540765397
0 0.5092351497299951 0.28286189683860236 0.02111340206185567 0.03061564059900168
0 0.233252822778596 0.6562396006655573 0.028151202749140906 0.03194675540765397
0 0.10657241040746196 0.24891846921797006 0.028151202749140906 0.029284525790349392
0 0.10808051055473736 0.28219633943427624 0.027145802650957288 0.031946755407653925
0 0.48962984781541474 0.37603993344425957 0.02211880216003927 0.03061564059900168
0 0.27397152675503195 0.4419301164725457 0.02714580265095731 0.02928452579034948
0 0.6223426607756505 0.3420965058236273 0.028151202749140868 0.029284525790349392
0 0.23275012272950418 0.5311148086522463 0.02714580265095731 0.029284525790349392
0 0.5404025527736869 0.4372712146422629 0.02714580265095727 0.030615640599001726
0 0.5816239567992146 0.46722129783693844 0.02714580265095727 0.029284525790349392
0 0.5092351497299951 0.46722129783693844 0.02312420225822287 0.029284525790349392
0 0.1493019145802651 0.5623960066555741 0.029156602847324506 0.030615640599001726
0 0.06484830633284241 0.28286189683860236 0.029156602847324478 0.03061564059900168
0 0.6228453608247423 0.24891846921797006 0.02714580265095727 0.03460898502495837
0 0.14879921453117329 0.5311148086522463 0.028151202749140906 0.029284525790349392
0 0.2317447226313206 0.5936772046589018 0.02714580265095731 0.03194675540765388
0 0.45795974472263135 0.4978369384359401 0.02714580265095727 0.03194675540765388
0 0.418246440844379 0.34675540765391016 0.028151202749140868 0.030615640599001636
0 0.45846244477172315 0.25158069883527456 0.03016200294550799 0.029284525790349392
0 0.2744742268041237 0.37870216306156407 0.028151202749140906 0.03061564059900168
0 0.45896514482081496 0.40798668885191347 0.02714580265095727 0.030615640599001636
0 0.23275012272950418 0.5623960066555741 0.02714580265095731 0.030615640599001726
0 0.3131821305841925 0.31547420965058237 0.02513500245459011 0.031946755407653925
0 0.5404025527736869 0.37537437603993346 0.02714580265095727 0.029284525790349437
0 0.27397152675503195 0.25158069883527456 0.02714580265095731 0.029284525790349392
0 0.4579597447226313 0.31547420965058237 0.025135002454589994 0.029284525790349437
0 0.3785331369661266 0.49850249584026624 0.027145802650957344 0.030615640599001636
0 0.27397152675503195 0.41064891846921797 0.029156602847324506 0.03327787021630613
0 0.5398998527245951 0.3148086522462562 0.02614040255277367 0.03061564059900168
0 0.5826293568973981 0.4372712146422629 0.02714580265095727 0.03327787021630622
0 0.5404025527736869 0.46722129783693844 0.02714580265095727 0.029284525790349392
0 0.23275012272950418 0.4405990016638935 0.02714580265095731 0.02928452579034948
0 0.3785331369661266 0.31547420965058237 0.027145802650957344 0.031946755407653925
0 0.19152871870397645 0.37670549084858573 0.027145802650957233 0.029284525790349437
0 0.41724104074619545 0.5304492512479201 0.028151202749140868 0.030615640599001636
0 0.233252822778596 0.31547420965058237 0.028151202749140906 0.031946755407653925
0 0.5811212567501228 0.31281198003327787 0.030162002945508068 0.031946755407653925
0 0.45745704467353954 0.28352745424292847 0.02412960235640647 0.031946755407653925
0 0.23275012272950418 0.4086522462562396 0.02714580265095731 0.029284525790349392
0 0.2744742268041237 0.5617304492512479 0.028151202749140906 0.03460898502495846
0 0.19102601865488464 0.25158069883527456 0.030162002945508068 0.037271214642262865
0 0.5801158566519392 0.24891846921797006 0.028151202749140868 0.03194675540765388
0 0.27397152675503195 0.28352745424292847 0.02714580265095731 0.031946755407653925
0 0.4177437407952872 0.31547420965058237 0.02714580265095727 0.031946755407653925
0 0.23375552282768777 0.28286189683860236 0.02714580265095727 0.03061564059900168
0 0.5404025527736869 0.4059900166389351 0.02714580265095727 0.029284525790349392
0 0.23275012272950418 0.5018302828618968 0.02714580265095731 0.029284525790349392
0 0.37752773686794305 0.2509151414309484 0.02714580265095727 0.03327787021630613
0 0.3785331369661266 0.4372712146422629 0.027145802650957344 0.03327787021630622
0 0.2744742268041237 0.34675540765391016 0.030162002945508106 0.03327787021630613
