0 0.721704 0.729358 0.022170 0.034862
0 0.086931 0.633945 0.038506 0.045872
0 0.085764 0.819266 0.036173 0.042202
0 0.749125 0.820183 0.023337 0.036697
0 0.585764 0.966055 0.023337 0.034862
0 0.521587 0.177064 0.046674 0.031193
0 0.588681 0.866972 0.019837 0.034862
0 0.587515 0.914679 0.022170 0.031193
0 0.086348 0.777064 0.039673 0.045872
0 0.559510 0.914679 0.022170 0.034862
0 0.626604 0.311009 0.035006 0.045872
0 0.248541 0.444954 0.030338 0.042202
0 0.559510 0.821101 0.022170 0.034862
0 0.086931 0.680734 0.038506 0.044037
0 0.587515 0.732110 0.022170 0.036697
0 0.951575 0.587156 0.036173 0.036697
0 0.721704 0.768807 0.022170 0.033028
0 0.948075 0.313761 0.036173 0.047706
0 0.561260 0.729358 0.021004 0.038532
0 0.085764 0.965138 0.038506 0.051376
0 0.085764 0.730275 0.038506 0.051376
0 0.304551 0.492661 0.035006 0.045872
0 0.139440 0.543119 0.036173 0.047706
0 0.194282 0.588991 0.036173 0.036697
0 0.194282 0.729358 0.038506 0.045872
0 0.086931 0.166972 0.036173 0.047706
0 0.522170 0.137615 0.043174 0.044037
0 0.722287 0.542202 0.023337 0.034862
0 0.749125 0.776147 0.023337 0.036697
0 0.894399 0.311009 0.031505 0.045872
0 0.749125 0.724771 0.023337 0.036697
0 0.559510 0.777064 0.022170 0.034862
0 0.086931 0.544037 0.033839 0.042202
0 0.085764 0.865138 0.038506 0.045872
0 0.789965 0.212844 0.035006 0.036697
0 0.139440 0.588073 0.033839 0.045872
0 0.084597 0.913761 0.038506 0.047706
0 0.467328 0.403670 0.038506 0.044037
0 0.193699 0.633028 0.032672 0.044037
0 0.747375 0.633945 0.022170 0.042202
0 0.720537 0.634862 0.026838 0.036697
0 0.721704 0.679817 0.022170 0.042202
0 0.721704 0.587156 0.022170 0.040367
0 0.195449 0.403670 0.036173 0.051376
0 0.141774 0.634862 0.036173 0.051376
0 0.747958 0.543119 0.021004 0.036697
0 0.086931 0.588073 0.036173 0.045872
0 0.948075 0.265138 0.036173 0.053211
0 0.735123 0.311009 0.035006 0.045872
0 0.896733 0.499083 0.033839 0.047706
0 0.952742 0.823853 0.033839 0.044037
0 0.842474 0.357798 0.035006 0.051376
0 0.304551 0.448624 0.032672 0.045872
0 0.250292 0.403670 0.033839 0.040367
0 0.086931 0.309174 0.036173 0.049541
0 0.841890 0.311009 0.033839 0.045872
0 0.589265 0.776147 0.023337 0.036697
0 0.748541 0.679817 0.022170 0.034862
0 0.305718 0.212844 0.032672 0.040367
0 0.574096 0.633945 0.035006 0.045872
0 0.735123 0.497248 0.037340 0.047706
0 0.522754 0.324771 0.044341 0.036697
0 0.522170 0.248624 0.045508 0.034862
0 0.522754 0.361468 0.046674 0.040367
0 0.521587 0.100917 0.044341 0.036697
0 0.952159 0.971560 0.035006 0.049541
0 0.468495 0.309174 0.033839 0.042202
0 0.952159 0.777064 0.032672 0.045872
0 0.951575 0.731193 0.038506 0.045872
0 0.523337 0.286239 0.043174 0.044037
0 0.522170 0.489908 0.043174 0.033028
0 0.533839 0.751376 0.022170 0.023853
0 0.588098 0.819266 0.021004 0.027523
0 0.950408 0.163303 0.038506 0.029358
0 0.574679 0.491743 0.038506 0.029358
0 0.950408 0.495413 0.038506 0.029358
0 0.897900 0.536697 0.038506 0.027523
0 0.896733 0.401835 0.033839 0.022018
0 0.532089 0.773394 0.021004 0.027523
0 0.561260 0.864220 0.021004 0.036697
0 0.736289 0.914679 0.035006 0.045872
0 0.950408 0.451376 0.038506 0.051376
0 0.089265 0.111927 0.036173 0.058716
0 0.680280 0.965138 0.037340 0.051376
0 0.951575 0.543119 0.036173 0.055046
0 0.747375 0.588073 0.022170 0.042202
0 0.681447 0.914679 0.032672 0.045872
0 0.735123 0.965138 0.035006 0.051376
0 0.896733 0.587156 0.033839 0.055046
0 0.788798 0.354128 0.035006 0.047706
0 0.085764 0.498165 0.036173 0.053211
0 0.953326 0.921101 0.035006 0.051376
0 0.305718 0.258716 0.032672 0.047706
0 0.950408 0.400917 0.036173 0.045872
0 0.249708 0.111927 0.035006 0.055046
0 0.733956 0.213761 0.039673 0.042202
0 0.680280 0.822018 0.035006 0.044037
0 0.789965 0.308257 0.032672 0.040367
0 0.951575 0.685321 0.038506 0.045872
0 0.086931 0.262385 0.036173 0.044037
0 0.522170 0.443119 0.043174 0.053211
0 0.248541 0.492661 0.037340 0.049541
0 0.194282 0.680734 0.033839 0.047706
0 0.193699 0.497248 0.032672 0.044037
0 0.681447 0.402752 0.032672 0.049541
0 0.949242 0.357798 0.033839 0.044037
0 0.949242 0.211009 0.038506 0.055046
0 0.574679 0.540367 0.036173 0.049541
0 0.840723 0.220183 0.033839 0.047706
0 0.521587 0.211927 0.049008 0.045872
0 0.194282 0.454128 0.033839 0.045872
0 0.574096 0.400000 0.032672 0.044037
0 0.952742 0.868807 0.036173 0.045872
0 0.682614 0.866972 0.035006 0.045872
0 0.736289 0.866972 0.035006 0.053211
0 0.249708 0.544037 0.035006 0.045872
0 0.574096 0.588073 0.035006 0.042202
0 0.305134 0.165138 0.036173 0.047706
0 0.195449 0.165138 0.036173 0.047706
0 0.950408 0.117431 0.036173 0.055046
0 0.468495 0.263303 0.036173 0.053211
0 0.681447 0.448624 0.032672 0.042202
0 0.573512 0.685321 0.038506 0.045872
0 0.897900 0.636697 0.036173 0.051376
0 0.304551 0.402752 0.035006 0.045872
0 0.842474 0.266055 0.032672 0.044037
0 0.088098 0.355963 0.033839 0.044037
0 0.893232 0.264220 0.038506 0.047706
0 0.627771 0.264220 0.037340 0.051376
0 0.733956 0.402752 0.035006 0.045872
0 0.735123 0.262385 0.035006 0.051376
0 0.681447 0.543119 0.032672 0.047706
0 0.248541 0.166055 0.035006 0.053211
0 0.305718 0.113761 0.037340 0.051376
0 0.141774 0.113761 0.038506 0.051376
0 0.194866 0.307339 0.035006 0.045872
0 0.305718 0.309174 0.035006 0.049541
0 0.789965 0.114679 0.035006 0.053211
0 0.843057 0.117431 0.033839 0.055046
0 0.194282 0.544037 0.038506 0.053211
0 0.735123 0.114679 0.037340 0.053211
0 0.196616 0.212844 0.036173 0.051376
0 0.680280 0.731193 0.035006 0.042202
0 0.141774 0.265138 0.033839 0.045872
0 0.896733 0.687156 0.038506 0.049541
0 0.951575 0.633945 0.038506 0.053211
0 0.086931 0.214679 0.038506 0.044037
0 0.735123 0.167890 0.037340 0.045872
0 0.194866 0.356881 0.035006 0.053211
0 0.141774 0.356881 0.033839 0.045872
0 0.414819 0.166055 0.036173 0.053211
0 0.414819 0.111927 0.036173 0.055046
0 0.140607 0.311009 0.038506 0.045872
0 0.086931 0.451376 0.033839 0.044037
0 0.359977 0.112844 0.038506 0.056881
0 0.141774 0.165138 0.038506 0.047706
0 0.626604 0.357798 0.035006 0.047706
0 0.681447 0.262385 0.035006 0.047706
0 0.140607 0.452294 0.038506 0.045872
0 0.574679 0.217431 0.033839 0.045872
0 0.575263 0.262385 0.032672 0.044037
0 0.088098 0.401835 0.033839 0.047706
0 0.196616 0.263303 0.033839 0.045872
0 0.304551 0.356881 0.035006 0.045872
0 0.788798 0.167890 0.035006 0.053211
0 0.680280 0.355963 0.032672 0.044037
0 0.789965 0.259633 0.035006 0.049541
0 0.248541 0.213761 0.032672 0.045872
0 0.680280 0.496330 0.035006 0.049541
0 0.357643 0.310092 0.033839 0.047706
0 0.141774 0.498165 0.036173 0.045872
0 0.681447 0.636697 0.032672 0.044037
0 0.575263 0.167890 0.035006 0.053211
0 0.681447 0.310092 0.035006 0.047706
0 0.574096 0.111927 0.037340 0.055046
0 0.843057 0.167890 0.033839 0.053211
0 0.140607 0.402752 0.038506 0.049541
0 0.896733 0.445872 0.038506 0.055046
0 0.249708 0.309174 0.032672 0.045872
0 0.359977 0.167890 0.038506 0.045872
0 0.897900 0.362385 0.033839 0.053211
0 0.359393 0.264220 0.035006 0.047706
0 0.574679 0.446789 0.038506 0.049541
0 0.358810 0.213761 0.036173 0.045872
0 0.732789 0.356881 0.037340 0.045872
0 0.468495 0.355046 0.036173 0.053211
0 0.735123 0.451376 0.037340 0.047706
0 0.196616 0.113761 0.036173 0.051376
0 0.680280 0.777064 0.037340 0.045872
0 0.248541 0.356881 0.037340 0.053211
0 0.140607 0.213761 0.033839 0.053211
0 0.248541 0.262385 0.035006 0.047706
0 0.681447 0.590826 0.035006 0.047706
0 0.574096 0.355046 0.035006 0.045872
0 0.574096 0.308257 0.035006 0.047706
0 0.680280 0.686239 0.035006 0.047706
