0 0.502778 0.492599 0.038889 0.031250
0 0.862222 0.867599 0.035556 0.041118
0 0.762778 0.870066 0.036667 0.039474
0 0.516667 0.746711 0.022222 0.029605
0 0.456667 0.789474 0.026667 0.039474
0 0.090556 0.499178 0.036667 0.041118
0 0.505556 0.342928 0.042222 0.031250
0 0.862778 0.332237 0.036667 0.042763
0 0.090556 0.329770 0.032222 0.041118
0 0.503333 0.211349 0.042222 0.027961
0 0.503333 0.278783 0.040000 0.031250
0 0.760556 0.704770 0.036667 0.044408
0 0.862222 0.827303 0.033333 0.039474
0 0.451111 0.579770 0.033333 0.037829
0 0.192222 0.789474 0.035556 0.046053
0 0.193333 0.327303 0.033333 0.032895
0 0.310000 0.412007 0.020000 0.031250
0 0.505556 0.376645 0.044444 0.036184
0 0.503333 0.180099 0.042222 0.034539
0 0.861111 0.703947 0.033333 0.042763
0 0.761111 0.787007 0.035556 0.041118
0 0.555000 0.244243 0.030000 0.037829
0 0.863333 0.912007 0.037778 0.047697
0 0.761111 0.829770 0.035556 0.041118
0 0.861667 0.617599 0.034444 0.037829
0 0.090556 0.199836 0.036667 0.047697
0 0.811111 0.867599 0.037778 0.041118
0 0.760556 0.620066 0.034444 0.039474
0 0.502222 0.245066 0.042222 0.039474
0 0.810556 0.577303 0.032222 0.042763
0 0.862222 0.746711 0.035556 0.039474
0 0.862222 0.784539 0.035556 0.042763
0 0.285556 0.327303 0.022222 0.032895
0 0.810556 0.454770 0.032222 0.034539
0 0.296111 0.452303 0.030000 0.039474
0 0.811667 0.829770 0.036667 0.037829
0 0.861667 0.496711 0.034444 0.039474
0 0.452778 0.621711 0.032222 0.039474
0 0.862778 0.662007 0.034444 0.047697
0 0.310556 0.370066 0.021111 0.032895
0 0.193889 0.746711 0.032222 0.039474
0 0.503889 0.144737 0.041111 0.032895
0 0.861667 0.537007 0.034444 0.041118
0 0.861111 0.371711 0.033333 0.036184
0 0.310556 0.289474 0.021111 0.036184
0 0.758333 0.332237 0.032222 0.039474
0 0.505556 0.309211 0.042222 0.039474
0 0.605556 0.246711 0.031111 0.039474
0 0.761111 0.912007 0.037778 0.041118
0 0.348889 0.707237 0.028889 0.036184
0 0.192222 0.413651 0.033333 0.037829
0 0.861111 0.287007 0.033333 0.044408
0 0.348889 0.746711 0.028889 0.042763
0 0.348333 0.829770 0.034444 0.034539
0 0.296667 0.497533 0.031111 0.044408
0 0.811667 0.912007 0.036667 0.041118
0 0.283333 0.288651 0.022222 0.037829
0 0.310556 0.327303 0.023333 0.036184
0 0.809444 0.329770 0.036667 0.044408
0 0.860556 0.153783 0.036667 0.050987
0 0.502778 0.450658 0.038889 0.049342
0 0.706111 0.245066 0.032222 0.039474
0 0.452778 0.664474 0.036667 0.042763
0 0.810556 0.414474 0.036667 0.039474
0 0.141111 0.329770 0.033333 0.041118
0 0.090556 0.583882 0.036667 0.042763
0 0.348333 0.789474 0.034444 0.042763
0 0.090556 0.242599 0.034444 0.041118
0 0.811667 0.787007 0.036667 0.041118
0 0.193333 0.583882 0.037778 0.042763
0 0.284444 0.369243 0.026667 0.037829
0 0.090556 0.287007 0.036667 0.047697
0 0.453333 0.745066 0.037778 0.039474
0 0.245000 0.289474 0.032222 0.039474
0 0.452778 0.409539 0.034444 0.039474
0 0.400556 0.327303 0.034444 0.039474
0 0.706667 0.197368 0.033333 0.049342
0 0.090556 0.152961 0.036667 0.046053
0 0.760556 0.577303 0.036667 0.042763
0 0.655556 0.152961 0.035556 0.046053
0 0.758333 0.287007 0.032222 0.044408
0 0.193333 0.155428 0.033333 0.047697
0 0.193333 0.371711 0.033333 0.046053
0 0.810556 0.287007 0.036667 0.044408
0 0.451667 0.496711 0.036667 0.042763
0 0.757222 0.452303 0.034444 0.039474
0 0.400556 0.289474 0.034444 0.042763
0 0.452778 0.329770 0.034444 0.041118
0 0.605000 0.202303 0.030000 0.046053
0 0.091667 0.457237 0.034444 0.042763
0 0.142222 0.155428 0.035556 0.047697
0 0.811667 0.662007 0.034444 0.041118
0 0.089444 0.412007 0.032222 0.041118
0 0.141667 0.539474 0.036667 0.042763
0 0.296111 0.244243 0.034444 0.044408
0 0.555556 0.155428 0.033333 0.047697
0 0.090556 0.539474 0.034444 0.042763
0 0.400556 0.370066 0.032222 0.042763
0 0.656667 0.291941 0.035556 0.047697
0 0.810556 0.374178 0.034444 0.044408
0 0.758333 0.412007 0.034444 0.041118
0 0.400556 0.152961 0.036667 0.046053
0 0.811667 0.745066 0.034444 0.042763
0 0.192222 0.539474 0.035556 0.046053
0 0.758333 0.492599 0.034444 0.041118
0 0.141667 0.414474 0.034444 0.039474
0 0.348333 0.537007 0.032222 0.041118
0 0.707778 0.289474 0.035556 0.046053
0 0.348333 0.621711 0.032222 0.042763
0 0.452222 0.245066 0.033333 0.039474
0 0.140556 0.496711 0.036667 0.039474
0 0.758333 0.245066 0.036667 0.039474
0 0.451667 0.539474 0.036667 0.046053
0 0.348333 0.329770 0.032222 0.041118
0 0.142222 0.202303 0.033333 0.046053
0 0.556667 0.202303 0.035556 0.046053
0 0.605556 0.150493 0.033333 0.050987
0 0.348333 0.496711 0.032222 0.039474
0 0.452778 0.452303 0.036667 0.046053
0 0.142778 0.369243 0.036667 0.044408
0 0.757222 0.199836 0.036667 0.047697
0 0.246667 0.199836 0.033333 0.044408
0 0.348333 0.157895 0.034444 0.042763
0 0.245556 0.246711 0.033333 0.046053
0 0.348333 0.242599 0.032222 0.041118
0 0.655556 0.202303 0.031111 0.046053
0 0.141667 0.453947 0.036667 0.042763
0 0.348333 0.200658 0.032222 0.042763
0 0.348333 0.457237 0.032222 0.042763
0 0.452222 0.202303 0.035556 0.046053
0 0.400556 0.199836 0.036667 0.044408
0 0.297222 0.157895 0.036667 0.046053
0 0.245556 0.155428 0.035556 0.047697
0 0.296111 0.202303 0.034444 0.042763
0 0.400556 0.457237 0.032222 0.042763
0 0.348333 0.287007 0.032222 0.041118
0 0.348333 0.371711 0.034444 0.039474
0 0.452778 0.155428 0.036667 0.047697
0 0.451667 0.287007 0.036667 0.041118
0 0.400556 0.244243 0.034444 0.044408
0 0.400556 0.412007 0.032222 0.044408
0 0.655556 0.245066 0.033333 0.042763
0 0.811667 0.620066 0.034444 0.042763
0 0.759444 0.534539 0.032222 0.042763
0 0.761667 0.745066 0.036667 0.039474
0 0.453333 0.704770 0.033333 0.041118
0 0.296667 0.539474 0.035556 0.046053
0 0.284444 0.412007 0.022222 0.034539
0 0.348333 0.577303 0.032222 0.039474
0 0.810556 0.495066 0.032222 0.039474
0 0.192778 0.454770 0.030000 0.041118
0 0.861667 0.577303 0.034444 0.039474
0 0.811667 0.702303 0.034444 0.039474
0 0.348333 0.874178 0.036667 0.050987
0 0.760556 0.659539 0.034444 0.042763
0 0.192222 0.496711 0.033333 0.039474
0 0.706111 0.333882 0.036667 0.046053
0 0.349444 0.412007 0.030000 0.037829
0 0.090556 0.371711 0.034444 0.042763
0 0.860556 0.242599 0.032222 0.041118
0 0.142778 0.289474 0.032222 0.039474
0 0.810556 0.537007 0.032222 0.041118
0 0.809444 0.199836 0.030000 0.047697
0 0.193333 0.704770 0.031111 0.041118
0 0.348333 0.664474 0.032222 0.046053
0 0.141111 0.247533 0.033333 0.044408
0 0.193333 0.244243 0.033333 0.044408
0 0.192222 0.287007 0.033333 0.037829
0 0.810556 0.242599 0.032222 0.041118
0 0.193333 0.664474 0.035556 0.042763
0 0.862778 0.454770 0.034444 0.041118
0 0.860556 0.202303 0.032222 0.042763
0 0.861667 0.412007 0.034444 0.041118
0 0.911111 0.200658 0.037778 0.055921
0 0.452778 0.370066 0.032222 0.042763
0 0.193333 0.624178 0.033333 0.041118
0 0.193333 0.199836 0.033333 0.044408
0 0.758333 0.371711 0.030000 0.039474
