0 0.552778 0.244646 0.034444 0.044481
0 0.552778 0.286656 0.034444 0.042834
0 0.346667 0.285832 0.033333 0.044481
0 0.603333 0.324547 0.033333 0.042834
0 0.345556 0.200165 0.033333 0.044481
0 0.705556 0.241351 0.033333 0.044481
0 0.345556 0.241351 0.031111 0.041186
0 0.346667 0.154036 0.035556 0.047776
0 0.448333 0.198517 0.034444 0.044481
0 0.398333 0.286656 0.032222 0.042834
0 0.757222 0.242175 0.034444 0.046129
0 0.448333 0.284185 0.034444 0.047776
0 0.603333 0.369852 0.035556 0.044481
0 0.757778 0.152389 0.035556 0.047776
0 0.502222 0.343493 0.044444 0.031301
0 0.862778 0.700165 0.034444 0.039539
0 0.862222 0.868204 0.035556 0.039539
0 0.087778 0.916804 0.037778 0.041186
0 0.501667 0.207578 0.045556 0.029654
0 0.087778 0.873970 0.037778 0.047776
0 0.501667 0.174629 0.043333 0.032949
0 0.088333 0.197694 0.032222 0.046129
0 0.862778 0.827018 0.032222 0.032949
0 0.502222 0.275124 0.040000 0.032949
0 0.861667 0.366557 0.032222 0.041186
0 0.862222 0.744646 0.028889 0.039539
0 0.086111 0.785832 0.034444 0.039539
0 0.860556 0.327018 0.036667 0.044481
0 0.656667 0.868204 0.033333 0.042834
0 0.087222 0.829489 0.036667 0.044481
0 0.862778 0.534596 0.034444 0.041186
0 0.656667 0.704283 0.033333 0.041186
0 0.655556 0.914333 0.031111 0.042834
0 0.911111 0.197694 0.033333 0.046129
0 0.913333 0.449753 0.033333 0.039539
0 0.138333 0.619440 0.034444 0.039539
0 0.912778 0.407743 0.036667 0.044481
0 0.501111 0.139209 0.046667 0.041186
0 0.705556 0.367381 0.031111 0.036244
0 0.911667 0.241351 0.036667 0.044481
0 0.656111 0.828666 0.032222 0.039539
0 0.656667 0.742998 0.033333 0.039539
0 0.657778 0.785008 0.033333 0.044481
0 0.294444 0.196870 0.033333 0.041186
0 0.088333 0.283361 0.032222 0.039539
0 0.655556 0.327018 0.033333 0.044481
0 0.863333 0.913509 0.035556 0.047776
0 0.911667 0.284185 0.036667 0.044481
0 0.912778 0.366557 0.036667 0.041186
0 0.088333 0.241351 0.032222 0.041186
0 0.087778 0.616969 0.033333 0.037891
0 0.138333 0.580725 0.036667 0.041186
0 0.138333 0.660626 0.036667 0.039539
0 0.655000 0.282537 0.030000 0.047776
0 0.861667 0.449753 0.034444 0.039539
0 0.911667 0.324547 0.036667 0.042834
0 0.860556 0.409390 0.036667 0.044481
0 0.087222 0.704283 0.036667 0.044481
0 0.087222 0.746293 0.034444 0.039539
0 0.810556 0.490939 0.030000 0.039539
0 0.139444 0.198517 0.036667 0.047776
0 0.810000 0.575783 0.031111 0.037891
0 0.191667 0.200165 0.034444 0.041186
0 0.705556 0.449753 0.031111 0.039539
0 0.190556 0.326194 0.032222 0.036244
0 0.860556 0.285832 0.034444 0.044481
0 0.656667 0.495058 0.028889 0.037891
0 0.861111 0.786656 0.033333 0.044481
0 0.087778 0.410214 0.033333 0.036244
0 0.087778 0.494234 0.031111 0.039539
0 0.859444 0.198517 0.032222 0.044481
0 0.655556 0.532949 0.031111 0.041186
0 0.913333 0.495058 0.035556 0.044481
0 0.191667 0.152389 0.034444 0.047776
0 0.911111 0.149918 0.033333 0.049423
0 0.139444 0.539539 0.036667 0.047776
0 0.655556 0.242175 0.028889 0.036244
0 0.861111 0.491763 0.033333 0.041186
0 0.088333 0.149094 0.036667 0.047776
0 0.603333 0.411038 0.031111 0.041186
0 0.088333 0.327018 0.036667 0.044481
0 0.087222 0.577430 0.034444 0.041186
0 0.241111 0.285008 0.033333 0.039539
0 0.087778 0.369028 0.033333 0.042834
0 0.141667 0.150741 0.036667 0.047776
0 0.190556 0.242175 0.030000 0.042834
0 0.808333 0.327842 0.032222 0.039539
0 0.859444 0.242175 0.036667 0.042834
0 0.810556 0.532949 0.032222 0.044481
0 0.810556 0.660626 0.032222 0.042834
0 0.553889 0.327842 0.030000 0.036244
0 0.859444 0.153213 0.036667 0.049423
0 0.808889 0.453048 0.031111 0.042834
0 0.654444 0.153213 0.031111 0.049423
0 0.503889 0.307249 0.041111 0.041186
0 0.705556 0.152389 0.035556 0.047776
0 0.138333 0.327842 0.032222 0.039539
0 0.087222 0.536244 0.036667 0.044481
0 0.810556 0.616145 0.032222 0.046129
0 0.087222 0.660626 0.036667 0.042834
0 0.502222 0.242175 0.046667 0.039539
0 0.138333 0.704283 0.036667 0.047776
0 0.139444 0.242998 0.036667 0.044481
0 0.138333 0.495058 0.034444 0.041186
0 0.294444 0.153213 0.033333 0.046129
0 0.656667 0.620264 0.033333 0.044481
0 0.139444 0.411862 0.036667 0.042834
0 0.139444 0.286656 0.032222 0.042834
0 0.861667 0.660626 0.034444 0.039539
0 0.087778 0.452224 0.033333 0.044481
0 0.757222 0.283361 0.030000 0.036244
0 0.861111 0.576606 0.033333 0.039539
0 0.655556 0.198517 0.033333 0.047776
0 0.758889 0.368204 0.031111 0.041186
0 0.861667 0.618616 0.034444 0.044481
0 0.656667 0.663097 0.035556 0.044481
0 0.448333 0.326194 0.034444 0.036244
0 0.138333 0.454695 0.034444 0.039539
0 0.808333 0.366557 0.032222 0.044481
0 0.553333 0.152389 0.033333 0.047776
0 0.449444 0.152389 0.036667 0.047776
0 0.706667 0.491763 0.035556 0.044481
0 0.398333 0.153213 0.032222 0.049423
0 0.656667 0.574959 0.033333 0.042834
0 0.346111 0.327842 0.032222 0.039539
0 0.604444 0.284185 0.031111 0.041186
0 0.758333 0.411038 0.036667 0.044481
0 0.241111 0.244646 0.031111 0.041186
0 0.706667 0.407743 0.033333 0.044481
0 0.705556 0.200165 0.033333 0.041186
0 0.604444 0.453048 0.031111 0.042834
0 0.808333 0.411038 0.032222 0.041186
0 0.757778 0.200165 0.033333 0.041186
0 0.654444 0.367381 0.031111 0.039539
0 0.705556 0.286656 0.033333 0.042834
0 0.397778 0.241351 0.033333 0.044481
0 0.242778 0.153213 0.034444 0.049423
0 0.809444 0.282537 0.032222 0.047776
0 0.242778 0.199341 0.034444 0.046129
0 0.706667 0.328666 0.033333 0.041186
0 0.139444 0.368204 0.036667 0.044481
0 0.293333 0.286656 0.033333 0.039539
0 0.758333 0.324547 0.032222 0.046129
0 0.448333 0.242175 0.032222 0.039539
0 0.655556 0.452224 0.031111 0.041186
0 0.242778 0.325371 0.034444 0.041186
0 0.552778 0.198517 0.034444 0.044481
0 0.397778 0.328666 0.033333 0.041186
0 0.294444 0.325371 0.033333 0.041186
0 0.398333 0.199341 0.032222 0.042834
0 0.189444 0.285832 0.032222 0.044481
0 0.294444 0.242998 0.033333 0.047776
0 0.655556 0.411038 0.031111 0.044481
