0 0.555556 0.911475 0.037778 0.052459
0 0.914444 0.864754 0.037778 0.040984
0 0.861111 0.909836 0.033333 0.042623
0 0.914444 0.907377 0.040000 0.047541
0 0.500556 0.182787 0.041111 0.034426
0 0.501667 0.315574 0.041111 0.037705
0 0.605556 0.869672 0.035556 0.040984
0 0.916667 0.822951 0.035556 0.042623
0 0.657778 0.909836 0.037778 0.049180
0 0.605556 0.909836 0.035556 0.042623
0 0.811667 0.911475 0.036667 0.042623
0 0.707778 0.867213 0.035556 0.042623
0 0.811667 0.867213 0.036667 0.042623
0 0.761667 0.913115 0.036667 0.045902
0 0.862222 0.823770 0.035556 0.047541
0 0.762222 0.823770 0.033333 0.047541
0 0.812778 0.823770 0.036667 0.047541
0 0.708889 0.912295 0.037778 0.044262
0 0.656667 0.868033 0.033333 0.037705
0 0.499444 0.249180 0.043333 0.039344
0 0.502778 0.381148 0.041111 0.031148
0 0.823333 0.783607 0.020000 0.032787
0 0.501667 0.285246 0.041111 0.032787
0 0.927778 0.782787 0.022222 0.034426
0 0.501667 0.150820 0.043333 0.032787
0 0.875000 0.782787 0.021111 0.034426
0 0.502778 0.353279 0.041111 0.031148
0 0.862778 0.868852 0.034444 0.042623
0 0.500556 0.214754 0.041111 0.029508
0 0.761111 0.868852 0.035556 0.042623
0 0.771667 0.783607 0.023333 0.032787
