0 0.294444 0.336349 0.033333 0.041118
0 0.553333 0.717928 0.033333 0.041118
0 0.617222 0.425987 0.018889 0.032895
0 0.770556 0.423520 0.023333 0.034539
0 0.463333 0.715461 0.026667 0.036184
0 0.462222 0.927632 0.022222 0.032895
0 0.099444 0.878289 0.021111 0.032895
0 0.437222 0.840461 0.023333 0.036184
0 0.098333 0.923520 0.023333 0.034539
0 0.773333 0.546053 0.024444 0.036184
0 0.075556 0.923520 0.024444 0.034539
0 0.437778 0.880757 0.024444 0.034539
0 0.461667 0.840461 0.023333 0.039474
0 0.503333 0.157895 0.044444 0.032895
0 0.463333 0.798520 0.024444 0.034539
0 0.295556 0.296053 0.031111 0.039474
0 0.503333 0.220395 0.046667 0.026316
0 0.462222 0.753289 0.022222 0.036184
0 0.462222 0.883224 0.022222 0.036184
0 0.773333 0.467928 0.024444 0.034539
0 0.203333 0.463816 0.022222 0.039474
0 0.511111 0.758224 0.024444 0.029605
0 0.617222 0.550987 0.025556 0.032895
0 0.862222 0.253289 0.035556 0.046053
0 0.553333 0.338816 0.033333 0.039474
0 0.502222 0.504112 0.037778 0.044408
0 0.190556 0.628289 0.036667 0.049342
0 0.552778 0.293586 0.034444 0.047697
0 0.451667 0.293586 0.036667 0.047697
0 0.240556 0.713816 0.036667 0.046053
0 0.656667 0.253289 0.033333 0.046053
0 0.810000 0.296053 0.031111 0.042763
0 0.916667 0.208882 0.035556 0.049342
0 0.707778 0.211349 0.035556 0.054276
0 0.553333 0.380757 0.033333 0.047697
0 0.138333 0.626645 0.032222 0.046053
0 0.502778 0.459704 0.038889 0.044408
0 0.242222 0.296053 0.035556 0.046053
0 0.451667 0.337993 0.034444 0.044408
0 0.811667 0.340461 0.034444 0.042763
0 0.295556 0.251645 0.033333 0.049342
0 0.451667 0.380757 0.034444 0.041118
0 0.189444 0.716283 0.036667 0.044408
0 0.503333 0.250822 0.042222 0.037829
0 0.605556 0.296053 0.033333 0.046053
0 0.139444 0.383224 0.032222 0.042763
0 0.191667 0.341283 0.034444 0.037829
0 0.398333 0.626645 0.034444 0.049342
0 0.190556 0.673520 0.034444 0.037829
0 0.760556 0.380757 0.038889 0.041118
0 0.242778 0.340461 0.036667 0.042763
0 0.706667 0.258224 0.033333 0.036184
0 0.086111 0.383224 0.036667 0.049342
0 0.397222 0.673520 0.032222 0.041118
0 0.087222 0.629112 0.036667 0.044408
0 0.706667 0.298520 0.033333 0.047697
0 0.137778 0.673520 0.035556 0.044408
0 0.916667 0.255757 0.033333 0.041118
0 0.605556 0.383224 0.033333 0.042763
0 0.190556 0.380757 0.036667 0.041118
0 0.593889 0.423520 0.021111 0.034539
0 0.759444 0.340461 0.036667 0.039474
0 0.347222 0.208882 0.034444 0.052632
0 0.137222 0.716283 0.034444 0.044408
0 0.242778 0.630757 0.034444 0.047697
0 0.346111 0.298520 0.034444 0.047697
0 0.811667 0.380757 0.036667 0.041118
0 0.915556 0.298520 0.037778 0.044408
0 0.086111 0.673520 0.036667 0.047697
0 0.139444 0.296053 0.032222 0.046053
0 0.086667 0.715461 0.037778 0.039474
0 0.605556 0.671053 0.035556 0.046053
0 0.758333 0.296053 0.032222 0.049342
0 0.505556 0.320724 0.040000 0.039474
0 0.191667 0.296053 0.034444 0.052632
0 0.606667 0.628289 0.033333 0.042763
0 0.398333 0.715461 0.032222 0.046053
0 0.087222 0.340461 0.034444 0.042763
0 0.412222 0.293586 0.022222 0.041118
0 0.439444 0.462993 0.021111 0.037829
0 0.347778 0.255757 0.031111 0.041118
0 0.553333 0.629112 0.033333 0.044408
0 0.502222 0.546053 0.028889 0.039474
0 0.593889 0.461349 0.021111 0.034539
0 0.241667 0.383224 0.036667 0.042763
0 0.462222 0.425987 0.020000 0.036184
0 0.605556 0.340461 0.033333 0.039474
0 0.138333 0.340461 0.032222 0.042763
0 0.862222 0.337993 0.031111 0.037829
0 0.656111 0.340461 0.032222 0.039474
0 0.617222 0.466283 0.021111 0.037829
0 0.438333 0.423520 0.021111 0.034539
0 0.463333 0.505757 0.022222 0.037829
0 0.811667 0.717928 0.036667 0.044408
0 0.552222 0.675164 0.035556 0.047697
0 0.463333 0.588816 0.022222 0.039474
0 0.074444 0.836349 0.026667 0.037829
0 0.605556 0.717928 0.035556 0.044408
0 0.503333 0.387336 0.042222 0.034539
0 0.656111 0.298520 0.032222 0.041118
0 0.812222 0.630757 0.031111 0.044408
0 0.098333 0.755757 0.021111 0.034539
0 0.179444 0.508224 0.023333 0.036184
0 0.437778 0.671053 0.024444 0.036184
0 0.438333 0.586349 0.021111 0.037829
0 0.440556 0.505757 0.021111 0.034539
0 0.099444 0.798520 0.023333 0.034539
0 0.179444 0.423520 0.023333 0.037829
0 0.462222 0.465461 0.022222 0.036184
0 0.437222 0.711349 0.023333 0.037829
0 0.503889 0.287007 0.041111 0.031250
0 0.150556 0.798520 0.025556 0.037829
0 0.203333 0.423520 0.022222 0.034539
0 0.438333 0.628289 0.023333 0.036184
0 0.462222 0.629112 0.022222 0.037829
0 0.437778 0.796053 0.024444 0.036184
0 0.087222 0.296053 0.032222 0.042763
0 0.178333 0.465461 0.023333 0.039474
0 0.072222 0.798520 0.022222 0.037829
0 0.073333 0.879112 0.024444 0.037829
0 0.438333 0.753289 0.023333 0.039474
0 0.502222 0.186678 0.042222 0.037829
0 0.073333 0.755757 0.022222 0.034539
0 0.438333 0.543586 0.021111 0.041118
0 0.178333 0.548520 0.023333 0.034539
0 0.503889 0.353618 0.041111 0.032895
0 0.387222 0.293586 0.023333 0.037829
0 0.863333 0.297697 0.031111 0.042763
0 0.462222 0.671053 0.024444 0.039474
0 0.463333 0.548520 0.022222 0.034539
0 0.812778 0.673520 0.034444 0.047697
0 0.150000 0.758224 0.022222 0.032895
0 0.437222 0.925987 0.023333 0.036184
