0 0.503256 0.493039 0.040777 0.036762
0 0.836033 0.918567 0.038116 0.046097
0 0.736907 0.906540 0.039112 0.044622
0 0.500188 0.747941 0.024082 0.032698
0 0.437637 0.781759 0.029161 0.043166
0 0.092597 0.439553 0.039222 0.046259
0 0.515968 0.344499 0.044094 0.037247
0 0.872168 0.385884 0.039331 0.047896
0 0.103856 0.270967 0.034799 0.045612
0 0.522502 0.213235 0.043876 0.033974
0 0.518020 0.280342 0.041883 0.036924
0 0.745682 0.741722 0.039440 0.049532
0 0.838711 0.878467 0.035795 0.044137
0 0.446046 0.572263 0.035686 0.042500
0 0.174476 0.743246 0.038444 0.051007
0 0.206299 0.283479 0.035358 0.037590
0 0.316770 0.384763 0.021980 0.034011
0 0.513727 0.378052 0.046634 0.042481
0 0.524579 0.182136 0.044313 0.040521
0 0.845804 0.755548 0.036014 0.047410
0 0.740769 0.823641 0.038116 0.046097
0 0.571732 0.253494 0.032369 0.042014
0 0.834187 0.962921 0.040765 0.052968
0 0.737927 0.866197 0.038116 0.046097
0 0.852096 0.669699 0.036792 0.042662
0 0.112492 0.141663 0.039659 0.052806
0 0.785170 0.911124 0.040327 0.046421
0 0.751311 0.657429 0.036901 0.044298
0 0.519155 0.246626 0.044641 0.045431
0 0.803911 0.622155 0.034908 0.047248
0 0.844068 0.798266 0.038007 0.044460
0 0.841553 0.835911 0.038225 0.047734
0 0.298074 0.296910 0.024301 0.035971
0 0.812055 0.500217 0.034362 0.039065
0 0.300270 0.422841 0.032478 0.043651
0 0.788237 0.873559 0.039003 0.042985
0 0.860131 0.549397 0.036901 0.044298
0 0.444918 0.614243 0.034689 0.043975
0 0.850250 0.714053 0.037447 0.052482
0 0.320111 0.343107 0.023195 0.035810
0 0.178977 0.700933 0.034689 0.043975
0 0.527482 0.147027 0.043098 0.038722
0 0.857452 0.589498 0.037010 0.045935
0 0.867886 0.424923 0.035577 0.040863
0 0.325467 0.262905 0.023414 0.039083
0 0.768230 0.370673 0.034689 0.043975
0 0.518209 0.310945 0.044641 0.045431
0 0.621878 0.263312 0.033584 0.043813
0 0.732461 0.948034 0.040327 0.046421
0 0.335848 0.684225 0.031154 0.040216
0 0.199454 0.369247 0.035686 0.042500
0 0.873516 0.340630 0.036123 0.049047
0 0.333225 0.723507 0.031591 0.046763
0 0.327151 0.806082 0.036573 0.039388
0 0.297817 0.467933 0.033912 0.048723
0 0.782771 0.955397 0.039222 0.046259
0 0.298432 0.258123 0.024629 0.040882
0 0.322953 0.300551 0.025625 0.039407
0 0.819257 0.375661 0.039440 0.049532
0 0.881817 0.207972 0.039878 0.056079
0 0.506044 0.451302 0.041980 0.054766
0 0.722055 0.276319 0.034689 0.043975
0 0.442075 0.656799 0.039331 0.047896
0 0.814733 0.460116 0.039112 0.044622
0 0.154166 0.278329 0.035905 0.045773
0 0.086967 0.523846 0.039331 0.047896
0 0.329830 0.765981 0.037120 0.047572
0 0.109650 0.184218 0.037010 0.045935
0 0.791079 0.831003 0.039222 0.046259
0 0.189246 0.538814 0.040437 0.048057
0 0.294181 0.338486 0.029052 0.041529
0 0.106698 0.228411 0.039659 0.052806
0 0.437272 0.737081 0.040218 0.044784
0 0.260229 0.253358 0.034689 0.043975
0 0.459019 0.403101 0.036901 0.044298
0 0.412516 0.313658 0.036901 0.044298
0 0.725778 0.228934 0.036451 0.053957
0 0.115608 0.095015 0.039550 0.051169
0 0.754154 0.614873 0.039331 0.047896
0 0.677866 0.177298 0.038444 0.051007
0 0.771236 0.325662 0.035017 0.048885
0 0.217723 0.112438 0.036342 0.052320
0 0.203348 0.327672 0.036232 0.050684
0 0.823205 0.333267 0.039440 0.049532
0 0.452120 0.489688 0.039331 0.047896
0 0.759144 0.489994 0.036901 0.044298
0 0.415030 0.276013 0.037120 0.047572
0 0.464321 0.323718 0.037010 0.045935
0 0.624277 0.219038 0.032915 0.050198
0 0.096490 0.397977 0.037120 0.047572
0 0.166860 0.104995 0.038553 0.052644
0 0.799387 0.706610 0.037010 0.045935
0 0.097285 0.352643 0.034799 0.045612
0 0.140782 0.487097 0.039331 0.047896
0 0.314099 0.215791 0.037229 0.049209
0 0.578188 0.165190 0.036342 0.052320
0 0.089918 0.479653 0.037120 0.047572
0 0.409674 0.356214 0.034908 0.047248
0 0.669735 0.315766 0.038553 0.052644
0 0.817412 0.420016 0.037229 0.049209
0 0.762928 0.450056 0.037010 0.045935
0 0.424104 0.140162 0.039550 0.051169
0 0.793867 0.789266 0.037120 0.047572
0 0.191092 0.494459 0.038444 0.051007
0 0.757572 0.530257 0.037010 0.045935
0 0.149090 0.362703 0.036901 0.044298
0 0.346610 0.514739 0.034799 0.045612
0 0.720762 0.320755 0.038444 0.051007
0 0.340980 0.599032 0.034908 0.047248
0 0.469398 0.239345 0.035795 0.044137
0 0.142518 0.444379 0.039112 0.044622
0 0.774024 0.283925 0.039112 0.044622
0 0.449278 0.532243 0.039550 0.051169
0 0.360383 0.308508 0.034799 0.045612
0 0.163744 0.151642 0.036232 0.050684
0 0.576178 0.211999 0.038444 0.051007
0 0.628273 0.167562 0.036560 0.055594
0 0.349288 0.474639 0.034689 0.043975
0 0.456177 0.445657 0.039550 0.051169
0 0.153201 0.317854 0.039440 0.049532
0 0.775924 0.238752 0.039659 0.052806
0 0.267846 0.164398 0.036123 0.049047
0 0.371807 0.137467 0.037120 0.047572
0 0.263625 0.210884 0.036232 0.050684
0 0.366177 0.221760 0.034799 0.045612
0 0.674587 0.226401 0.034021 0.050360
0 0.146466 0.401985 0.039331 0.047896
0 0.368965 0.180022 0.034908 0.047248
0 0.351911 0.435356 0.034908 0.047248
0 0.472240 0.196789 0.038444 0.051007
0 0.420988 0.186809 0.039440 0.049532
0 0.320944 0.130023 0.039550 0.051169
0 0.269692 0.120044 0.038553 0.052644
0 0.316886 0.174054 0.037120 0.047572
0 0.403880 0.442962 0.034908 0.047248
0 0.363225 0.265952 0.034799 0.045612
0 0.357596 0.350245 0.036901 0.044298
0 0.475908 0.150222 0.039659 0.052806
0 0.466058 0.281001 0.039222 0.046259
0 0.418037 0.231002 0.037229 0.049209
0 0.406886 0.397951 0.035017 0.048885
0 0.671745 0.268957 0.036014 0.047410
0 0.802175 0.664873 0.037120 0.047572
0 0.755890 0.572156 0.034908 0.047248
0 0.744109 0.781984 0.039112 0.044622
0 0.439950 0.696980 0.035905 0.045773
0 0.295030 0.509670 0.038444 0.051007
0 0.291339 0.381041 0.024410 0.037608
0 0.343931 0.554840 0.034689 0.043975
0 0.809377 0.540317 0.034689 0.043975
0 0.197274 0.410247 0.032587 0.045288
0 0.854774 0.629599 0.036901 0.044298
0 0.796709 0.746710 0.036901 0.044298
0 0.324200 0.850274 0.039878 0.056079
0 0.748688 0.696711 0.037120 0.047572
0 0.193934 0.451904 0.035795 0.044137
0 0.716152 0.364704 0.039550 0.051169
0 0.356023 0.390507 0.032369 0.042014
0 0.101069 0.312704 0.037120 0.047572
0 0.875914 0.296357 0.034799 0.045612
0 0.158503 0.238471 0.034689 0.043975
0 0.806589 0.582055 0.034799 0.045612
0 0.827893 0.246357 0.033025 0.051835
0 0.181211 0.659115 0.033693 0.045450
0 0.338138 0.641588 0.035127 0.050522
0 0.159632 0.196491 0.036123 0.049047
0 0.211820 0.200823 0.036123 0.049047
0 0.207872 0.243217 0.035686 0.042500
0 0.826157 0.289075 0.034799 0.045612
0 0.183890 0.619015 0.038225 0.047734
0 0.864024 0.507822 0.037010 0.045935
0 0.878592 0.256256 0.034908 0.047248
0 0.865760 0.465104 0.037010 0.045935
0 0.929012 0.261982 0.041311 0.061151
0 0.461643 0.363819 0.034908 0.047248
0 0.186568 0.578914 0.035905 0.045773
0 0.214771 0.156631 0.036123 0.049047
0 0.765607 0.409955 0.032478 0.043651
