0 0.770854 0.434209 0.039504 0.054426
0 0.730645 0.766378 0.041488 0.053405
0 0.093979 0.716879 0.024984 0.039557
0 0.886042 0.466353 0.026076 0.039854
0 0.846088 0.994858 0.027169 0.010283
0 0.718032 0.976656 0.024984 0.039557
0 0.123691 0.682381 0.025875 0.038239
0 0.105767 0.635770 0.025875 0.038239
0 0.723904 0.934008 0.026277 0.041469
0 0.119357 0.726282 0.026679 0.044699
0 0.789102 0.823172 0.024783 0.037942
0 0.693099 0.968210 0.027169 0.040151
0 0.523678 0.336974 0.047731 0.044180
0 0.870375 0.999082 0.026277 0.001837
0 0.782538 0.862293 0.023489 0.036030
0 0.929546 0.520751 0.024783 0.037942
0 0.830304 0.492107 0.022999 0.040578
0 0.874262 0.974041 0.027571 0.043381
0 0.630655 0.739201 0.042581 0.053702
0 0.099204 0.674891 0.027571 0.043381
0 0.730424 0.890702 0.024092 0.040875
0 0.884959 0.892635 0.025875 0.038239
0 0.519759 0.368465 0.050520 0.049619
0 0.657515 0.827476 0.024783 0.037942
0 0.778396 0.477999 0.026277 0.041469
0 0.189179 0.360422 0.026767 0.036921
0 0.710415 0.842689 0.025674 0.036624
0 0.879488 0.932053 0.027169 0.040151
0 0.823640 0.532035 0.021102 0.033821
0 0.925369 0.558851 0.026478 0.043084
0 0.699172 0.923947 0.026679 0.044699
0 0.498769 0.528048 0.033035 0.044866
0 0.773818 0.519328 0.027571 0.043381
0 0.894509 0.380166 0.026076 0.039854
0 0.850221 0.967507 0.027571 0.043381
0 0.831080 0.794512 0.039906 0.057656
0 0.889883 0.853069 0.026076 0.039854
0 0.869675 0.588792 0.023891 0.039260
0 0.737540 0.810827 0.026968 0.038536
0 0.201023 0.492199 0.024582 0.036327
0 0.469246 0.352231 0.041287 0.051790
0 0.110613 0.256423 0.039504 0.054426
0 0.682348 0.836730 0.027169 0.040151
0 0.274207 0.643987 0.039014 0.058974
0 0.875892 0.547907 0.024092 0.040875
0 0.704197 0.883573 0.026277 0.041469
0 0.715339 0.803123 0.023690 0.037645
0 0.854900 0.925370 0.026076 0.039854
0 0.176881 0.486472 0.024381 0.034712
0 0.548701 0.135913 0.050520 0.049619
0 0.733464 0.848119 0.025875 0.038239
0 0.672534 0.493469 0.026076 0.039854
0 0.728976 0.462062 0.024984 0.039557
0 0.866488 0.845875 0.026968 0.038536
0 0.185046 0.402708 0.025386 0.042787
0 0.544380 0.170634 0.050319 0.048004
0 0.216499 0.367847 0.024582 0.036327
0 0.695131 0.538846 0.023690 0.037645
0 0.846180 0.582406 0.024984 0.039557
0 0.861118 0.884486 0.025875 0.038239
0 0.214628 0.283025 0.041689 0.055020
0 0.648594 0.486127 0.024092 0.040875
0 0.172233 0.614600 0.037117 0.052217
0 0.810551 0.655366 0.023288 0.034415
0 0.870468 0.373632 0.023891 0.039260
0 0.797105 0.568232 0.024783 0.037942
0 0.117031 0.213924 0.041086 0.050175
0 0.718971 0.546995 0.025875 0.038239
0 0.878631 0.507747 0.026076 0.039854
0 0.207787 0.451463 0.025875 0.038239
0 0.220676 0.329748 0.024092 0.040875
0 0.123058 0.601234 0.043674 0.053999
0 0.212711 0.411897 0.029066 0.046908
0 0.528791 0.304972 0.050720 0.051234
0 0.860663 0.456950 0.024783 0.037942
0 0.703943 0.454423 0.024381 0.034712
0 0.719764 0.331835 0.023690 0.037645
0 0.687172 0.797971 0.027169 0.040151
0 0.324475 0.657650 0.041200 0.059568
0 0.854345 0.498642 0.025185 0.041172
0 0.077224 0.542863 0.043071 0.049155
0 0.587400 0.251614 0.039592 0.046649
0 0.225180 0.198240 0.039303 0.052811
0 0.786409 0.649639 0.023489 0.036030
0 0.807556 0.484255 0.026968 0.038536
0 0.163167 0.269873 0.037117 0.052217
0 0.816668 0.615289 0.021102 0.033821
0 0.280525 0.602295 0.037808 0.049284
0 0.662239 0.789525 0.025386 0.042787
0 0.126989 0.560564 0.038901 0.049581
0 0.864696 0.415472 0.027169 0.040151
0 0.375490 0.669846 0.041488 0.053405
0 0.082751 0.498452 0.044076 0.057229
0 0.792281 0.606991 0.024381 0.034712
0 0.803423 0.526541 0.024783 0.037942
0 0.744251 0.339326 0.024984 0.039557
0 0.882095 0.806708 0.040195 0.051493
0 0.735194 0.421178 0.024783 0.037942
0 0.841632 0.709727 0.037519 0.055447
0 0.284859 0.558394 0.038612 0.055744
0 0.228574 0.584001 0.037607 0.047669
0 0.887019 0.767142 0.037808 0.049284
0 0.652626 0.444649 0.024293 0.042490
0 0.195297 0.320345 0.027571 0.043381
0 0.724096 0.505814 0.025674 0.036624
0 0.708867 0.414857 0.022798 0.038963
0 0.890175 0.424067 0.024293 0.042490
0 0.742691 0.678661 0.039504 0.054426
0 0.168292 0.228692 0.039102 0.051196
0 0.676020 0.451842 0.027370 0.041766
0 0.223449 0.625182 0.038612 0.055744
0 0.181692 0.529518 0.041689 0.055020
0 0.714538 0.373824 0.025875 0.038239
0 0.836205 0.753331 0.036715 0.048987
0 0.699609 0.498324 0.024783 0.037942
0 0.580089 0.292202 0.037607 0.047669
0 0.380414 0.630280 0.039102 0.051196
0 0.739126 0.380507 0.025185 0.041172
0 0.776971 0.394133 0.036514 0.047372
0 0.329456 0.613090 0.039102 0.051196
0 0.270869 0.253233 0.038009 0.050899
0 0.219954 0.240229 0.038901 0.049581
0 0.173819 0.184280 0.041488 0.053405
0 0.132818 0.513730 0.042292 0.059865
0 0.690338 0.663596 0.039303 0.052811
0 0.264350 0.296540 0.040597 0.054723
0 0.781013 0.779234 0.036916 0.050602
0 0.275705 0.205295 0.042003 0.066028
0 0.327455 0.225204 0.038411 0.054129
0 0.479898 0.266639 0.036514 0.047372
0 0.927330 0.434166 0.035623 0.048690
0 0.639567 0.653971 0.042091 0.058250
0 0.473781 0.306716 0.041689 0.055020
0 0.335774 0.571398 0.042091 0.058250
0 0.121265 0.170831 0.043875 0.055614
0 0.781305 0.350232 0.042091 0.058250
0 0.486619 0.221717 0.039906 0.057656
0 0.786239 0.737245 0.036916 0.050602
0 0.320936 0.268511 0.038009 0.050899
0 0.892547 0.722731 0.040597 0.054723
0 0.680477 0.751908 0.041689 0.055020
0 0.634386 0.700145 0.037808 0.049284
0 0.177257 0.574227 0.038901 0.049581
0 0.509321 0.443263 0.047153 0.056505
0 0.233900 0.541205 0.038612 0.055744
0 0.365331 0.324822 0.041890 0.056635
0 0.737063 0.723879 0.039102 0.051196
0 0.851405 0.540417 0.029757 0.043975
0 0.683819 0.706903 0.037117 0.052217
0 0.574763 0.334998 0.040396 0.053108
0 0.422219 0.294371 0.039102 0.051196
0 0.671957 0.407329 0.040597 0.054723
0 0.371851 0.281515 0.041086 0.050175
0 0.626124 0.348958 0.038210 0.052514
0 0.504340 0.487823 0.043674 0.053999
0 0.792557 0.695554 0.037318 0.053832
0 0.620597 0.393369 0.038411 0.054129
0 0.923844 0.475792 0.037318 0.053832
0 0.681372 0.318061 0.036916 0.050602
0 0.388529 0.583233 0.042292 0.059865
0 0.591834 0.206906 0.039215 0.060589
0 0.822215 0.448169 0.041287 0.051790
0 0.631651 0.304547 0.038411 0.054129
0 0.378370 0.238209 0.037519 0.055447
0 0.933949 0.390051 0.038411 0.054129
0 0.676492 0.361813 0.038411 0.054129
0 0.429932 0.250554 0.039705 0.056041
0 0.827340 0.406988 0.036715 0.048987
0 0.830681 0.361983 0.040308 0.060886
0 0.416793 0.337974 0.041689 0.055020
0 0.533853 0.237060 0.048334 0.049025
0 0.539066 0.204251 0.049917 0.044774
0 0.128961 0.644578 0.024582 0.036327
0 0.113039 0.767973 0.028463 0.042063
0 0.530826 0.270464 0.047731 0.044180
0 0.315409 0.312922 0.041200 0.059568
0 0.486056 0.739133 0.028061 0.038833
0 0.181705 0.447713 0.027370 0.041766
0 0.073091 0.585149 0.042091 0.058250
