0 0.237333 0.271094 0.040000 0.026562
0 0.126667 0.271875 0.037333 0.025000
0 0.498000 0.299219 0.028000 0.020313
0 0.810000 0.270313 0.036000 0.025000
0 0.540667 0.271875 0.036000 0.025000
0 0.403333 0.271875 0.036000 0.025000
0 0.503333 0.782813 0.020000 0.028125
0 0.236000 0.818750 0.037333 0.034375
0 0.183333 0.818750 0.036000 0.034375
0 0.714000 0.528125 0.025333 0.031250
0 0.180000 0.418750 0.037333 0.037500
0 0.716667 0.668750 0.025333 0.028125
0 0.126667 0.817969 0.034667 0.039062
0 0.714000 0.421094 0.028000 0.035937
0 0.182667 0.709375 0.037333 0.034375
0 0.648667 0.815625 0.036000 0.034375
0 0.714000 0.309375 0.025333 0.028125
0 0.348000 0.818750 0.034667 0.028125
0 0.238000 0.892188 0.036000 0.034375
0 0.646000 0.421094 0.036000 0.032813
0 0.770000 0.815625 0.025333 0.028125
0 0.744000 0.814844 0.024000 0.032813
0 0.124667 0.565625 0.036000 0.031250
0 0.124000 0.709375 0.034667 0.034375
0 0.865333 0.525000 0.040000 0.037500
0 0.770000 0.883594 0.028000 0.032813
0 0.180667 0.527344 0.036000 0.035937
0 0.182000 0.746094 0.036000 0.035937
0 0.594667 0.846875 0.037333 0.034375
0 0.403333 0.854688 0.036000 0.034375
0 0.648667 0.850000 0.036000 0.034375
0 0.540000 0.887500 0.034667 0.031250
0 0.348667 0.889844 0.036000 0.035937
0 0.236000 0.746875 0.037333 0.034375
0 0.498000 0.225000 0.028000 0.028125
0 0.125333 0.890625 0.032000 0.034375
0 0.688000 0.490625 0.026667 0.028125
0 0.236000 0.855469 0.037333 0.035937
0 0.235333 0.346875 0.033333 0.034375
0 0.594000 0.884375 0.036000 0.034375
0 0.236667 0.709375 0.038667 0.034375
0 0.540667 0.852344 0.038667 0.039062
0 0.769333 0.850000 0.024000 0.031250
0 0.756000 0.634375 0.034667 0.034375
0 0.714667 0.705469 0.032000 0.035937
0 0.402667 0.817969 0.034667 0.035937
0 0.688667 0.346094 0.025333 0.029687
0 0.540667 0.778125 0.033333 0.031250
0 0.124000 0.853125 0.034667 0.034375
0 0.498667 0.196875 0.026667 0.025000
0 0.593333 0.780469 0.032000 0.032813
0 0.744667 0.850000 0.025333 0.031250
0 0.716667 0.634375 0.028000 0.034375
0 0.864000 0.562500 0.037333 0.034375
0 0.593333 0.746094 0.032000 0.035937
0 0.124000 0.528125 0.040000 0.040625
0 0.292667 0.564063 0.033333 0.031250
0 0.539333 0.418750 0.036000 0.034375
0 0.124000 0.746094 0.037333 0.035937
0 0.648667 0.885938 0.036000 0.031250
0 0.236000 0.783594 0.037333 0.032813
0 0.647333 0.528125 0.036000 0.034375
0 0.540667 0.490625 0.033333 0.031250
0 0.540000 0.814844 0.037333 0.035937
0 0.180000 0.456250 0.037333 0.034375
0 0.292667 0.528125 0.036000 0.034375
0 0.744000 0.884375 0.026667 0.034375
0 0.540667 0.671875 0.036000 0.034375
0 0.812000 0.884375 0.037333 0.034375
0 0.592000 0.600000 0.034667 0.034375
0 0.180000 0.600000 0.034667 0.034375
0 0.594667 0.708594 0.034667 0.039062
0 0.810667 0.708594 0.037333 0.039062
0 0.402000 0.600000 0.033333 0.034375
0 0.593333 0.673438 0.037333 0.034375
0 0.689333 0.600000 0.029333 0.037500
0 0.688667 0.527344 0.028000 0.032813
0 0.292667 0.493750 0.036000 0.034375
0 0.182000 0.492188 0.036000 0.034375
0 0.647333 0.636719 0.036000 0.035937
0 0.809333 0.346094 0.032000 0.032813
0 0.347333 0.567969 0.036000 0.035937
0 0.811333 0.815625 0.036000 0.034375
0 0.235333 0.381250 0.036000 0.034375
0 0.238000 0.492969 0.036000 0.032813
0 0.592000 0.306250 0.034667 0.037500
0 0.403333 0.565625 0.036000 0.034375
0 0.540667 0.635938 0.036000 0.037500
0 0.539333 0.564063 0.036000 0.034375
0 0.454667 0.346094 0.034667 0.035937
0 0.124667 0.309375 0.038667 0.037500
0 0.647333 0.562500 0.036000 0.034375
0 0.124667 0.380469 0.038667 0.032813
0 0.810000 0.418750 0.036000 0.034375
0 0.647333 0.781250 0.036000 0.034375
0 0.456667 0.456250 0.033333 0.034375
0 0.810000 0.490625 0.036000 0.034375
0 0.403333 0.746875 0.036000 0.034375
0 0.863333 0.381250 0.036000 0.034375
0 0.402000 0.711719 0.036000 0.035937
0 0.809333 0.596875 0.032000 0.037500
0 0.688000 0.381250 0.026667 0.034375
0 0.539333 0.346875 0.036000 0.034375
0 0.590000 0.346875 0.036000 0.037500
0 0.646000 0.671875 0.036000 0.034375
0 0.348000 0.309375 0.034667 0.037500
0 0.810667 0.453125 0.037333 0.034375
0 0.455333 0.492188 0.036000 0.037500
0 0.402667 0.384375 0.034667 0.034375
0 0.236667 0.600000 0.036000 0.034375
0 0.756000 0.705469 0.034667 0.035937
0 0.236667 0.456250 0.038667 0.034375
0 0.291333 0.349219 0.036000 0.035937
0 0.236000 0.565625 0.037333 0.034375
0 0.180667 0.564844 0.036000 0.035937
0 0.540667 0.455469 0.036000 0.032813
0 0.755333 0.418750 0.036000 0.034375
0 0.646667 0.456250 0.034667 0.034375
0 0.180667 0.381250 0.036000 0.034375
0 0.291333 0.418750 0.036000 0.037500
0 0.455333 0.421875 0.036000 0.034375
0 0.291333 0.384375 0.036000 0.034375
0 0.592000 0.492969 0.037333 0.035937
0 0.592000 0.562500 0.034667 0.037500
0 0.592000 0.456250 0.034667 0.034375
0 0.754000 0.309375 0.038667 0.037500
0 0.754667 0.346094 0.034667 0.035937
0 0.810000 0.634375 0.036000 0.034375
0 0.498000 0.261719 0.028000 0.032813
0 0.497333 0.405469 0.029333 0.029687
0 0.496667 0.441406 0.030667 0.035937
0 0.497333 0.367969 0.032000 0.039062
0 0.498000 0.284375 0.028000 0.015625
0 0.646000 0.271875 0.036000 0.025000
0 0.456000 0.565625 0.034667 0.034375
0 0.402000 0.634375 0.033333 0.034375
0 0.236667 0.309375 0.033333 0.034375
0 0.864667 0.346094 0.036000 0.035937
0 0.404667 0.889844 0.038667 0.035937
0 0.715333 0.596875 0.028000 0.031250
0 0.124667 0.490625 0.036000 0.034375
0 0.810667 0.670312 0.034667 0.034375
0 0.455333 0.529687 0.036000 0.034375
0 0.716000 0.456250 0.024000 0.031250
0 0.402000 0.783594 0.036000 0.032813
0 0.348000 0.853125 0.037333 0.034375
0 0.592000 0.527344 0.034667 0.032813
0 0.540667 0.743750 0.036000 0.037500
0 0.594667 0.814063 0.034667 0.034375
0 0.182667 0.783594 0.037333 0.035937
0 0.688000 0.637500 0.026667 0.031250
0 0.811333 0.745313 0.036000 0.034375
0 0.688667 0.562500 0.025333 0.034375
0 0.756000 0.671094 0.034667 0.032813
0 0.714667 0.383594 0.026667 0.032813
0 0.236667 0.417969 0.038667 0.039062
0 0.125333 0.637500 0.034667 0.037500
0 0.348667 0.746875 0.036000 0.037500
0 0.182000 0.637500 0.036000 0.037500
0 0.755333 0.778125 0.036000 0.034375
0 0.125333 0.782813 0.034667 0.034375
0 0.689333 0.671875 0.029333 0.034375
0 0.863333 0.453125 0.036000 0.034375
0 0.688000 0.309375 0.026667 0.034375
0 0.540000 0.706250 0.034667 0.031250
0 0.180000 0.673438 0.037333 0.034375
0 0.646000 0.743750 0.038667 0.037500
0 0.125333 0.600000 0.034667 0.037500
0 0.756000 0.596875 0.034667 0.034375
0 0.454667 0.309375 0.034667 0.037500
0 0.687333 0.417969 0.028000 0.032813
0 0.125333 0.675000 0.034667 0.034375
0 0.124667 0.455469 0.036000 0.035937
0 0.864000 0.489844 0.040000 0.032813
0 0.714000 0.490625 0.028000 0.034375
0 0.756000 0.742969 0.037333 0.035937
0 0.810000 0.781250 0.036000 0.034375
0 0.124000 0.415625 0.037333 0.037500
0 0.646000 0.706250 0.036000 0.034375
0 0.812667 0.850000 0.036000 0.034375
0 0.236000 0.528125 0.037333 0.037500
0 0.714000 0.346094 0.028000 0.035937
0 0.348000 0.784375 0.037333 0.037500
0 0.180000 0.306250 0.037333 0.034375
0 0.182000 0.345313 0.036000 0.037500
0 0.688000 0.455469 0.029333 0.035937
0 0.402000 0.532813 0.036000 0.034375
0 0.864000 0.415625 0.037333 0.034375
0 0.347333 0.637500 0.036000 0.034375
0 0.755333 0.527344 0.036000 0.035937
0 0.810000 0.562500 0.036000 0.034375
0 0.714000 0.562500 0.030667 0.034375
0 0.236667 0.674219 0.038667 0.035937
0 0.124667 0.346094 0.038667 0.035937
0 0.864667 0.306250 0.036000 0.040625
0 0.236000 0.637500 0.037333 0.034375
0 0.346000 0.710938 0.036000 0.037500
0 0.646000 0.598437 0.036000 0.037500
0 0.593333 0.421094 0.037333 0.035937
0 0.646667 0.309375 0.040000 0.034375
0 0.402667 0.458594 0.037333 0.035937
0 0.647333 0.492969 0.036000 0.035937
0 0.347333 0.674219 0.036000 0.035937
0 0.454000 0.384375 0.033333 0.037500
0 0.755333 0.454688 0.036000 0.034375
0 0.402000 0.309375 0.036000 0.034375
0 0.646000 0.384375 0.033333 0.034375
0 0.540667 0.599219 0.036000 0.035937
0 0.402000 0.496094 0.038667 0.039062
0 0.754667 0.383594 0.034667 0.035937
0 0.811333 0.527344 0.036000 0.039062
0 0.755333 0.562500 0.036000 0.034375
0 0.347333 0.531250 0.036000 0.034375
0 0.540667 0.384375 0.036000 0.037500
0 0.292667 0.456250 0.036000 0.034375
0 0.592000 0.636719 0.037333 0.035937
0 0.348000 0.384375 0.037333 0.037500
0 0.809333 0.381250 0.040000 0.037500
0 0.645333 0.346875 0.032000 0.037500
0 0.347333 0.493750 0.036000 0.034375
0 0.402667 0.673438 0.037333 0.040625
0 0.292000 0.309375 0.040000 0.043750
0 0.808000 0.306250 0.037333 0.037500
0 0.402000 0.346875 0.036000 0.037500
0 0.592667 0.384375 0.036000 0.037500
0 0.348667 0.346094 0.036000 0.035937
0 0.755333 0.490625 0.036000 0.034375
0 0.347333 0.603125 0.036000 0.034375
0 0.539333 0.308594 0.036000 0.039062
0 0.540667 0.527344 0.036000 0.039062
0 0.402667 0.421094 0.040000 0.039062
