0 0.3698434693353862 0.38785134880211275 0.02102129843469331 0.036219581211092165
0 0.4000615858352579 0.34710431993963403 0.019707467282525058 0.03923787964534993
0 0.33995381062355656 0.15846066779852858 0.019050551706440867 0.03621958121109226
0 0.2795175776238132 0.15468779475570646 0.02561970746728254 0.03772873042822109
0 0.03645881447267129 0.07470288624787776 0.022992045162945854 0.04376532729673647
0 0.37050038491147036 0.46406338426711935 0.018393636130356678 0.034710431993963405
0 0.09623813189633051 0.5048104131295982 0.021678214010777533 0.03772873042822112
0 0.09623813189633051 0.3508771929824561 0.020364382858609184 0.03772873042822107
0 0.1264562483962022 0.31239388794567063 0.020364382858609184 0.033201282776834595
0 0.49170130869899925 0.31013016411997735 0.019050551706440804 0.03772873042822112
0 0.2492994611239415 0.3901150726278061 0.019050551706440867 0.034710431993963405
0 0.31039260969976906 0.3878513488021128 0.020364382858609184 0.03923787964534993
0 0.43159353348729795 0.19543482361818523 0.019707467282525058 0.034710431993963405
0 0.3097356941236849 0.23467270326353518 0.021678214010777564 0.03772873042822112
0 0.3097356941236849 0.2731560083003207 0.021678214010777564 0.036219581211092214
0 0.31006415191172704 0.617242029805697 0.021021298434693372 0.042256178079607645
0 0.5225763407749551 0.18939822674966986 0.021678214010777498 0.043765327296736455
0 0.5225763407749551 0.23467270326353523 0.021678214010777498 0.04074702886247879
0 0.3994046702591737 0.07093001320505567 0.019707467282525058 0.045274476513865326
0 0.39973312804721584 0.15695151858139975 0.019050551706440867 0.03923787964534993
0 0.15700282268411597 0.5432937181663837 0.02233512958686169 0.042256178079607645
0 0.3698434693353862 0.3508771929824561 0.02102129843469331 0.03772873042822107
0 0.2492994611239415 0.46406338426711935 0.019050551706440867 0.03772873042822102
0 0.46115473441108545 0.31239388794567063 0.019707467282525058 0.036219581211092214
0 0.31006415191172704 0.31013016411997735 0.019707467282524992 0.03772873042822112
0 0.3094072363356428 0.3493680437653273 0.019707467282525058 0.03772873042822112
0 0.12711316397228636 0.6972269383135257 0.019050551706440853 0.042256178079607555
0 0.15765973826020013 0.23240897943784192 0.018393636130356647 0.036219581211092214
0 0.1563459071080318 0.27164685908319186 0.019707467282525027 0.03923787964534993
0 0.36918655375930204 0.23467270326353518 0.019707467282524992 0.03772873042822112
0 0.3698434693353862 0.42482550462176943 0.02102129843469331 0.03772873042822117
0 0.15831665383628432 0.0724391624221845 0.02233512958686169 0.04225617807960764
0 0.09623813189633051 0.46557253348424826 0.021678214010777533 0.03772873042822112
0 0.3994046702591737 0.19543482361818523 0.019707467282525058 0.03772873042822109
0 0.15765973826020013 0.15468779475570646 0.019707467282525027 0.04074702886247877
0 0.4923582242750834 0.42482550462176955 0.020364382858609184 0.040747028862478836
0 0.3685296381832179 0.0724391624221845 0.02233512958686169 0.04225617807960764
0 0.46115473441108545 0.19317109979249197 0.02102129843469331 0.042256178079607666
0 0.15700282268411597 0.46557253348424826 0.019707467282524992 0.03772873042822112
0 0.36918655375930204 0.19543482361818523 0.019707467282524992 0.03772873042822109
0 0.09623813189633051 0.2686285606489342 0.021678214010777533 0.03923787964534988
0 0.15700282268411597 0.5033012639124693 0.019707467282524992 0.03471043199396331
0 0.4923582242750834 0.34710431993963403 0.020364382858609184 0.036219581211092214
0 0.06667693097254299 0.11318619128466327 0.02036438285860919 0.045274476513865305
0 0.06667693097254299 0.15846066779852858 0.021678214010777516 0.03923787964534993
0 0.43093661791121374 0.15921524240709298 0.021021298434693372 0.04074702886247877
0 0.12612779060816012 0.4270892284474628 0.01970746728252501 0.03621958121109231
0 0.18787785476007185 0.0724391624221845 0.019707467282525027 0.045274476513865305
0 0.3389684372594304 0.19543482361818523 0.019707467282524992 0.03772873042822109
0 0.43093661791121374 0.31013016411997735 0.019707467282524992 0.03772873042822112
0 0.1264562483962022 0.3486134691567629 0.019050551706440853 0.03923787964534993
0 0.4000615858352579 0.11544991511035653 0.018393636130356678 0.040747028862478774
0 0.24929946112394147 0.42633465383889824 0.021678214010777533 0.040747028862478885
0 0.12612779060816012 0.5048104131295982 0.01970746728252501 0.03772873042822112
0 0.12711316397228636 0.6217694774570836 0.019050551706440853 0.036219581211092214
0 0.49170130869899925 0.2716468590831919 0.019050551706440804 0.03621958121109226
0 0.12612779060816012 0.38785134880211275 0.01970746728252501 0.036219581211092165
0 0.46148319219912753 0.45953593661573283 0.021678214010777498 0.043765327296736455
0 0.46115473441108545 0.23618185248066403 0.019707467282525058 0.03772873042822112
0 0.31039260969976906 0.0724391624221845 0.019050551706440867 0.045274476513865305
0 0.31006415191172704 0.5802678739860404 0.021021298434693372 0.034710431993963405
0 0.15700282268411597 0.38785134880211275 0.021021298434693372 0.036219581211092165
0 0.15700282268411597 0.19317109979249197 0.021021298434693372 0.03923787964534993
0 0.188534770336156 0.15468779475570646 0.021021298434693372 0.04074702886247877
0 0.09623813189633051 0.23467270326353518 0.020364382858609184 0.034710431993963405
0 0.12612779060816012 0.19543482361818523 0.01970746728252501 0.03772873042822109
0 0.4923582242750834 0.3840784757592907 0.020364382858609184 0.03772873042822112
0 0.4296227867590454 0.0724391624221845 0.02364896073903007 0.045274476513865305
0 0.1271131639722864 0.27541973212601395 0.021678214010777533 0.04074702886247874
0 0.4903874775468309 0.11318619128466327 0.021678214010777498 0.03923787964534991
0 0.49137285091095717 0.06866628937936238 0.02233512958686169 0.04376532729673647
0 0.0962381318963305 0.15468779475570646 0.019050551706440853 0.04376532729673648
0 0.3698434693353862 0.31239388794567063 0.02102129843469331 0.036219581211092214
0 0.36918655375930204 0.15619694397283532 0.019707467282524992 0.043765327296736455
0 0.43060816012317166 0.3493680437653273 0.021678214010777564 0.04074702886247874
0 0.09623813189633051 0.3116393133371062 0.021678214010777533 0.04074702886247879
0 0.12711316397228636 0.23467270326353523 0.020364382858609198 0.04074702886247879
0 0.24929946112394147 0.35163176759102055 0.021678214010777533 0.03923787964534993
0 0.37050038491147036 0.501037540086776 0.02233512958686169 0.03923787964534984
0 0.188534770336156 0.23618185248066403 0.021021298434693372 0.03772873042822112
0 0.1264562483962022 0.5455574419920769 0.020364382858609184 0.03772873042822112
0 0.3392968950474724 0.23618185248066403 0.021678214010777564 0.04074702886247879
0 0.2190813446240698 0.15468779475570646 0.021678214010777533 0.04074702886247877
0 0.3094072363356428 0.5410299943406903 0.019707467282525058 0.040747028862478836
0 0.33995381062355656 0.0724391624221845 0.021678214010777498 0.045274476513865305
0 0.24929946112394147 0.23693642708922844 0.021678214010777533 0.03923787964534993
0 0.18820631254811393 0.11318619128466327 0.020364382858609215 0.03923787964534991
0 0.2874005645368232 0.6240332012827767 0.012481395945599287 0.02263723825693254
0 0.2874005645368232 0.6013959630258442 0.012481395945599287 0.022637238256932635
0 0.18820631254811393 0.19543482361818523 0.021678214010777533 0.04074702886247877
0 0.24929946112394147 0.19317109979249197 0.021678214010777533 0.042256178079607666
0 0.43093661791121374 0.2716468590831919 0.021021298434693372 0.03621958121109226
0 0.28017449319989735 0.34484059611394074 0.024305876315114196 0.043765327296736455
0 0.36918655375930204 0.27391058290888515 0.021021298434693372 0.04074702886247879
0 0.31039260969976906 0.15846066779852858 0.021678214010777498 0.03923787964534993
0 0.43027970233512963 0.11544991511035656 0.02233512958686169 0.043765327296736455
0 0.1264562483962022 0.1139407658932277 0.021678214010777533 0.04678362573099416
0 0.12711316397228636 0.5825315978117336 0.020364382858609198 0.036219581211092214
0 0.3094072363356428 0.11771363893604979 0.019707467282525058 0.042256178079607624
0 0.1264562483962022 0.46632710809281264 0.021678214010777533 0.03923787964534993
0 0.24864254554785734 0.31013016411997735 0.021678214010777533 0.043765327296736455
0 0.09689504747241469 0.19543482361818523 0.020364382858609198 0.03772873042822109
0 0.2190813446240698 0.19543482361818523 0.021678214010777533 0.04074702886247877
0 0.21842442904798562 0.11544991511035653 0.021678214010777498 0.040747028862478774
0 0.2194098024121119 0.07093001320505567 0.02233512958686169 0.045274476513865326
0 0.12711316397228636 0.15695151858139975 0.020364382858609198 0.03923787964534993
0 0.24864254554785734 0.5048104131295981 0.021678214010777533 0.043765327296736455
0 0.3695150115473441 0.11544991511035653 0.021678214010777498 0.03772873042822109
0 0.1563459071080318 0.3486134691567629 0.02102129843469334 0.03923787964534993
0 0.43093661791121374 0.23467270326353518 0.019707467282524992 0.03772873042822112
0 0.15700282268411597 0.31013016411997735 0.021021298434693372 0.03772873042822112
0 0.18820631254811393 0.27541973212601395 0.021678214010777533 0.043765327296736455
0 0.49104439312291503 0.23467270326353518 0.020364382858609184 0.03772873042822112
0 0.400718501411342 0.3078664402942841 0.019707467282524992 0.03320128277683455
0 0.4910443931229151 0.15468779475570646 0.021678214010777498 0.04376532729673648
0 0.035801898896587116 0.15619694397283532 0.021678214010777516 0.043765327296736455
0 0.31039260969976906 0.5002829654782116 0.019050551706440867 0.034710431993963405
0 0.49104439312291503 0.19317109979249197 0.020364382858609184 0.03923787964534993
0 0.12612779060816012 0.6579890586681758 0.01970746728252501 0.03621958121109231
0 0.1566743648960739 0.42482550462176943 0.020364382858609184 0.03772873042822117
0 0.28083140877598156 0.250518770043388 0.025619707467282576 0.030182984342576876
0 0.28083140877598156 0.27541973212601395 0.025619707467282576 0.03169213355970569
0 0.4608262766230434 0.38634219958498395 0.019050551706440867 0.036219581211092214
0 0.4608262766230434 0.34861346915676283 0.01773672055427249 0.03320128277683455
0 0.27984603541185527 0.38181475193359743 0.023648960739030004 0.02716468590831916
0 0.28017449319989735 0.12375023580456518 0.02693353861945092 0.027164685908319185
0 0.4000615858352579 0.27089228447462743 0.019707467282525058 0.04074702886247879
0 0.1563459071080318 0.5825315978117336 0.019707467282525027 0.036219581211092214
0 0.0962381318963305 0.5417845689492549 0.019050551706440853 0.03621958121109231
0 0.0962381318963305 0.7357102433503112 0.019050551706440853 0.034710431993963405
0 0.4930151398511676 0.771175249952839 0.021678214010777498 0.03923787964534993
0 0.4930151398511676 0.7319373703074892 0.021678214010777498 0.03923787964534993
0 0.28017449319989735 0.09507640067911716 0.02561970746728251 0.03320128277683456
0 0.1563459071080318 0.7379739671760045 0.02102129843469334 0.042256178079607645
0 0.400718501411342 0.4270892284474627 0.021021298434693372 0.042256178079607694
0 0.5219194251988709 0.2731560083003207 0.021678214010777498 0.036219581211092214
0 0.31006415191172704 0.6602527824938691 0.021021298434693372 0.03772873042822102
0 0.28017449319989735 0.06187511790228259 0.02561970746728251 0.03320128277683456
0 0.035473441108545035 0.2716468590831919 0.019707467282525017 0.03621958121109226
0 0.31006415191172704 0.6972269383135257 0.021021298434693372 0.042256178079607555
0 0.09689504747241469 0.6195057536313903 0.021678214010777516 0.03772873042822112
0 0.3097356941236849 0.42256178079607626 0.021678214010777564 0.030182984342576876
0 0.28017449319989735 0.18487077909828334 0.02561970746728251 0.028673835125448043
0 0.400718501411342 0.3878513488021128 0.019707467282524992 0.03923787964534993
0 0.09623813189633051 0.6579890586681758 0.021678214010777533 0.042256178079607555
0 0.03547344110854503 0.3923787964534993 0.022335129586861686 0.03621958121109226
0 0.035144983320502955 0.31013016411997735 0.02167821401077752 0.043765327296736455
0 0.31039260969976906 0.4617996604414261 0.021678214010777498 0.042256178079607555
0 0.15700282268411597 0.617242029805697 0.019707467282524992 0.036219581211092124
0 0.49235822427508336 0.46557253348424826 0.021678214010777498 0.04074702886247874
0 0.4608262766230434 0.2731560083003207 0.020364382858609184 0.042256178079607645
0 0.09623813189633051 0.5825315978117336 0.021678214010777533 0.03923787964534993
0 0.3097356941236849 0.7342010941331825 0.021678214010777564 0.03772873042822102
0 0.4923582242750834 0.5025466893039049 0.020364382858609184 0.033201282776834595
0 0.4926866820631255 0.617242029805697 0.019707467282525058 0.036219581211092124
0 0.3399538106235566 0.11544991511035656 0.020364382858609184 0.043765327296736455
0 0.31039260969976906 0.7757026976042255 0.021678214010777498 0.04527447651386536
0 0.49367205542725173 0.6972269383135257 0.020364382858609184 0.03621958121109231
0 0.09623813189633051 0.4270892284474628 0.021678214010777533 0.03923787964534993
0 0.09623813189633051 0.7749481229956612 0.021678214010777533 0.04376532729673655
0 0.24995637670002566 0.27089228447462743 0.020364382858609184 0.028673835125448018
0 0.49235822427508336 0.5802678739860404 0.019050551706440867 0.03772873042822112
0 0.4930151398511676 0.656479909451047 0.021678214010777498 0.03923787964534993
0 0.49235822427508336 0.5395208451235616 0.021678214010777498 0.03772873042822121
0 0.15831665383628432 0.7772118468213545 0.02102129843469334 0.036219581211092214
0 0.03547344110854503 0.43086210149028487 0.022335129586861686 0.04074702886247879
0 0.15765973826020013 0.656479909451047 0.019707467282525027 0.03621958121109231
0 0.035144983320502955 0.19317109979249197 0.020364382858609184 0.03320128277683455
0 0.31039260969976906 0.19769854744387852 0.020364382858609184 0.036219581211092235
0 0.03547344110854503 0.3531409168081494 0.022335129586861686 0.03923787964534993
0 0.035801898896587116 0.23240897943784192 0.021678214010777516 0.042256178079607645
0 0.09623813189633051 0.6987360875306546 0.021678214010777533 0.03923787964534993
0 0.15765973826020013 0.11318619128466327 0.018393636130356647 0.03621958121109225
0 0.09755196304849885 0.0724391624221845 0.020364382858609184 0.03923787964534994
0 0.15831665383628432 0.6972269383135257 0.019707467282524992 0.03923787964534993
0 0.5219194251988709 0.31013016411997735 0.021678214010777498 0.043765327296736455
0 0.09623813189633051 0.39011507262780604 0.020364382858609184 0.03772873042822107
0 0.0965665896843726 0.11167704206753443 0.019707467282525027 0.03923787964534993
0 0.28083140877598156 0.21580833804942468 0.025619707467282576 0.03621958121109226
0 0.4608262766230434 0.42331635540464063 0.020364382858609184 0.03471043199396354
0 0.035801898896587116 0.11544991511035653 0.021678214010777516 0.03772873042822109
0 0.400718501411342 0.23240897943784192 0.019707467282524992 0.036219581211092214
