0 0.450556 0.155738 0.036667 0.042623
0 0.705556 0.331148 0.033333 0.042623
0 0.449444 0.538525 0.036667 0.037705
0 0.862778 0.491803 0.034444 0.042623
0 0.552778 0.368033 0.032222 0.034426
0 0.448333 0.577049 0.036667 0.042623
0 0.136667 0.790164 0.035556 0.045902
0 0.085556 0.327049 0.037778 0.047541
0 0.293333 0.704918 0.037778 0.045902
0 0.862778 0.619672 0.034444 0.045902
0 0.188333 0.580328 0.034444 0.039344
0 0.552778 0.454098 0.034444 0.042623
0 0.189444 0.537705 0.032222 0.042623
0 0.706667 0.661475 0.033333 0.037705
0 0.604444 0.701639 0.031111 0.042623
0 0.188333 0.786885 0.032222 0.042623
0 0.654444 0.413115 0.033333 0.042623
0 0.605556 0.742623 0.031111 0.042623
0 0.912222 0.453279 0.035556 0.037705
0 0.551667 0.500820 0.036667 0.047541
0 0.240556 0.790984 0.036667 0.044262
0 0.396111 0.414754 0.032222 0.039344
0 0.188333 0.827869 0.032222 0.042623
0 0.861667 0.369672 0.034444 0.040984
0 0.086667 0.245902 0.035556 0.042623
0 0.502222 0.309836 0.044444 0.039344
0 0.655556 0.659836 0.031111 0.040984
0 0.188333 0.867213 0.034444 0.042623
0 0.137222 0.414754 0.034444 0.039344
0 0.137778 0.329508 0.033333 0.042623
0 0.915556 0.743443 0.035556 0.044262
0 0.861111 0.450820 0.033333 0.039344
0 0.914444 0.659836 0.037778 0.044262
0 0.293333 0.659836 0.037778 0.044262
0 0.448333 0.826230 0.036667 0.042623
0 0.553333 0.285246 0.033333 0.039344
0 0.396667 0.744262 0.033333 0.042623
0 0.502778 0.143443 0.043333 0.034426
0 0.135556 0.663115 0.037778 0.044262
0 0.396667 0.705738 0.035556 0.040984
0 0.915556 0.822131 0.037778 0.044262
0 0.501111 0.177869 0.042222 0.037705
0 0.448333 0.910656 0.036667 0.047541
0 0.605556 0.863115 0.035556 0.037705
0 0.604444 0.784426 0.031111 0.037705
0 0.292222 0.620492 0.035556 0.044262
0 0.135556 0.620492 0.033333 0.040984
0 0.861667 0.577869 0.030000 0.037705
0 0.447778 0.703279 0.035556 0.039344
0 0.706111 0.828689 0.030000 0.037705
0 0.137778 0.580328 0.033333 0.039344
0 0.241667 0.914754 0.034444 0.039344
0 0.448333 0.785246 0.036667 0.039344
0 0.915556 0.783607 0.033333 0.039344
0 0.707778 0.703279 0.035556 0.042623
0 0.915556 0.868033 0.037778 0.044262
0 0.137778 0.498361 0.035556 0.042623
0 0.915556 0.701639 0.035556 0.042623
0 0.808333 0.245082 0.034444 0.044262
0 0.655556 0.864754 0.031111 0.047541
0 0.707778 0.742623 0.033333 0.039344
0 0.448333 0.868033 0.036667 0.040984
0 0.396667 0.785246 0.033333 0.042623
0 0.502778 0.278689 0.041111 0.032787
0 0.501111 0.209836 0.044444 0.026230
0 0.605556 0.826230 0.035556 0.032787
0 0.706111 0.868852 0.032222 0.042623
0 0.135556 0.704098 0.028889 0.037705
0 0.657778 0.826230 0.035556 0.026230
0 0.513333 0.741803 0.026667 0.037705
0 0.500556 0.494262 0.038889 0.034426
0 0.396111 0.867213 0.032222 0.039344
0 0.137778 0.540984 0.035556 0.042623
0 0.654444 0.618852 0.033333 0.037705
0 0.086111 0.200820 0.034444 0.047541
0 0.913333 0.616393 0.033333 0.042623
0 0.603333 0.909836 0.037778 0.049180
0 0.758333 0.329508 0.036667 0.042623
0 0.136667 0.745082 0.035556 0.040984
0 0.707778 0.782787 0.033333 0.044262
0 0.655556 0.744262 0.033333 0.042623
0 0.397778 0.329508 0.035556 0.042623
0 0.293333 0.200000 0.035556 0.042623
0 0.397778 0.197541 0.035556 0.050820
0 0.706667 0.621311 0.035556 0.042623
0 0.448333 0.742623 0.036667 0.045902
0 0.396111 0.619672 0.032222 0.042623
0 0.085556 0.285246 0.033333 0.039344
0 0.241667 0.872951 0.034444 0.044262
0 0.861667 0.535246 0.030000 0.044262
0 0.189444 0.287705 0.032222 0.040984
0 0.346667 0.290984 0.035556 0.047541
0 0.757222 0.245902 0.034444 0.042623
0 0.240556 0.285246 0.036667 0.042623
0 0.188333 0.328689 0.034444 0.040984
0 0.860556 0.330328 0.036667 0.037705
0 0.397222 0.910656 0.036667 0.047541
0 0.137778 0.454918 0.035556 0.040984
0 0.655556 0.370492 0.035556 0.045902
0 0.654444 0.289344 0.033333 0.047541
0 0.189444 0.244262 0.032222 0.042623
0 0.654444 0.203279 0.037778 0.042623
0 0.292778 0.413115 0.036667 0.042623
0 0.603333 0.455738 0.033333 0.042623
0 0.292222 0.455738 0.035556 0.039344
0 0.604444 0.660656 0.037778 0.042623
0 0.397778 0.290164 0.035556 0.042623
0 0.705556 0.287705 0.035556 0.044262
0 0.757222 0.376230 0.034444 0.044262
0 0.655556 0.575410 0.035556 0.042623
0 0.448333 0.287705 0.030000 0.040984
0 0.240556 0.370492 0.036667 0.042623
0 0.396111 0.538525 0.036667 0.040984
0 0.396667 0.372131 0.035556 0.045902
0 0.603333 0.577869 0.033333 0.044262
0 0.706111 0.453279 0.032222 0.040984
0 0.188333 0.455738 0.036667 0.042623
0 0.293333 0.242623 0.035556 0.042623
0 0.860556 0.156557 0.036667 0.047541
0 0.449444 0.410656 0.036667 0.044262
0 0.241667 0.412295 0.036667 0.040984
0 0.808333 0.331148 0.034444 0.042623
0 0.293333 0.328689 0.037778 0.044262
0 0.292222 0.372131 0.033333 0.042623
0 0.808333 0.203279 0.034444 0.042623
0 0.240556 0.328689 0.036667 0.044262
0 0.757778 0.203279 0.031111 0.042623
0 0.654444 0.244262 0.033333 0.042623
0 0.705556 0.203279 0.033333 0.042623
0 0.603333 0.245082 0.035556 0.044262
0 0.653333 0.330328 0.031111 0.034426
0 0.449444 0.332787 0.032222 0.042623
0 0.758333 0.156557 0.034444 0.047541
0 0.705556 0.372131 0.033333 0.042623
0 0.241667 0.746721 0.036667 0.044262
0 0.808333 0.287705 0.034444 0.040984
0 0.187222 0.368852 0.034444 0.042623
0 0.809444 0.412295 0.036667 0.047541
0 0.188333 0.621311 0.036667 0.042623
0 0.448333 0.496721 0.034444 0.042623
0 0.913333 0.286066 0.033333 0.044262
0 0.241667 0.199180 0.036667 0.047541
0 0.448333 0.618852 0.038889 0.047541
0 0.450556 0.245082 0.032222 0.044262
0 0.706667 0.495082 0.033333 0.042623
0 0.603333 0.203279 0.035556 0.042623
0 0.292778 0.495082 0.036667 0.042623
0 0.552222 0.410656 0.033333 0.044262
0 0.241667 0.495902 0.036667 0.044262
0 0.913333 0.535246 0.037778 0.044262
0 0.448333 0.455738 0.032222 0.042623
0 0.860556 0.202459 0.036667 0.044262
0 0.655556 0.495902 0.037778 0.040984
0 0.500556 0.447541 0.041111 0.049180
0 0.293333 0.152459 0.035556 0.049180
0 0.655556 0.154918 0.035556 0.044262
0 0.241667 0.152459 0.036667 0.042623
0 0.656667 0.788525 0.035556 0.042623
0 0.397778 0.828689 0.033333 0.044262
0 0.137778 0.372951 0.035556 0.047541
0 0.138333 0.200820 0.034444 0.054098
0 0.705556 0.413115 0.031111 0.039344
0 0.502222 0.375410 0.046667 0.036066
0 0.502222 0.345082 0.042222 0.027869
0 0.396111 0.578689 0.036667 0.039344
0 0.448333 0.199180 0.036667 0.047541
0 0.241667 0.702459 0.034444 0.044262
0 0.240556 0.620492 0.036667 0.044262
0 0.654444 0.536066 0.033333 0.039344
0 0.705556 0.157377 0.031111 0.045902
0 0.397778 0.454918 0.033333 0.040984
0 0.603333 0.496721 0.033333 0.042623
0 0.292778 0.537705 0.032222 0.042623
0 0.912222 0.412295 0.033333 0.040984
0 0.860556 0.290164 0.032222 0.042623
0 0.912222 0.327869 0.035556 0.042623
0 0.187222 0.745082 0.032222 0.044262
0 0.705556 0.245082 0.033333 0.040984
0 0.912778 0.578689 0.034444 0.039344
0 0.913333 0.491803 0.033333 0.042623
0 0.187222 0.412295 0.032222 0.040984
0 0.187778 0.662295 0.035556 0.039344
0 0.860556 0.245902 0.038889 0.042623
0 0.241667 0.832787 0.036667 0.042623
0 0.655556 0.703279 0.035556 0.042623
0 0.603333 0.538525 0.033333 0.040984
0 0.085556 0.155738 0.033333 0.042623
0 0.188333 0.496721 0.034444 0.042623
0 0.604444 0.289344 0.031111 0.047541
0 0.241667 0.245902 0.032222 0.039344
0 0.551111 0.329508 0.031111 0.042623
0 0.137778 0.287705 0.031111 0.040984
0 0.241667 0.452459 0.034444 0.039344
0 0.603333 0.619672 0.033333 0.042623
0 0.396667 0.245902 0.033333 0.042623
0 0.757222 0.287705 0.034444 0.044262
0 0.705556 0.577869 0.037778 0.044262
0 0.604444 0.154918 0.033333 0.047541
0 0.396111 0.662295 0.036667 0.042623
0 0.705556 0.537705 0.033333 0.042623
0 0.190556 0.199180 0.032222 0.047541
0 0.862778 0.411475 0.034444 0.042623
0 0.810556 0.370492 0.032222 0.039344
0 0.809444 0.156557 0.032222 0.047541
0 0.654444 0.454098 0.033333 0.042623
0 0.602222 0.412295 0.033333 0.040984
0 0.449444 0.369672 0.030000 0.034426
0 0.187222 0.705738 0.034444 0.040984
0 0.447222 0.660656 0.036667 0.042623
0 0.603889 0.372951 0.032222 0.037705
0 0.241667 0.537705 0.034444 0.042623
0 0.138333 0.246721 0.032222 0.044262
0 0.240556 0.578689 0.032222 0.039344
0 0.914444 0.372131 0.033333 0.042623
0 0.292222 0.578689 0.035556 0.039344
0 0.396667 0.495082 0.035556 0.039344
0 0.501111 0.242623 0.046667 0.039344
0 0.293333 0.285246 0.033333 0.039344
0 0.603889 0.332787 0.032222 0.042623
0 0.240556 0.663115 0.032222 0.040984
0 0.189444 0.912295 0.038889 0.044262
