0 0.912778 0.244646 0.034444 0.047776
0 0.861667 0.915157 0.036667 0.047776
0 0.137778 0.452224 0.033333 0.041186
0 0.448889 0.745470 0.031111 0.041186
0 0.551111 0.744646 0.033333 0.039539
0 0.705556 0.411038 0.035556 0.041186
0 0.240556 0.412685 0.032222 0.041186
0 0.396667 0.196870 0.033333 0.051071
0 0.292222 0.368204 0.033333 0.041186
0 0.292222 0.241351 0.033333 0.044481
0 0.706667 0.829489 0.033333 0.041186
0 0.860556 0.203460 0.032222 0.044481
0 0.758333 0.827842 0.036667 0.041186
0 0.706111 0.705931 0.036667 0.041186
0 0.500556 0.447282 0.043333 0.041186
0 0.241667 0.744646 0.036667 0.042834
0 0.756111 0.495058 0.032222 0.041186
0 0.188333 0.409390 0.034444 0.044481
0 0.860556 0.369852 0.034444 0.044481
0 0.757222 0.619440 0.032222 0.039539
0 0.240556 0.369028 0.032222 0.042834
0 0.190556 0.578254 0.034444 0.042834
0 0.137222 0.411862 0.034444 0.042834
0 0.137222 0.368204 0.034444 0.044481
0 0.397778 0.706755 0.033333 0.046129
0 0.705556 0.289127 0.037778 0.044481
0 0.707778 0.915157 0.037778 0.044481
0 0.137222 0.325371 0.034444 0.041186
0 0.241667 0.536244 0.036667 0.041186
0 0.189444 0.153213 0.036667 0.049423
0 0.188333 0.495058 0.036667 0.041186
0 0.859444 0.496705 0.032222 0.044481
0 0.551667 0.786656 0.034444 0.041186
0 0.448333 0.828666 0.036667 0.042834
0 0.190556 0.660626 0.034444 0.042834
0 0.552778 0.618616 0.034444 0.041186
0 0.293333 0.534596 0.037778 0.047776
0 0.189444 0.619440 0.036667 0.042834
0 0.551667 0.827842 0.034444 0.041186
0 0.293333 0.660626 0.035556 0.046129
0 0.911667 0.153213 0.034444 0.049423
0 0.395556 0.241351 0.033333 0.037891
0 0.808333 0.285832 0.032222 0.041186
0 0.758333 0.451400 0.032222 0.039539
0 0.758333 0.661450 0.036667 0.044481
0 0.809444 0.327842 0.032222 0.046129
0 0.448333 0.703460 0.034444 0.042834
0 0.912778 0.411038 0.034444 0.044481
0 0.240556 0.580725 0.036667 0.044481
0 0.397778 0.826194 0.031111 0.044481
0 0.188333 0.242998 0.036667 0.044481
0 0.344444 0.196870 0.033333 0.051071
0 0.187222 0.325371 0.036667 0.041186
0 0.397778 0.495058 0.033333 0.041186
0 0.603889 0.327842 0.032222 0.039539
0 0.188333 0.368204 0.036667 0.044481
0 0.602222 0.201812 0.033333 0.044481
0 0.757222 0.289127 0.034444 0.041186
0 0.860556 0.706755 0.032222 0.042834
0 0.859444 0.453048 0.032222 0.042834
0 0.551111 0.704283 0.031111 0.044481
0 0.396667 0.412685 0.033333 0.044481
0 0.188333 0.285008 0.034444 0.039539
0 0.706667 0.495058 0.033333 0.044481
0 0.861667 0.622735 0.034444 0.042834
0 0.706667 0.870675 0.033333 0.044481
0 0.500556 0.490115 0.041111 0.037891
0 0.513889 0.751236 0.021111 0.023064
0 0.512222 0.728171 0.022222 0.029654
0 0.293333 0.493410 0.037778 0.024712
0 0.396111 0.868204 0.032222 0.039539
0 0.501111 0.343493 0.044444 0.031301
0 0.293333 0.703460 0.033333 0.036244
0 0.501111 0.275124 0.044444 0.029654
0 0.501111 0.207578 0.046667 0.029654
0 0.137778 0.198517 0.035556 0.041186
0 0.190556 0.914333 0.036667 0.042834
0 0.137222 0.789127 0.034444 0.046129
0 0.137222 0.831137 0.034444 0.041186
0 0.293333 0.911038 0.035556 0.046129
0 0.138333 0.873147 0.036667 0.042834
0 0.501667 0.176277 0.043333 0.032949
0 0.705556 0.327842 0.033333 0.039539
0 0.085556 0.411038 0.033333 0.037891
0 0.190556 0.873147 0.036667 0.046129
0 0.292222 0.866557 0.033333 0.039539
0 0.085556 0.331137 0.033333 0.039539
0 0.912778 0.827842 0.032222 0.037891
0 0.500556 0.141680 0.047778 0.032949
0 0.500556 0.240527 0.043333 0.036244
0 0.138333 0.705931 0.036667 0.041186
0 0.293333 0.783361 0.031111 0.037891
0 0.860556 0.869028 0.032222 0.041186
0 0.190556 0.829489 0.034444 0.041186
0 0.758333 0.869028 0.036667 0.041186
0 0.137222 0.747941 0.036667 0.042834
0 0.292222 0.576606 0.031111 0.036244
0 0.912778 0.705931 0.032222 0.041186
0 0.912222 0.785832 0.033333 0.042834
0 0.502778 0.372323 0.043333 0.036244
0 0.085556 0.198517 0.033333 0.044481
0 0.706667 0.661450 0.035556 0.047776
0 0.911667 0.744646 0.032222 0.039539
0 0.449444 0.869028 0.032222 0.037891
0 0.189444 0.704283 0.032222 0.044481
0 0.397778 0.745470 0.033333 0.034596
0 0.911667 0.536244 0.036667 0.041186
0 0.860556 0.789127 0.032222 0.039539
0 0.242778 0.789951 0.036667 0.047776
0 0.085556 0.242175 0.037778 0.042834
0 0.758889 0.744646 0.031111 0.042834
0 0.551667 0.869028 0.034444 0.041186
0 0.137778 0.286656 0.033333 0.039539
0 0.860556 0.244646 0.032222 0.037891
0 0.912778 0.372323 0.034444 0.036244
0 0.241667 0.704283 0.032222 0.041186
0 0.911667 0.494234 0.036667 0.042834
0 0.137222 0.663097 0.036667 0.044481
0 0.085556 0.285832 0.037778 0.047776
0 0.912778 0.660626 0.032222 0.039539
0 0.911667 0.456343 0.036667 0.039539
0 0.190556 0.747117 0.036667 0.044481
0 0.705556 0.369028 0.035556 0.042834
0 0.912778 0.198517 0.034444 0.044481
0 0.705556 0.536244 0.033333 0.041186
0 0.294444 0.827842 0.033333 0.041186
0 0.860556 0.329489 0.034444 0.036244
0 0.551667 0.581549 0.036667 0.039539
0 0.086111 0.152389 0.034444 0.047776
0 0.397778 0.783361 0.033333 0.041186
0 0.707778 0.786656 0.035556 0.041186
0 0.860556 0.578254 0.032222 0.042834
0 0.759444 0.915157 0.036667 0.047776
0 0.138333 0.620264 0.036667 0.044481
0 0.706667 0.619440 0.035556 0.042834
0 0.912778 0.869852 0.034444 0.042834
0 0.188333 0.789951 0.036667 0.041186
0 0.448333 0.913509 0.034444 0.047776
0 0.397778 0.915157 0.035556 0.047776
0 0.860556 0.536244 0.034444 0.037891
0 0.911667 0.577430 0.032222 0.041186
0 0.241667 0.621087 0.036667 0.039539
0 0.138333 0.537891 0.036667 0.041186
0 0.913333 0.915157 0.033333 0.047776
0 0.758333 0.244646 0.036667 0.044481
0 0.086667 0.371499 0.035556 0.044481
0 0.292222 0.616969 0.033333 0.041186
0 0.396111 0.620264 0.032222 0.041186
0 0.861667 0.827842 0.034444 0.041186
0 0.758333 0.788303 0.036667 0.044481
0 0.138889 0.577430 0.037778 0.044481
0 0.241667 0.664745 0.036667 0.044481
0 0.447222 0.786656 0.034444 0.041186
0 0.911111 0.331137 0.033333 0.046129
0 0.137778 0.241351 0.035556 0.047776
0 0.292222 0.196870 0.033333 0.044481
0 0.293333 0.742175 0.033333 0.044481
0 0.911111 0.287479 0.033333 0.041186
0 0.860556 0.414333 0.034444 0.037891
0 0.551667 0.913509 0.036667 0.047776
0 0.911111 0.620264 0.033333 0.044481
0 0.137222 0.494234 0.034444 0.046129
0 0.757778 0.536244 0.033333 0.041186
0 0.501111 0.307249 0.042222 0.041186
0 0.706667 0.453048 0.033333 0.039539
0 0.240556 0.195222 0.032222 0.047776
0 0.706667 0.197694 0.035556 0.046129
0 0.396667 0.536244 0.033333 0.037891
0 0.189444 0.536244 0.032222 0.041186
0 0.861667 0.664745 0.034444 0.041186
0 0.448333 0.620264 0.032222 0.041186
0 0.860556 0.287479 0.034444 0.044481
0 0.757222 0.705931 0.032222 0.041186
0 0.860556 0.748764 0.036667 0.044481
0 0.758333 0.200165 0.036667 0.044481
0 0.706667 0.746293 0.035556 0.039539
0 0.705556 0.578254 0.035556 0.042834
0 0.758333 0.154860 0.036667 0.046129
0 0.188333 0.200165 0.036667 0.044481
0 0.705556 0.241351 0.037778 0.044481
0 0.757222 0.369028 0.034444 0.039539
0 0.188333 0.452224 0.034444 0.047776
0 0.757222 0.577430 0.034444 0.044481
0 0.292222 0.150741 0.035556 0.047776
0 0.240556 0.242175 0.036667 0.046129
0 0.653333 0.200165 0.033333 0.047776
0 0.292222 0.328666 0.035556 0.041186
0 0.241667 0.453048 0.034444 0.042834
0 0.240556 0.286656 0.032222 0.039539
0 0.653333 0.412685 0.035556 0.041186
0 0.602222 0.539539 0.035556 0.044481
0 0.603333 0.155684 0.037778 0.047776
0 0.396667 0.284185 0.035556 0.044481
0 0.551111 0.659802 0.033333 0.044481
0 0.602222 0.494234 0.033333 0.042834
0 0.809444 0.200165 0.032222 0.044481
0 0.447222 0.658155 0.034444 0.041186
0 0.653333 0.369852 0.033333 0.041186
0 0.551667 0.495058 0.036667 0.041186
0 0.808333 0.415157 0.034444 0.042834
0 0.653333 0.327842 0.033333 0.042834
0 0.241667 0.327018 0.034444 0.044481
0 0.757222 0.328666 0.036667 0.041186
0 0.808333 0.373147 0.034444 0.041186
0 0.448333 0.495058 0.032222 0.041186
0 0.447778 0.366557 0.031111 0.041186
0 0.293333 0.286656 0.033333 0.042834
0 0.448333 0.534596 0.036667 0.044481
0 0.292778 0.409390 0.034444 0.044481
0 0.551667 0.536244 0.036667 0.044481
0 0.396667 0.327842 0.035556 0.039539
0 0.396111 0.578254 0.032222 0.042834
0 0.396667 0.453048 0.033333 0.039539
0 0.396667 0.661450 0.033333 0.041186
0 0.603333 0.285832 0.033333 0.044481
0 0.448333 0.196870 0.034444 0.044481
0 0.552778 0.244646 0.034444 0.041186
0 0.293333 0.452224 0.037778 0.044481
0 0.603333 0.242998 0.033333 0.044481
0 0.241667 0.495058 0.034444 0.044481
0 0.808333 0.244646 0.034444 0.044481
0 0.758333 0.411038 0.036667 0.041186
0 0.396667 0.369852 0.035556 0.044481
0 0.447222 0.283361 0.032222 0.042834
0 0.551667 0.153213 0.036667 0.052718
0 0.602222 0.369852 0.033333 0.041186
0 0.447778 0.325371 0.031111 0.041186
0 0.653333 0.245470 0.033333 0.042834
0 0.602222 0.412685 0.035556 0.044481
0 0.551667 0.369028 0.034444 0.042834
0 0.551111 0.453048 0.033333 0.042834
0 0.448333 0.242175 0.032222 0.042834
0 0.603333 0.454695 0.033333 0.039539
0 0.654444 0.287479 0.033333 0.041186
0 0.448333 0.409390 0.032222 0.047776
0 0.552778 0.201812 0.034444 0.044481
0 0.447222 0.453048 0.034444 0.042834
0 0.448333 0.578254 0.034444 0.042834
0 0.551111 0.411038 0.033333 0.041186
0 0.552778 0.328666 0.032222 0.041186
0 0.552222 0.286656 0.033333 0.042834
0 0.653333 0.453871 0.037778 0.047776
