0 0.056487792139966055 0.7181368054282046 0.020723332027679852 0.03667705849990838
0 0.055819297558427995 0.7533467815881166 0.01938634286460373 0.03961122317990102
0 0.30550202376289337 0.7518796992481203 0.020054837446141834 0.04254538785989366
0 0.5204230317273795 0.27214377406931967 0.020723332027679803 0.03667705849990829
0 0.2115785350567959 0.6418485237483954 0.019386342864603737 0.033742893819915645
0 0.5210915263089176 0.34403080872913994 0.019386342864603674 0.036677058499908335
0 0.48900378639509073 0.11663304602970842 0.022060321190756 0.042545387859893605
0 0.023731557644601123 0.3858426554190354 0.019386342864603737 0.03520997615991197
0 0.18049353701527612 0.7181368054282046 0.020054837446141803 0.03667705849990838
0 0.11765504635069853 0.20025673940949937 0.020054837446141786 0.036677058499908335
0 0.48933803368585976 0.5303502659086741 0.02272881577229403 0.03961122317990102
0 0.36600078339208775 0.3814414083990464 0.018049353701527607 0.03520997615991197
0 0.11899203551377463 0.7555474050981111 0.0213918266092179 0.03520997615991197
0 0.05515080297688993 0.42105263157894735 0.019386342864603737 0.03520997615991201
0 0.3957487922705314 0.1584448927196039 0.017380859119989572 0.03520997615991197
0 0.24299778038908473 0.23766733907940585 0.019386342864603737 0.038144140839904604
0 0.48900378639509073 0.19805611589950486 0.022060321190756 0.03814414083990463
0 0.45758454106280194 0.16064551622959838 0.019386342864603737 0.04254538785989364
0 0.4271680376028202 0.1584448927196039 0.020054837446141834 0.03814414083990463
0 0.3964172868520695 0.3117549972492206 0.0213918266092179 0.04254538785989366
0 0.08623580101840972 0.2743443975793141 0.01871784828306567 0.03520997615991197
0 0.24232928580754667 0.5670273244085824 0.019386342864603737 0.03667705849990819
0 0.3964172868520695 0.2743443975793141 0.01871784828306564 0.03520997615991197
0 0.27341428384906646 0.3814414083990464 0.024065804935370194 0.04107830551989734
0 0.30349654001827914 0.11883366953970292 0.020054837446141772 0.04107830551989731
0 0.1497427862645254 0.4951402897487622 0.020054837446141772 0.03667705849990829
0 0.024400052226139182 0.5303502659086741 0.020723332027679852 0.03961122317990102
0 0.056487792139966055 0.4951402897487622 0.020723332027679852 0.033742893819915645
0 0.24232928580754667 0.1584448927196039 0.019386342864603737 0.041078305519897315
0 0.45758454106280194 0.19585549238951033 0.019386342864603737 0.033742893819915624
0 0.4281707794751273 0.3462314322391344 0.022060321190756 0.03814414083990465
0 0.055819297558427995 0.5310838070786723 0.01938634286460373 0.03520997615991206
0 0.11765504635069853 0.4929396662387677 0.020054837446141786 0.03227581147991933
0 0.05515080297688993 0.2743443975793141 0.018049353701527614 0.03520997615991197
0 0.24232928580754667 0.49734091325875657 0.019386342864603737 0.03520997615991197
0 0.458921530225878 0.45772969007885567 0.019386342864603737 0.038144140839904604
0 0.48967228097662885 0.3814414083990464 0.020723332027679866 0.03520997615991197
0 0.024400052226139186 0.4591967724188521 0.02206032119075597 0.03520997615991197
0 0.24232928580754667 0.3858426554190354 0.020723332027679866 0.03814414083990465
0 0.11832354093223658 0.7936915459380157 0.020054837446141817 0.03520997615991197
0 0.48967228097662885 0.2721437740693196 0.020723332027679866 0.03961122317990098
0 0.24299778038908473 0.42105263157894735 0.020723332027679866 0.03520997615991201
0 0.1801592897245071 0.6799926645883 0.019386342864603737 0.03667705849990829
0 0.1497427862645254 0.7540803227581148 0.020054837446141772 0.03520997615991197
0 0.055819297558427995 0.1584448927196039 0.022060321190755974 0.041078305519897315
0 0.36566653610131866 0.19805611589950486 0.01871784828306564 0.03520997615991199
0 0.24299778038908473 0.5325508894186687 0.020723332027679866 0.03520997615991197
0 0.1801592897245071 0.5288831835686777 0.019386342864603737 0.03667705849990838
0 0.36566653610131866 0.1584448927196039 0.01871784828306564 0.03814414083990463
0 0.024400052226139182 0.4232532550889419 0.020723332027679852 0.036677058499908335
0 0.05515080297688993 0.3873097377590317 0.022060321190755974 0.03520997615991197
0 0.2115785350567959 0.6066385475884835 0.019386342864603737 0.03667705849990829
0 0.30416503459981714 0.16064551622959838 0.020054837446141834 0.03961122317990095
0 0.24232928580754667 0.3117549972492206 0.019386342864603737 0.036677058499908335
0 0.30416503459981714 0.2743443975793141 0.01871784828306564 0.03520997615991197
0 0.18082778430604518 0.7540803227581148 0.022060321190755967 0.038144140839904604
0 0.11899203551377463 0.7159361819182102 0.0213918266092179 0.04107830551989734
0 0.14907429168298733 0.2743443975793141 0.01871784828306567 0.03227581147991933
0 0.24299778038908473 0.6044379240784888 0.020723332027679866 0.03520997615991187
0 0.30483352918135526 0.5310838070786722 0.020054837446141772 0.04107830551989734
0 0.1494085389737564 0.6425820649183936 0.020723332027679835 0.03520997615991206
0 0.21091004047525785 0.1584448927196039 0.019386342864603737 0.03814414083990463
0 0.14907429168298733 0.20025673940949937 0.01871784828306567 0.036677058499908335
0 0.08690429559994776 0.6066385475884835 0.020054837446141786 0.03667705849990829
0 0.11698655176916045 0.42105263157894735 0.020054837446141786 0.03814414083990465
0 0.24232928580754667 0.4591967724188521 0.023397310353832065 0.041078305519897246
0 0.4275022848935892 0.3836420319090409 0.022060321190756 0.036677058499908335
0 0.3653322888105497 0.23620025673940953 0.018049353701527607 0.041078305519897294
0 0.1801592897245071 0.4929396662387676 0.019386342864603737 0.03520997615991187
0 0.3663350306828568 0.3462314322391344 0.0187178482830657 0.03814414083990465
0 0.08723854289071681 0.5325508894186687 0.020723332027679852 0.03520997615991197
0 0.4271680376028202 0.23620025673940948 0.0213918266092179 0.038144140839904604
0 0.14907429168298733 0.34769851457913076 0.020054837446141772 0.038144140839904604
0 0.08723854289071681 0.20025673940949937 0.020723332027679852 0.036677058499908335
0 0.36566653610131866 0.2743443975793141 0.017380859119989572 0.03520997615991197
0 0.08657004830917875 0.4951402897487622 0.020723332027679852 0.03667705849990829
0 0.08723854289071681 0.4591967724188521 0.020723332027679852 0.03520997615991197
0 0.025068546807677245 0.27581147991931043 0.019386342864603733 0.03814414083990465
0 0.08690429559994776 0.1584448927196039 0.02139182660921792 0.04694663487988265
0 0.458921530225878 0.34769851457913076 0.019386342864603737 0.038144140839904604
0 0.18082778430604518 0.6425820649183935 0.019386342864603737 0.038144140839904604
0 0.24199503851677762 0.20025673940949937 0.01871784828306567 0.036677058499908335
0 0.2115785350567959 0.34549789106913625 0.019386342864603737 0.033742893819915645
0 0.18015928972450715 0.42105263157894735 0.022060321190755967 0.04107830551989734
0 0.1497427862645254 0.6799926645883 0.020054837446141772 0.03667705849990829
0 0.08623580101840972 0.6807262057582982 0.020054837446141803 0.038144140839904604
0 0.18015928972450715 0.4591967724188521 0.020723332027679835 0.03520997615991197
0 0.11765504635069853 0.4591967724188521 0.020054837446141786 0.03520997615991197
0 0.11832354093223658 0.6777920410783056 0.020054837446141817 0.038144140839904604
0 0.15041128084606342 0.6066385475884835 0.020054837446141817 0.03667705849990829
0 0.055819297558427995 0.3095543737392261 0.01938634286460373 0.03520997615991197
0 0.3044992818905862 0.19805611589950486 0.019386342864603737 0.03814414083990463
0 0.3957487922705314 0.19585549238951036 0.020054837446141772 0.03961122317990098
0 0.458921530225878 0.27214377406931967 0.019386342864603737 0.03667705849990829
0 0.11899203551377464 0.6066385475884835 0.020054837446141817 0.03667705849990829
0 0.11832354093223658 0.6403814414083989 0.020054837446141817 0.03667705849990838
0 0.18082778430604518 0.6044379240784888 0.019386342864603737 0.03520997615991187
0 0.24166079122600861 0.3476985145791308 0.019386342864603737 0.03520997615991192
0 0.30416503459981714 0.238400880249404 0.020054837446141834 0.03667705849990829
0 0.11765504635069854 0.5706950302585734 0.021391826609217932 0.03520997615991197
0 0.11698655176916045 0.23620025673940953 0.02139182660921792 0.03520997615991197
0 0.17949079514296903 0.20025673940949937 0.020723332027679835 0.036677058499908335
0 0.458921530225878 0.3095543737392261 0.019386342864603737 0.03520997615991197
0 0.21091004047525785 0.45699614890885754 0.020723332027679866 0.03667705849990829
0 0.11698655176916045 0.27214377406931967 0.020054837446141786 0.03667705849990829
0 0.18015928972450715 0.1584448927196039 0.022060321190755967 0.041078305519897315
0 0.14907429168298733 0.1584448927196039 0.0213918266092179 0.041078305519897315
0 0.1497427862645254 0.5310838070786723 0.020054837446141772 0.03520997615991206
0 0.18049353701527612 0.3836420319090409 0.020054837446141803 0.036677058499908335
0 0.056153544849197025 0.20025673940949937 0.02139182660921792 0.036677058499908335
0 0.36566653610131866 0.3095543737392261 0.01871784828306564 0.03520997615991197
0 0.30416503459981714 0.3095543737392261 0.020054837446141834 0.03814414083990465
0 0.45758454106280194 0.2347331743994132 0.020723332027679866 0.03814414083990465
0 0.024734299516908212 0.3498991380891252 0.018717848283065674 0.036677058499908335
0 0.11698655176916045 0.3858426554190354 0.020054837446141786 0.03520997615991197
0 0.4275022848935892 0.27214377406931967 0.019386342864603737 0.03667705849990829
0 0.1801592897245071 0.27214377406931967 0.019386342864603737 0.03667705849990829
0 0.18049353701527612 0.23620025673940953 0.020054837446141803 0.03520997615991197
0 0.30416503459981714 0.34769851457913076 0.020054837446141834 0.038144140839904604
0 0.055819297558427995 0.34989913808912526 0.01938634286460373 0.03961122317990093
0 0.4271680376028202 0.19585549238951036 0.0213918266092179 0.03961122317990098
0 0.2115785350567959 0.5310838070786723 0.019386342864603737 0.03520997615991206
0 0.11698655176916045 0.3095543737392261 0.020054837446141786 0.03520997615991197
0 0.11765504635069853 0.34769851457913076 0.020054837446141786 0.038144140839904604
0 0.21091004047525785 0.19805611589950486 0.020723332027679866 0.04107830551989734
0 0.1497427862645254 0.3102879149092243 0.020054837446141772 0.03961122317990102
0 0.11765504635069854 0.1584448927196039 0.021391826609217932 0.04401247019988996
0 0.1801592897245071 0.34769851457913076 0.019386342864603737 0.038144140839904604
0 0.08623580101840972 0.3095543737392261 0.020054837446141803 0.03814414083990465
0 0.2115785350567959 0.3095543737392261 0.019386342864603737 0.03814414083990465
0 0.21091004047525785 0.2743443975793141 0.019386342864603737 0.0381441408399047
0 0.11765504635069853 0.5310838070786722 0.020054837446141786 0.04107830551989734
0 0.055819297558427995 0.45699614890885754 0.022060321190755974 0.03667705849990829
0 0.08657004830917875 0.34769851457913076 0.019386342864603737 0.038144140839904604
0 0.18049353701527612 0.3095543737392261 0.020054837446141803 0.03520997615991197
0 0.18015928972450715 0.5692279479185769 0.020723332027679835 0.0381441408399047
0 0.14907429168298733 0.38510911424903727 0.01871784828306567 0.033742893819915645
0 0.5204230317273795 0.15477718686961306 0.022060321190756 0.0454795525398863
0 0.3670035252643949 0.640381441408399 0.020054837446141834 0.033742893819915645
0 0.055819297558427995 0.6044379240784888 0.01938634286460373 0.0381441408399047
0 0.48933803368585976 0.4173849257289565 0.020054837446141772 0.03667705849990829
0 0.30416503459981714 0.7159361819182101 0.020054837446141834 0.03227581147991933
0 0.0872385428907168 0.3836420319090409 0.019386342864603737 0.033742893819915645
0 0.5200887844366104 0.19805611589950486 0.0213918266092179 0.03814414083990463
0 0.14907429168298733 0.4591967724188521 0.020054837446141772 0.03520997615991197
0 0.024400052226139182 0.1584448927196039 0.020723332027679852 0.03814414083990463
0 0.02506854680767724 0.7181368054282046 0.022060321190755974 0.03667705849990838
0 0.28210471340906124 0.6323124885384191 0.01336989163076118 0.026407482119934045
0 0.27374853113983555 0.13790573995965522 0.02607128867998439 0.0322758114799193
0 0.27341428384906646 0.2281313038694297 0.025402794098446292 0.027874564459930317
0 0.27341428384906646 0.1085640931597286 0.025402794098446292 0.02640748211993396
0 0.2740827784306045 0.28754813863928114 0.024065804935370194 0.02640748211993395
0 0.27341428384906646 0.1665138455895837 0.02807677242459849 0.024940399779937655
0 0.27374853113983555 0.41371721987896565 0.02339731035383216 0.017604988079955985
0 0.30483352918135526 0.4936732074087658 0.020054837446141772 0.027874564459930366
0 0.2807677242459851 0.6506510177883733 0.016043869956913474 0.007335411699981601
0 0.08623580101840972 0.238400880249404 0.01871784828306567 0.03667705849990829
0 0.30483352918135526 0.5684944067485788 0.020054837446141772 0.033742893819915645
0 0.1494085389737564 0.5684944067485788 0.016712364538451506 0.033742893819915645
0 0.0257370413892153 0.7540803227581148 0.019386342864603737 0.038144140839904604
0 0.0257370413892153 0.7936915459380158 0.019386342864603737 0.04107830551989734
0 0.30483352918135526 0.6425820649183936 0.0187178482830657 0.03520997615991206
0 0.08657004830917875 0.7181368054282046 0.020723332027679852 0.03667705849990838
0 0.0257370413892153 0.6403814414083989 0.019386342864603737 0.03667705849990838
0 0.1497427862645254 0.23766733907940585 0.020054837446141772 0.038144140839904604
0 0.21091004047525785 0.6799926645883 0.019386342864603737 0.03667705849990829
0 0.36600078339208775 0.5684944067485788 0.019386342864603737 0.03667705849990838
0 0.3957487922705314 0.11663304602970842 0.0187178482830657 0.042545387859893605
0 0.2747512730121426 0.3139556207592151 0.024065804935370225 0.029341646799926638
0 0.3670035252643949 0.790023840088025 0.01871784828306564 0.03667705849990829
0 0.5204230317273795 0.23620025673940953 0.020723332027679803 0.03520997615991197
0 0.0257370413892153 0.6066385475884835 0.020723332027679852 0.03667705849990829
0 0.025068546807677245 0.5706950302585733 0.019386342864603733 0.0381441408399047
0 0.024400052226139186 0.23620025673940953 0.02206032119075597 0.03520997615991197
0 0.21091004047525785 0.23840088024940395 0.019386342864603737 0.0337428938199156
0 0.025068546807677245 0.6807262057582982 0.023397310353832086 0.038144140839904604
0 0.055819297558427995 0.7936915459380157 0.01938634286460373 0.038144140839904604
0 0.4900065282673979 0.45479552539886303 0.020054837446141834 0.0381441408399047
0 0.3663350306828568 0.419585549238951 0.020054837446141772 0.03520997615991201
0 0.2115785350567959 0.4951402897487622 0.019386342864603737 0.03667705849990829
0 0.21091004047525785 0.3814414083990464 0.020723332027679866 0.03227581147991933
0 0.36566653610131866 0.4929396662387677 0.020054837446141834 0.038144140839904604
0 0.025068546807677245 0.3095543737392261 0.018049353701527614 0.03520997615991197
0 0.08690429559994776 0.7936915459380157 0.022728815772294048 0.038144140839904604
0 0.2115785350567959 0.5684944067485788 0.019386342864603737 0.03961122317990093
0 0.2747512730121426 0.25820649183935446 0.024065804935370225 0.03520997615991197
0 0.4595900248074161 0.3858426554190354 0.019386342864603737 0.03520997615991197
0 0.49034077555816685 0.4914725838987713 0.020723332027679866 0.03520997615991197
0 0.24232928580754667 0.6799926645883 0.019386342864603737 0.03667705849990829
0 0.3964172868520695 0.23620025673940953 0.020054837446141834 0.041078305519897294
0 0.36600078339208775 0.45699614890885754 0.019386342864603737 0.03667705849990829
0 0.055819297558427995 0.5692279479185769 0.01938634286460373 0.0381441408399047
0 0.3663350306828568 0.6044379240784888 0.020054837446141772 0.0381441408399047
0 0.3663350306828568 0.6785255822483037 0.020054837446141772 0.03667705849990819
0 0.24299778038908473 0.2743443975793141 0.018049353701527607 0.03227581147991933
0 0.3663350306828568 0.5332844305886667 0.021391826609217963 0.03961122317990102
0 0.48933803368585976 0.3462314322391344 0.020054837446141772 0.03814414083990465
0 0.1497427862645254 0.7914909224280212 0.0213918266092179 0.03961122317990093
0 0.2429977803890847 0.790023840088025 0.023397310353832097 0.04254538785989357
0 0.30416503459981714 0.3858426554190354 0.020054837446141834 0.03814414083990465
0 0.2115785350567959 0.7533467815881166 0.019386342864603737 0.03961122317990102
0 0.30483352918135526 0.4591967724188521 0.020054837446141772 0.03520997615991197
0 0.5200887844366106 0.3814414083990464 0.020054837446141772 0.038144140839904604
0 0.5200887844366104 0.419585549238951 0.0213918266092179 0.04107830551989734
0 0.08657004830917875 0.4217861727489456 0.020723332027679852 0.03961122317990098
0 0.0872385428907168 0.6425820649183936 0.019386342864603737 0.03520997615991206
0 0.36566653610131866 0.11663304602970842 0.01871784828306564 0.03961122317990098
0 0.21091004047525785 0.4173849257289566 0.020723332027679866 0.04254538785989366
0 0.24232928580754667 0.6425820649183935 0.019386342864603737 0.038144140839904604
0 0.4271680376028202 0.11663304602970842 0.01871784828306564 0.03961122317990098
0 0.0872385428907168 0.5706950302585734 0.019386342864603737 0.03520997615991197
0 0.27341428384906646 0.19658903355950855 0.025402794098446292 0.03520997615991199
0 0.212247029638334 0.7914909224280212 0.022060321190756 0.03667705849990829
0 0.3663350306828568 0.7144690995782138 0.020054837446141772 0.03520997615991197
0 0.334915785350568 0.238400880249404 0.01871784828306564 0.04254538785989366
0 0.055819297558427995 0.6807262057582982 0.01938634286460373 0.038144140839904604
0 0.05615354484919703 0.238400880249404 0.020054837446141793 0.030808729139923007
0 0.48900378639509073 0.1584448927196039 0.022060321190756 0.03814414083990463
0 0.30416503459981714 0.4232532550889419 0.020054837446141834 0.036677058499908335
0 0.18015928972450715 0.7922244635980195 0.020723332027679835 0.038144140839904604
0 0.4275022848935892 0.3102879149092243 0.019386342864603737 0.0337428938199156
0 0.024400052226139182 0.4951402897487622 0.019386342864603737 0.033742893819915645
0 0.30483352918135526 0.6799926645883 0.020054837446141772 0.03667705849990829
0 0.48900378639509073 0.23620025673940953 0.020723332027679866 0.03520997615991197
0 0.056487792139966055 0.6425820649183936 0.020723332027679852 0.03520997615991206
0 0.3663350306828568 0.7518796992481203 0.020054837446141772 0.03667705849990838
0 0.1497427862645254 0.7159361819182102 0.020054837446141772 0.0381441408399047
0 0.14907429168298733 0.4232532550889419 0.01871784828306567 0.036677058499908335
0 0.45825303564434006 0.11663304602970842 0.019386342864603737 0.042545387859893605
0 0.02506854680767724 0.19805611589950486 0.022060321190755974 0.03814414083990463
0 0.24232928580754667 0.1188336695397029 0.019386342864603737 0.03814414083990465
0 0.2115785350567959 0.7137355584082157 0.022060321190756 0.03961122317990093
0 0.5200887844366106 0.3080872913992298 0.020054837446141772 0.03520997615991197
0 0.08723854289071681 0.7562809462681093 0.020723332027679852 0.03961122317990093
0 0.4595900248074161 0.419585549238951 0.019386342864603737 0.03520997615991201
0 0.24299778038908473 0.7518796992481203 0.020723332027679866 0.03667705849990838
0 0.3051677764721243 0.6044379240784888 0.018049353701527607 0.0381441408399047
0 0.4886695391043217 0.3102879149092243 0.01871784828306564 0.0337428938199156
0 0.24232928580754667 0.7144690995782138 0.019386342864603737 0.03520997615991197
