0 0.886510 0.496928 0.035697 0.037883
0 0.834747 0.565268 0.034265 0.034610
0 0.902576 0.781012 0.034265 0.034610
0 0.837570 0.591975 0.037314 0.044312
0 0.517730 0.599083 0.022582 0.025664
0 0.773805 0.477393 0.035326 0.031572
0 0.890172 0.559256 0.035604 0.036305
0 0.524679 0.696008 0.019996 0.023851
0 0.535919 0.876621 0.021336 0.025547
0 0.842257 0.693079 0.034265 0.034610
0 0.893212 0.621642 0.036943 0.038001
0 0.844550 0.721423 0.033018 0.034493
0 0.388196 0.485140 0.035326 0.031572
0 0.106989 0.445772 0.034358 0.036188
0 0.827376 0.439823 0.034358 0.036188
0 0.907048 0.846437 0.035604 0.036305
0 0.522181 0.674823 0.022397 0.022508
0 0.892511 0.588388 0.036758 0.034845
0 0.515232 0.577898 0.024797 0.021165
0 0.900583 0.747087 0.036851 0.036423
0 0.903231 0.813477 0.037036 0.039578
0 0.900114 0.717778 0.036573 0.031689
0 0.710148 0.332655 0.038746 0.047585
0 0.769957 0.411910 0.035604 0.036305
0 0.772759 0.448932 0.037129 0.041156
0 0.895159 0.654778 0.036758 0.034845
0 0.109560 0.478849 0.030247 0.029524
0 0.847651 0.752864 0.035697 0.037883
0 0.120547 0.665833 0.035326 0.031572
0 0.882755 0.433022 0.032926 0.032915
0 0.389010 0.509657 0.034358 0.036188
0 0.286262 0.616910 0.034265 0.034610
0 0.235153 0.717715 0.030062 0.026368
0 0.533905 0.853011 0.022582 0.025664
0 0.847728 0.786176 0.034265 0.034610
0 0.896967 0.685548 0.037036 0.039578
0 0.123509 0.694907 0.035604 0.036305
0 0.291326 0.745745 0.034358 0.036188
0 0.880900 0.401464 0.032926 0.032915
0 0.134105 0.885894 0.034358 0.036188
0 0.232161 0.656117 0.033801 0.026720
0 0.131767 0.856761 0.033018 0.034493
0 0.830337 0.468897 0.034265 0.034610
0 0.682559 0.801728 0.035141 0.028416
0 0.878953 0.368327 0.038283 0.039696
0 0.164331 0.440373 0.031494 0.029641
0 0.850814 0.849352 0.035511 0.034727
0 0.840357 0.660732 0.036851 0.036423
0 0.837786 0.627654 0.035604 0.036305
0 0.779898 0.570432 0.034079 0.031454
0 0.462542 0.822443 0.031401 0.028064
0 0.849005 0.818582 0.035604 0.036305
0 0.657220 0.359852 0.031957 0.037531
0 0.720203 0.482440 0.032833 0.031337
0 0.290095 0.714128 0.035790 0.039461
0 0.442813 0.476031 0.035604 0.036305
0 0.280884 0.525391 0.031586 0.031219
0 0.129866 0.824413 0.033111 0.036071
0 0.298620 0.837877 0.033018 0.034493
0 0.297528 0.808627 0.031865 0.035953
0 0.718348 0.450882 0.033018 0.034493
0 0.665169 0.484449 0.035326 0.031572
0 0.128588 0.792007 0.034265 0.034610
0 0.186538 0.818284 0.034265 0.034610
0 0.283923 0.587777 0.033111 0.036071
0 0.409594 0.859955 0.034358 0.036188
0 0.343527 0.674191 0.034358 0.036188
0 0.356739 0.899045 0.039251 0.035079
0 0.662876 0.456105 0.034265 0.034610
0 0.288724 0.680144 0.036943 0.038001
0 0.386342 0.453582 0.038190 0.038118
0 0.354045 0.831866 0.036851 0.036423
0 0.680751 0.770958 0.035419 0.033149
0 0.617254 0.618272 0.034358 0.036188
0 0.348436 0.736401 0.034265 0.034610
0 0.301891 0.904209 0.036943 0.038001
0 0.238301 0.749945 0.035882 0.041039
0 0.604942 0.398093 0.032833 0.031337
0 0.628334 0.806833 0.034265 0.034610
0 0.562405 0.623436 0.031865 0.035953
0 0.114984 0.571157 0.035511 0.034727
0 0.169364 0.536684 0.035419 0.033149
0 0.412165 0.893033 0.035604 0.036305
0 0.243195 0.843889 0.034358 0.036188
0 0.227782 0.592270 0.035326 0.031572
0 0.678804 0.737822 0.035604 0.036305
0 0.332539 0.487208 0.034079 0.031454
0 0.615307 0.585136 0.034358 0.036188
0 0.334208 0.515610 0.034265 0.034610
0 0.723103 0.542460 0.037129 0.041156
0 0.685037 0.833227 0.036943 0.038001
0 0.403985 0.764491 0.034450 0.037766
0 0.456464 0.697670 0.034079 0.031454
0 0.224120 0.529942 0.035604 0.036305
0 0.457556 0.726921 0.035419 0.033149
0 0.184014 0.785996 0.035604 0.036305
0 0.345474 0.707327 0.034358 0.036188
0 0.354792 0.865908 0.034450 0.037766
0 0.112599 0.541236 0.034450 0.037766
0 0.778137 0.540451 0.036943 0.038001
0 0.337525 0.582730 0.038097 0.036540
0 0.398998 0.668968 0.032926 0.032915
0 0.275975 0.463180 0.036665 0.033267
0 0.328877 0.424880 0.034358 0.036188
0 0.672102 0.613108 0.034172 0.033032
0 0.382978 0.385673 0.034265 0.034610
0 0.574279 0.846829 0.034450 0.037766
0 0.666400 0.516066 0.036943 0.038001
0 0.274698 0.430774 0.033018 0.034493
0 0.326883 0.390954 0.039437 0.038235
0 0.397283 0.639777 0.033204 0.037648
0 0.222265 0.498384 0.035419 0.033149
0 0.126780 0.761238 0.037036 0.039578
0 0.673864 0.643088 0.034358 0.036188
0 0.570477 0.782134 0.034636 0.040922
0 0.607935 0.459691 0.034265 0.034610
0 0.572471 0.816060 0.034358 0.036188
0 0.182067 0.752859 0.035604 0.036305
0 0.167072 0.508340 0.034358 0.036188
0 0.619639 0.648194 0.035604 0.036305
0 0.233392 0.687734 0.035790 0.039461
0 0.439774 0.413645 0.031586 0.031219
0 0.330154 0.457286 0.035511 0.034727
0 0.620963 0.681389 0.034358 0.036188
0 0.556749 0.527183 0.031679 0.032797
0 0.383679 0.418927 0.036943 0.038001
0 0.558588 0.590476 0.033111 0.036071
0 0.400322 0.702163 0.034358 0.036188
0 0.609882 0.492827 0.034450 0.037766
0 0.448999 0.570648 0.034358 0.036188
0 0.336202 0.549535 0.034358 0.036188
0 0.165701 0.474356 0.035882 0.041039
0 0.558511 0.557164 0.034358 0.036188
0 0.602995 0.364957 0.035697 0.037883
0 0.229729 0.625406 0.038375 0.041274
0 0.546323 0.371086 0.037036 0.039578
0 0.395289 0.605851 0.035604 0.036305
0 0.521114 0.656677 0.022304 0.020930
0 0.499794 0.507159 0.040220 0.030463
0 0.518889 0.618807 0.022490 0.024086
0 0.492144 0.376981 0.034584 0.018948
0 0.516345 0.788818 0.032647 0.028181
0 0.489852 0.348637 0.037129 0.041156
0 0.496734 0.455088 0.033111 0.036071
0 0.520095 0.639320 0.022304 0.020930
0 0.494787 0.421952 0.035604 0.036305
0 0.885232 0.464522 0.036665 0.033267
0 0.887741 0.528545 0.031586 0.031219
0 0.493211 0.395127 0.029876 0.023212
0 0.501808 0.530769 0.031123 0.023330
0 0.502735 0.546549 0.027888 0.010472
0 0.516025 0.804714 0.031535 0.009246
0 0.462073 0.793135 0.034358 0.036188
0 0.136145 0.920608 0.036851 0.036423
0 0.444090 0.508437 0.034265 0.034610
0 0.613406 0.552788 0.034265 0.034610
0 0.293088 0.775726 0.034172 0.033032
0 0.219180 0.435208 0.033801 0.026720
0 0.722588 0.512362 0.034079 0.031454
0 0.187723 0.849112 0.035419 0.033149
0 0.408270 0.826760 0.035604 0.036305
0 0.781614 0.599623 0.037222 0.042734
0 0.826098 0.407417 0.033018 0.034493
0 0.124117 0.726582 0.032926 0.032915
0 0.458210 0.759385 0.033204 0.037648
0 0.452085 0.633823 0.033111 0.036071
0 0.299897 0.870284 0.031865 0.035953
0 0.824960 0.377378 0.034450 0.037766
0 0.769488 0.382601 0.035697 0.037883
0 0.776766 0.506467 0.035604 0.036305
0 0.240294 0.783870 0.035419 0.033149
0 0.247712 0.910103 0.038097 0.036540
0 0.110652 0.508099 0.034265 0.034610
0 0.406370 0.794413 0.035511 0.034727
0 0.465813 0.888775 0.038005 0.034962
0 0.341811 0.645000 0.034079 0.031454
0 0.566583 0.715862 0.034265 0.034610
0 0.576180 0.879176 0.033987 0.029876
0 0.715386 0.421808 0.035419 0.033149
0 0.350898 0.799636 0.034265 0.034610
0 0.174695 0.627415 0.033018 0.034493
0 0.567907 0.749057 0.030340 0.031102
0 0.661831 0.427643 0.032833 0.031337
0 0.555472 0.494777 0.033018 0.034493
0 0.612314 0.523538 0.033111 0.036071
0 0.281307 0.553911 0.036943 0.038001
0 0.117415 0.601868 0.034172 0.033032
0 0.245142 0.877026 0.034358 0.036188
0 0.392719 0.572774 0.033987 0.029876
0 0.553756 0.465586 0.035604 0.036305
0 0.676280 0.705533 0.034265 0.034610
0 0.350383 0.769538 0.034450 0.037766
0 0.241433 0.813909 0.034358 0.036188
0 0.446522 0.539148 0.033111 0.036071
0 0.189670 0.882249 0.035790 0.039461
0 0.172980 0.598223 0.030433 0.032680
0 0.175973 0.659821 0.034358 0.036188
0 0.830992 0.501362 0.034358 0.036188
0 0.632228 0.873106 0.034265 0.034610
0 0.549471 0.403316 0.036573 0.031689
0 0.118647 0.633485 0.035604 0.036305
0 0.286916 0.649375 0.034358 0.036188
0 0.564960 0.688248 0.034172 0.033032
0 0.438450 0.380450 0.038190 0.038118
0 0.606658 0.427285 0.032926 0.032915
0 0.463866 0.855638 0.035697 0.037883
0 0.564213 0.654206 0.034450 0.037766
0 0.832985 0.535287 0.034450 0.037766
0 0.675188 0.676283 0.033111 0.036071
0 0.180975 0.723609 0.031586 0.031219
0 0.402269 0.735299 0.034172 0.033032
0 0.686454 0.868000 0.035511 0.034727
0 0.622101 0.711428 0.032926 0.032915
0 0.625995 0.777700 0.035604 0.036305
0 0.630281 0.839970 0.034450 0.037766
0 0.161416 0.412087 0.034358 0.036188
0 0.440912 0.443684 0.033018 0.034493
0 0.178543 0.692898 0.033111 0.036071
0 0.668878 0.547565 0.035511 0.034727
0 0.713439 0.388671 0.035975 0.042617
0 0.225881 0.559923 0.035604 0.036305
0 0.454702 0.667690 0.034450 0.037766
0 0.659168 0.392988 0.034450 0.037766
0 0.277737 0.493161 0.036851 0.036423
0 0.670155 0.579971 0.034358 0.036188
0 0.551371 0.435664 0.036851 0.036423
0 0.217995 0.404380 0.035882 0.041039
0 0.391004 0.543582 0.034450 0.037766
0 0.339287 0.612711 0.038097 0.036540
0 0.624002 0.743775 0.033204 0.037648
0 0.273281 0.396001 0.036943 0.038001
0 0.221080 0.467556 0.034450 0.037766
0 0.450184 0.601476 0.035511 0.034727
0 0.170456 0.565934 0.034265 0.034610
