0 0.699342 0.205202 0.025000 0.040462
0 0.305921 0.585742 0.038158 0.053950
0 0.492105 0.620424 0.023684 0.034682
0 0.479605 0.275530 0.038158 0.034682
0 0.814474 0.207129 0.023684 0.028902
0 0.830263 0.241811 0.036842 0.032755
0 0.653289 0.208092 0.032895 0.034682
0 0.248026 0.594412 0.035526 0.040462
0 0.491447 0.654143 0.022368 0.028902
0 0.145395 0.398844 0.022368 0.034682
0 0.652632 0.593449 0.036842 0.042389
0 0.698684 0.323699 0.023684 0.034682
0 0.116447 0.316956 0.022368 0.032755
0 0.725658 0.440270 0.025000 0.032755
0 0.115132 0.357418 0.022368 0.028902
0 0.130263 0.787091 0.039474 0.040462
0 0.073026 0.553950 0.035526 0.040462
0 0.652632 0.517341 0.036842 0.040462
0 0.188816 0.553950 0.035526 0.040462
0 0.303947 0.787091 0.036842 0.040462
0 0.248026 0.322736 0.035526 0.040462
0 0.130921 0.669557 0.038158 0.040462
0 0.115132 0.397881 0.025000 0.036609
0 0.843421 0.323699 0.026316 0.042389
0 0.146053 0.318882 0.026316 0.044316
0 0.536842 0.828516 0.034211 0.034682
0 0.303947 0.517341 0.036842 0.040462
0 0.072368 0.476879 0.034211 0.040462
0 0.131579 0.747592 0.036842 0.038536
0 0.130921 0.710019 0.035526 0.040462
0 0.305921 0.318882 0.032895 0.036609
0 0.247368 0.676301 0.036842 0.042389
0 0.146053 0.359345 0.023684 0.028902
0 0.072368 0.439306 0.034211 0.038536
0 0.726974 0.364162 0.025000 0.034682
0 0.771711 0.288054 0.035526 0.036609
0 0.130921 0.828516 0.038158 0.042389
0 0.537500 0.360308 0.032895 0.038536
0 0.536184 0.674374 0.035526 0.034682
0 0.727632 0.323699 0.026316 0.042389
0 0.771053 0.246628 0.036842 0.050096
0 0.421711 0.282274 0.038158 0.048170
0 0.712500 0.476879 0.038158 0.044316
0 0.536842 0.750482 0.034211 0.032755
0 0.248026 0.439306 0.035526 0.038536
0 0.726316 0.400771 0.023684 0.034682
0 0.248026 0.359345 0.035526 0.040462
0 0.073026 0.516378 0.035526 0.038536
0 0.247368 0.476879 0.036842 0.040462
0 0.537500 0.868015 0.032895 0.040462
0 0.886184 0.517341 0.035526 0.040462
0 0.653947 0.440270 0.034211 0.036609
0 0.885526 0.242775 0.036842 0.046243
0 0.887500 0.288054 0.038158 0.040462
0 0.189474 0.515414 0.034211 0.040462
0 0.596711 0.283237 0.032895 0.038536
0 0.885526 0.440270 0.034211 0.040462
0 0.826974 0.476879 0.035526 0.044316
0 0.537500 0.439306 0.032895 0.038536
0 0.072368 0.358382 0.034211 0.034682
0 0.189474 0.475915 0.034211 0.034682
0 0.653947 0.283237 0.034211 0.038536
0 0.247368 0.791908 0.036842 0.042389
0 0.770395 0.404624 0.035526 0.042389
0 0.190132 0.752408 0.035526 0.040462
0 0.886184 0.477842 0.035526 0.038536
0 0.364474 0.322736 0.034211 0.048170
0 0.306579 0.281310 0.034211 0.042389
0 0.538158 0.280347 0.036842 0.052023
0 0.771053 0.363198 0.034211 0.036609
0 0.537500 0.517341 0.032895 0.040462
0 0.536184 0.594412 0.035526 0.040462
0 0.827632 0.599229 0.036842 0.042389
0 0.190789 0.440270 0.034211 0.036609
0 0.189474 0.593449 0.036842 0.042389
0 0.071711 0.397881 0.032895 0.040462
0 0.072368 0.321773 0.034211 0.038536
0 0.711184 0.634875 0.038158 0.048170
0 0.771053 0.324663 0.036842 0.040462
0 0.654605 0.399807 0.032895 0.040462
0 0.247368 0.517341 0.036842 0.040462
0 0.130921 0.516378 0.035526 0.038536
0 0.536184 0.710983 0.035526 0.042389
0 0.071711 0.282274 0.035526 0.040462
0 0.130263 0.553950 0.036842 0.040462
0 0.596711 0.323699 0.035526 0.042389
0 0.190132 0.634875 0.038158 0.040462
0 0.189474 0.280347 0.034211 0.044316
0 0.305921 0.399807 0.038158 0.040462
0 0.536842 0.556840 0.034211 0.042389
0 0.536184 0.634875 0.035526 0.040462
0 0.537500 0.398844 0.032895 0.034682
0 0.654605 0.360308 0.035526 0.038536
0 0.303947 0.475915 0.036842 0.042389
0 0.306579 0.358382 0.034211 0.042389
0 0.247368 0.399807 0.036842 0.040462
0 0.190789 0.359345 0.031579 0.040462
0 0.190132 0.321773 0.032895 0.038536
0 0.071711 0.240848 0.038158 0.042389
0 0.247368 0.282274 0.036842 0.048170
0 0.537500 0.477842 0.032895 0.038536
0 0.190789 0.399807 0.034211 0.040462
0 0.535526 0.788054 0.036842 0.046243
0 0.653289 0.322736 0.035526 0.040462
0 0.130921 0.475915 0.038158 0.042389
0 0.116447 0.204239 0.025000 0.034682
0 0.146711 0.198459 0.022368 0.034682
0 0.478289 0.764933 0.030263 0.034682
0 0.073026 0.710019 0.032895 0.040462
0 0.305921 0.559730 0.035526 0.048170
0 0.652632 0.240848 0.034211 0.046243
0 0.596711 0.206166 0.035526 0.034682
0 0.479605 0.342967 0.038158 0.042389
0 0.695395 0.400771 0.025000 0.038536
0 0.072368 0.747592 0.036842 0.038536
0 0.711184 0.557803 0.035526 0.040462
0 0.712500 0.247592 0.032895 0.040462
0 0.697368 0.359345 0.023684 0.028902
0 0.653289 0.634875 0.035526 0.040462
0 0.130921 0.280347 0.035526 0.036609
0 0.072368 0.593449 0.034211 0.042389
0 0.305263 0.671484 0.036842 0.040462
0 0.305921 0.435453 0.032895 0.034682
0 0.303947 0.710983 0.036842 0.042389
0 0.248026 0.868015 0.035526 0.032755
0 0.247368 0.830443 0.034211 0.038536
0 0.189474 0.673410 0.034211 0.032755
0 0.189474 0.710019 0.036842 0.040462
0 0.305263 0.866089 0.036842 0.036609
0 0.073026 0.670520 0.035526 0.038536
0 0.073026 0.632948 0.035526 0.036609
0 0.827632 0.518304 0.036842 0.038536
0 0.812500 0.401734 0.022368 0.040462
0 0.131579 0.240848 0.034211 0.042389
0 0.247368 0.751445 0.036842 0.038536
0 0.071711 0.827553 0.038158 0.040462
0 0.828947 0.281310 0.036842 0.042389
0 0.711184 0.518304 0.035526 0.038536
0 0.305921 0.828516 0.035526 0.042389
0 0.886842 0.363198 0.034211 0.036609
0 0.247368 0.711946 0.036842 0.036609
0 0.653289 0.711946 0.035526 0.040462
0 0.653289 0.556840 0.035526 0.038536
0 0.711184 0.594412 0.035526 0.040462
0 0.653289 0.476879 0.035526 0.036609
0 0.247368 0.634875 0.039474 0.040462
0 0.305263 0.747592 0.034211 0.038536
0 0.130921 0.593449 0.035526 0.042389
0 0.363816 0.280347 0.030263 0.040462
0 0.145395 0.436416 0.025000 0.032755
0 0.887500 0.328516 0.035526 0.036609
0 0.130921 0.630058 0.038158 0.038536
0 0.494079 0.596339 0.022368 0.013487
0 0.491447 0.578998 0.022368 0.017341
0 0.494079 0.558767 0.022368 0.019268
0 0.492105 0.539499 0.018421 0.019268
0 0.491447 0.519268 0.019737 0.021195
0 0.479605 0.458574 0.030263 0.011561
0 0.480921 0.209056 0.038158 0.044316
0 0.726316 0.209056 0.026316 0.036609
0 0.843421 0.206166 0.023684 0.034682
0 0.492763 0.497110 0.022368 0.023121
0 0.480263 0.309249 0.036842 0.028902
0 0.480921 0.411368 0.032895 0.028902
0 0.480263 0.438343 0.036842 0.028902
0 0.480263 0.241811 0.036842 0.025048
0 0.538158 0.322736 0.034211 0.040462
0 0.886842 0.400771 0.034211 0.034682
0 0.305921 0.633911 0.038158 0.042389
0 0.813816 0.323699 0.022368 0.034682
0 0.596711 0.240848 0.032895 0.042389
0 0.843421 0.363198 0.023684 0.032755
0 0.842105 0.441233 0.026316 0.034682
0 0.813158 0.359345 0.021053 0.032755
0 0.248026 0.557803 0.032895 0.036609
0 0.492763 0.834297 0.022368 0.026975
0 0.651974 0.674374 0.035526 0.042389
0 0.070395 0.868015 0.040789 0.040462
0 0.842763 0.400771 0.025000 0.034682
0 0.073026 0.787091 0.035526 0.040462
0 0.493421 0.864162 0.023684 0.032755
0 0.711842 0.284200 0.034211 0.036609
0 0.365132 0.205202 0.035526 0.048170
0 0.364474 0.241811 0.036842 0.028902
0 0.826974 0.557803 0.035526 0.036609
