0 0.494200 0.436717 0.033714 0.040495
0 0.489674 0.403017 0.033302 0.037431
0 0.324745 0.300370 0.040589 0.034271
0 0.100937 0.337088 0.038655 0.029436
0 0.735832 0.703537 0.038655 0.029436
0 0.475623 0.293372 0.030956 0.029533
0 0.486507 0.364362 0.031574 0.034128
0 0.675823 0.236619 0.038861 0.030968
0 0.515002 0.265037 0.038243 0.026373
0 0.343733 0.446779 0.040301 0.041691
0 0.379775 0.735240 0.040301 0.041691
0 0.853978 0.754265 0.041618 0.041930
0 0.325763 0.745048 0.040301 0.041691
0 0.845174 0.683682 0.040301 0.041691
0 0.568962 0.696963 0.043141 0.043701
0 0.919636 0.816094 0.045570 0.042648
0 0.849905 0.718914 0.040301 0.041691
0 0.247372 0.573335 0.039272 0.034032
0 0.532775 0.412451 0.041618 0.041930
0 0.583362 0.804190 0.040506 0.043223
0 0.182672 0.950702 0.044870 0.047004
0 0.394423 0.839284 0.041618 0.041930
0 0.692807 0.785101 0.039478 0.035563
0 0.860920 0.388955 0.039889 0.038627
0 0.285741 0.859019 0.043347 0.045233
0 0.340061 0.851509 0.045776 0.044179
0 0.565444 0.660726 0.039889 0.038627
0 0.173559 0.877821 0.040301 0.041691
0 0.271751 0.754855 0.042935 0.042169
0 0.912578 0.783638 0.042730 0.040637
0 0.851354 0.317725 0.040506 0.043223
0 0.282252 0.421067 0.040095 0.040159
0 0.281420 0.826851 0.039889 0.038627
0 0.688281 0.751401 0.043347 0.045233
0 0.702167 0.854799 0.042730 0.040637
0 0.364963 0.624949 0.040301 0.041691
0 0.673983 0.644940 0.042730 0.040637
0 0.356714 0.553480 0.040506 0.043223
0 0.839680 0.647804 0.044047 0.040877
0 0.667934 0.609947 0.040506 0.043223
0 0.328869 0.778221 0.040506 0.043223
0 0.821309 0.505991 0.040301 0.041691
0 0.895771 0.638403 0.042935 0.042169
0 0.657956 0.535654 0.039889 0.038627
0 0.125830 0.522438 0.040301 0.041691
0 0.877050 0.499007 0.040712 0.044754
0 0.463523 0.534869 0.040301 0.041691
0 0.336544 0.815272 0.039889 0.038627
0 0.580257 0.771017 0.039889 0.038627
0 0.806353 0.399649 0.041412 0.040398
0 0.741470 0.735466 0.040712 0.044754
0 0.753144 0.405388 0.038572 0.038388
0 0.333097 0.372605 0.041824 0.043462
0 0.275268 0.791092 0.040506 0.043223
0 0.556640 0.590142 0.038983 0.041452
0 0.884229 0.567532 0.041824 0.043462
0 0.422021 0.617726 0.040712 0.044754
0 0.165515 0.807884 0.043141 0.043701
0 0.519177 0.301155 0.036554 0.042505
0 0.662688 0.570885 0.040301 0.041691
0 0.792055 0.293187 0.041618 0.041930
0 0.139469 0.629020 0.041824 0.043462
0 0.746992 0.369629 0.044458 0.043940
0 0.830217 0.577340 0.041412 0.040398
0 0.743433 0.338107 0.039889 0.038627
0 0.272933 0.346654 0.041618 0.041930
0 0.222232 0.391167 0.041824 0.043462
0 0.112232 0.411142 0.042730 0.040637
0 0.721431 0.596309 0.042935 0.042169
0 0.777625 0.587674 0.042029 0.044994
0 0.469572 0.569862 0.040301 0.041691
0 0.172808 0.440156 0.042935 0.042169
0 0.478480 0.641211 0.041824 0.043462
0 0.644872 0.428187 0.039889 0.038627
0 0.683269 0.312157 0.040506 0.043223
0 0.314879 0.674057 0.043553 0.046765
0 0.162830 0.365863 0.043141 0.043701
0 0.121346 0.484023 0.044664 0.045472
0 0.320373 0.709935 0.041618 0.041930
0 0.310951 0.634756 0.040712 0.044754
0 0.585470 0.402882 0.041618 0.041930
0 0.726925 0.632188 0.041824 0.043462
0 0.242744 0.538869 0.040301 0.041691
0 0.704933 0.453372 0.040301 0.041691
0 0.143645 0.665137 0.042935 0.042169
0 0.713080 0.524075 0.040301 0.041691
0 0.153973 0.737013 0.041618 0.041930
0 0.826041 0.541222 0.042935 0.042169
0 0.232972 0.466107 0.042730 0.040637
0 0.266608 0.716560 0.043347 0.045233
0 0.866414 0.424833 0.042235 0.046525
0 0.369900 0.661712 0.040301 0.041691
0 0.401160 0.472442 0.037666 0.041212
0 0.626646 0.282425 0.040301 0.041691
0 0.731101 0.668305 0.042935 0.042169
0 0.360231 0.589717 0.037254 0.038149
0 0.148583 0.701901 0.040301 0.041691
0 0.328262 0.336607 0.038983 0.041452
0 0.634647 0.357077 0.041412 0.040398
0 0.538166 0.447563 0.037254 0.038149
0 0.649296 0.461121 0.040095 0.040159
0 0.345830 0.482489 0.040301 0.041691
0 0.256939 0.644564 0.043347 0.045233
0 0.772029 0.551030 0.040301 0.041691
0 0.687898 0.346623 0.042935 0.042169
0 0.293136 0.492058 0.042935 0.042169
0 0.116408 0.447260 0.044664 0.045472
0 0.375702 0.699888 0.044664 0.045472
0 0.191487 0.584267 0.044664 0.045472
0 0.229146 0.427572 0.040918 0.046286
0 0.338899 0.410781 0.040918 0.046286
0 0.698884 0.418379 0.040301 0.041691
0 0.541683 0.483800 0.040918 0.046286
0 0.639482 0.393075 0.041618 0.041930
0 0.605014 0.548405 0.044664 0.045472
0 0.186241 0.545206 0.044870 0.047004
0 0.786706 0.253360 0.042441 0.048057
0 0.351879 0.517482 0.040301 0.041691
0 0.278076 0.384950 0.041618 0.041930
0 0.418092 0.578425 0.040918 0.046286
0 0.167562 0.401095 0.043553 0.046765
0 0.549932 0.555269 0.040301 0.041691
0 0.692732 0.382620 0.043141 0.043701
0 0.576459 0.330767 0.040301 0.041691
0 0.598451 0.509583 0.044458 0.043940
0 0.393014 0.401739 0.040301 0.041691
0 0.733764 0.266112 0.040712 0.044754
0 0.106986 0.372081 0.043347 0.045233
0 0.653780 0.499536 0.044870 0.047004
0 0.630471 0.320959 0.043347 0.045233
0 0.796786 0.328419 0.044253 0.042408
0 0.579215 0.366358 0.041618 0.041930
0 0.594933 0.473346 0.044253 0.042408
0 0.297970 0.528056 0.042730 0.040637
0 0.449020 0.426876 0.040506 0.043223
0 0.440112 0.355526 0.041618 0.041930
0 0.527941 0.376453 0.039189 0.042983
0 0.383489 0.325794 0.042235 0.046525
0 0.571213 0.291706 0.040918 0.046286
0 0.739360 0.302756 0.041618 0.041930
0 0.388838 0.365622 0.044870 0.047004
0 0.445502 0.390638 0.040301 0.041691
0 0.237909 0.502871 0.043553 0.046765
0 0.303113 0.566351 0.043553 0.046765
0 0.455172 0.462634 0.040301 0.041691
0 0.460109 0.499398 0.040301 0.041691
0 0.679237 0.272090 0.040918 0.046286
0 0.252001 0.607801 0.043347 0.045233
0 0.437254 0.319170 0.040506 0.043223
0 0.470624 0.251127 0.029022 0.024698
0 0.473752 0.269390 0.030339 0.024937
0 0.512878 0.892310 0.040506 0.043223
0 0.411940 0.542667 0.040301 0.041691
0 0.174596 0.473569 0.040095 0.040159
0 0.497613 0.783670 0.039189 0.042983
0 0.177735 0.913938 0.044458 0.043940
0 0.907949 0.749172 0.042935 0.042169
0 0.168827 0.842589 0.039889 0.038627
0 0.575114 0.732721 0.040712 0.044754
0 0.294298 0.932786 0.040301 0.041691
0 0.589412 0.839183 0.039683 0.037095
0 0.288249 0.897793 0.040301 0.041691
0 0.133976 0.593141 0.042935 0.042169
0 0.464185 0.198160 0.031368 0.032596
0 0.503517 0.822612 0.040301 0.041691
0 0.858710 0.789497 0.044253 0.042408
0 0.560713 0.625494 0.040301 0.041691
0 0.762463 0.479801 0.040918 0.046286
0 0.718017 0.560838 0.040301 0.041691
0 0.508249 0.857844 0.037254 0.038149
0 0.483623 0.679506 0.038778 0.039920
0 0.816475 0.469993 0.043553 0.046765
0 0.466571 0.225972 0.031368 0.032596
0 0.881123 0.534359 0.038572 0.038388
0 0.398908 0.877699 0.037666 0.041212
0 0.802280 0.364297 0.042730 0.040637
0 0.475622 0.604854 0.039889 0.038627
0 0.835504 0.611686 0.040301 0.041691
0 0.488458 0.715504 0.041618 0.041930
0 0.385824 0.770232 0.040301 0.041691
0 0.888405 0.603649 0.039889 0.038627
0 0.344896 0.887507 0.039889 0.038627
0 0.261773 0.680562 0.037049 0.036617
0 0.592929 0.875420 0.040301 0.041691
0 0.522798 0.338158 0.039189 0.042983
0 0.871145 0.460065 0.041824 0.043462
0 0.864965 0.826022 0.044253 0.042408
0 0.683138 0.713106 0.043347 0.045233
0 0.767956 0.515679 0.038983 0.041452
0 0.350945 0.922500 0.043347 0.045233
0 0.677088 0.678113 0.040301 0.041691
0 0.754965 0.845996 0.040301 0.041691
0 0.546415 0.519032 0.039683 0.037095
0 0.390556 0.805464 0.040301 0.041691
0 0.750130 0.809998 0.040506 0.043223
0 0.493540 0.748319 0.040095 0.040159
0 0.396428 0.437210 0.042935 0.042169
0 0.845594 0.274834 0.040506 0.043223
0 0.856847 0.353604 0.044664 0.045472
0 0.403639 0.912931 0.042935 0.042169
0 0.745296 0.774001 0.042935 0.042169
0 0.218056 0.355050 0.037666 0.041212
0 0.129244 0.557910 0.040301 0.041691
0 0.307639 0.600051 0.039683 0.037095
0 0.286675 0.454001 0.040301 0.041691
0 0.840759 0.238837 0.040301 0.041691
0 0.697333 0.818801 0.043347 0.045233
0 0.405994 0.508440 0.037460 0.039681
0 0.708039 0.486545 0.040095 0.040159
0 0.811743 0.434761 0.037460 0.039681
0 0.899597 0.676938 0.040301 0.041691
0 0.158046 0.772365 0.042935 0.042169
0 0.590202 0.438114 0.036349 0.040973
0 0.182065 0.509088 0.040301 0.041691
0 0.902703 0.710111 0.043141 0.043701
0 0.757875 0.440620 0.041618 0.041930
