0 0.7759661835748792 0.36028119507908607 0.03743961352656999 0.04920913884007028
0 0.7771739130434783 0.7214411247803163 0.03985507246376807 0.047451669595782175
0 0.08997584541062803 0.851493848857645 0.022946859903381647 0.03690685413005279
0 0.9033816425120773 0.36115992970123023 0.024154589371980673 0.03690685413005268
0 0.9329710144927537 0.9446397188049209 0.025362318840579712 0.03690685413005279
0 0.7916666666666667 0.9463971880492091 0.022946859903381633 0.03690685413005279
0 0.11714975845410627 0.8066783831282953 0.024154589371980673 0.03514938488576458
0 0.09178743961352658 0.7627416520210897 0.0241545893719807 0.03514938488576458
0 0.7922705314009661 0.8998242530755711 0.024154589371980673 0.038664323374341
0 0.11835748792270531 0.8541300527240774 0.024154589371980673 0.04217926186291743
0 0.8472222222222223 0.7644991212653779 0.022946859903381633 0.03514938488576447
0 0.7638888888888888 0.9446397188049209 0.025362318840579712 0.03690685413005279
0 0.49879227053140096 0.328646748681898 0.048309178743961345 0.03514938488576452
0 0.9601449275362319 0.9472759226713532 0.024154589371980673 0.038664323374341
0 0.8454106280193237 0.8075571177504394 0.021739130434782594 0.033391915641476366
0 0.9571256038647342 0.40597539543058 0.022946859903381633 0.03514938488576447
0 0.8472222222222223 0.4042179261862917 0.020531400966183555 0.038664323374341
0 0.9583333333333333 0.8989455184534271 0.025362318840579712 0.040421792618629215
0 0.6666666666666667 0.7214411247803163 0.04106280193236722 0.047451669595782175
0 0.08997584541062802 0.8057996485061512 0.025362318840579712 0.040421792618629215
0 0.7934782608695652 0.8523725834797891 0.021739130434782594 0.038664323374341
0 0.9589371980676329 0.8101933216168717 0.024154589371980673 0.03514938488576458
0 0.4987922705314009 0.36291739894551844 0.05072463768115931 0.040421792618629104
0 0.7071256038647342 0.8066783831282953 0.022946859903381633 0.03514938488576458
0 0.7898550724637681 0.4042179261862917 0.024154589371980673 0.038664323374341
0 0.14432367149758454 0.4490333919156415 0.025362318840579712 0.03339191564147631
0 0.7657004830917875 0.8075571177504394 0.024154589371980673 0.033391915641476366
0 0.9583333333333333 0.8532513181019332 0.025362318840579712 0.03690685413005279
0 0.8454106280193237 0.44815465729349735 0.019323671497584516 0.03163444639718804
0 0.9577294685990339 0.4472759226713533 0.024154589371980673 0.04042179261862916
0 0.7644927536231885 0.8963093145869947 0.024154589371980673 0.04217926186291743
0 0.4975845410628019 0.5369068541300528 0.03140096618357496 0.040421792618629104
0 0.7904589371980677 0.4490333919156415 0.025362318840579712 0.04042179261862916
0 0.9009661835748792 0.26801405975395426 0.024154589371980673 0.03690685413005265
0 0.9317632850241546 0.8989455184534271 0.025362318840579712 0.040421792618629215
0 0.8882850241545894 0.7223198594024605 0.037439613526570104 0.05272407732864692
0 0.9589371980676329 0.7671353251318103 0.024154589371980673 0.03690685413005268
0 0.9021739130434783 0.49472759226713536 0.021739130434782594 0.03690685413005279
0 0.7904589371980677 0.7662565905096661 0.025362318840579712 0.03514938488576447
0 0.17451690821256038 0.5843585237258347 0.022946859903381633 0.033391915641476144
0 0.44263285024154586 0.3602811950790861 0.039855072463768126 0.04569420035149374
0 0.04649758454106281 0.3620386643233744 0.037439613526570034 0.04920913884007028
0 0.7349033816425121 0.8093145869947276 0.025362318840579712 0.03690685413005279
0 0.27294685990338163 0.7231985940246045 0.03623188405797101 0.054481546572935136
0 0.9033816425120773 0.44991212653778556 0.021739130434782594 0.03866432337434095
0 0.7644927536231885 0.8523725834797891 0.024154589371980673 0.038664323374341
0 0.7657004830917875 0.7644991212653779 0.021739130434782594 0.03514938488576447
0 0.931159420289855 0.8532513181019332 0.024154589371980673 0.03690685413005279
0 0.14794685990338163 0.5852372583479788 0.022946859903381633 0.03163444639718793
0 0.4987922705314009 0.10984182776801407 0.05072463768115931 0.0404217926186292
0 0.7910628019323671 0.8066783831282953 0.024154589371980673 0.03514938488576458
0 0.6787439613526569 0.4507908611599297 0.024154589371980673 0.036906854130052735
0 0.7349033816425121 0.4015817223198594 0.022946859903381633 0.03690685413005279
0 0.9329710144927537 0.7662565905096661 0.025362318840579712 0.03514938488576447
0 0.14553140096618358 0.4947275922671353 0.022946859903381633 0.040421792618629104
0 0.4987922705314009 0.14762741652021089 0.05072463768115931 0.038664323374340975
0 0.17451690821256038 0.4490333919156415 0.022946859903381633 0.03339191564147631
0 0.7089371980676329 0.49209138840070304 0.021739130434782594 0.03514938488576458
0 0.876207729468599 0.49472759226713536 0.022946859903381633 0.03690685413005279
0 0.932367149758454 0.8084358523725834 0.024154589371980673 0.03514938488576458
0 0.161231884057971 0.36028119507908607 0.039855072463768126 0.04920913884007028
0 0.6521739130434783 0.44991212653778556 0.021739130434782594 0.03866432337434095
0 0.16002415458937197 0.7214411247803163 0.035024154589372 0.047451669595782175
0 0.8478260869565217 0.5817223198594024 0.021739130434782594 0.03163444639718793
0 0.8743961352657005 0.26801405975395426 0.021739130434782705 0.03690685413005265
0 0.8218599033816425 0.49384885764499126 0.022946859903381633 0.03514938488576458
0 0.04770531400966184 0.3154657293497364 0.0398550724637681 0.043936731107205695
0 0.7355072463768115 0.49384885764499126 0.024154589371980673 0.03514938488576458
0 0.9009661835748792 0.4068541300527241 0.024154589371980673 0.03690685413005268
0 0.17632850241545894 0.539543057996485 0.024154589371980673 0.03514938488576447
0 0.17391304347826086 0.40773286467486825 0.021739130434782594 0.03866432337434095
0 0.10567632850241546 0.7214411247803163 0.04227053140096619 0.047451669595782175
0 0.17632850241545894 0.4964850615114236 0.02657004830917875 0.04393673110720564
0 0.5 0.29349736379613356 0.050724637681159424 0.04217926186291743
0 0.875 0.35852372583479786 0.022946859903381744 0.03514938488576452
0 0.7071256038647342 0.4007029876977153 0.022946859903381633 0.0316344463971881
0 0.7077294685990339 0.26713532513181015 0.021739130434782594 0.03514938488576444
0 0.7349033816425121 0.7671353251318103 0.025362318840579712 0.03690685413005268
0 0.3285024154589372 0.7231985940246045 0.03864734299516909 0.054481546572935136
0 0.873792270531401 0.4042179261862917 0.022946859903381633 0.038664323374341
0 0.04891304347826088 0.6731107205623901 0.04227053140096618 0.04217926186291732
0 0.5555555555555556 0.22056239015817225 0.03864734299516903 0.040421792618629215
0 0.161231884057971 0.2680140597539543 0.03743961352657005 0.04745166959578212
0 0.8212560386473431 0.5826010544815465 0.021739130434782594 0.033391915641476144
0 0.8218599033816425 0.4024604569420035 0.025362318840579712 0.03514938488576458
0 0.10446859903381642 0.36115992970123023 0.035024154589371984 0.04745166959578195
0 0.8490338164251208 0.5377855887521968 0.019323671497584627 0.03163444639718804
0 0.2741545893719807 0.6775043936731107 0.03623188405797101 0.04393673110720553
0 0.7071256038647342 0.7653778558875219 0.022946859903381633 0.040421792618629215
0 0.10446859903381643 0.6775043936731107 0.03743961352657005 0.04393673110720553
0 0.873792270531401 0.31370826010544817 0.025362318840579712 0.036906854130052735
0 0.3846618357487923 0.7214411247803163 0.039855072463768126 0.047451669595782175
0 0.04891304347826088 0.6247803163444638 0.04227053140096618 0.0509666080843586
0 0.8218599033816425 0.5360281195079086 0.022946859903381633 0.03163444639718804
0 0.8230676328502415 0.44815465729349735 0.022946859903381633 0.03514938488576452
0 0.7349033816425121 0.26801405975395426 0.022946859903381633 0.03690685413005265
0 0.9444444444444444 0.7205623901581721 0.03864734299516903 0.04569420035149396
0 0.7361111111111112 0.3567662565905097 0.022946859903381633 0.03514938488576447
0 0.8882850241545894 0.6300527240773287 0.035024154589372025 0.05096660808435849
0 0.27294685990338163 0.6300527240773287 0.03623188405797101 0.05096660808435849
0 0.21618357487922707 0.6731107205623901 0.03623188405797104 0.04217926186291732
0 0.9444444444444444 0.6775043936731107 0.03623188405797095 0.04393673110720553
0 0.6509661835748792 0.4050966608084358 0.021739130434782705 0.040421792618629215
0 0.14553140096618358 0.4050966608084358 0.025362318840579712 0.040421792618629215
0 0.7355072463768115 0.4490333919156415 0.024154589371980673 0.03339191564147631
0 0.7071256038647342 0.3576449912126538 0.020531400966183555 0.03690685413005268
0 0.9021739130434783 0.3154657293497364 0.021739130434782594 0.04042179261862916
0 0.7783816425120773 0.625659050966608 0.03743961352656999 0.04920913884007039
0 0.10446859903381643 0.31634446397188054 0.03743961352657005 0.04569420035149391
0 0.6769323671497585 0.40597539543058 0.025362318840579712 0.03866432337434089
0 0.21618357487922707 0.7179261862917399 0.03623188405797104 0.05096660808435849
0 0.15881642512077293 0.6291739894551845 0.0398550724637681 0.049209138840070166
0 0.7077294685990339 0.312829525483304 0.024154589371980673 0.03514938488576452
0 0.8882850241545894 0.6775043936731107 0.035024154589372025 0.04393673110720553
0 0.7083333333333333 0.44815465729349735 0.022946859903381633 0.03514938488576452
0 0.5531400966183575 0.26537785588752194 0.036231884057971064 0.04217926186291732
0 0.3846618357487923 0.6783831282952548 0.03743961352657005 0.04569420035149374
0 0.7349033816425121 0.312829525483304 0.022946859903381633 0.03866432337434095
0 0.7771739130434783 0.31634446397188054 0.035024154589371914 0.04217926186291748
0 0.3278985507246377 0.6748681898066783 0.03743961352657005 0.04569420035149374
0 0.2173913043478261 0.31282952548330406 0.036231884057971064 0.04569420035149374
0 0.161231884057971 0.31370826010544817 0.03743961352657005 0.04393673110720553
0 0.10446859903381642 0.2680140597539543 0.03985507246376811 0.04745166959578212
0 0.10446859903381642 0.6265377855887522 0.03985507246376811 0.054481546572935025
0 0.7204106280193237 0.6247803163444638 0.03743961352656999 0.047451669595782175
0 0.21618357487922707 0.36028119507908607 0.038647342995169115 0.04920913884007028
0 0.8327294685990339 0.7205623901581721 0.035024154589372025 0.04569420035149396
0 0.21618357487922707 0.26098418277680147 0.038647342995169115 0.06151142355008793
0 0.2741545893719807 0.26713532513181026 0.03623188405797101 0.049209138840070304
0 0.44263285024154586 0.2671353251318102 0.03502415458937197 0.04217926186291743
0 0.9432367149758454 0.3154657293497364 0.033816425120772986 0.043936731107205695
0 0.6648550724637681 0.6291739894551844 0.03985507246376818 0.05272407732864692
0 0.4414251207729468 0.3110720562390158 0.039855072463768126 0.04920913884007033
0 0.32910628019323673 0.6291739894551844 0.039855072463768126 0.05272407732864692
0 0.0464975845410628 0.2688927943760984 0.04227053140096617 0.04920913884007028
0 0.7759661835748792 0.2688927943760984 0.03985507246376807 0.052724077328646674
0 0.4438405797101449 0.2179261862917399 0.03743961352657005 0.05272407732864676
0 0.8327294685990339 0.6748681898066783 0.035024154589372025 0.04569420035149374
0 0.27294685990338163 0.31458699472759233 0.03623188405797101 0.04569420035149385
0 0.9444444444444444 0.6291739894551845 0.03864734299516903 0.049209138840070166
0 0.7216183574879227 0.7205623901581721 0.03985507246376807 0.04920913884007039
0 0.6654589371980677 0.679261862917399 0.036231884057971064 0.04393673110720553
0 0.16002415458937197 0.6775043936731107 0.03743961352657005 0.04393673110720553
0 0.4975845410628019 0.4446397188049209 0.04589371980676327 0.04920913884007028
0 0.21618357487922707 0.6265377855887522 0.03623188405797104 0.0509666080843586
0 0.3278985507246377 0.36115992970123023 0.039855072463768126 0.0509666080843586
0 0.7783816425120773 0.6748681898066783 0.03743961352656999 0.04569420035149374
0 0.876207729468599 0.4490333919156415 0.02777777777777768 0.04042179261862916
0 0.7192028985507246 0.6722319859402459 0.035024154589372025 0.04745166959578195
0 0.5531400966183575 0.31195079086115995 0.03864734299516903 0.04745166959578201
0 0.3846618357487923 0.31282952548330406 0.03743961352657005 0.04569420035149374
0 0.6666666666666667 0.36028119507908607 0.03864734299516914 0.04920913884007028
0 0.32910628019323673 0.31370826010544817 0.039855072463768126 0.04393673110720553
0 0.6099033816425121 0.31195079086115995 0.036231884057971064 0.04745166959578201
0 0.4981884057971015 0.49297012302284715 0.04227053140096626 0.04745166959578212
0 0.8339371980676329 0.6291739894551845 0.035024154589372025 0.049209138840070166
0 0.6099033816425121 0.36028119507908607 0.036231884057971064 0.04920913884007028
0 0.9450483091787439 0.36028119507908607 0.035024154589371914 0.04920913884007028
0 0.6648550724637681 0.26362038664323373 0.035024154589372025 0.04569420035149374
0 0.38707729468599034 0.6265377855887522 0.03985507246376807 0.054481546572935025
0 0.5543478260869565 0.17223198594024602 0.03623188405797095 0.05623901581722321
0 0.8327294685990339 0.3602811950790861 0.03985507246376818 0.04569420035149374
0 0.6099033816425121 0.26362038664323373 0.036231884057971064 0.04920913884007033
0 0.3303140096618358 0.2662565905096661 0.03502415458937197 0.050966608084358545
0 0.9444444444444444 0.26713532513181026 0.03623188405797095 0.049209138840070304
0 0.6654589371980677 0.3110720562390158 0.036231884057971064 0.04920913884007033
0 0.3870772946859904 0.2644991212653779 0.03743961352657005 0.0509666080843586
0 0.8327294685990339 0.3154657293497364 0.035024154589372025 0.043936731107205695
0 0.8303140096618358 0.26713532513181015 0.03743961352656999 0.05623901581722318
0 0.3846618357487923 0.36028119507908607 0.039855072463768126 0.04920913884007028
0 0.4963768115942029 0.22056239015817225 0.048309178743961345 0.040421792618629215
0 0.4975845410628019 0.18453427065026362 0.050724637681159424 0.03514938488576452
0 0.11775362318840579 0.7653778558875219 0.022946859903381633 0.033391915641476255
0 0.11714975845410629 0.8998242530755711 0.026570048309178723 0.038664323374341
0 0.497584541062802 0.2565905096660809 0.048309178743961456 0.03514938488576452
0 0.27294685990338163 0.36291739894551844 0.03864734299516909 0.054481546572935025
0 0.5120772946859903 0.7627416520210897 0.026570048309178806 0.03514938488576458
0 0.14794685990338163 0.5430579964850615 0.025362318840579712 0.038664323374341
0 0.050120772946859904 0.718804920913884 0.039855072463768126 0.0527240773286467
