0 0.2091199785032917 0.3219814241486068 0.013757893322584999 0.033023735810113544
0 0.19467419051457746 0.28235294117647064 0.013757893322584968 0.036326109391124836
0 0.168534193201666 0.07347781217750257 0.020636839983877484 0.051186790505675955
0 0.04092973263469031 0.1609907120743034 0.022700523982265214 0.047884416924664594
0 0.42443100900174663 0.5729618163054696 0.022012629316135984 0.04623323013415895
0 0.07188499261050652 0.4829721362229102 0.022700523982265214 0.05118679050567596
0 0.2572726051323391 0.3649122807017544 0.013757893322584968 0.033023735810113544
0 0.04092973263469031 0.20309597523219813 0.022700523982265214 0.039628482972136225
0 0.5451565229074298 0.2864809081527348 0.014445787988714251 0.03797729618163055
0 0.48737337095257294 0.28400412796697627 0.01857315598548976 0.042930856553147566
0 0.2558968158000806 0.3244582043343653 0.012382103990326463 0.03467492260061921
0 0.2734381297863765 0.3219814241486068 0.014445787988714218 0.033023735810113544
0 0.26518339379282546 0.24355005159958718 0.022700523982265207 0.03797729618163055
0 0.23250839715168614 0.48379772961816303 0.020636839983877452 0.03962848297213618
0 0.2734381297863765 0.4028895768833849 0.014445787988714218 0.033023735810113544
0 0.20877603117022706 0.20309597523219813 0.013069998656455747 0.033023735810113544
0 0.1939862958484482 0.3228070175438596 0.012382103990326463 0.03137254901960787
0 0.3604568050517264 0.20557275541795664 0.022012629316135984 0.03797729618163055
0 0.19467419051457746 0.20309597523219813 0.012382103990326463 0.036326109391124885
0 0.2734381297863765 0.3624355005159959 0.014445787988714218 0.03467492260061921
0 0.2091199785032917 0.1626418988648091 0.013757893322584999 0.03797729618163055
0 0.19467419051457746 0.1609907120743034 0.013757893322584968 0.03467492260061919
0 0.5444686282413006 0.3244582043343653 0.013069998656455747 0.03137254901960787
0 0.2975144431009002 0.11805985552115586 0.028203681311299248 0.04127966976264194
0 0.45573021631062743 0.20804953560371517 0.021324734650006765 0.0396284829721362
0 0.20877603117022706 0.2815273477812178 0.013069998656455747 0.03137254901960787
0 0.2727502351202472 0.28400412796697627 0.014445787988714218 0.036326109391124885
0 0.5523794169017869 0.1651186790505676 0.020636839983877484 0.042930856553147566
0 0.2978583904339648 0.18328173374613002 0.026139997312911493 0.039628482972136225
0 0.2091199785032917 0.24189886480908152 0.012382103990326496 0.03137254901960787
0 0.4323417976622329 0.651393188854489 0.013069998656455747 0.0379772961816305
0 0.2404191858121725 0.774406604747162 0.013069998656455747 0.033023735810113496
0 0.5520354695687223 0.20557275541795664 0.021324734650006703 0.04127966976264189
0 0.24076313314523715 0.6109391124871001 0.012382103990326496 0.036326109391124926
0 0.039209995969367195 0.48379772961816303 0.024764207980652965 0.04953560371517029
0 0.22562945049039368 0.6109391124871002 0.013757893322584999 0.033023735810113496
0 0.24076313314523715 0.6918472652218782 0.012382103990326496 0.033023735810113496
0 0.07119709794437726 0.5729618163054696 0.02270052398226522 0.04293085655314761
0 0.42374311433561734 0.1609907120743034 0.022012629316135922 0.047884416924664594
0 0.038522101303237945 0.5729618163054696 0.02338841864839446 0.04623323013415895
0 0.2562407631331452 0.28400412796697627 0.013069998656455716 0.0297213622291022
0 0.36183259438398496 0.12053663570691434 0.022012629316135984 0.033023735810113516
0 0.2576165524654037 0.6109391124871002 0.013069998656455747 0.033023735810113496
0 0.16784629853553673 0.16016511867905062 0.022012629316135953 0.04293085655314754
0 0.22562945049039368 0.6893704850361196 0.013757893322584999 0.03137254901960782
0 0.16784629853553673 0.12053663570691434 0.022012629316135953 0.033023735810113516
0 0.5606341528953379 0.2864809081527348 0.013757893322584968 0.03467492260061921
0 0.2727502351202472 0.6092879256965944 0.013069998656455716 0.036326109391124926
0 0.2971704957678355 0.019814241486068113 0.03164315464194538 0.03632610939112487
0 0.5606341528953379 0.3244582043343653 0.012382103990326528 0.03137254901960787
0 0.038522101303237945 0.5283797729618163 0.02338841864839446 0.04623323013415895
0 0.4880612656187021 0.20557275541795667 0.02270052398226527 0.03137254901960785
0 0.2982023377670294 0.05531475748194015 0.029579470643557627 0.0346749226006192
0 0.551347574902593 0.24355005159958718 0.021324734650006703 0.03797729618163055
0 0.2077441891710332 0.3649122807017544 0.016509471987101974 0.033023735810113544
0 0.2249415558242644 0.774406604747162 0.013757893322584999 0.033023735810113496
0 0.4323417976622329 0.6134158926728587 0.013069998656455747 0.03137254901960782
0 0.272062340454118 0.651393188854489 0.014445787988714218 0.03467492260061916
0 0.11178288324600294 0.6538699690402476 0.014445787988714235 0.033023735810113496
0 0.24110708047830176 0.6472652218782249 0.013069998656455747 0.029721362229102155
0 0.45573021631062743 0.24355005159958723 0.0199489453177482 0.04127966976264194
0 0.4175520623404541 0.651393188854489 0.01375789332258503 0.03467492260061916
0 0.5197044202606476 0.16346749226006194 0.01994894531774826 0.042930856553147566
0 0.4168641676743248 0.6109391124871002 0.012382103990326528 0.033023735810113496
0 0.22562945049039368 0.6472652218782249 0.015133682654843501 0.033023735810113496
0 0.11178288324600294 0.6109391124871001 0.014445787988714235 0.036326109391124926
0 0.328813650409781 0.20061919504643963 0.022012629316135922 0.03137254901960782
0 0.07154104527744189 0.5308565531475749 0.020636839983877473 0.04458204334365328
0 0.2978583904339648 0.2485036119711043 0.02889157597742847 0.03137254901960782
0 0.2964826011017063 0.4004127966976264 0.019261050651618917 0.04127966976264189
0 0.5197044202606476 0.12466460268317854 0.021324734650006703 0.03137254901960782
0 0.2971704957678356 0.15108359133126936 0.028891575977428502 0.03137254901960782
0 0.2978583904339648 0.21878224974200208 0.02889157597742847 0.03467492260061914
0 0.5197044202606476 0.239422084623323 0.021324734650006703 0.05283797729618163
0 0.24110708047830176 0.733952528379773 0.014445787988714251 0.03137254901960782
0 0.3043933897621927 0.596078431372549 0.014445787988714313 0.026418988648090815
0 0.5197044202606476 0.20144478844169247 0.01994894531774826 0.033023735810113544
0 0.2971704957678356 0.08668730650154799 0.028891575977428502 0.028070175438596495
0 0.22562945049039368 0.7323013415892673 0.013757893322584999 0.03467492260061916
0 0.3043933897621927 0.6175438596491228 0.013069998656455747 0.023116615067079474
0 0.10490393658471046 0.24602683178534568 0.02270052398226522 0.0462332301341589
0 0.23250839715168614 0.16511867905056762 0.022012629316135953 0.04623323013415893
0 0.32950154507591023 0.11805985552115583 0.023388418648394426 0.04788441692466461
0 0.04058578530162569 0.24602683178534568 0.023388418648394457 0.0462332301341589
0 0.48874916028483134 0.12053663570691434 0.021324734650006765 0.04623323013415893
0 0.2008652425097407 0.530030959752322 0.020636839983877452 0.04293085655314761
0 0.1042160419185812 0.1609907120743034 0.02270052398226522 0.047884416924664594
0 0.13654709122665593 0.16264189886480906 0.02270052398226522 0.04458204334365325
0 0.26380760446056695 0.16264189886480912 0.022700523982265238 0.04788441692466455
0 0.07257288727663577 0.24602683178534568 0.022700523982265214 0.0462332301341589
0 0.26518339379282546 0.4829721362229102 0.022700523982265207 0.044582043343653184
0 0.2008652425097407 0.4854489164086688 0.020636839983877452 0.04953560371517029
0 0.2331962918178154 0.24355005159958723 0.020636839983877452 0.04127966976264194
0 0.20155313717586992 0.5729618163054696 0.020636839983877484 0.04293085655314761
0 0.13654709122665593 0.12053663570691434 0.021324734650006734 0.04623323013415893
0 0.4564181109767566 0.570485036119711 0.022700523982265207 0.044582043343653184
0 0.3927878543598011 0.20392156862745098 0.020636839983877484 0.04458204334365323
0 0.2975144431009002 0.3178534571723426 0.024076313314523708 0.04458204334365328
0 0.42374311433561734 0.48544891640866866 0.020636839983877484 0.04623323013415886
0 0.42443100900174663 0.5283797729618163 0.020636839983877418 0.04293085655314761
0 0.26380760446056695 0.5283797729618163 0.021324734650006734 0.03962848297213627
0 0.42374311433561734 0.20557275541795664 0.022012629316135922 0.04127966976264189
0 0.07257288727663577 0.20557275541795664 0.022700523982265214 0.04127966976264189
0 0.32915759774284564 0.23859649122807017 0.02270052398226514 0.04458204334365328
0 0.42305521966948806 0.24850361197110424 0.023388418648394426 0.04788441692466462
0 0.36183259438398496 0.07595459236326109 0.022012629316135984 0.05283797729618163
0 0.168534193201666 0.20309597523219813 0.020636839983877484 0.039628482972136225
0 0.4564181109767566 0.48544891640866866 0.022700523982265207 0.04623323013415886
0 0.5197044202606477 0.07760577915376678 0.022700523982265207 0.05283797729618163
0 0.4564181109767566 0.5308565531475749 0.022700523982265207 0.041279669762641844
0 0.07257288727663577 0.1609907120743034 0.02132473465000671 0.047884416924664594
0 0.10352814725245196 0.20309597523219813 0.02270052398226522 0.039628482972136225
0 0.16784629853553673 0.24355005159958723 0.022012629316135953 0.04127966976264194
0 0.32915759774284564 0.28400412796697627 0.021324734650006703 0.03962848297213618
0 0.2331962918178154 0.5713106295149639 0.022012629316135953 0.04293085655314752
0 0.32950154507591023 0.1651186790505676 0.020636839983877484 0.042930856553147566
0 0.3604568050517264 0.24355005159958723 0.022012629316135984 0.04127966976264194
0 0.26380760446056695 0.5688338493292054 0.022700523982265238 0.044582043343653184
0 0.3604568050517264 0.16016511867905062 0.022012629316135984 0.04293085655314754
0 0.45573021631062743 0.16264189886480912 0.022700523982265207 0.04788441692466455
0 0.2968265484347709 0.3599587203302374 0.024076313314523708 0.039628482972136225
0 0.26449549912669623 0.20557275541795664 0.021324734650006734 0.04127966976264189
0 0.4880612656187021 0.1651186790505676 0.01994894531774826 0.042930856553147566
0 0.10490393658471046 0.48379772961816303 0.021324734650006717 0.04623323013415886
0 0.2331962918178154 0.20557275541795667 0.020636839983877452 0.03467492260061919
0 0.1038720945855166 0.5713106295149639 0.02338841864839447 0.04293085655314752
0 0.39141206502754267 0.24602683178534568 0.022012629316135984 0.039628482972136225
0 0.3927878543598011 0.16099071207430343 0.023388418648394426 0.04458204334365321
0 0.2318205024855569 0.5283797729618163 0.01926105065161898 0.04293085655314761
0 0.19467419051457746 0.24189886480908152 0.013757893322584968 0.03137254901960787
0 0.48737337095257294 0.24107327141382867 0.021324734650006765 0.039628482972136225
0 0.10352814725245196 0.5283797729618163 0.02270052398226522 0.04293085655314761
