0 0.816667 0.224959 0.031111 0.039409
0 0.498333 0.488506 0.043333 0.031199
0 0.409444 0.449918 0.021111 0.036125
0 0.436667 0.912151 0.024444 0.034483
0 0.397222 0.534483 0.030000 0.041051
0 0.136667 0.193760 0.033333 0.045977
0 0.855556 0.222496 0.042222 0.041051
0 0.189444 0.869458 0.036667 0.044335
0 0.436667 0.865353 0.022222 0.036125
0 0.460556 0.141215 0.021111 0.036125
0 0.409444 0.364532 0.021111 0.036125
0 0.137222 0.535304 0.032222 0.039409
0 0.500556 0.336617 0.043333 0.032841
0 0.563333 0.908867 0.026667 0.037767
0 0.292778 0.701970 0.034444 0.044335
0 0.436111 0.779146 0.023333 0.031199
0 0.190556 0.912972 0.034444 0.042693
0 0.189444 0.702791 0.036667 0.036125
0 0.435556 0.533662 0.022222 0.032841
0 0.913333 0.865353 0.033333 0.039409
0 0.139444 0.868637 0.038889 0.045977
0 0.436667 0.700328 0.022222 0.034483
0 0.859444 0.908046 0.036667 0.045977
0 0.435556 0.573892 0.022222 0.037767
0 0.538333 0.448276 0.021111 0.036125
0 0.913333 0.908046 0.033333 0.045977
0 0.807222 0.615764 0.032222 0.039409
0 0.138333 0.701149 0.036667 0.039409
0 0.911667 0.740558 0.034444 0.039409
0 0.435556 0.659278 0.022222 0.034483
0 0.501667 0.368637 0.043333 0.034483
0 0.435556 0.616585 0.022222 0.037767
0 0.138333 0.914614 0.038889 0.045977
0 0.085000 0.240558 0.038889 0.044335
0 0.911667 0.822660 0.036667 0.042693
0 0.911667 0.779967 0.036667 0.042693
0 0.910556 0.362890 0.034444 0.045977
0 0.138889 0.828407 0.037778 0.041051
0 0.499444 0.270115 0.043333 0.031199
0 0.437778 0.821839 0.022222 0.037767
0 0.408889 0.491790 0.022222 0.034483
0 0.601667 0.362069 0.034444 0.044335
0 0.188333 0.619048 0.034444 0.039409
0 0.810000 0.532841 0.040000 0.041051
0 0.498333 0.201149 0.045556 0.027915
0 0.436667 0.739737 0.024444 0.034483
0 0.382778 0.142857 0.025556 0.036125
0 0.564444 0.866174 0.026667 0.037767
0 0.910556 0.531199 0.032222 0.037767
0 0.189444 0.493432 0.036667 0.044335
0 0.512778 0.726601 0.023333 0.021346
0 0.513333 0.747126 0.024444 0.022989
0 0.808333 0.449918 0.036667 0.032841
0 0.498333 0.132184 0.045556 0.034483
0 0.498333 0.166667 0.043333 0.041051
0 0.499444 0.235632 0.043333 0.041051
0 0.703333 0.406404 0.033333 0.044335
0 0.291667 0.322660 0.036667 0.044335
0 0.187778 0.239737 0.037778 0.042693
0 0.550556 0.362890 0.034444 0.042693
0 0.857222 0.275041 0.034444 0.044335
0 0.756667 0.403120 0.035556 0.041051
0 0.239444 0.145320 0.038889 0.050903
0 0.550556 0.320197 0.032222 0.042693
0 0.859444 0.614122 0.032222 0.042693
0 0.601111 0.189655 0.033333 0.044335
0 0.702222 0.276683 0.037778 0.047619
0 0.807222 0.275041 0.036667 0.047619
0 0.858333 0.447455 0.032222 0.041051
0 0.651111 0.319376 0.033333 0.041051
0 0.858333 0.406404 0.034444 0.044335
0 0.601667 0.141215 0.034444 0.052545
0 0.550556 0.234811 0.034444 0.045977
0 0.857222 0.321018 0.034444 0.044335
0 0.858333 0.490148 0.032222 0.044335
0 0.653333 0.407225 0.033333 0.042693
0 0.342778 0.238916 0.034444 0.044335
0 0.342222 0.193760 0.033333 0.042693
0 0.651111 0.362890 0.033333 0.045977
0 0.549444 0.189655 0.036667 0.044335
0 0.601667 0.408046 0.036667 0.044335
0 0.291667 0.238095 0.036667 0.045977
0 0.187778 0.195402 0.037778 0.042693
0 0.550556 0.278325 0.034444 0.041051
0 0.188889 0.409688 0.037778 0.044335
0 0.291667 0.145320 0.034444 0.054187
0 0.085556 0.408867 0.037778 0.042693
0 0.858333 0.363711 0.032222 0.041051
0 0.807222 0.655993 0.032222 0.041051
0 0.806111 0.361248 0.032222 0.042693
0 0.498333 0.444171 0.043333 0.047619
0 0.755556 0.273399 0.033333 0.047619
0 0.807778 0.319376 0.033333 0.041051
0 0.240556 0.240558 0.036667 0.050903
0 0.703333 0.320197 0.033333 0.039409
0 0.396667 0.617406 0.033333 0.042693
0 0.293333 0.620690 0.033333 0.045977
0 0.858333 0.532841 0.032222 0.041051
0 0.188889 0.365353 0.037778 0.044335
0 0.859444 0.740558 0.032222 0.042693
0 0.291111 0.282430 0.033333 0.039409
0 0.341111 0.148604 0.033333 0.044335
0 0.600000 0.320197 0.031111 0.039409
0 0.910556 0.489327 0.034444 0.042693
0 0.085556 0.454023 0.037778 0.044335
0 0.601667 0.277504 0.034444 0.042693
0 0.292222 0.574713 0.033333 0.042693
0 0.290556 0.192118 0.036667 0.039409
0 0.240556 0.194581 0.038889 0.044335
0 0.407222 0.321839 0.023333 0.036125
0 0.293333 0.662562 0.033333 0.037767
0 0.137778 0.493432 0.035556 0.044335
0 0.859444 0.783251 0.036667 0.042693
0 0.601667 0.233990 0.032222 0.041051
0 0.757222 0.824302 0.034444 0.042693
0 0.189444 0.577997 0.038889 0.045977
0 0.909444 0.273399 0.036667 0.047619
0 0.563333 0.822660 0.026667 0.042693
0 0.291667 0.408867 0.036667 0.042693
0 0.292778 0.453202 0.034444 0.045977
0 0.292778 0.366995 0.036667 0.041051
0 0.754444 0.321839 0.033333 0.045977
0 0.137778 0.323481 0.035556 0.042693
0 0.703333 0.362069 0.033333 0.044335
0 0.188333 0.743842 0.036667 0.045977
0 0.911667 0.615764 0.034444 0.042693
0 0.807222 0.698686 0.032222 0.044335
0 0.435556 0.320197 0.022222 0.039409
0 0.910556 0.447455 0.032222 0.037767
0 0.808333 0.824302 0.036667 0.042693
0 0.136667 0.240558 0.035556 0.044335
0 0.188333 0.535304 0.036667 0.039409
0 0.910556 0.407225 0.034444 0.042693
0 0.859444 0.572250 0.030000 0.037767
0 0.397222 0.574713 0.030000 0.039409
0 0.187222 0.280788 0.034444 0.039409
0 0.500556 0.303777 0.043333 0.039409
0 0.706667 0.865353 0.035556 0.042693
0 0.187222 0.323481 0.036667 0.042693
0 0.808333 0.781609 0.038889 0.045977
0 0.085556 0.366995 0.037778 0.041051
0 0.436667 0.405583 0.022222 0.036125
0 0.137222 0.449918 0.036667 0.039409
0 0.860556 0.863711 0.036667 0.042693
0 0.084444 0.193760 0.037778 0.049261
0 0.808333 0.739737 0.034444 0.037767
0 0.705556 0.822660 0.033333 0.045977
0 0.188333 0.451560 0.036667 0.039409
0 0.382222 0.192118 0.024444 0.036125
0 0.408889 0.408046 0.022222 0.034483
0 0.433333 0.190476 0.020000 0.036125
0 0.085556 0.325944 0.037778 0.041051
0 0.809444 0.866995 0.038889 0.042693
0 0.911667 0.573071 0.034444 0.045977
0 0.538333 0.533662 0.021111 0.036125
0 0.435556 0.278325 0.022222 0.037767
0 0.757778 0.783251 0.033333 0.039409
0 0.461667 0.192118 0.021111 0.036125
0 0.860556 0.825123 0.034444 0.037767
0 0.809444 0.490148 0.038889 0.044335
0 0.291667 0.493432 0.036667 0.034483
0 0.757222 0.909688 0.034444 0.049261
0 0.137222 0.574713 0.034444 0.042693
0 0.757222 0.865353 0.034444 0.039409
0 0.137778 0.409688 0.037778 0.041051
0 0.291111 0.532841 0.031111 0.044335
0 0.539444 0.573071 0.021111 0.032841
0 0.137778 0.619048 0.035556 0.045977
0 0.859444 0.699507 0.032222 0.039409
0 0.435556 0.493432 0.022222 0.034483
0 0.755556 0.362890 0.033333 0.039409
0 0.435556 0.448276 0.022222 0.039409
0 0.434444 0.236453 0.022222 0.032841
0 0.538333 0.490148 0.021111 0.037767
0 0.563333 0.782430 0.024444 0.034483
0 0.382222 0.236453 0.022222 0.032841
0 0.085556 0.282430 0.037778 0.045977
0 0.911667 0.659278 0.034444 0.041051
0 0.137222 0.663383 0.036667 0.042693
0 0.137778 0.742200 0.035556 0.042693
0 0.705556 0.781609 0.033333 0.039409
0 0.137222 0.366995 0.036667 0.047619
0 0.136111 0.280788 0.032222 0.039409
0 0.908333 0.320197 0.032222 0.039409
0 0.189444 0.825944 0.036667 0.042693
0 0.911111 0.698686 0.033333 0.041051
0 0.138333 0.784893 0.036667 0.042693
0 0.188333 0.786535 0.036667 0.039409
0 0.435000 0.362890 0.021111 0.036125
0 0.433333 0.142036 0.022222 0.037767
0 0.807222 0.573071 0.034444 0.042693
0 0.706667 0.908867 0.035556 0.044335
0 0.187222 0.662562 0.036667 0.047619
0 0.406111 0.280788 0.023333 0.032841
0 0.809444 0.909688 0.038889 0.042693
0 0.550556 0.143678 0.036667 0.047619
0 0.651667 0.276683 0.032222 0.041051
0 0.859444 0.659278 0.032222 0.044335
0 0.187222 0.146962 0.036667 0.050903
0 0.807778 0.407225 0.035556 0.045977
0 0.550556 0.405583 0.034444 0.042693
