0 0.3219800914716169 0.4157957282614065 0.01859564164648911 0.03421574865836265
0 0.3212913640032284 0.19116190011302586 0.021350551520043014 0.04016631364242566
0 0.3212913640032284 0.22909675188642786 0.021350551520043014 0.0386786723964099
0 0.1935324186171644 0.22835293126342002 0.020661824051654586 0.04016631364242566
0 0.35262846381490454 0.26331250054479055 0.020661824051654586 0.03867867239640995
0 0.1928436911487759 0.15099558647060018 0.020661824051654554 0.04016631364242566
0 0.41599139090664516 0.18818661762099434 0.020661824051654586 0.04016631364242566
0 0.1928436911487759 0.18818661762099434 0.0192843691148776 0.037191031150394134
0 0.1935324186171644 0.10934163158215876 0.02203927898843151 0.0431415961344572
0 0.25655098197471077 0.14950794522458444 0.021350551520043046 0.04016631364242566
0 0.32094700026903417 0.380836158980036 0.020661824051654523 0.03570338990437837
0 0.22555824589722892 0.22909675188642786 0.019973096583266063 0.0386786723964099
0 0.32163572773742266 0.3414136659606182 0.020661824051654586 0.04016631364242566
0 0.19422114608555288 0.3793485177340202 0.020661824051654554 0.0386786723964099
0 0.44801721818670975 0.1889304382440022 0.021350551520043014 0.04165395488844143
0 0.25655098197471077 0.22686529001740421 0.021350551520043046 0.0431415961344572
0 0.25723970944309926 0.30422263481022405 0.02272800645682 0.04314159613445715
0 0.35262846381490454 0.304222634810224 0.02203927898843151 0.04016631364242566
0 0.448361581920904 0.107853990336143 0.02203927898843151 0.0431415961344572
0 0.2982189938122142 0.6352228120487319 0.01377454936776966 0.026777542428283778
0 0.28995426419155235 0.28042037487397176 0.027549098735539415 0.028265183674299543
0 0.2892655367231639 0.41728336950742223 0.026171643798762495 0.03124046616633112
0 0.5134463276836159 0.602494704636385 0.021350551520043014 0.03570338990437837
0 0.16185095507129407 0.6017508840133771 0.020661824051654523 0.04016631364242562
0 0.5131019639494215 0.7542341117299931 0.02203927898843151 0.03570338990437837
0 0.0330589184826473 0.7981195284874582 0.023416733925208502 0.03719103115039418
0 0.2896099004573581 0.15768997207767113 0.02823782620392791 0.026777542428283778
0 0.22521388216303473 0.45298675941180055 0.02203927898843154 0.04016631364242562
0 0.0330589184826473 0.7594408560910483 0.023416733925208502 0.04314159613445724
0 0.2896099004573581 0.12793714715735582 0.026860371267150924 0.02975282492031533
0 0.29064299165994084 0.30719791730225554 0.02892655367231634 0.034215748658362605
0 0.03340328221684154 0.14876412460157654 0.019973096583266077 0.04165395488844141
0 0.5134463276836159 0.717043080579599 0.019973096583266094 0.029752824920315307
0 0.2899542641915524 0.21868326316431752 0.02479418886198554 0.029752824920315307
0 0.5127576002152273 0.3012473523181925 0.019973096583266094 0.037191031150394085
0 0.5131019639494215 0.6426610182788106 0.017906914178100617 0.03570338990437837
0 0.03202582728006457 0.6798520494292049 0.021350551520043046 0.03570338990437837
0 0.5120688727468389 0.26554396241381417 0.022728006456820063 0.04016631364242571
0 0.3856873822975518 0.7542341117299931 0.020661824051654586 0.0386786723964099
0 0.032714554748453056 0.7192745424486227 0.022728006456820018 0.04016631364242571
0 0.5134463276836159 0.45298675941180055 0.021350551520043014 0.037191031150394085
0 0.3856873822975518 0.6062138077514244 0.020661824051654586 0.037191031150394085
0 0.38499865482916334 0.7958880666184346 0.0192843691148776 0.0386786723964099
0 0.12982512779122948 0.4157957282614065 0.019973096583266077 0.037191031150394134
0 0.543405972558515 0.14876412460157654 0.020661824051654586 0.04165395488844141
0 0.5447834274952918 0.3763732352419887 0.020661824051654523 0.03570338990437837
0 0.19422114608555288 0.5660474941089987 0.017906914178100617 0.03719103115039427
0 0.06439601829432337 0.5296002835816125 0.02135055152004304 0.035703389904378276
0 0.5444390637610977 0.3384383834685867 0.02272800645682 0.04016631364242566
0 0.28926553672316385 0.09595286036801685 0.0289265536723164 0.03719103115039411
0 0.41599139090664516 0.3019911729412004 0.0192843691148776 0.032728107412346795
0 0.5437503362927091 0.18818661762099434 0.02272800645682 0.04016631364242566
0 0.38534301856335756 0.7185307218256147 0.019973096583266094 0.035703389904378276
0 0.3856873822975518 0.641173377032795 0.020661824051654586 0.035703389904378276
0 0.3863761097659403 0.6791082288061969 0.020661824051654523 0.04016631364242571
0 0.16116222760290555 0.14802030397856866 0.020661824051654554 0.037191031150394134
0 0.03340328221684154 0.22612146939439634 0.019973096583266077 0.03570338990437837
0 0.38499865482916334 0.26554396241381417 0.020661824051654586 0.04016631364242571
0 0.5137906914178101 0.7951442459954267 0.02203927898843151 0.04314159613445724
0 0.5437503362927091 0.22686529001740421 0.02272800645682 0.04016631364242566
0 0.5444390637610977 0.3012473523181925 0.02272800645682 0.037191031150394085
0 0.03340328221684154 0.18818661762099434 0.019973096583266077 0.037191031150394134
0 0.16185095507129404 0.45447440065781636 0.02203927898843154 0.04314159613445715
0 0.0330589184826473 0.5273688217125889 0.02066182405165456 0.034215748658362556
0 0.06439601829432338 0.494640714300242 0.022728006456820018 0.03719103115039418
0 0.06439601829432338 0.5667913147320067 0.022728006456820018 0.03570338990437837
0 0.38465429109496907 0.2253776487713885 0.01859564164648911 0.0431415961344572
0 0.5127576002152273 0.3763732352419887 0.02135055152004308 0.03570338990437837
0 0.5437503362927091 0.26331250054479055 0.02272800645682 0.03867867239640995
0 0.16185095507129404 0.5675351353550145 0.01928436911487757 0.03421574865836265
0 0.5120688727468389 0.33992602471460237 0.022728006456820063 0.04016631364242566
0 0.19422114608555288 0.5288564629586047 0.0192843691148776 0.037191031150393995
0 0.032714554748453056 0.6062138077514244 0.022728006456820018 0.04016631364242571
0 0.032714554748453056 0.6441486595248265 0.021350551520043042 0.03570338990437837
0 0.481076136669357 0.4135642663923828 0.01859564164648911 0.03570338990437837
0 0.06508474576271187 0.14950794522458444 0.022728006456820007 0.04314159613445717
0 0.4807317729351627 0.49017779056219474 0.0192843691148776 0.03421574865836265
0 0.09745493677697069 0.15099558647060018 0.021350551520043046 0.037191031150394134
0 0.41599139090664516 0.3763732352419887 0.0192843691148776 0.03570338990437837
0 0.0967662093085822 0.26480014179080624 0.019973096583266063 0.03272810741234684
0 0.5120688727468389 0.22835293126342002 0.02135055152004308 0.04016631364242566
0 0.3856873822975518 0.4172833695074222 0.017906914178100617 0.034215748658362605
0 0.5124132364810331 0.6805958700522128 0.020661824051654586 0.04016631364242581
0 0.0330589184826473 0.3406698453376103 0.02066182405165456 0.03272810741234684
0 0.0330589184826473 0.4165395488844143 0.019284369114877593 0.03570338990437837
0 0.5113801452784503 0.14950794522458444 0.019973096583266094 0.04016631364242566
0 0.16116222760290555 0.4157957282614065 0.020661824051654554 0.037191031150394134
0 0.38499865482916334 0.4514991181657848 0.0192843691148776 0.037191031150394085
0 0.5447834274952918 0.4172833695074222 0.02203927898843151 0.04016631364242566
0 0.09745493677697069 0.107853990336143 0.021350551520043046 0.0431415961344572
0 0.543405972558515 0.10562252846711935 0.020661824051654586 0.04462923738047299
0 0.06508474576271187 0.4574496831498479 0.022728006456820007 0.04314159613445715
0 0.38499865482916334 0.1889304382440022 0.017906914178100617 0.03272810741234684
0 0.5124132364810331 0.4143080870153907 0.020661824051654586 0.03719103115039418
0 0.03340328221684154 0.10487870784411148 0.02272800645682001 0.04314159613445722
0 0.35262846381490454 0.3414136659606182 0.0192843691148776 0.037191031150394134
0 0.03340328221684154 0.26554396241381417 0.02272800645682001 0.04016631364242571
0 0.22486951842884045 0.3384383834685867 0.021350551520043046 0.034215748658362605
0 0.032714554748453056 0.49166543180821054 0.021350551520043042 0.03719103115039418
0 0.16116222760290555 0.6448924801478343 0.020661824051654554 0.04016631364242562
0 0.12810330912025827 0.22760911064041212 0.020661824051654572 0.03570338990437837
0 0.0330589184826473 0.3034788141872162 0.02066182405165456 0.0386786723964099
0 0.06646220069948883 0.10636634909012725 0.022728006456820025 0.04314159613445722
0 0.0967662093085822 0.1889304382440022 0.01859564164648911 0.0386786723964099
0 0.47969868173258 0.266287783036822 0.019973096583266094 0.03570338990437837
0 0.5113801452784503 0.1889304382440022 0.022728006456820063 0.0386786723964099
0 0.481076136669357 0.4514991181657848 0.019973096583266094 0.04016631364242562
0 0.481076136669357 0.5667913147320066 0.019973096583266094 0.03867867239640999
0 0.3219800914716169 0.26628778303682205 0.01859564164648911 0.032728107412346885
0 0.5113801452784503 0.10859781095915087 0.022728006456820063 0.04462923738047296
0 0.4800430454667743 0.3793485177340202 0.0192843691148776 0.0386786723964099
0 0.3843099273607748 0.10859781095915087 0.0192843691148776 0.04462923738047296
0 0.2909873553941351 0.24769226746162493 0.025482916330373973 0.037191031150394134
0 0.16185095507129404 0.4924092524312184 0.01928436911487757 0.03570338990437837
0 0.4159913909066451 0.107853990336143 0.02203927898843151 0.0431415961344572
0 0.06439601829432338 0.266287783036822 0.019973096583266077 0.03570338990437837
0 0.032714554748453056 0.45447440065781636 0.022728006456820018 0.04016631364242571
0 0.481076136669357 0.5266250010895809 0.019973096583266094 0.04165395488844134
0 0.032714554748453056 0.5667913147320066 0.022728006456820018 0.03867867239640999
0 0.28995426419155235 0.1889304382440022 0.0289265536723164 0.03570338990437837
0 0.06439601829432338 0.6062138077514244 0.022728006456820018 0.04314159613445715
0 0.06508474576271187 0.1896742588670101 0.022728006456820007 0.04016631364242566
0 0.06439601829432337 0.41728336950742223 0.02135055152004304 0.03719103115039418
0 0.16116222760290555 0.10859781095915087 0.020661824051654554 0.04165395488844143
0 0.3856873822975518 0.5303441042046203 0.020661824051654586 0.04016631364242562
0 0.06508474576271187 0.34215748658362605 0.022728006456820007 0.0386786723964099
0 0.06508474576271187 0.22909675188642786 0.01997309658326607 0.0386786723964099
0 0.5127576002152273 0.5667913147320067 0.02135055152004308 0.03570338990437837
0 0.0330589184826473 0.3786046971110123 0.02066182405165456 0.04016631364242566
0 0.44801721818670975 0.22612146939439634 0.018595641646489046 0.03272810741234684
0 0.5124132364810331 0.4909216111852026 0.020661824051654586 0.03570338990437837
0 0.19318805488297017 0.6054699871284166 0.021350551520043046 0.04165395488844143
0 0.2902986279257466 0.374141773372965 0.026860371267150924 0.04016631364242566
0 0.38499865482916334 0.14950794522458444 0.020661824051654586 0.04314159613445717
0 0.12948076405703526 0.3793485177340202 0.023416733925208526 0.03570338990437837
0 0.16185095507129407 0.3793485177340202 0.020661824051654523 0.0386786723964099
0 0.44905030938929247 0.3027349935642083 0.0192843691148776 0.037191031150394134
0 0.22521388216303473 0.3763732352419887 0.02203927898843154 0.0386786723964099
0 0.16185095507129407 0.5303441042046203 0.020661824051654523 0.04016631364242562
0 0.5127576002152273 0.5288564629586047 0.02135055152004308 0.04016631364242571
0 0.3856873822975518 0.5690227766010304 0.02203927898843151 0.04016631364242571
0 0.1611622276029056 0.34215748658362605 0.01928436911487757 0.03570338990437837
0 0.25655098197471077 0.26480014179080624 0.021350551520043046 0.03272810741234684
0 0.06439601829432337 0.380836158980036 0.02135055152004304 0.03570338990437837
0 0.47969868173258 0.3012473523181925 0.019973096583266094 0.04016631364242566
0 0.32163572773742266 0.107853990336143 0.020661824051654586 0.0431415961344572
0 0.22486951842884045 0.4924092524312184 0.02272800645682003 0.0386786723964099
0 0.12879203658864677 0.45298675941180055 0.02203927898843154 0.04016631364242562
0 0.25723970944309926 0.107853990336143 0.02272800645682 0.0431415961344572
0 0.4166801183750336 0.4143080870153906 0.02203927898843151 0.04016631364242566
0 0.22555824589722892 0.10859781095915087 0.019973096583266063 0.04462923738047296
0 0.3856873822975518 0.48943396993918675 0.020661824051654586 0.0386786723964099
0 0.19318805488297014 0.266287783036822 0.019973096583266094 0.03570338990437837
0 0.32094700026903417 0.49166543180821043 0.02203927898843151 0.04016631364242571
0 0.19422114608555288 0.4143080870153907 0.020661824051654554 0.03719103115039418
0 0.3219800914716169 0.4514991181657848 0.019973096583266094 0.04016631364242562
0 0.3533171912832929 0.22686529001740421 0.0192843691148776 0.037191031150394134
0 0.4487059456550982 0.3414136659606182 0.02272800645682 0.04016631364242566
0 0.12810330912025827 0.19116190011302586 0.019284369114877586 0.037191031150394134
0 0.4166801183750336 0.3384383834685867 0.020661824051654523 0.04016631364242566
0 0.1921549636803874 0.4924092524312184 0.020661824051654554 0.0386786723964099
0 0.41599139090664516 0.15099558647060018 0.020661824051654586 0.037191031150394134
0 0.3533171912832929 0.3793485177340202 0.0192843691148776 0.0386786723964099
0 0.47969868173258 0.3414136659606182 0.019973096583266094 0.037191031150394134
0 0.448361581920904 0.15099558647060018 0.020661824051654523 0.037191031150394134
0 0.3843099273607748 0.30199117294120037 0.0192843691148776 0.03570338990437837
0 0.22486951842884045 0.4135642663923828 0.021350551520043046 0.03570338990437837
0 0.12879203658864677 0.3429013072066339 0.02203927898843154 0.04016631364242566
0 0.19318805488297014 0.3414136659606182 0.019973096583266094 0.037191031150394134
0 0.19318805488297017 0.304222634810224 0.021350551520043046 0.04016631364242566
0 0.41599139090664516 0.22909675188642786 0.020661824051654586 0.0386786723964099
0 0.22521388216303473 0.18818661762099434 0.020661824051654554 0.04016631364242566
0 0.12913640032284102 0.10859781095915087 0.021350551520043046 0.04462923738047296
0 0.4803874092009685 0.2253776487713885 0.019973096583266094 0.0431415961344572
0 0.12913640032284102 0.1502517658475923 0.021350551520043046 0.04165395488844143
0 0.32163572773742266 0.3012473523181925 0.020661824051654586 0.04016631364242566
0 0.4166801183750336 0.2670316036598299 0.020661824051654523 0.03719103115039418
0 0.06508474576271187 0.3027349935642083 0.022728006456820007 0.04016631364242562
0 0.16047350013451708 0.22909675188642786 0.020661824051654586 0.03570338990437837
0 0.4487059456550982 0.2633125005447905 0.019973096583266032 0.04165395488844143
0 0.12879203658864677 0.4909216111852026 0.02203927898843154 0.03570338990437837
0 0.25655098197471077 0.1889304382440022 0.019973096583266063 0.03570338990437837
0 0.38499865482916334 0.3786046971110123 0.0192843691148776 0.037191031150394134
0 0.12913640032284102 0.26405632116779837 0.021350551520043046 0.03719103115039418
0 0.3212913640032284 0.14950794522458444 0.021350551520043014 0.04016631364242566
0 0.22521388216303473 0.2670316036598299 0.020661824051654554 0.03719103115039418
0 0.16185095507129407 0.30422263481022405 0.020661824051654523 0.037191031150394085
0 0.16116222760290555 0.26405632116779837 0.020661824051654554 0.03719103115039418
0 0.1935324186171644 0.4514991181657848 0.02203927898843151 0.04016631364242562
0 0.22555824589722892 0.1502517658475923 0.019973096583266063 0.0386786723964099
0 0.22486951842884045 0.30422263481022405 0.019973096583266063 0.037191031150394085
0 0.0960774818401937 0.22835293126342002 0.019973096583266077 0.04016631364242566
0 0.16116222760290555 0.1896742588670101 0.020661824051654554 0.0431415961344572
0 0.38499865482916334 0.3414136659606182 0.0192843691148776 0.04016631364242566
0 0.12913640032284102 0.304222634810224 0.021350551520043046 0.04016631364242566
