0 0.902208 0.289183 0.038783 0.048139
0 0.295397 0.563462 0.036321 0.042992
0 0.744390 0.263695 0.032914 0.040993
0 0.807244 0.461482 0.036321 0.042992
0 0.290697 0.480962 0.037347 0.041478
0 0.288562 0.438456 0.037511 0.044748
0 0.602969 0.487100 0.039809 0.046625
0 0.291559 0.520320 0.033243 0.047533
0 0.605966 0.568965 0.037593 0.046383
0 0.788793 0.127335 0.035623 0.051045
0 0.844752 0.209985 0.038783 0.048139
0 0.225892 0.233251 0.033407 0.050803
0 0.694486 0.312712 0.035377 0.046140
0 0.499281 0.452407 0.043462 0.053528
0 0.298906 0.644448 0.030862 0.044021
0 0.797926 0.298117 0.038537 0.043234
0 0.843602 0.164905 0.032217 0.049047
0 0.674669 0.849948 0.032914 0.040993
0 0.741187 0.177744 0.037100 0.036573
0 0.492303 0.313444 0.042969 0.043718
0 0.494992 0.378082 0.046047 0.039177
0 0.487829 0.246536 0.043133 0.046988
0 0.736003 0.839955 0.022613 0.033364
0 0.483375 0.146748 0.043913 0.040570
0 0.493986 0.346959 0.044939 0.039056
0 0.489594 0.281685 0.042559 0.035544
0 0.524811 0.738932 0.024912 0.035241
0 0.486105 0.212204 0.044528 0.030882
0 0.485612 0.180203 0.043051 0.045353
0 0.769860 0.715432 0.038701 0.046504
0 0.849534 0.294120 0.039809 0.046625
0 0.644540 0.316528 0.039645 0.043355
0 0.648727 0.399906 0.035377 0.046140
0 0.851032 0.335052 0.036485 0.046261
0 0.802585 0.379800 0.033161 0.045898
0 0.700807 0.394213 0.035377 0.046140
0 0.232973 0.363162 0.038701 0.046504
0 0.286551 0.398401 0.037429 0.043113
0 0.799897 0.337354 0.034104 0.042749
0 0.228745 0.278967 0.038783 0.048139
0 0.596381 0.366998 0.036239 0.041357
0 0.676927 0.894906 0.037757 0.049652
0 0.661124 0.646771 0.037593 0.046383
0 0.603995 0.529728 0.035213 0.042871
0 0.721844 0.802051 0.038783 0.048139
0 0.669497 0.769143 0.039809 0.046625
0 0.593692 0.324552 0.037839 0.051287
0 0.236133 0.403913 0.040917 0.046746
0 0.297367 0.602699 0.036321 0.042992
0 0.853044 0.375106 0.036239 0.041357
0 0.729314 0.884248 0.039194 0.056313
0 0.900033 0.245860 0.038701 0.046504
0 0.737699 0.130454 0.040302 0.056434
0 0.653037 0.441353 0.032914 0.040993
0 0.794375 0.216313 0.035377 0.046140
0 0.772076 0.759574 0.038701 0.046504
0 0.749726 0.347770 0.035213 0.042871
0 0.863552 0.539985 0.038947 0.051408
0 0.795320 0.257306 0.035213 0.042871
0 0.897734 0.200083 0.036485 0.046261
0 0.697564 0.351828 0.035377 0.046140
0 0.704829 0.474322 0.035377 0.046140
0 0.692392 0.226640 0.035459 0.047775
0 0.590326 0.279715 0.030944 0.045656
0 0.667445 0.728272 0.035213 0.042871
0 0.858298 0.457545 0.038701 0.046504
0 0.856163 0.415039 0.034269 0.046019
0 0.598864 0.405357 0.035377 0.046140
0 0.861499 0.499113 0.036403 0.044627
0 0.845778 0.252612 0.036403 0.044627
0 0.712177 0.598450 0.037593 0.046383
0 0.713758 0.641017 0.038701 0.046504
0 0.653940 0.481528 0.035377 0.046140
0 0.439238 0.299519 0.038701 0.046504
0 0.438212 0.256891 0.036485 0.046261
0 0.282158 0.310936 0.037839 0.051287
0 0.541181 0.288375 0.038701 0.046504
0 0.718416 0.722700 0.035377 0.046140
0 0.645485 0.357521 0.035377 0.046140
0 0.710125 0.557578 0.037593 0.046383
0 0.641462 0.277413 0.035541 0.049410
0 0.230879 0.321473 0.038783 0.048139
0 0.751696 0.387007 0.037593 0.046383
0 0.543275 0.330064 0.038783 0.048139
0 0.434764 0.210419 0.038947 0.051408
0 0.763230 0.594513 0.039809 0.046625
0 0.805274 0.422246 0.034269 0.046019
0 0.441209 0.338755 0.038537 0.043234
0 0.742296 0.222006 0.039809 0.046625
0 0.661206 0.604022 0.037593 0.046383
0 0.385455 0.260192 0.040384 0.058069
0 0.656855 0.561758 0.035377 0.046140
0 0.692433 0.271841 0.035377 0.046140
0 0.284416 0.355895 0.039809 0.046625
0 0.701628 0.432754 0.033079 0.044263
0 0.537733 0.241902 0.038947 0.051408
0 0.721454 0.760998 0.037347 0.041478
0 0.746524 0.306202 0.039891 0.048260
0 0.755801 0.468750 0.035377 0.046140
0 0.444451 0.381141 0.036485 0.046261
0 0.600957 0.447046 0.035295 0.044505
0 0.760460 0.550432 0.036485 0.046261
0 0.655521 0.524095 0.034104 0.042749
0 0.753789 0.428696 0.035130 0.041236
0 0.672781 0.812346 0.037511 0.044748
0 0.716323 0.681011 0.035130 0.041236
0 0.300487 0.687015 0.038783 0.048139
0 0.791215 0.175563 0.035377 0.046140
0 0.705815 0.516132 0.035295 0.044505
0 0.759515 0.509440 0.034104 0.042749
0 0.665310 0.685765 0.037593 0.046383
0 0.766309 0.633629 0.039809 0.046625
0 0.766658 0.673864 0.036403 0.044627
