0 0.792336 0.110124 0.039555 0.049734
0 0.027194 0.827709 0.034611 0.042629
0 0.731150 0.402309 0.035847 0.047957
0 0.673053 0.776199 0.040791 0.046181
0 0.972806 0.680284 0.039555 0.046181
0 0.443758 0.683837 0.042027 0.046181
0 0.323857 0.501776 0.037083 0.044405
0 0.325093 0.358792 0.034611 0.042629
0 0.553770 0.496448 0.037083 0.044405
0 0.085909 0.921847 0.043263 0.046181
0 0.145859 0.551510 0.037083 0.047957
0 0.441904 0.262877 0.040791 0.049734
0 0.087145 0.596803 0.040791 0.046181
0 0.792336 0.447602 0.034611 0.042629
0 0.024722 0.596803 0.037083 0.046181
0 0.266378 0.407638 0.040791 0.044405
0 0.732386 0.864121 0.040791 0.047957
0 0.444994 0.869449 0.042027 0.044405
0 0.144623 0.596803 0.039555 0.046181
0 0.204574 0.504440 0.038319 0.042629
0 0.671817 0.865009 0.038319 0.046181
0 0.792954 0.725577 0.040791 0.047957
0 0.145859 0.784192 0.042027 0.044405
0 0.732386 0.591474 0.040791 0.049734
0 0.440667 0.164298 0.040791 0.044405
0 0.970952 0.634991 0.040791 0.044405
0 0.971570 0.492895 0.042027 0.047957
0 0.733622 0.774423 0.040791 0.049734
0 0.498764 0.444050 0.038319 0.049734
0 0.205810 0.640320 0.040791 0.051510
0 0.206428 0.117229 0.042027 0.056838
0 0.509271 0.761101 0.024722 0.033748
0 0.511125 0.785080 0.023486 0.014210
0 0.087145 0.503552 0.043263 0.047957
0 0.912237 0.682060 0.039555 0.049734
0 0.380717 0.166075 0.042027 0.051510
0 0.325093 0.166963 0.037083 0.053286
0 0.443140 0.500000 0.040791 0.044405
0 0.555624 0.160746 0.040791 0.051510
0 0.323239 0.404973 0.035847 0.046181
0 0.386279 0.686501 0.040791 0.047957
0 0.731150 0.163410 0.040791 0.053286
0 0.911619 0.590586 0.040791 0.047957
0 0.793572 0.494671 0.039555 0.047957
0 0.554388 0.450266 0.040791 0.044405
0 0.441904 0.449378 0.040791 0.049734
0 0.611867 0.357904 0.037083 0.044405
0 0.792336 0.162522 0.039555 0.051510
0 0.554388 0.542629 0.038319 0.044405
0 0.326329 0.267318 0.037083 0.044405
0 0.326329 0.220249 0.039555 0.049734
0 0.911001 0.541741 0.039555 0.049734
0 0.793572 0.636767 0.039555 0.047957
0 0.382571 0.544405 0.040791 0.044405
0 0.144623 0.409414 0.042027 0.047957
0 0.792336 0.354352 0.042027 0.044405
0 0.144623 0.504440 0.042027 0.046181
0 0.672435 0.309947 0.039555 0.047957
0 0.383807 0.635879 0.040791 0.046181
0 0.852287 0.356128 0.040791 0.044405
0 0.615575 0.730906 0.042027 0.047957
0 0.553770 0.683837 0.039555 0.046181
0 0.614339 0.682060 0.042027 0.049734
0 0.144623 0.314387 0.042027 0.046181
0 0.382571 0.499112 0.040791 0.042629
0 0.554388 0.636767 0.038319 0.047957
0 0.087145 0.738011 0.038319 0.044405
0 0.732386 0.497336 0.040791 0.046181
0 0.144623 0.361456 0.042027 0.047957
0 0.323857 0.547957 0.037083 0.044405
0 0.085909 0.360568 0.043263 0.049734
0 0.793572 0.586146 0.039555 0.049734
0 0.671817 0.500000 0.040791 0.047957
0 0.792336 0.539076 0.042027 0.044405
0 0.671817 0.259325 0.040791 0.049734
0 0.325093 0.594139 0.037083 0.044405
0 0.144623 0.690941 0.042027 0.049734
0 0.671817 0.356128 0.040791 0.044405
0 0.204574 0.364121 0.040791 0.053286
0 0.611867 0.161634 0.039555 0.049734
0 0.732386 0.353464 0.040791 0.042629
0 0.144623 0.643872 0.039555 0.044405
0 0.792336 0.402309 0.042027 0.047957
0 0.380717 0.264654 0.034611 0.046181
0 0.441904 0.309947 0.040791 0.044405
0 0.672435 0.452043 0.039555 0.047957
0 0.611867 0.450266 0.037083 0.044405
0 0.673053 0.683837 0.038319 0.046181
0 0.851051 0.161634 0.040791 0.049734
0 0.266378 0.268206 0.038319 0.046181
0 0.970952 0.589698 0.040791 0.046181
0 0.085909 0.268206 0.040791 0.049734
0 0.732386 0.680284 0.038319 0.046181
0 0.614339 0.497336 0.037083 0.046181
0 0.614339 0.591474 0.039555 0.049734
0 0.732386 0.542629 0.040791 0.044405
0 0.085909 0.457371 0.040791 0.044405
0 0.381335 0.452931 0.040791 0.049734
0 0.851051 0.212256 0.040791 0.047957
0 0.613103 0.403197 0.037083 0.049734
0 0.851051 0.493783 0.040791 0.046181
0 0.085909 0.643872 0.040791 0.047957
0 0.499382 0.286856 0.042027 0.044405
0 0.381953 0.214920 0.039555 0.049734
0 0.444994 0.775311 0.042027 0.051510
0 0.383807 0.588810 0.035847 0.047957
0 0.913473 0.775311 0.042027 0.047957
0 0.144623 0.456483 0.039555 0.046181
0 0.027194 0.360568 0.039555 0.049734
0 0.733004 0.960924 0.042027 0.049734
0 0.613103 0.261989 0.037083 0.044405
0 0.970952 0.540853 0.040791 0.047957
0 0.085909 0.409414 0.040791 0.047957
0 0.144623 0.738899 0.042027 0.046181
0 0.441904 0.354352 0.038319 0.047957
0 0.027194 0.410302 0.034611 0.049734
0 0.911619 0.493783 0.038319 0.046181
0 0.673053 0.729130 0.040791 0.047957
0 0.794808 0.681172 0.039555 0.044405
0 0.911619 0.446714 0.038319 0.044405
0 0.611867 0.214032 0.042027 0.055062
0 0.732386 0.446714 0.040791 0.047957
0 0.911001 0.357904 0.039555 0.047957
0 0.265760 0.500888 0.039555 0.042629
0 0.673671 0.543517 0.042027 0.046181
0 0.264524 0.593250 0.034611 0.046181
0 0.025958 0.735346 0.037083 0.046181
0 0.672435 0.165187 0.042027 0.049734
0 0.205810 0.925400 0.043263 0.046181
0 0.672435 0.212256 0.039555 0.044405
0 0.326329 0.778863 0.037083 0.047957
0 0.326329 0.685613 0.037083 0.042629
0 0.554388 0.588810 0.035847 0.044405
0 0.614339 0.540853 0.034611 0.044405
0 0.853523 0.589698 0.035847 0.046181
0 0.611867 0.635879 0.042027 0.042629
0 0.972188 0.912078 0.038319 0.047957
0 0.911001 0.401421 0.037083 0.042629
0 0.497528 0.174067 0.048208 0.031972
0 0.265142 0.219361 0.035847 0.044405
0 0.497528 0.100355 0.048208 0.037300
0 0.264524 0.549734 0.037083 0.044405
0 0.972188 0.962700 0.040791 0.049734
0 0.553770 0.304618 0.037083 0.055062
0 0.733622 0.912966 0.038319 0.046181
0 0.971570 0.728242 0.037083 0.049734
0 0.025958 0.548845 0.037083 0.042629
0 0.498764 0.326821 0.043263 0.039076
0 0.554388 0.256661 0.038319 0.044405
0 0.496910 0.249556 0.044499 0.033748
0 0.327565 0.872114 0.039555 0.042629
0 0.912855 0.822380 0.035847 0.046181
0 0.914710 0.916519 0.039555 0.042629
0 0.440667 0.402309 0.040791 0.044405
0 0.445612 0.729130 0.043263 0.044405
0 0.026576 0.874778 0.038319 0.047957
0 0.912237 0.962700 0.039555 0.049734
0 0.973424 0.865009 0.038319 0.046181
0 0.972806 0.818828 0.037083 0.042629
0 0.497528 0.138544 0.045735 0.042629
0 0.971570 0.261101 0.037083 0.042629
0 0.388752 0.964476 0.040791 0.042629
0 0.385043 0.822380 0.040791 0.042629
0 0.793572 0.912966 0.037083 0.049734
0 0.204574 0.783304 0.038319 0.042629
0 0.614339 0.774423 0.032138 0.042629
0 0.205810 0.873890 0.040791 0.049734
0 0.447466 0.916519 0.042027 0.049734
0 0.498764 0.492895 0.038319 0.037300
0 0.497528 0.362345 0.043263 0.039076
0 0.972806 0.354352 0.039555 0.044405
0 0.910383 0.214920 0.040791 0.049734
0 0.085909 0.875666 0.040791 0.049734
0 0.971570 0.402309 0.042027 0.044405
0 0.732386 0.727353 0.040791 0.044405
0 0.732386 0.817940 0.040791 0.037300
0 0.026576 0.922735 0.038319 0.044405
0 0.388752 0.916519 0.040791 0.049734
0 0.614339 0.817940 0.032138 0.044405
0 0.447466 0.963588 0.042027 0.044405
0 0.671817 0.403197 0.040791 0.049734
0 0.326947 0.917407 0.040791 0.047957
0 0.087145 0.972469 0.040791 0.047957
0 0.205192 0.221137 0.039555 0.044405
0 0.970952 0.306394 0.040791 0.044405
0 0.909765 0.309059 0.037083 0.042629
0 0.973424 0.775311 0.040791 0.044405
0 0.792336 0.256661 0.037083 0.044405
0 0.553770 0.729130 0.042027 0.044405
0 0.970334 0.214920 0.037083 0.049734
0 0.912237 0.867673 0.039555 0.051510
0 0.671817 0.912966 0.035847 0.046181
0 0.614339 0.912078 0.037083 0.047957
0 0.440667 0.112789 0.043263 0.047957
0 0.793572 0.865009 0.037083 0.042629
0 0.614339 0.961812 0.042027 0.044405
0 0.027194 0.504440 0.037083 0.042629
0 0.792336 0.308171 0.037083 0.051510
0 0.387515 0.869449 0.040791 0.044405
0 0.793572 0.817940 0.039555 0.047957
0 0.443140 0.543517 0.040791 0.042629
0 0.970952 0.446714 0.040791 0.044405
0 0.085909 0.313499 0.035847 0.044405
0 0.444376 0.588810 0.038319 0.044405
0 0.851051 0.446714 0.038319 0.044405
0 0.025958 0.266430 0.037083 0.049734
0 0.085909 0.783304 0.035847 0.042629
0 0.025958 0.687389 0.037083 0.049734
0 0.085909 0.828597 0.035847 0.044405
0 0.266378 0.363233 0.038319 0.044405
0 0.205810 0.595027 0.040791 0.042629
0 0.851051 0.259325 0.038319 0.046181
0 0.326947 0.826821 0.038319 0.044405
0 0.266996 0.166963 0.042027 0.053286
0 0.147095 0.973357 0.039555 0.049734
0 0.792954 0.959147 0.040791 0.046181
0 0.385043 0.781528 0.043263 0.042629
0 0.553770 0.401421 0.039555 0.046181
0 0.145859 0.875666 0.042027 0.046181
0 0.793572 0.773535 0.042027 0.040853
0 0.145859 0.925400 0.042027 0.046181
0 0.025958 0.641208 0.037083 0.042629
0 0.497528 0.211368 0.045735 0.042629
0 0.673053 0.817940 0.035847 0.044405
0 0.025340 0.456483 0.033375 0.042629
0 0.673053 0.962700 0.035847 0.049734
0 0.971570 0.162522 0.042027 0.051510
0 0.911619 0.265542 0.040791 0.047957
0 0.328183 0.968028 0.040791 0.049734
0 0.732386 0.635879 0.038319 0.042629
0 0.381953 0.406750 0.037083 0.039076
0 0.087145 0.549734 0.040791 0.044405
0 0.085909 0.690941 0.040791 0.049734
0 0.671817 0.589698 0.038319 0.042629
0 0.207664 0.972469 0.044499 0.047957
0 0.325093 0.730018 0.034611 0.046181
0 0.731768 0.307282 0.042027 0.049734
0 0.444994 0.824156 0.039555 0.042629
0 0.909765 0.163410 0.042027 0.053286
0 0.027812 0.972469 0.040791 0.047957
0 0.025958 0.782416 0.037083 0.044405
0 0.204574 0.737123 0.040791 0.049734
0 0.441904 0.212256 0.038319 0.047957
0 0.205192 0.690053 0.039555 0.044405
0 0.553770 0.210480 0.039555 0.047957
0 0.792336 0.213144 0.039555 0.042629
0 0.204574 0.314387 0.038319 0.042629
0 0.027194 0.313499 0.037083 0.044405
0 0.732386 0.259325 0.040791 0.042629
0 0.851051 0.401421 0.038319 0.046181
0 0.204574 0.825044 0.038319 0.047957
0 0.145859 0.830373 0.037083 0.044405
0 0.386279 0.736234 0.040791 0.051510
0 0.614339 0.866785 0.037083 0.042629
0 0.442522 0.636767 0.042027 0.047957
0 0.554388 0.775311 0.040791 0.047957
0 0.553770 0.357904 0.039555 0.047957
0 0.205810 0.410302 0.035847 0.042629
0 0.913473 0.729130 0.037083 0.044405
0 0.205810 0.173179 0.040791 0.051510
0 0.912237 0.637655 0.037083 0.042629
0 0.265760 0.453819 0.039555 0.047957
0 0.205192 0.269982 0.039555 0.049734
0 0.325093 0.313499 0.034611 0.047957
0 0.673053 0.635879 0.040791 0.049734
0 0.325093 0.638544 0.039555 0.047957
0 0.204574 0.456483 0.040791 0.049734
0 0.381335 0.359680 0.040791 0.055062
0 0.266378 0.316163 0.040791 0.049734
0 0.381953 0.312611 0.039555 0.042629
0 0.731768 0.214920 0.042027 0.049734
0 0.853523 0.540853 0.038319 0.047957
0 0.145241 0.268206 0.043263 0.049734
0 0.611867 0.309947 0.039555 0.047957
0 0.205810 0.549734 0.040791 0.044405
0 0.851051 0.307282 0.040791 0.049734
0 0.322621 0.452043 0.039555 0.051510
