0 0.804686 0.402605 0.022857 0.027638
0 0.847784 0.804279 0.041970 0.036292
0 0.498870 0.584016 0.024903 0.025048
0 0.779083 0.494199 0.034576 0.034703
0 0.720953 0.903801 0.039111 0.041737
0 0.779400 0.784762 0.024718 0.032583
0 0.702210 0.542672 0.025741 0.031288
0 0.777981 0.398469 0.024090 0.027903
0 0.726581 0.871307 0.039111 0.041737
0 0.785330 0.754740 0.025741 0.031288
0 0.292920 0.389676 0.036646 0.041207
0 0.854212 0.444549 0.024718 0.032583
0 0.295862 0.363025 0.038716 0.047712
0 0.498639 0.510140 0.032716 0.029758
0 0.730465 0.837636 0.037669 0.039912
0 0.717592 0.933572 0.042389 0.039412
0 0.837664 0.572597 0.025950 0.032848
0 0.727985 0.549016 0.023485 0.032318
0 0.287188 0.422950 0.036855 0.042767
0 0.745698 0.743009 0.038088 0.043032
0 0.520117 0.340621 0.033763 0.037558
0 0.841548 0.538925 0.021625 0.027373
0 0.780909 0.882185 0.038901 0.040177
0 0.789726 0.721982 0.025741 0.031288
0 0.774583 0.527738 0.040552 0.043562
0 0.269106 0.548260 0.038273 0.035498
0 0.736290 0.808394 0.038483 0.037057
0 0.784584 0.850074 0.034995 0.037823
0 0.512873 0.404064 0.034809 0.045357
0 0.719022 0.516595 0.039924 0.038882
0 0.072748 0.759624 0.037460 0.038352
0 0.517989 0.370658 0.034576 0.034703
0 0.346842 0.398862 0.039715 0.037322
0 0.775176 0.915458 0.039111 0.041737
0 0.622634 0.814452 0.038483 0.037057
0 0.789386 0.819007 0.034181 0.040677
0 0.762510 0.716933 0.025950 0.032848
0 0.137193 0.288788 0.037878 0.041472
0 0.095808 0.573594 0.036646 0.041207
0 0.076109 0.729853 0.036227 0.038087
0 0.142996 0.647134 0.033553 0.035998
0 0.609448 0.492235 0.037669 0.039912
0 0.828978 0.637334 0.023276 0.030758
0 0.823425 0.470832 0.023276 0.030758
0 0.857912 0.738246 0.040134 0.040442
0 0.824385 0.666840 0.024508 0.031023
0 0.793912 0.690783 0.025741 0.031288
0 0.563911 0.836333 0.038273 0.035498
0 0.284443 0.452854 0.036437 0.039647
0 0.885983 0.519590 0.034786 0.036263
0 0.739177 0.678212 0.024718 0.032583
0 0.845420 0.510067 0.024718 0.032583
0 0.121751 0.384974 0.039924 0.038882
0 0.861889 0.708607 0.040134 0.040442
0 0.741197 0.776548 0.037878 0.041472
0 0.852900 0.770872 0.041366 0.040707
0 0.084284 0.664203 0.037460 0.038352
0 0.559108 0.867400 0.039924 0.038882
0 0.870157 0.646990 0.032530 0.037293
0 0.766800 0.684954 0.025741 0.031288
0 0.770882 0.654535 0.025531 0.029728
0 0.611274 0.880220 0.038273 0.035498
0 0.174253 0.428360 0.034576 0.034703
0 0.079784 0.697741 0.037669 0.039912
0 0.411566 0.738580 0.037669 0.039912
0 0.629670 0.752570 0.039111 0.041737
0 0.567992 0.805915 0.038901 0.040177
0 0.206824 0.596660 0.038901 0.040177
0 0.343749 0.823506 0.038901 0.040177
0 0.289014 0.810935 0.040343 0.042002
0 0.614250 0.461168 0.038901 0.040177
0 0.395019 0.866627 0.036437 0.039647
0 0.285235 0.843826 0.041157 0.039147
0 0.186300 0.333852 0.036437 0.039647
0 0.643670 0.657679 0.038692 0.038617
0 0.464998 0.359265 0.037878 0.041472
0 0.890681 0.489304 0.039111 0.041737
0 0.165369 0.489846 0.036437 0.039647
0 0.241419 0.735702 0.036437 0.039647
0 0.216324 0.535307 0.038692 0.038617
0 0.357854 0.727834 0.038273 0.035498
0 0.578702 0.711921 0.035204 0.039382
0 0.192719 0.692331 0.039111 0.041737
0 0.182939 0.363623 0.037250 0.036793
0 0.416368 0.707513 0.036018 0.036528
0 0.355214 0.336464 0.040552 0.043562
0 0.397286 0.443411 0.036437 0.039647
0 0.425357 0.645248 0.037669 0.039912
0 0.339458 0.855484 0.041157 0.039147
0 0.101436 0.541100 0.038692 0.038617
0 0.297386 0.748538 0.040343 0.042002
0 0.878948 0.581472 0.037460 0.038352
0 0.664706 0.500905 0.036018 0.036528
0 0.574725 0.741560 0.037669 0.039912
0 0.177927 0.396249 0.036437 0.039647
0 0.314550 0.620623 0.040343 0.042002
0 0.147287 0.615156 0.038692 0.038617
0 0.510408 0.824028 0.035204 0.039382
0 0.651833 0.596841 0.033763 0.037558
0 0.329062 0.526644 0.038901 0.040177
0 0.251535 0.674482 0.037460 0.038352
0 0.587493 0.646403 0.034786 0.036263
0 0.535316 0.638395 0.034786 0.036263
0 0.383181 0.539082 0.036227 0.038087
0 0.236848 0.377621 0.037460 0.038352
0 0.518164 0.761498 0.036437 0.039647
0 0.442520 0.517333 0.037669 0.039912
0 0.353877 0.757473 0.038692 0.038617
0 0.724206 0.581907 0.027182 0.033113
0 0.581970 0.678117 0.037878 0.041472
0 0.555840 0.480709 0.036018 0.036528
0 0.110424 0.478835 0.040343 0.042002
0 0.874552 0.614231 0.040343 0.042002
0 0.592598 0.617810 0.037041 0.035233
0 0.669299 0.471399 0.037669 0.039912
0 0.723313 0.484616 0.037669 0.039912
0 0.673485 0.440200 0.037669 0.039912
0 0.230395 0.832036 0.042389 0.039412
0 0.514083 0.791917 0.036227 0.038087
0 0.241139 0.345642 0.037669 0.039912
0 0.374401 0.599787 0.037041 0.035233
0 0.403089 0.801757 0.040343 0.042002
0 0.728627 0.454463 0.037460 0.038352
0 0.324666 0.559403 0.038901 0.040177
0 0.232151 0.407907 0.036855 0.042767
0 0.265443 0.575559 0.038901 0.040177
0 0.378378 0.570148 0.037460 0.038352
0 0.618332 0.430749 0.038692 0.038617
0 0.420345 0.677875 0.038901 0.040177
0 0.335586 0.463849 0.040134 0.040442
0 0.333457 0.493885 0.038901 0.040177
0 0.677985 0.406661 0.037878 0.041472
0 0.219999 0.503196 0.037669 0.039912
0 0.370622 0.632678 0.036646 0.041207
0 0.306073 0.683800 0.040134 0.040442
0 0.260943 0.609097 0.039111 0.041737
0 0.156275 0.552891 0.034995 0.037823
0 0.234174 0.799145 0.039111 0.041737
0 0.410054 0.348254 0.039320 0.043297
0 0.655299 0.566290 0.034786 0.036263
0 0.737418 0.388945 0.037878 0.041472
0 0.400646 0.413639 0.040134 0.040442
0 0.506012 0.856787 0.035204 0.039382
0 0.361726 0.698975 0.036437 0.039647
0 0.310771 0.653514 0.041157 0.039147
0 0.280152 0.484832 0.038692 0.038617
0 0.301677 0.716559 0.040134 0.040442
0 0.450474 0.458056 0.037669 0.039912
0 0.530828 0.667122 0.036646 0.041207
0 0.201708 0.630066 0.037878 0.041472
0 0.160357 0.522472 0.037669 0.039912
0 0.392483 0.474477 0.035204 0.039382
0 0.564422 0.416752 0.036018 0.036528
0 0.348761 0.790879 0.040552 0.043562
0 0.601075 0.554632 0.037669 0.039912
0 0.256443 0.642636 0.038901 0.040177
0 0.405449 0.382573 0.038901 0.040177
0 0.526327 0.700660 0.036437 0.039647
0 0.659694 0.533531 0.035204 0.039382
0 0.732918 0.422484 0.037669 0.039912
0 0.275966 0.516031 0.039111 0.041737
0 0.551143 0.510995 0.034995 0.037823
0 0.604238 0.521608 0.037669 0.039912
0 0.543491 0.572745 0.036018 0.036528
0 0.560131 0.448730 0.036646 0.041207
0 0.387983 0.508016 0.037878 0.041472
0 0.597296 0.587523 0.038901 0.040177
0 0.223464 0.472645 0.036646 0.041207
0 0.622634 0.393958 0.040552 0.043562
0 0.546642 0.544534 0.035204 0.039382
0 0.434346 0.582983 0.036437 0.039647
0 0.438125 0.550092 0.037669 0.039912
0 0.459882 0.392671 0.038901 0.040177
0 0.455381 0.426210 0.035809 0.034968
0 0.568922 0.383213 0.039529 0.044857
0 0.539095 0.605504 0.036437 0.039647
0 0.197626 0.660485 0.037250 0.036793
0 0.350819 0.369223 0.040134 0.040442
0 0.748677 0.616860 0.025346 0.037263
0 0.634367 0.722284 0.037250 0.036793
0 0.138705 0.679113 0.039111 0.041737
0 0.617006 0.846946 0.038901 0.040177
0 0.865668 0.675716 0.036437 0.039647
0 0.769466 0.561144 0.038273 0.035498
0 0.169555 0.458647 0.036437 0.039647
0 0.398693 0.834516 0.037041 0.035233
0 0.134519 0.710312 0.038692 0.038617
0 0.497381 0.604560 0.022439 0.024518
0 0.492044 0.644339 0.022229 0.022958
0 0.490148 0.663191 0.020578 0.019574
0 0.239907 0.765871 0.036437 0.039647
0 0.625786 0.786241 0.037669 0.039912
0 0.300270 0.325454 0.036646 0.041207
0 0.129612 0.742158 0.040134 0.040442
0 0.506931 0.438897 0.036646 0.041207
0 0.228476 0.440018 0.034576 0.034703
0 0.127169 0.354040 0.040343 0.042002
0 0.190800 0.300313 0.036646 0.041207
0 0.899472 0.423786 0.039111 0.041737
0 0.245639 0.312103 0.037878 0.041472
0 0.091831 0.603233 0.036227 0.038087
0 0.211731 0.564813 0.037460 0.038352
0 0.849921 0.476528 0.024508 0.031023
0 0.785013 0.464178 0.033972 0.039118
0 0.496011 0.534451 0.034576 0.034703
0 0.494660 0.624840 0.022857 0.027638
0 0.789618 0.429859 0.038483 0.037057
0 0.461068 0.790148 0.035809 0.034968
0 0.123088 0.804953 0.041366 0.040707
0 0.087540 0.635211 0.038901 0.040177
0 0.798610 0.660496 0.024718 0.032583
0 0.114204 0.445944 0.041157 0.039147
0 0.833989 0.604708 0.025346 0.037263
0 0.293305 0.778956 0.039715 0.037322
0 0.766315 0.589356 0.037041 0.035233
0 0.743561 0.650266 0.025950 0.032848
0 0.829251 0.441590 0.024927 0.034143
0 0.696582 0.575166 0.026159 0.034408
0 0.116948 0.416040 0.041157 0.039147
0 0.177509 0.819863 0.040134 0.040442
0 0.408100 0.769131 0.038692 0.038617
0 0.068864 0.793295 0.044249 0.044357
0 0.522967 0.730432 0.034786 0.036263
0 0.188323 0.725090 0.038692 0.038617
0 0.151880 0.585649 0.037878 0.041472
0 0.554922 0.898598 0.040343 0.042002
0 0.647542 0.628820 0.036018 0.036528
0 0.247559 0.704121 0.035414 0.040942
0 0.814948 0.534009 0.025950 0.032848
0 0.131460 0.322061 0.040134 0.040442
0 0.364889 0.665952 0.033553 0.035998
0 0.181288 0.786972 0.038901 0.040177
0 0.895588 0.457457 0.037669 0.039912
0 0.319457 0.588777 0.036018 0.036528
0 0.184963 0.754861 0.037041 0.035233
0 0.340702 0.430443 0.041575 0.042267
0 0.572388 0.773156 0.036437 0.039647
0 0.446393 0.488475 0.037041 0.035233
0 0.882413 0.550921 0.036437 0.039647
0 0.810762 0.565208 0.023485 0.032318
0 0.502036 0.886425 0.034786 0.036263
0 0.775370 0.625809 0.027810 0.037793
0 0.429950 0.615742 0.036018 0.036528
0 0.802180 0.629165 0.025950 0.032848
0 0.639274 0.690437 0.039111 0.041737
0 0.609145 0.910256 0.034995 0.037823
0 0.818820 0.505150 0.022857 0.027638
0 0.806366 0.597966 0.025950 0.032848
0 0.126448 0.775182 0.040134 0.040442
0 0.106133 0.510814 0.037669 0.039912
