0 0.1403795314749378 0.6692015209125476 0.019432011516817168 0.03842305383229933
0 0.29684072765344854 0.23854312587552529 0.028142913231252526 0.03201921152691614
0 0.29650569297212404 0.20252151290774467 0.026132705143305845 0.036822093255953585
0 0.29650569297212404 0.26896137682609567 0.026132705143305845 0.03201921152691614
0 0.29583562360947513 0.38022813688212925 0.026132705143305845 0.027216329797878726
0 0.5437612877895563 0.3866319791875125 0.02077215024211493 0.03682209325595356
0 0.29650569297212404 0.043225935561336803 0.024792566418008102 0.032019211526916155
0 0.5437612877895563 0.22333400040024015 0.02211228896741267 0.036822093255953585
0 0.48177987174453607 0.3866319791875125 0.01876194215416831 0.040024014408645205
0 0.29583562360947513 0.17130278166900142 0.024792566418008102 0.028817290374224525
0 0.1390393927496401 0.3866319791875125 0.019432011516817182 0.03682209325595356
0 0.3038764559612616 0.6275765459275565 0.014071456615626263 0.028817290374224595
0 0.13970946211228896 0.2649589753852311 0.02211228896741264 0.024014408645187085
0 0.29650569297212404 0.07444466680008005 0.024792566418008102 0.03682209325595357
0 0.29650569297212404 0.10646387832699619 0.026132705143305845 0.027216329797878726
0 0.545101426514854 0.7908745247148289 0.019432011516817182 0.04482689613768262
0 0.13970946211228896 0.6299779867920752 0.020772150242114897 0.040024014408645295
0 0.4824499411071849 0.7500500300180107 0.020102080879466053 0.03682209325595356
0 0.14104960083758672 0.7932759655793475 0.02211228896741264 0.046427856714028395
0 0.1410496008375867 0.7532519511707023 0.02077215024211491 0.03682209325595356
0 0.4824499411071849 0.6668000800480288 0.020102080879466053 0.04322593556133675
0 0.545771495877503 0.7492495497298379 0.020772150242114866 0.03522113267960769
0 0.4208035597434891 0.7492495497298379 0.01876194215416831 0.03842305383229943
0 0.23318413820180606 0.3474084450670403 0.02144221960476377 0.04802881729037421
0 0.3581520743358199 0.22333400040024015 0.02211228896741261 0.04642785671402837
0 0.4824499411071849 0.6275765459275565 0.020102080879466053 0.03842305383229943
0 0.04522968197879859 0.4714828897338402 0.01943201151681717 0.043225935561336845
0 0.3581520743358199 0.3057834700820492 0.019432011516817182 0.03522113267960778
0 0.3893102996989923 0.7492495497298379 0.020102080879466053 0.03522113267960769
0 0.5437612877895563 0.4650790474284571 0.02077215024211493 0.03682209325595356
0 0.2961706582907996 0.13928357014208526 0.025462635780656974 0.03842305383229938
0 0.48177987174453607 0.22573544126475886 0.020102080879466053 0.041624974984991
0 0.5444313571522053 0.5043025815489294 0.019432011516817182 0.04162497498499098
0 0.5444313571522053 0.5427256353812288 0.018091872791519435 0.03842305383229933
0 0.07772804606726869 0.4690814488693215 0.020102080879466033 0.04162497498499098
0 0.1403795314749378 0.5475285171102662 0.019432011516817168 0.03842305383229933
0 0.4824499411071849 0.5891534920952571 0.020102080879466053 0.04162497498499088
0 0.14104960083758672 0.7124274564738843 0.02211228896741264 0.04802881729037426
0 0.3893102996989923 0.6283770262157294 0.020102080879466053 0.036822093255953654
0 0.045899751341447456 0.1865119071442866 0.0207721502421149 0.03682209325595356
0 0.5430912184269074 0.3474084450670403 0.02077215024211493 0.04162497498499102
0 0.48177987174453607 0.7884730838503102 0.020102080879466053 0.040024014408645205
0 0.13970946211228896 0.4674804882929758 0.020772150242114897 0.03842305383229933
0 0.04522968197879859 0.10166099659795878 0.022112288967412633 0.0464278567140284
0 0.545101426514854 0.6275765459275565 0.02211228896741261 0.03522113267960788
0 0.13937442743096454 0.05843506103662197 0.020102080879466022 0.04962977786672003
0 0.07705797670461982 0.05443265959575745 0.02010208087946604 0.041624974984990994
0 0.3266588142913231 0.6275765459275565 0.018091872791519435 0.03842305383229943
0 0.42046852506216464 0.5475285171102662 0.019432011516817182 0.03842305383229933
0 0.4197984556995158 0.3866319791875125 0.019432011516817182 0.043225935561336894
0 0.545101426514854 0.6668000800480288 0.02077215024211493 0.046427856714028395
0 0.4824499411071849 0.46507904742845707 0.020102080879466053 0.040024014408645205
0 0.04522968197879859 0.14728837302381428 0.02345242769271038 0.041624974984991
0 0.13970946211228896 0.5083049829897939 0.020772150242114897 0.040024014408645295
0 0.5437612877895563 0.3041825095057034 0.019432011516817182 0.03842305383229938
0 0.4824499411071849 0.5083049829897939 0.020102080879466053 0.040024014408645295
0 0.451626750425337 0.5867520512307385 0.0214422196047638 0.040024014408645205
0 0.2345242769271038 0.22413448068841305 0.01876194215416831 0.03842305383229936
0 0.5437612877895563 0.42585551330798477 0.02077215024211493 0.03842305383229933
0 0.4824499411071849 0.7108264958975385 0.020102080879466053 0.04162497498499107
0 0.07705797670461982 0.38903342005203123 0.02010208087946604 0.03842305383229947
0 0.451626750425337 0.7492495497298379 0.020102080879466053 0.03842305383229943
0 0.5437612877895563 0.056834100460276184 0.02211228896741267 0.04322593556133678
0 0.48177987174453607 0.5475285171102662 0.020102080879466053 0.04162497498499107
0 0.1410496008375867 0.590754452671603 0.02077215024211491 0.04482689613768252
0 0.45229681978798586 0.6692015209125476 0.020102080879466053 0.04482689613768262
0 0.3266588142913231 0.7924754852911747 0.02211228896741267 0.04162497498499107
0 0.3893102996989923 0.42585551330798477 0.01876194215416831 0.03201921152691619
0 0.07772804606726869 0.42985791474884927 0.01876194215416831 0.040024014408645156
0 0.045564716660123024 0.3057834700820492 0.021442219604763772 0.04162497498499098
0 0.4208035597434891 0.7908745247148289 0.020102080879466053 0.04162497498499098
0 0.4811098023818872 0.05443265959575745 0.01876194215416831 0.04482689613768261
0 0.42113859442481355 0.46507904742845707 0.018091872791519435 0.040024014408645205
0 0.42013349038084025 0.7108264958975385 0.0214422196047638 0.03842305383229933
0 0.4208035597434891 0.6299779867920752 0.020102080879466053 0.040024014408645295
0 0.32732888365397206 0.22173303982389428 0.019432011516817244 0.036822093255953516
0 0.10754613270514331 0.18491094656794074 0.018091872791519435 0.0432259355613368
0 0.5444313571522053 0.7108264958975385 0.02211228896741267 0.03842305383229933
0 0.04489464729747416 0.05603362017210326 0.022782358330061505 0.04482689613768261
0 0.3886402303363434 0.34580748449069443 0.020102080879466053 0.03201921152691614
0 0.4197984556995158 0.22413448068841305 0.02077215024211493 0.03842305383229936
0 0.045564716660123024 0.4322593556133681 0.020102080879466036 0.03842305383229943
0 0.3893102996989923 0.5867520512307385 0.020102080879466053 0.046427856714028395
0 0.13937442743096454 0.10006003602161295 0.01876194215416831 0.03362017210326195
0 0.23318413820180606 0.3065839503702221 0.01876194215416828 0.040024014408645156
0 0.07638790734197096 0.09765859515709426 0.022782358330061498 0.044826896137682606
0 0.3893102996989923 0.7108264958975385 0.0214422196047638 0.03842305383229933
0 0.4824499411071849 0.42585551330798477 0.020102080879466053 0.03842305383229933
0 0.545101426514854 0.5867520512307385 0.02211228896741261 0.046427856714028395
0 0.07705797670461982 0.30898539123474084 0.02010208087946604 0.04162497498499102
0 0.3279989530166209 0.05203121873123875 0.02077215024211499 0.046427856714028416
0 0.451626750425337 0.7108264958975385 0.020102080879466053 0.03842305383229933
0 0.32665881429132315 0.14088453071843104 0.01943201151681712 0.04482689613768259
0 0.5119329930637351 0.09765859515709426 0.021442219604763738 0.044826896137682606
0 0.32598874492867425 0.5867520512307385 0.019432011516817182 0.040024014408645205
0 0.3266588142913231 0.7084250550330198 0.02211228896741267 0.036822093255953654
0 0.32598874492867425 0.7500500300180107 0.02077215024211493 0.04322593556133675
0 0.4509566810626881 0.5059035421252752 0.020102080879466053 0.04162497498499098
0 0.4824499411071849 0.2649589753852311 0.01876194215416831 0.040024014408645205
0 0.4811098023818872 0.3041825095057034 0.020102080879466053 0.03842305383229938
0 0.20303101688260697 0.05443265959575745 0.020102080879466022 0.04482689613768261
0 0.512603062426384 0.18250950570342206 0.01876194215416831 0.03842305383229938
0 0.07705797670461981 0.2673604162497498 0.018761942154168303 0.03842305383229938
0 0.23418924224577933 0.26255753452071245 0.018091872791519435 0.04162497498499098
0 0.45229681978798586 0.7908745247148289 0.022782358330061547 0.04482689613768262
0 0.13937442743096454 0.22573544126475886 0.020102080879466022 0.041624974984991
0 0.5437612877895563 0.18651190714428656 0.02211228896741267 0.04002401440864518
0 0.3893102996989923 0.5475285171102662 0.020102080879466053 0.03842305383229933
0 0.3889752650176678 0.2649589753852311 0.02077215024211493 0.040024014408645205
0 0.45028661170003925 0.2673604162497498 0.020102080879466053 0.03842305383229938
0 0.13970946211228896 0.42585551330798477 0.01943201151681715 0.04162497498499102
0 0.13970946211228896 0.3041825095057034 0.02211228896741264 0.04482689613768262
0 0.4509566810626881 0.42585551330798477 0.020102080879466053 0.04162497498499102
0 0.451626750425337 0.46507904742845707 0.020102080879466053 0.040024014408645205
0 0.42013349038084025 0.5891534920952571 0.020102080879466053 0.03842305383229933
0 0.3581520743358199 0.3434060436261757 0.018091872791519435 0.040024014408645205
0 0.48177987174453607 0.14328597158294976 0.0214422196047638 0.04002401440864518
0 0.4502866117000393 0.5475285171102662 0.021442219604763738 0.04162497498499107
0 0.045899751341447456 0.349809885931559 0.0207721502421149 0.0432259355613368
0 0.17187279151943463 0.05443265959575745 0.02211228896741267 0.04482689613768261
0 0.23452427692710381 0.05443265959575745 0.02144221960476377 0.04482689613768261
0 0.045564716660123024 0.390634380628377 0.021442219604763772 0.04162497498499102
0 0.07772804606726869 0.349809885931559 0.02144221960476377 0.040024014408645156
0 0.32732888365397206 0.18651190714428656 0.019432011516817244 0.04002401440864518
0 0.20336605156393142 0.18250950570342206 0.019432011516817182 0.03842305383229938
0 0.512603062426384 0.14088453071843104 0.021442219604763738 0.03842305383229938
0 0.5119329930637351 0.05363217930758455 0.02010208087946599 0.043225935561336803
0 0.29583562360947524 0.33860316189713824 0.023452427692710418 0.04642785671402844
0 0.512603062426384 0.3081849109465679 0.020102080879466053 0.046427856714028395
0 0.48177987174453607 0.18491094656794077 0.0214422196047638 0.04002401440864518
0 0.42013349038084025 0.42585551330798477 0.020102080879466053 0.03522113267960769
0 0.07638790734197096 0.14328597158294976 0.021442219604763776 0.043225935561336824
0 0.3896453343803167 0.6692015209125476 0.02211228896741267 0.04482689613768262
0 0.42046852506216464 0.5059035421252752 0.019432011516817182 0.04162497498499098
0 0.07705797670461982 0.22573544126475886 0.02010208087946604 0.03842305383229938
0 0.48177987174453607 0.34500700420252156 0.01876194215416831 0.0432259355613368
0 0.20236094751995812 0.14328597158294976 0.020102080879466022 0.04002401440864518
0 0.04522968197879859 0.22653592155293176 0.022112288967412633 0.043225935561336824
0 0.5437612877895563 0.10246147688613168 0.02211228896741267 0.041624974984991
0 0.388305195655019 0.18010806483890338 0.019432011516817182 0.046427856714028416
0 0.3279989530166209 0.5083049829897939 0.02077215024211499 0.040024014408645295
0 0.4208035597434891 0.6692015209125476 0.020102080879466053 0.04162497498499098
0 0.5434262531082319 0.14488693215929557 0.0214422196047638 0.0432259355613368
0 0.3893102996989923 0.7908745247148289 0.022782358330061547 0.04802881729037426
0 0.4197984556995158 0.34500700420252156 0.019432011516817182 0.036822093255953606
0 0.5437612877895563 0.26255753452071245 0.02211228896741267 0.04162497498499098
0 0.32732888365397206 0.5475285171102662 0.019432011516817244 0.04162497498499107
0 0.2646773982463028 0.22653592155293176 0.01876194215416828 0.043225935561336824
0 0.4502866117000393 0.3434060436261757 0.021442219604763738 0.040024014408645205
0 0.13937442743096454 0.14168501100660397 0.020102080879466022 0.0432259355613368
0 0.045899751341447456 0.2673604162497498 0.0207721502421149 0.04162497498499098
0 0.45095668106268816 0.6275765459275565 0.022782358330061484 0.04162497498499098
0 0.07705797670461982 0.18651190714428656 0.02010208087946604 0.04002401440864518
0 0.3581520743358199 0.18010806483890338 0.019432011516817182 0.046427856714028416
0 0.48177987174453607 0.10246147688613168 0.020102080879466053 0.041624974984991
0 0.32732888365397206 0.3474084450670403 0.019432011516817244 0.03842305383229938
0 0.4502866117000393 0.3041825095057034 0.021442219604763738 0.03842305383229938
0 0.3266588142913231 0.6692015209125476 0.02211228896741267 0.04482689613768262
0 0.17120272215678575 0.2649589753852311 0.02077215024211493 0.043225935561336845
0 0.20236094751995812 0.22173303982389433 0.020102080879466022 0.04322593556133673
0 0.512603062426384 0.22413448068841305 0.020102080879466053 0.04162497498499098
0 0.32732888365397206 0.42585551330798477 0.019432011516817244 0.03842305383229933
0 0.3893102996989923 0.5083049829897939 0.020102080879466053 0.043225935561336935
0 0.23452427692710381 0.09925955573344007 0.02144221960476377 0.04162497498499099
0 0.3279989530166209 0.09765859515709426 0.02077215024211499 0.044826896137682606
0 0.4197984556995158 0.26255753452071245 0.019432011516817182 0.03842305383229938
0 0.4509566810626881 0.3842305383229938 0.020102080879466053 0.03842305383229938
0 0.32665881429132315 0.3866319791875125 0.02077215024211499 0.040024014408645205
0 0.512603062426384 0.26255753452071245 0.020102080879466053 0.04162497498499098
0 0.13903939274964008 0.3482089253552131 0.020772150242114897 0.0432259355613368
0 0.3889752650176678 0.22413448068841305 0.02077215024211493 0.04162497498499098
0 0.32665881429132315 0.4674804882929758 0.02077215024211499 0.04162497498499088
0 0.17187279151943463 0.10006003602161295 0.02211228896741267 0.04322593556133678
0 0.45028661170003925 0.18250950570342206 0.01876194215416831 0.04482689613768262
0 0.23318413820180606 0.14088453071843104 0.02144221960476377 0.041624974984991
0 0.45028661170003925 0.22653592155293176 0.020102080879466053 0.043225935561336824
0 0.4187933516555425 0.3041825095057034 0.020102080879466053 0.04482689613768262
0 0.3886402303363434 0.4642785671402841 0.0214422196047638 0.04162497498499098
0 0.2653474676089517 0.18250950570342206 0.020102080879466022 0.04482689613768262
0 0.20236094751995812 0.2649589753852311 0.020102080879466022 0.040024014408645205
0 0.3588221436984688 0.2673604162497498 0.02211228896741261 0.04482689613768262
0 0.4197984556995158 0.18010806483890338 0.019432011516817182 0.046427856714028416
0 0.32732888365397206 0.26255753452071245 0.018091872791519373 0.04162497498499098
0 0.17187279151943463 0.14328597158294976 0.02211228896741267 0.04002401440864518
0 0.17120272215678575 0.22573544126475886 0.02211228896741267 0.041624974984991
0 0.13937442743096454 0.18250950570342206 0.020102080879466022 0.041624974984991
0 0.20236094751995812 0.10006003602161297 0.02144221960476377 0.046427856714028416
0 0.3886402303363434 0.3866319791875125 0.0214422196047638 0.046427856714028395
0 0.20303101688260697 0.3065839503702221 0.020102080879466022 0.04642785671402844
0 0.17153775683811018 0.18491094656794074 0.022782358330061547 0.0432259355613368
0 0.2345242769271038 0.18250950570342206 0.020102080879466053 0.041624974984991
0 0.3889752650176678 0.3065839503702221 0.02077215024211493 0.0432259355613368
0 0.32665881429132315 0.3057834700820492 0.01943201151681712 0.04162497498499098
