0 0.653333 0.490132 0.035556 0.039474
0 0.704444 0.445724 0.033333 0.042763
0 0.602778 0.240132 0.032222 0.039474
0 0.500556 0.236020 0.043333 0.041118
0 0.089444 0.148849 0.038889 0.047697
0 0.654444 0.573191 0.031111 0.037829
0 0.190556 0.617599 0.036667 0.041118
0 0.190556 0.449836 0.034444 0.041118
0 0.241667 0.407895 0.034444 0.036184
0 0.859444 0.405428 0.032222 0.041118
0 0.449444 0.492599 0.032222 0.037829
0 0.552778 0.490132 0.034444 0.042763
0 0.757778 0.280428 0.033333 0.037829
0 0.551667 0.323191 0.036667 0.041118
0 0.551667 0.365132 0.036667 0.039474
0 0.552222 0.740132 0.035556 0.046053
0 0.911667 0.273849 0.036667 0.047697
0 0.911667 0.323191 0.036667 0.044408
0 0.703333 0.144737 0.033333 0.049342
0 0.703889 0.238487 0.032222 0.042763
0 0.293333 0.659539 0.037778 0.046053
0 0.653333 0.449836 0.035556 0.041118
0 0.449444 0.573191 0.032222 0.041118
0 0.807778 0.407895 0.033333 0.039474
0 0.552222 0.405428 0.033333 0.041118
0 0.551111 0.448191 0.033333 0.041118
0 0.242778 0.827303 0.032222 0.046053
0 0.294444 0.320724 0.031111 0.039474
0 0.292222 0.363487 0.033333 0.042763
0 0.652222 0.323191 0.033333 0.041118
0 0.653333 0.530428 0.035556 0.041118
0 0.295556 0.146382 0.037778 0.046053
0 0.190556 0.574836 0.036667 0.041118
0 0.703333 0.280428 0.033333 0.041118
0 0.294444 0.236020 0.033333 0.044408
0 0.860556 0.530428 0.034444 0.044408
0 0.651111 0.146382 0.037778 0.046053
0 0.807778 0.277961 0.035556 0.046053
0 0.293333 0.574836 0.033333 0.041118
0 0.652222 0.280428 0.033333 0.041118
0 0.190556 0.360197 0.036667 0.042763
0 0.293333 0.615954 0.033333 0.037829
0 0.860556 0.445724 0.034444 0.039474
0 0.140556 0.190789 0.034444 0.049342
0 0.140556 0.240132 0.036667 0.042763
0 0.756667 0.240954 0.035556 0.044408
0 0.241111 0.532895 0.033333 0.039474
0 0.345556 0.146382 0.033333 0.049342
0 0.601111 0.280428 0.033333 0.041118
0 0.756667 0.405428 0.033333 0.041118
0 0.241667 0.447368 0.032222 0.042763
0 0.704444 0.193257 0.031111 0.044408
0 0.449444 0.532072 0.036667 0.044408
0 0.241111 0.617599 0.033333 0.041118
0 0.242778 0.745066 0.032222 0.039474
0 0.859444 0.363487 0.032222 0.039474
0 0.241111 0.490132 0.033333 0.039474
0 0.808333 0.568257 0.036667 0.047697
0 0.807778 0.324836 0.033333 0.041118
0 0.552778 0.146382 0.032222 0.049342
0 0.552222 0.699836 0.035556 0.037829
0 0.293333 0.490132 0.035556 0.039474
0 0.293333 0.277961 0.035556 0.042763
0 0.346667 0.236020 0.035556 0.044408
0 0.190556 0.323191 0.034444 0.037829
0 0.241111 0.280428 0.033333 0.041118
0 0.860556 0.486020 0.034444 0.041118
0 0.754444 0.146382 0.040000 0.049342
0 0.242778 0.367599 0.036667 0.044408
0 0.857222 0.190789 0.036667 0.042763
0 0.858889 0.142270 0.037778 0.047697
0 0.190556 0.236020 0.032222 0.047697
0 0.653333 0.407895 0.035556 0.039474
0 0.652222 0.237664 0.033333 0.047697
0 0.756111 0.448191 0.036667 0.044408
0 0.190556 0.407072 0.036667 0.044408
0 0.242778 0.323191 0.034444 0.044408
0 0.449444 0.450658 0.036667 0.042763
0 0.654444 0.613487 0.037778 0.042763
0 0.346667 0.324836 0.035556 0.041118
0 0.241667 0.662007 0.034444 0.041118
0 0.601667 0.324836 0.036667 0.044408
0 0.398333 0.236020 0.036667 0.044408
0 0.551111 0.657072 0.033333 0.044408
0 0.602778 0.146382 0.036667 0.049342
0 0.449444 0.325658 0.036667 0.042763
0 0.346111 0.190789 0.034444 0.042763
0 0.513889 0.747533 0.021111 0.024671
0 0.513889 0.722862 0.021111 0.024671
0 0.346111 0.280428 0.036667 0.044408
0 0.449444 0.277961 0.036667 0.046053
0 0.756667 0.363487 0.035556 0.039474
0 0.501667 0.443257 0.041111 0.047697
0 0.652222 0.365954 0.035556 0.044408
0 0.552778 0.240132 0.036667 0.042763
0 0.755556 0.193257 0.037778 0.047697
0 0.241667 0.191612 0.036667 0.050987
0 0.242778 0.702303 0.034444 0.039474
0 0.551111 0.195724 0.033333 0.046053
0 0.241667 0.575658 0.036667 0.042763
0 0.448333 0.405428 0.036667 0.047697
0 0.191667 0.280428 0.034444 0.041118
0 0.398333 0.280428 0.036667 0.044408
0 0.397222 0.193257 0.036667 0.044408
0 0.398889 0.144737 0.037778 0.049342
0 0.242778 0.238487 0.034444 0.042763
0 0.448333 0.617599 0.036667 0.047697
0 0.652778 0.193257 0.036667 0.041118
0 0.292222 0.447368 0.035556 0.042763
0 0.756667 0.323191 0.033333 0.041118
0 0.293333 0.405428 0.035556 0.041118
0 0.346111 0.367599 0.036667 0.047697
0 0.858333 0.323191 0.034444 0.041118
0 0.705556 0.402961 0.033333 0.036184
0 0.858333 0.236020 0.036667 0.047697
0 0.088333 0.237664 0.036667 0.047697
0 0.552778 0.612664 0.032222 0.037829
0 0.858333 0.277961 0.034444 0.042763
0 0.241111 0.784539 0.033333 0.039474
0 0.292778 0.530428 0.034444 0.041118
0 0.502778 0.340461 0.043333 0.032895
0 0.502778 0.367599 0.043333 0.034539
0 0.807222 0.488487 0.032222 0.039474
0 0.807222 0.447368 0.030000 0.036184
0 0.501111 0.483553 0.040000 0.029605
0 0.501667 0.202303 0.045556 0.029605
0 0.704444 0.362664 0.033333 0.044408
0 0.292222 0.702303 0.033333 0.039474
0 0.190556 0.657895 0.032222 0.039474
0 0.190556 0.869243 0.032222 0.037829
0 0.861667 0.907895 0.036667 0.042763
0 0.861667 0.865132 0.036667 0.042763
0 0.501667 0.171053 0.043333 0.036184
0 0.292222 0.871711 0.035556 0.046053
0 0.705556 0.532895 0.035556 0.046053
0 0.910556 0.365132 0.036667 0.039474
0 0.552222 0.787007 0.035556 0.041118
0 0.501667 0.134868 0.043333 0.036184
0 0.087778 0.363487 0.033333 0.039474
0 0.552222 0.827303 0.035556 0.046053
0 0.191667 0.742599 0.036667 0.041118
0 0.551667 0.527961 0.036667 0.032895
0 0.501667 0.268914 0.043333 0.031250
0 0.705556 0.490132 0.033333 0.042763
0 0.190556 0.784539 0.036667 0.046053
0 0.087778 0.495066 0.037778 0.039474
0 0.087222 0.405428 0.036667 0.047697
0 0.552778 0.570724 0.036667 0.046053
0 0.293333 0.740132 0.033333 0.039474
0 0.860556 0.574836 0.036667 0.044408
0 0.807222 0.365132 0.034444 0.046053
0 0.190556 0.702303 0.036667 0.042763
0 0.551667 0.867599 0.036667 0.041118
0 0.860556 0.615132 0.034444 0.036184
0 0.861111 0.740132 0.033333 0.039474
0 0.602778 0.193257 0.034444 0.047697
0 0.552778 0.912829 0.036667 0.049342
0 0.862778 0.827303 0.034444 0.039474
0 0.190556 0.532895 0.036667 0.042763
0 0.190556 0.912007 0.036667 0.047697
0 0.450556 0.362664 0.034444 0.031250
0 0.860556 0.699836 0.032222 0.041118
0 0.861667 0.782895 0.036667 0.042763
0 0.860556 0.655428 0.036667 0.041118
0 0.295556 0.914474 0.035556 0.039474
0 0.087778 0.537007 0.037778 0.044408
0 0.294444 0.782895 0.033333 0.039474
0 0.087222 0.277961 0.034444 0.036184
0 0.552778 0.282895 0.034444 0.039474
0 0.087778 0.452303 0.037778 0.042763
0 0.088333 0.320724 0.036667 0.046053
0 0.190556 0.828947 0.036667 0.042763
0 0.294444 0.190789 0.031111 0.039474
0 0.192778 0.146382 0.034444 0.042763
0 0.295556 0.827303 0.033333 0.042763
0 0.910556 0.405428 0.036667 0.047697
0 0.190556 0.492599 0.034444 0.041118
0 0.191111 0.189145 0.033333 0.042763
0 0.502778 0.302632 0.043333 0.039474
0 0.807222 0.528783 0.034444 0.037829
0 0.088333 0.193257 0.036667 0.041118
0 0.705556 0.320724 0.033333 0.039474
