0 0.5022222222222222 0.436904761904762 0.026666666666666672 0.05476190476190462
0 0.5022222222222222 0.49047619047619045 0.026666666666666672 0.042857142857142816
0 0.02888888888888889 0.6797619047619048 0.04 0.05476190476190479
0 0.028148148148148148 0.644047619047619 0.038518518518518514 0.04523809523809519
0 0.48814814814814816 0.13214285714285715 0.04296296296296298 0.05476190476190475
0 0.5051851851851852 0.5547619047619047 0.023703703703703727 0.02857142857142847
0 0.028888888888888888 0.7285714285714284 0.04296296296296297 0.061904761904761796
0 0.29185185185185186 0.2154761904761905 0.03851851851851851 0.05000000000000002
0 0.6837037037037037 0.5404761904761906 0.040000000000000036 0.042857142857142816
0 0.8148148148148149 0.4464285714285714 0.03851851851851851 0.04999999999999999
0 0.09407407407407407 0.49642857142857144 0.04296296296296295 0.050000000000000044
0 0.09407407407407407 0.4011904761904762 0.04000000000000001 0.04999999999999999
0 0.29185185185185186 0.4476190476190476 0.03851851851851851 0.04285714285714287
0 0.027407407407407408 0.49047619047619045 0.039999999999999994 0.04761904761904756
0 0.88 0.5464285714285714 0.03555555555555556 0.04523809523809508
0 0.09555555555555556 0.8809523809523809 0.037037037037037035 0.04761904761904767
0 0.22666666666666668 0.6416666666666666 0.035555555555555535 0.04999999999999993
0 0.88 0.4976190476190476 0.03851851851851862 0.05238095238095242
0 0.6822222222222223 0.8297619047619047 0.039999999999999925 0.04999999999999993
0 0.16074074074074074 0.736904761904762 0.03999999999999998 0.04999999999999993
0 0.22592592592592592 0.5916666666666668 0.04000000000000001 0.04999999999999993
0 0.6822222222222223 0.2595238095238095 0.039999999999999925 0.04285714285714287
0 0.35703703703703704 0.49642857142857144 0.03851851851851851 0.050000000000000044
0 0.9444444444444444 0.12261904761904763 0.03703703703703698 0.05
0 0.29185185185185186 0.16666666666666666 0.03851851851851851 0.047619047619047616
0 0.6185185185185185 0.7809523809523811 0.039999999999999925 0.052380952380952306
0 0.88 0.6369047619047619 0.03851851851851862 0.04523809523809519
0 0.4881481481481481 0.24047619047619045 0.03999999999999998 0.05238095238095239
0 0.6177777777777778 0.8297619047619047 0.03851851851851851 0.04999999999999993
0 0.35703703703703704 0.5416666666666667 0.04148148148148145 0.050000000000000044
0 0.8814814814814815 0.2130952380952381 0.03555555555555556 0.045238095238095244
0 0.29185185185185186 0.3119047619047619 0.03851851851851851 0.047619047619047616
0 0.29185185185185186 0.06904761904761905 0.03851851851851851 0.04761904761904762
0 0.02814814814814815 0.4011904761904762 0.04148148148148148 0.04999999999999999
0 0.16148148148148148 0.5476190476190477 0.03851851851851851 0.052380952380952306
0 0.7488888888888889 0.49642857142857144 0.03703703703703709 0.050000000000000044
0 0.5518518518518518 0.21428571428571427 0.03703703703703709 0.047619047619047616
0 0.6177777777777778 0.8797619047619047 0.041481481481481564 0.0452380952380953
0 0.8792592592592592 0.4023809523809523 0.03703703703703709 0.04285714285714298
0 0.29185185185185186 0.5940476190476192 0.03851851851851851 0.05476190476190468
0 0.35777777777777775 0.8809523809523809 0.037037037037037035 0.042857142857142816
0 0.16074074074074074 0.11547619047619048 0.03999999999999998 0.05476190476190475
0 0.02888888888888889 0.11309523809523805 0.04 0.04999999999999992
0 0.35777777777777775 0.6404761904761904 0.037037037037037035 0.04761904761904745
0 0.09407407407407407 0.2595238095238095 0.037037037037037035 0.047619047619047616
0 0.4237037037037037 0.07023809523809524 0.03851851851851851 0.049999999999999996
0 0.945925925925926 0.16666666666666666 0.03703703703703698 0.047619047619047616
0 0.5511111111111111 0.4476190476190476 0.03851851851851862 0.047619047619047616
0 0.42518518518518517 0.21666666666666667 0.03851851851851851 0.042857142857142844
0 0.35703703703703704 0.6869047619047619 0.03851851851851851 0.04999999999999993
0 0.35777777777777775 0.5916666666666668 0.037037037037037035 0.04999999999999993
0 0.09555555555555556 0.592857142857143 0.039999999999999994 0.052380952380952306
0 0.29185185185185186 0.40357142857142864 0.04148148148148145 0.04999999999999982
0 0.09407407407407407 0.4464285714285714 0.04296296296296295 0.04999999999999999
0 0.7488888888888889 0.5916666666666666 0.03703703703703709 0.04523809523809541
0 0.6185185185185185 0.5916666666666668 0.03703703703703709 0.04999999999999993
0 0.16074074074074074 0.6404761904761904 0.03999999999999998 0.04761904761904745
0 0.8148148148148148 0.2154761904761905 0.03555555555555556 0.045238095238095216
0 0.88 0.4476190476190476 0.03851851851851862 0.047619047619047616
0 0.88 0.6869047619047619 0.03851851851851862 0.04999999999999993
0 0.6177777777777778 0.5428571428571429 0.03851851851851851 0.04761904761904767
0 0.028148148148148148 0.30833333333333335 0.038518518518518514 0.04999999999999999
0 0.29185185185185186 0.5428571428571429 0.03851851851851851 0.04761904761904767
0 0.945925925925926 0.2595238095238095 0.040000000000000036 0.047619047619047616
0 0.22666666666666668 0.3547619047619047 0.038518518518518535 0.05238095238095225
0 0.22444444444444445 0.30952380952380953 0.037037037037037035 0.04285714285714287
0 0.6822222222222223 0.7857142857142857 0.039999999999999925 0.04761904761904767
0 0.5511111111111111 0.5416666666666667 0.03851851851851862 0.04523809523809519
0 0.09407407407407407 0.16428571428571426 0.04296296296296295 0.052380952380952445
0 0.4244444444444444 0.2595238095238095 0.037037037037037035 0.047619047619047616
0 0.22444444444444445 0.7857142857142857 0.037037037037037035 0.04761904761904767
0 0.5511111111111111 0.5916666666666668 0.03851851851851862 0.04999999999999993
0 0.682962962962963 0.2154761904761905 0.03851851851851851 0.05000000000000002
0 0.7481481481481482 0.8369047619047619 0.03851851851851851 0.050000000000000044
0 0.8155555555555556 0.7345238095238095 0.040000000000000036 0.04999999999999982
0 0.02888888888888889 0.5916666666666668 0.04 0.04999999999999993
0 0.8140740740740741 0.49523809523809526 0.03703703703703698 0.04761904761904767
0 0.3585185185185185 0.2154761904761905 0.03851851851851851 0.05000000000000002
0 0.6822222222222223 0.736904761904762 0.039999999999999925 0.04999999999999993
0 0.35703703703703704 0.35357142857142865 0.03555555555555556 0.050000000000000155
0 0.4244444444444444 0.30952380952380953 0.037037037037037035 0.05238095238095236
0 0.22444444444444445 0.2595238095238095 0.037037037037037035 0.047619047619047616
0 0.027407407407407408 0.16547619047619047 0.039999999999999994 0.04999999999999999
0 0.8807407407407408 0.2595238095238095 0.03703703703703709 0.05238095238095236
0 0.5511111111111111 0.35357142857142854 0.03851851851851862 0.045238095238095244
0 0.09407407407407407 0.30952380952380953 0.037037037037037035 0.04285714285714287
0 0.6185185185185185 0.40357142857142864 0.03703703703703709 0.04999999999999982
0 0.4874074074074074 0.07261904761904765 0.04148148148148145 0.05952380952380945
0 0.6185185185185185 0.21428571428571427 0.03703703703703709 0.047619047619047616
0 0.8148148148148149 0.782142857142857 0.03851851851851851 0.050000000000000155
0 0.02814814814814815 0.21428571428571427 0.04148148148148148 0.047619047619047616
0 0.16074074074074074 0.3547619047619047 0.03999999999999998 0.05238095238095225
0 0.22592592592592592 0.8321428571428571 0.04000000000000001 0.04999999999999993
0 0.88 0.5916666666666668 0.03851851851851862 0.04999999999999993
0 0.16 0.7880952380952381 0.03851851851851851 0.05238095238095242
0 0.6837037037037037 0.44880952380952377 0.03703703703703698 0.045238095238095244
0 0.6822222222222223 0.875 0.039999999999999925 0.0452380952380953
0 0.35703703703703704 0.7809523809523808 0.03851851851851851 0.04761904761904778
0 0.09555555555555556 0.11309523809523808 0.039999999999999994 0.05952380952380952
0 0.35703703703703704 0.30952380952380953 0.04148148148148145 0.04285714285714287
0 0.7488888888888889 0.2595238095238095 0.03703703703703709 0.04285714285714287
0 0.5518518518518518 0.2642857142857143 0.03703703703703709 0.05238095238095242
0 0.9444444444444444 0.07023809523809524 0.040000000000000036 0.05952380952380953
0 0.7496296296296296 0.44880952380952377 0.03851851851851851 0.045238095238095244
0 0.6837037037037037 0.636904761904762 0.040000000000000036 0.050000000000000044
0 0.8792592592592593 0.35476190476190483 0.040000000000000036 0.04761904761904778
0 0.4244444444444444 0.35476190476190483 0.037037037037037035 0.04761904761904778
0 0.02888888888888889 0.5404761904761906 0.04 0.05238095238095253
0 0.7488888888888889 0.7857142857142856 0.039999999999999925 0.05714285714285727
0 0.2911111111111111 0.2654761904761905 0.03999999999999998 0.05000000000000002
0 0.22444444444444445 0.16666666666666666 0.037037037037037035 0.047619047619047616
0 0.29185185185185186 0.11904761904761905 0.04148148148148145 0.05238095238095239
0 0.7488888888888889 0.6857142857142857 0.039999999999999925 0.05238095238095242
0 0.6837037037037037 0.5904761904761906 0.03703703703703698 0.04761904761904756
0 0.35703703703703704 0.11904761904761905 0.04148148148148145 0.05238095238095239
0 0.8140740740740741 0.2583333333333333 0.03703703703703698 0.04999999999999999
0 0.8155555555555556 0.6857142857142857 0.040000000000000036 0.05238095238095242
0 0.6822222222222223 0.6869047619047619 0.039999999999999925 0.04999999999999993
0 0.3585185185185185 0.2607142857142857 0.03851851851851851 0.04999999999999999
0 0.5518518518518518 0.16428571428571426 0.03703703703703709 0.052380952380952445
0 0.35703703703703704 0.44880952380952377 0.03851851851851851 0.045238095238095244
0 0.16074074074074074 0.2642857142857143 0.037037037037037035 0.04761904761904759
0 0.8148148148148149 0.6404761904761904 0.03851851851851851 0.04761904761904745
0 0.5511111111111111 0.40357142857142864 0.03851851851851862 0.04999999999999982
0 0.16074074074074074 0.2142857142857143 0.03999999999999998 0.05238095238095239
0 0.6822222222222223 0.16428571428571426 0.039999999999999925 0.052380952380952445
0 0.8148148148148149 0.5916666666666668 0.03851851851851851 0.04999999999999993
0 0.6177777777777778 0.2607142857142857 0.03555555555555556 0.04999999999999999
0 0.6192592592592593 0.35476190476190483 0.03555555555555556 0.04761904761904778
0 0.22592592592592592 0.11904761904761905 0.04000000000000001 0.05238095238095239
0 0.4222222222222222 0.40357142857142864 0.04148148148148145 0.04999999999999982
0 0.7488888888888889 0.16428571428571426 0.03703703703703709 0.052380952380952445
0 0.6192592592592592 0.16428571428571426 0.03851851851851851 0.052380952380952445
0 0.7488888888888889 0.5428571428571429 0.03703703703703709 0.04761904761904767
0 0.35703703703703704 0.16666666666666666 0.04148148148148145 0.047619047619047616
0 0.6185185185185185 0.30833333333333335 0.03703703703703709 0.045238095238095244
0 0.7488888888888889 0.2154761904761905 0.039999999999999925 0.05000000000000002
0 0.22666666666666668 0.4023809523809523 0.035555555555555535 0.04285714285714298
0 0.16074074074074074 0.49642857142857144 0.03999999999999998 0.050000000000000044
0 0.5051851851851852 0.5226190476190476 0.023703703703703727 0.02619047619047632
0 0.5022222222222222 0.8404761904761904 0.026666666666666672 0.033333333333333326
0 0.502962962962963 0.5845238095238094 0.0251851851851852 0.035714285714285476
0 0.8785185185185185 0.7857142857142857 0.041481481481481564 0.04761904761904767
0 0.6185185185185185 0.44880952380952377 0.03703703703703709 0.045238095238095244
0 0.35629629629629633 0.06904761904761905 0.037037037037037035 0.04761904761904762
0 0.35703703703703704 0.7345238095238095 0.03555555555555556 0.04523809523809508
0 0.6185185185185185 0.6857142857142857 0.03703703703703709 0.05238095238095242
0 0.09407407407407407 0.5428571428571429 0.04296296296296295 0.04761904761904767
0 0.945925925925926 0.2142857142857143 0.03703703703703698 0.042857142857142844
0 0.8807407407407408 0.3107142857142857 0.03703703703703709 0.04999999999999999
0 0.7496296296296296 0.40357142857142864 0.03851851851851851 0.04999999999999982
0 0.8148148148148149 0.5416666666666667 0.03851851851851851 0.050000000000000044
0 0.422962962962963 0.16666666666666669 0.03999999999999998 0.05238095238095239
0 0.35629629629629633 0.40357142857142864 0.03999999999999998 0.04999999999999982
0 0.7474074074074074 0.6357142857142857 0.040000000000000036 0.04761904761904756
0 0.7488888888888889 0.35476190476190483 0.03703703703703709 0.04761904761904778
0 0.682962962962963 0.30714285714285716 0.03851851851851851 0.047619047619047616
0 0.682962962962963 0.35357142857142865 0.03851851851851851 0.050000000000000155
0 0.8155555555555556 0.16428571428571426 0.03703703703703709 0.052380952380952445
0 0.7488888888888889 0.30714285714285716 0.039999999999999925 0.047619047619047616
0 0.682962962962963 0.40357142857142864 0.03851851851851851 0.04999999999999982
0 0.8148148148148149 0.35238095238095246 0.041481481481481564 0.05238095238095253
0 0.48962962962962964 0.35 0.040000000000000036 0.038095238095238126
0 0.48814814814814816 0.31547619047619047 0.04296296296296298 0.0357142857142857
0 0.4874074074074074 0.18452380952380953 0.04148148148148145 0.05000000000000002
0 0.48888888888888893 0.3833333333333333 0.04148148148148151 0.02380952380952378
0 0.22592592592592592 0.8809523809523809 0.04000000000000001 0.04761904761904767
0 0.8148148148148149 0.40357142857142864 0.03851851851851851 0.04999999999999982
0 0.09407407407407407 0.6428571428571428 0.04296296296296295 0.042857142857142705
0 0.22444444444444445 0.736904761904762 0.037037037037037035 0.04999999999999993
0 0.22444444444444445 0.2154761904761905 0.037037037037037035 0.045238095238095216
0 0.8148148148148149 0.8309523809523809 0.03851851851851851 0.042857142857142816
0 0.5518518518518518 0.3107142857142857 0.03703703703703709 0.045238095238095244
0 0.4237037037037037 0.12023809523809523 0.03851851851851851 0.04523809523809523
0 0.2911111111111111 0.3583333333333333 0.03999999999999998 0.04523809523809513
0 0.8155555555555556 0.3035714285714286 0.034074074074074034 0.045238095238095244
0 0.09407407407407407 0.7857142857142856 0.037037037037037035 0.05238095238095253
0 0.6192592592592592 0.6369047619047619 0.03851851851851851 0.04523809523809519
0 0.09407407407407407 0.21428571428571427 0.04000000000000001 0.047619047619047616
0 0.16074074074074074 0.6857142857142857 0.03999999999999998 0.04285714285714304
0 0.16 0.8321428571428571 0.03851851851851851 0.04523809523809519
0 0.028148148148148148 0.2595238095238095 0.038518518518518514 0.04285714285714287
0 0.35703703703703704 0.8309523809523809 0.03259259259259262 0.042857142857142816
0 0.028148148148148148 0.4476190476190476 0.038518518518518514 0.04285714285714287
0 0.09407407407407407 0.6869047619047619 0.04296296296296295 0.04999999999999993
0 0.09407407407407407 0.7357142857142857 0.04296296296296295 0.04761904761904745
0 0.8792592592592593 0.8809523809523809 0.040000000000000036 0.04761904761904767
0 0.22592592592592592 0.6869047619047619 0.04000000000000001 0.04999999999999993
0 0.7481481481481481 0.8821428571428571 0.04148148148148145 0.0357142857142857
0 0.5518518518518518 0.49642857142857144 0.03703703703703709 0.050000000000000044
0 0.16074074074074074 0.5928571428571427 0.03999999999999998 0.04285714285714304
0 0.028888888888888888 0.7869047619047619 0.037037037037037035 0.050000000000000044
0 0.09407407407407407 0.8321428571428571 0.037037037037037035 0.04523809523809519
0 0.7488888888888889 0.7345238095238095 0.03703703703703709 0.04523809523809508
0 0.027407407407407408 0.35238095238095235 0.039999999999999994 0.04285714285714287
0 0.22444444444444445 0.4464285714285714 0.037037037037037035 0.04999999999999999
0 0.502962962962963 0.875 0.0251851851851852 0.03571428571428581
0 0.16 0.40476190476190466 0.03555555555555556 0.04285714285714298
0 0.8807407407407408 0.15833333333333333 0.03703703703703709 0.04999999999999999
0 0.29185185185185186 0.49642857142857144 0.03851851851851851 0.050000000000000044
0 0.22592592592592592 0.5464285714285714 0.037037037037037035 0.04999999999999982
0 0.03037037037037037 0.8821428571428571 0.04 0.050000000000000044
0 0.8785185185185185 0.8309523809523809 0.041481481481481564 0.052380952380952306
0 0.16 0.16428571428571428 0.03851851851851851 0.04285714285714287
0 0.15999999999999998 0.8821428571428571 0.04148148148148148 0.04523809523809519
0 0.09407407407407407 0.35357142857142854 0.037037037037037035 0.045238095238095244
0 0.8118518518518518 0.8761904761904762 0.04148148148148145 0.04761904761904767
0 0.16 0.30833333333333335 0.03851851851851851 0.0404761904761905
0 0.682962962962963 0.49642857142857144 0.03555555555555556 0.050000000000000044
0 0.8785185185185185 0.736904761904762 0.041481481481481564 0.04999999999999993
0 0.6185185185185185 0.730952380952381 0.039999999999999925 0.042857142857142816
0 0.22444444444444445 0.4976190476190476 0.037037037037037035 0.05238095238095242
0 0.028888888888888888 0.8321428571428571 0.037037037037037035 0.04999999999999993
0 0.16148148148148148 0.4488095238095239 0.03851851851851851 0.050000000000000155
0 0.48888888888888893 0.7476190476190476 0.03555555555555562 0.04761904761904756
0 0.617037037037037 0.49642857142857144 0.03703703703703698 0.050000000000000044
