0 0.9466080402010051 0.6778398510242085 0.02638190954773878 0.03351955307262566
0 0.496859296482412 0.35940409683426444 0.05402010050251249 0.044692737430167606
0 0.4956030150753769 0.2495344506517691 0.051507537688442295 0.03724394785847299
0 0.4949748743718593 0.3221601489757914 0.05025125628140703 0.029795158286778367
0 0.4956030150753769 0.16945996275605213 0.0540201005025126 0.03351955307262569
0 0.5690954773869346 0.9199255121042831 0.027638190954773934 0.03724394785847296
0 0.5094221105527639 0.7783985102420856 0.023869346733668473 0.03724394785847307
0 0.2613065326633166 0.7309124767225326 0.0376884422110553 0.05027932960893855
0 0.9183417085427136 0.8230912476722533 0.025125628140703515 0.040968342644320366
0 0.04020100502512563 0.782122905027933 0.025125628140703515 0.040968342644320255
0 0.03957286432160804 0.8268156424581006 0.026381909547738693 0.04096834264432048
0 0.08605527638190955 0.35195530726256985 0.0414572864321608 0.048417132216014847
0 0.568467336683417 0.9674115456238361 0.02638190954773878 0.03165735567970196
0 0.27701005025125625 0.9199255121042831 0.026381909547738724 0.040968342644320255
0 0.4943467336683417 0.20949720670391062 0.051507537688442184 0.046554934823091254
0 0.9453517587939698 0.7281191806331471 0.02638190954773867 0.040968342644320255
0 0.4937185929648241 0.0940409683426443 0.05527638190954781 0.04283054003724392
0 0.9755025125628141 0.7281191806331471 0.02638190954773867 0.03724394785847307
0 0.4943467336683417 0.13221601489757914 0.051507537688442184 0.044692737430167606
0 0.4949748743718593 0.28305400372439476 0.05025125628140703 0.04469273743016755
0 0.6256281407035176 0.6368715083798883 0.027638190954773822 0.040968342644320366
0 0.9466080402010051 0.7746741154562384 0.02386934673366825 0.03724394785847307
0 0.9755025125628141 0.6815642458100559 0.02638190954773867 0.03724394785847307
0 0.9466080402010051 0.6350093109869646 0.02638190954773878 0.03724394785847307
0 0.9164572864321608 0.4022346368715084 0.023869346733668362 0.037243947858473014
0 0.9742462311557789 0.6340782122905027 0.023869346733668362 0.035381750465549255
0 0.5678391959798994 0.8240223463687151 0.025125628140703626 0.04283054003724396
0 0.9755025125628141 0.7756052141527001 0.02638190954773867 0.03910614525139666
0 0.9761306532663316 0.8221601489757915 0.03015075376884424 0.04283054003724396
0 0.539572864321608 0.776536312849162 0.023869346733668362 0.03724394785847296
0 0.9183417085427136 0.7793296089385475 0.025125628140703515 0.035381750465549366
0 0.539572864321608 0.9646182495344506 0.023869346733668362 0.03724394785847296
0 0.8875628140703518 0.7793296089385474 0.023869346733668362 0.03910614525139655
0 0.9459798994974875 0.3985102420856611 0.022613065326633097 0.037243947858473014
0 0.9748743718592965 0.5865921787709497 0.025125628140703515 0.03724394785847296
0 0.914572864321608 0.5400372439478585 0.027638190954773934 0.040968342644320366
0 0.9736180904522613 0.4022346368715084 0.025125628140703515 0.037243947858473014
0 0.9748743718592965 0.5381750465549349 0.027638190954773822 0.03351955307262566
0 0.9466080402010051 0.5875232774674115 0.02386934673366825 0.03910614525139666
0 0.4937185929648241 0.536312849162011 0.035175879396984966 0.040968342644320255
0 0.539572864321608 0.9189944134078212 0.023869346733668362 0.035381750465549255
0 0.5672110552763818 0.7793296089385474 0.023869346733668473 0.03910614525139655
0 0.5383165829145728 0.8249534450651769 0.02638190954773867 0.03724394785847318
0 0.14384422110552764 0.21042830540037244 0.04145728643216079 0.037243947858473014
0 0.9158291457286433 0.44506517690875236 0.025125628140703515 0.04096834264432031
0 0.5653266331658291 0.3985102420856611 0.025125628140703515 0.037243947858473014
0 0.9466080402010051 0.44506517690875236 0.02386934673366825 0.04096834264432031
0 0.5653266331658291 0.5409683426443203 0.027638190954773934 0.04655493482309114
0 0.6827889447236181 0.40130353817504655 0.023869346733668362 0.035381750465549366
0 0.4516331658291457 0.25512104283054005 0.023869346733668306 0.04096834264432028
0 0.9723618090452262 0.44506517690875236 0.025125628140703515 0.037243947858473014
0 0.9748743718592965 0.49162011173184356 0.025125628140703515 0.040968342644320255
0 0.9466080402010051 0.49162011173184356 0.02386934673366825 0.03351955307262566
0 0.42336683417085424 0.2569832402234637 0.025125628140703515 0.04096834264432028
0 0.6237437185929648 0.4022346368715084 0.023869346733668362 0.037243947858473014
0 0.5508793969849246 0.7309124767225326 0.04396984924623115 0.046554934823091254
0 0.27638190954773867 0.8221601489757915 0.025125628140703515 0.03910614525139666
0 0.37814070351758794 0.30726256983240224 0.04020100502512558 0.040968342644320366
0 0.24623115577889448 0.8240223463687151 0.02763819095477385 0.04283054003724396
0 0.2757537688442211 0.8733705772811917 0.02638190954773867 0.040968342644320255
0 0.9466080402010051 0.5381750465549348 0.02386934673366825 0.03724394785847296
0 0.6834170854271356 0.44692737430167595 0.025125628140703515 0.037243947858473014
0 0.08479899497487436 0.3026070763500931 0.0414572864321608 0.046554934823091254
0 0.24623115577889448 0.8715083798882681 0.025125628140703488 0.03724394785847296
0 0.3203517587939698 0.6843575418994413 0.040201005025125636 0.04283054003724396
0 0.5690954773869346 0.8743016759776536 0.027638190954773934 0.04283054003724396
0 0.539572864321608 0.8761638733705772 0.02638190954773867 0.03910614525139666
0 0.5961055276381909 0.590316573556797 0.023869346733668362 0.03724394785847285
0 0.5961055276381909 0.44692737430167595 0.023869346733668362 0.03351955307262572
0 0.9158291457286432 0.4925512104283054 0.027638190954773934 0.03910614525139661
0 0.8875628140703518 0.4925512104283054 0.023869346733668362 0.03910614525139661
0 0.8875628140703518 0.4003724394785847 0.02638190954773867 0.037243947858473014
0 0.6545226130653267 0.44878957169459965 0.025125628140703515 0.037243947858473014
0 0.9013819095477387 0.7271880819366853 0.041457286432160845 0.05027932960893855
0 0.14510050251256282 0.2532588454376164 0.0414572864321608 0.04469273743016758
0 0.5961055276381909 0.3985102420856611 0.023869346733668362 0.04096834264432031
0 0.24623115577889448 0.7783985102420856 0.025125628140703488 0.03724394785847307
0 0.7261306532663316 0.6303538175046555 0.03768844221105527 0.05027932960893855
0 0.27638190954773867 0.7783985102420856 0.025125628140703515 0.03724394785847307
0 0.026381909547738697 0.6834264432029795 0.04271356783919597 0.04469273743016755
0 0.9013819095477387 0.6303538175046555 0.03643216080402012 0.05027932960893855
0 0.9585427135678393 0.35474860335195535 0.042713567839196 0.0465549348230912
0 0.08605527638190955 0.2569832402234637 0.03643216080402009 0.048417132216014874
0 0.8881909547738693 0.44506517690875236 0.025125628140703515 0.04096834264432031
0 0.6551507537688442 0.4003724394785847 0.02638190954773867 0.04096834264432031
0 0.9579145728643217 0.3063314711359404 0.041457286432160845 0.050279329608938605
0 0.026381909547738693 0.2579143389199255 0.04020100502512563 0.05400372439478582
0 0.5986180904522613 0.5446927374301676 0.02638190954773867 0.03910614525139655
0 0.024497487437185935 0.7318435754189945 0.043969849246231145 0.05214152700186225
0 0.14384422110552764 0.1564245810055866 0.03894472361809047 0.06331471135940411
0 0.026381909547738693 0.3044692737430168 0.04020100502512563 0.04655493482309131
0 0.026381909547738697 0.633147113594041 0.04271356783919597 0.05586592178770955
0 0.6695979899497487 0.6834264432029795 0.03768844221105527 0.04469273743016755
0 0.785175879396985 0.35102420856610805 0.04020100502512569 0.0465549348230912
0 0.37814070351758794 0.35288640595903165 0.04020100502512558 0.054003724394785846
0 0.8417085427135679 0.20949720670391062 0.03768844221105527 0.046554934823091254
0 0.9013819095477387 0.6815642458100559 0.03894472361809043 0.048417132216014847
0 0.2613065326633166 0.6843575418994413 0.0376884422110553 0.04283054003724396
0 0.7261306532663316 0.7327746741154562 0.03768844221105527 0.054003724394785846
0 0.5665829145728644 0.4478584729981378 0.025125628140703515 0.04283054003724396
0 0.6243718592964824 0.4953445065176909 0.025125628140703515 0.037243947858473014
0 0.625 0.5893854748603352 0.02638190954773867 0.04283054003724396
0 0.37814070351758794 0.6340782122905027 0.03768844221105527 0.05027932960893844
0 0.3768844221105528 0.7346368715083799 0.03768844221105527 0.05027932960893855
0 0.8410804020100502 0.1592178770949721 0.03894472361809054 0.057728119180633114
0 0.31909547738693467 0.7309124767225326 0.042713567839196 0.05027932960893855
0 0.43592964824120606 0.6834264432029795 0.03517587939698491 0.04469273743016755
0 0.6683417085427136 0.3044692737430168 0.035175879396984966 0.04655493482309131
0 0.5973618090452262 0.494413407821229 0.02638190954773878 0.0428305400372439
0 0.2600502512562814 0.6340782122905028 0.03768844221105527 0.05772811918063314
0 0.6695979899497487 0.7318435754189945 0.04020100502512558 0.05214152700186225
0 0.8410804020100502 0.25884543761638734 0.03643216080402001 0.04469273743016758
0 0.4943467336683417 0.4404096834264432 0.046482412060301515 0.05027932960893855
0 0.7273869346733668 0.680633147113594 0.03768844221105527 0.05027932960893855
0 0.9591708542713568 0.25605214152700184 0.041457286432160845 0.05400372439478582
0 0.37814070351758794 0.6843575418994412 0.03768844221105527 0.05027932960893866
0 0.785175879396985 0.30446927374301674 0.04020100502512569 0.05027932960893855
0 0.2600502512562814 0.35474860335195535 0.03768844221105527 0.0465549348230912
0 0.6683417085427136 0.6340782122905029 0.03768844221105527 0.054003724394785846
0 0.2613065326633166 0.2541899441340782 0.0376884422110553 0.05027932960893852
0 0.2028894472361809 0.7309124767225326 0.04145728643216082 0.05027932960893855
0 0.5533919597989949 0.633147113594041 0.03894472361809054 0.05214152700186203
0 0.026381909547738697 0.35288640595903165 0.04271356783919597 0.054003724394785846
0 0.8988693467336684 0.35474860335195535 0.03894472361809043 0.0465549348230912
0 0.20100502512562815 0.2541899441340782 0.03768844221105527 0.05027932960893852
0 0.6256281407035176 0.44878957169459965 0.025125628140703515 0.037243947858473014
0 0.7261306532663316 0.351024208566108 0.04020100502512558 0.05772811918063314
0 0.14384422110552764 0.30446927374301674 0.04396984924623115 0.05027932960893855
0 0.8423366834170853 0.30446927374301674 0.041457286432160845 0.05027932960893855
0 0.5533919597989949 0.686219739292365 0.03894472361809054 0.05027932960893866
0 0.7248743718592965 0.25977653631284914 0.03768844221105527 0.05400372439478582
0 0.9013819095477387 0.2579143389199255 0.03894472361809043 0.05027932960893852
0 0.4353015075376885 0.7355679702048417 0.04145728643216079 0.05214152700186225
0 0.2028894472361809 0.6843575418994414 0.038944723618090454 0.046554934823091254
0 0.3203517587939698 0.35661080074487894 0.040201005025125636 0.050279329608938494
0 0.31909547738693467 0.633147113594041 0.03768844221105527 0.05586592178770955
0 0.4943467336683417 0.4906890130353817 0.04396984924623121 0.050279329608938494
0 0.6683417085427136 0.2541899441340782 0.03768844221105527 0.05400372439478582
0 0.4353015075376885 0.6340782122905029 0.03894472361809048 0.054003724394785846
0 0.785175879396985 0.25884543761638734 0.035175879396984855 0.04469273743016758
0 0.08479899497487436 0.20763500931098697 0.03894472361809044 0.054003724394785846
0 0.6105527638190955 0.35288640595903165 0.03768844221105527 0.050279329608938494
0 0.5533919597989949 0.30819366852886404 0.03894472361809054 0.04283054003724396
0 0.31909547738693467 0.2541899441340782 0.03768844221105527 0.05027932960893852
0 0.6683417085427136 0.35288640595903165 0.03768844221105527 0.054003724394785846
0 0.2028894472361809 0.6322160148975791 0.04145728643216082 0.054003724394785735
0 0.6105527638190955 0.2569832402234637 0.03768844221105527 0.048417132216014874
0 0.31909547738693467 0.30446927374301674 0.03768844221105527 0.05027932960893855
0 0.9001256281407035 0.3063314711359404 0.041457286432160734 0.050279329608938605
0 0.2600502512562814 0.30353817504655495 0.03768844221105527 0.04841713221601496
0 0.5527638190954774 0.3547486033519553 0.04020100502512558 0.05027932960893855
0 0.5533919597989949 0.2579143389199255 0.03894472361809054 0.05400372439478582
0 0.20100502512562815 0.30353817504655495 0.03768844221105527 0.04841713221601496
0 0.6105527638190955 0.3044692737430168 0.04020100502512569 0.04655493482309131
0 0.37814070351758794 0.2569832402234637 0.04020100502512558 0.055865921787709466
0 0.20163316582914573 0.35288640595903165 0.04145728643216079 0.054003724394785846
0 0.7839195979899497 0.20949720670391062 0.03768844221105527 0.054003724394785846
