0 0.767230 0.558903 0.036051 0.036593
0 0.336386 0.850538 0.042211 0.037933
0 0.502036 0.452279 0.037495 0.038421
0 0.361056 0.664051 0.038727 0.038689
0 0.339790 0.820775 0.038938 0.040248
0 0.492331 0.621952 0.029642 0.024606
0 0.458550 0.852214 0.022674 0.026118
0 0.494120 0.505946 0.035205 0.030356
0 0.830516 0.508444 0.037283 0.036861
0 0.867582 0.646545 0.037707 0.039980
0 0.703010 0.611567 0.038304 0.035570
0 0.690631 0.702794 0.036051 0.036593
0 0.770634 0.529139 0.037283 0.036861
0 0.560337 0.835813 0.037072 0.035302
0 0.329155 0.492556 0.040170 0.040516
0 0.383977 0.504475 0.036475 0.039712
0 0.208557 0.563466 0.035840 0.035034
0 0.202987 0.595167 0.038938 0.040248
0 0.622901 0.786001 0.037707 0.039980
0 0.616286 0.428153 0.036051 0.036593
0 0.294471 0.743493 0.038515 0.037129
0 0.291260 0.776509 0.038938 0.040248
0 0.820820 0.570554 0.034819 0.036326
0 0.730567 0.422496 0.037707 0.039980
0 0.693930 0.673810 0.040382 0.042075
0 0.840342 0.833276 0.038938 0.040248
0 0.811827 0.636831 0.037072 0.035302
0 0.123388 0.770514 0.038938 0.040248
0 0.618669 0.817190 0.037707 0.039980
0 0.808124 0.664121 0.037707 0.039980
0 0.830839 0.898639 0.037707 0.039980
0 0.735011 0.389748 0.040170 0.040516
0 0.283624 0.416834 0.040170 0.040516
0 0.234372 0.373214 0.038727 0.038689
0 0.783647 0.433234 0.037918 0.041540
0 0.835899 0.866024 0.038938 0.040248
0 0.716447 0.512542 0.039362 0.043367
0 0.185443 0.719788 0.037707 0.039980
0 0.613927 0.847465 0.035840 0.035034
0 0.282372 0.842005 0.035628 0.033475
0 0.779714 0.466896 0.034011 0.039177
0 0.181615 0.752670 0.041402 0.040784
0 0.637041 0.691143 0.034396 0.033207
0 0.119667 0.802617 0.037072 0.035302
0 0.131747 0.708916 0.038727 0.038689
0 0.128555 0.316493 0.035454 0.041004
0 0.879768 0.552064 0.038304 0.035570
0 0.888637 0.491380 0.037918 0.041540
0 0.517782 0.340913 0.042249 0.047022
0 0.307976 0.653313 0.036475 0.039712
0 0.179444 0.362074 0.037707 0.039980
0 0.724026 0.466026 0.041478 0.058961
0 0.387487 0.473932 0.034608 0.034766
0 0.370136 0.601807 0.037072 0.035302
0 0.844979 0.803780 0.037707 0.039980
0 0.406686 0.346460 0.036686 0.041272
0 0.834536 0.478815 0.037707 0.039980
0 0.726870 0.842320 0.040170 0.040516
0 0.317075 0.586257 0.035628 0.033475
0 0.135257 0.678373 0.039747 0.037397
0 0.590577 0.617625 0.036263 0.038153
0 0.194821 0.660017 0.037495 0.038421
0 0.190695 0.690426 0.037283 0.036861
0 0.594915 0.585657 0.036475 0.039712
0 0.139383 0.647964 0.039959 0.038956
0 0.666665 0.472821 0.037707 0.039980
0 0.875748 0.581694 0.038304 0.035570
0 0.173873 0.814402 0.037918 0.041540
0 0.177277 0.784639 0.038727 0.038689
0 0.484819 0.677312 0.024503 0.021975
0 0.489791 0.640665 0.022251 0.022999
0 0.494465 0.601545 0.023906 0.026386
0 0.510020 0.407457 0.034570 0.025677
0 0.512454 0.389524 0.037246 0.027773
0 0.357546 0.694594 0.037283 0.036861
0 0.515310 0.368471 0.039921 0.029868
0 0.457012 0.877567 0.026793 0.030040
0 0.497428 0.579713 0.026370 0.026921
0 0.487974 0.658733 0.026158 0.025362
0 0.883683 0.523215 0.038515 0.037129
0 0.507587 0.425391 0.037669 0.030891
0 0.492390 0.528046 0.037246 0.027773
0 0.490255 0.548453 0.035591 0.024386
0 0.319652 0.557919 0.038938 0.040248
0 0.564252 0.806964 0.037283 0.036861
0 0.479181 0.700168 0.028660 0.034986
0 0.506853 0.823382 0.036475 0.039712
0 0.456946 0.789253 0.035840 0.035034
0 0.442801 0.491578 0.036051 0.036593
0 0.124006 0.350021 0.037707 0.039980
0 0.438799 0.516395 0.032355 0.035790
0 0.605675 0.908283 0.034222 0.040736
0 0.183358 0.333225 0.037918 0.041540
0 0.822991 0.961150 0.038938 0.040248
0 0.787985 0.401265 0.040170 0.040516
0 0.849509 0.775065 0.038727 0.038689
0 0.302829 0.681895 0.038304 0.035570
0 0.609484 0.880213 0.033376 0.034498
0 0.400289 0.379586 0.034396 0.033207
0 0.287327 0.389544 0.039536 0.035838
0 0.826396 0.931387 0.040170 0.040516
0 0.366116 0.631436 0.037918 0.041540
0 0.509429 0.795044 0.036475 0.039712
0 0.127620 0.739326 0.036475 0.039712
0 0.392441 0.442098 0.034011 0.039177
0 0.119668 0.381990 0.037072 0.035302
0 0.166219 0.459539 0.037072 0.035302
0 0.858502 0.708788 0.038938 0.040248
0 0.774654 0.499510 0.037283 0.036861
0 0.677108 0.797786 0.037707 0.039980
0 0.713347 0.937312 0.036051 0.036593
0 0.620836 0.394625 0.037533 0.047510
0 0.451178 0.425167 0.037918 0.041540
0 0.568695 0.774215 0.037707 0.039980
0 0.333281 0.462147 0.039959 0.038956
0 0.862946 0.676040 0.038938 0.040248
0 0.554954 0.478233 0.035840 0.035034
0 0.312525 0.619785 0.036686 0.041272
0 0.446628 0.458695 0.037707 0.039980
0 0.199775 0.628183 0.038938 0.040248
0 0.893186 0.457852 0.037707 0.039980
0 0.413838 0.672315 0.035031 0.037885
0 0.825456 0.541059 0.036475 0.039712
0 0.676274 0.406678 0.039150 0.041807
0 0.102827 0.510778 0.036475 0.039712
0 0.501177 0.855863 0.038938 0.040248
0 0.148165 0.583247 0.040170 0.040516
0 0.144953 0.616263 0.040170 0.040516
0 0.722234 0.871815 0.041402 0.040784
0 0.717790 0.904563 0.038938 0.040248
0 0.343618 0.787892 0.040170 0.040516
0 0.641061 0.661513 0.040594 0.043635
0 0.175212 0.393263 0.037707 0.039980
0 0.785414 0.822136 0.037918 0.041540
0 0.298386 0.714643 0.039150 0.041807
0 0.286710 0.810037 0.036686 0.041272
0 0.424044 0.611119 0.038938 0.040248
0 0.153840 0.550767 0.037707 0.039980
0 0.853953 0.742316 0.039150 0.041807
0 0.353737 0.722664 0.037707 0.039980
0 0.419706 0.643088 0.036686 0.041272
0 0.838470 0.445153 0.039573 0.044926
0 0.396885 0.409349 0.036475 0.039712
0 0.699095 0.640416 0.038938 0.040248
0 0.325327 0.525438 0.038938 0.040248
0 0.279181 0.449582 0.040170 0.040516
0 0.711791 0.546850 0.038938 0.040248
0 0.799660 0.726499 0.037707 0.039980
0 0.627644 0.755725 0.036686 0.041272
0 0.681128 0.768157 0.037707 0.039980
0 0.115647 0.411619 0.037495 0.038421
0 0.586239 0.649594 0.039362 0.043367
0 0.649227 0.596662 0.036263 0.038153
0 0.428680 0.581624 0.035243 0.039445
0 0.157245 0.521004 0.038515 0.037129
0 0.295810 0.322354 0.039150 0.041807
0 0.632193 0.722197 0.036898 0.042831
0 0.870794 0.613528 0.040170 0.040516
0 0.530907 0.636761 0.036263 0.038153
0 0.645505 0.628765 0.037283 0.036861
0 0.346805 0.367155 0.038304 0.035570
0 0.456343 0.391773 0.036475 0.039712
0 0.389976 0.862189 0.036051 0.036593
0 0.663366 0.501804 0.038727 0.038689
0 0.816376 0.603303 0.038130 0.043099
0 0.291665 0.357575 0.040594 0.043635
0 0.608121 0.493004 0.035031 0.037885
0 0.348677 0.755278 0.038938 0.040248
0 0.541430 0.573226 0.037495 0.038421
0 0.568073 0.381548 0.036686 0.041272
0 0.551450 0.901310 0.037495 0.038421
0 0.611843 0.460901 0.036475 0.039712
0 0.337619 0.430179 0.040170 0.040516
0 0.748858 0.684950 0.038938 0.040248
0 0.496541 0.885358 0.037707 0.039980
0 0.524291 0.699540 0.039959 0.038956
0 0.240259 0.339174 0.042460 0.048581
0 0.407010 0.736654 0.038727 0.038689
0 0.795216 0.759247 0.037707 0.039980
0 0.735950 0.780076 0.036475 0.039712
0 0.220232 0.468072 0.038727 0.038689
0 0.762998 0.590092 0.036475 0.039712
0 0.460382 0.357332 0.041017 0.046754
0 0.802554 0.695822 0.037918 0.041540
0 0.111925 0.443722 0.038515 0.037129
0 0.582113 0.680003 0.035840 0.035034
0 0.224763 0.439356 0.040170 0.040516
0 0.788925 0.791593 0.038938 0.040248
0 0.170557 0.427571 0.041017 0.046754
0 0.572821 0.743806 0.037495 0.038421
0 0.555893 0.868562 0.037918 0.041540
0 0.411964 0.704820 0.035243 0.039445
0 0.577775 0.711972 0.036475 0.039712
0 0.731208 0.810351 0.037918 0.041540
0 0.528118 0.666658 0.039150 0.041807
0 0.402884 0.767063 0.038938 0.040248
0 0.740394 0.747328 0.036475 0.039712
0 0.216405 0.500954 0.037918 0.041540
0 0.604206 0.521853 0.035243 0.039445
0 0.107376 0.477250 0.036686 0.041272
0 0.351354 0.333627 0.039785 0.046486
0 0.342678 0.397564 0.041402 0.040784
0 0.229312 0.405828 0.040382 0.042075
0 0.744732 0.715359 0.036263 0.038153
0 0.671301 0.443325 0.039362 0.043367
0 0.378917 0.537090 0.037707 0.039980
0 0.515211 0.761784 0.039150 0.041807
0 0.659029 0.533773 0.036475 0.039712
0 0.654479 0.567301 0.036686 0.041272
0 0.211451 0.532789 0.038938 0.040248
0 0.518422 0.728768 0.038727 0.038689
0 0.550000 0.510068 0.037707 0.039980
0 0.394612 0.832694 0.035243 0.039445
0 0.558869 0.449384 0.038938 0.040248
0 0.398440 0.799812 0.036475 0.039712
0 0.754534 0.652469 0.038938 0.040248
0 0.757938 0.622706 0.037707 0.039980
0 0.161582 0.489035 0.039150 0.041807
0 0.545451 0.543596 0.037918 0.041540
0 0.686188 0.735542 0.038938 0.040248
0 0.707348 0.579598 0.038938 0.040248
0 0.373858 0.569704 0.038938 0.040248
0 0.599041 0.555248 0.036686 0.041272
0 0.434356 0.549143 0.037707 0.039980
0 0.563418 0.415856 0.039150 0.041807
0 0.536477 0.605060 0.038938 0.040248
