0 0.771250 0.500791 0.032500 0.030063
0 0.385625 0.880538 0.038750 0.030063
0 0.495625 0.452532 0.033750 0.031646
0 0.385000 0.691456 0.035000 0.031646
0 0.385000 0.850475 0.035000 0.033228
0 0.508750 0.621835 0.027500 0.018987
0 0.506250 0.856013 0.020000 0.022152
0 0.495000 0.507120 0.032500 0.023734
0 0.826875 0.437500 0.033750 0.030063
0 0.881875 0.565665 0.033750 0.033228
0 0.715000 0.566456 0.035000 0.028481
0 0.715000 0.659019 0.032500 0.030063
0 0.770625 0.470728 0.033750 0.030063
0 0.604375 0.818038 0.033750 0.028481
0 0.330625 0.529272 0.036250 0.033228
0 0.386250 0.529272 0.032500 0.033228
0 0.221250 0.625000 0.032500 0.028481
0 0.220000 0.657437 0.035000 0.033228
0 0.659375 0.755538 0.033750 0.033228
0 0.605000 0.404272 0.032500 0.030063
0 0.330000 0.784019 0.035000 0.030063
0 0.331250 0.817247 0.035000 0.033228
0 0.825625 0.500791 0.031250 0.030063
0 0.716875 0.374209 0.033750 0.033228
0 0.714375 0.629747 0.036250 0.034810
0 0.880000 0.755538 0.035000 0.033228
0 0.825625 0.568038 0.033750 0.028481
0 0.165000 0.847310 0.035000 0.033228
0 0.659375 0.787184 0.033750 0.033228
0 0.825625 0.595728 0.033750 0.033228
0 0.879375 0.821994 0.033750 0.033228
0 0.716875 0.340981 0.036250 0.033228
0 0.275625 0.464399 0.036250 0.033228
0 0.221250 0.431962 0.035000 0.031646
0 0.770625 0.373418 0.033750 0.034810
0 0.880000 0.788766 0.035000 0.033228
0 0.715000 0.465981 0.035000 0.036392
0 0.219375 0.784019 0.033750 0.033228
0 0.658750 0.818038 0.032500 0.028481
0 0.331250 0.883703 0.032500 0.026899
0 0.771250 0.407437 0.030000 0.033228
0 0.220000 0.817247 0.037500 0.033228
0 0.660625 0.659019 0.031250 0.026899
0 0.165625 0.879747 0.033750 0.028481
0 0.165000 0.784810 0.035000 0.031646
0 0.109375 0.398734 0.031250 0.034810
0 0.881250 0.469937 0.035000 0.028481
0 0.881875 0.408228 0.033750 0.034810
0 0.496250 0.339399 0.037500 0.039557
0 0.331250 0.692247 0.032500 0.033228
0 0.165625 0.432753 0.033750 0.033228
0 0.716250 0.418513 0.035000 0.052215
0 0.385625 0.498418 0.031250 0.028481
0 0.385625 0.628165 0.033750 0.028481
0 0.880625 0.725475 0.033750 0.033228
0 0.387500 0.368671 0.032500 0.034810
0 0.826875 0.407437 0.033750 0.033228
0 0.769375 0.788766 0.036250 0.033228
0 0.331250 0.624209 0.032500 0.026899
0 0.164375 0.753956 0.036250 0.030063
0 0.605000 0.596519 0.032500 0.031646
0 0.220625 0.723101 0.033750 0.031646
0 0.220625 0.753956 0.033750 0.030063
0 0.605000 0.564082 0.032500 0.033228
0 0.164375 0.723101 0.036250 0.031646
0 0.660625 0.437500 0.033750 0.033228
0 0.881250 0.500000 0.035000 0.028481
0 0.220625 0.879747 0.033750 0.034810
0 0.220000 0.849684 0.035000 0.031646
0 0.508750 0.678006 0.022500 0.017405
0 0.508750 0.640823 0.020000 0.018987
0 0.508125 0.601266 0.021250 0.022152
0 0.497500 0.406646 0.032500 0.018987
0 0.497500 0.388449 0.035000 0.020570
0 0.385625 0.722310 0.033750 0.030063
0 0.497500 0.367089 0.037500 0.022152
0 0.508125 0.881329 0.023750 0.025316
0 0.508125 0.579114 0.023750 0.022152
0 0.509375 0.659019 0.023750 0.020570
0 0.881250 0.440665 0.035000 0.030063
0 0.497500 0.424842 0.035000 0.023734
0 0.496250 0.529272 0.035000 0.020570
0 0.496875 0.549842 0.033750 0.017405
0 0.330000 0.595728 0.035000 0.033228
0 0.604375 0.788766 0.033750 0.030063
0 0.506250 0.701741 0.025000 0.030063
0 0.550000 0.817247 0.032500 0.033228
0 0.496250 0.794304 0.032500 0.028481
0 0.442500 0.503956 0.032500 0.030063
0 0.109375 0.432753 0.033750 0.033228
0 0.441875 0.529272 0.028750 0.030063
0 0.658750 0.879747 0.030000 0.034810
0 0.165625 0.403481 0.033750 0.034810
0 0.880000 0.885285 0.035000 0.033228
0 0.770625 0.340981 0.036250 0.033228
0 0.881250 0.696203 0.035000 0.031646
0 0.330000 0.721519 0.035000 0.028481
0 0.658750 0.851266 0.030000 0.028481
0 0.385625 0.402690 0.031250 0.026899
0 0.275625 0.436709 0.036250 0.028481
0 0.879375 0.855222 0.036250 0.033228
0 0.385625 0.658228 0.033750 0.034810
0 0.548750 0.788766 0.032500 0.033228
0 0.165000 0.815665 0.032500 0.033228
0 0.386250 0.465981 0.030000 0.033228
0 0.109375 0.465190 0.033750 0.028481
0 0.165625 0.531646 0.033750 0.028481
0 0.881250 0.628956 0.035000 0.033228
0 0.770625 0.440665 0.033750 0.030063
0 0.714375 0.755538 0.033750 0.033228
0 0.768750 0.885285 0.032500 0.030063
0 0.605000 0.370253 0.032500 0.041139
0 0.441875 0.436709 0.033750 0.034810
0 0.604375 0.755538 0.033750 0.033228
0 0.330625 0.498418 0.036250 0.031646
0 0.881250 0.595728 0.035000 0.033228
0 0.551250 0.466772 0.032500 0.028481
0 0.331250 0.658228 0.032500 0.034810
0 0.441875 0.470728 0.033750 0.033228
0 0.221250 0.690665 0.035000 0.033228
0 0.881875 0.374209 0.033750 0.033228
0 0.438125 0.688291 0.031250 0.031646
0 0.826250 0.470728 0.032500 0.033228
0 0.661250 0.370253 0.035000 0.034810
0 0.110000 0.595728 0.032500 0.033228
0 0.548750 0.850475 0.035000 0.033228
0 0.164375 0.657437 0.036250 0.033228
0 0.165625 0.690665 0.036250 0.033228
0 0.768750 0.818829 0.037500 0.033228
0 0.768750 0.852057 0.035000 0.033228
0 0.384375 0.817247 0.036250 0.033228
0 0.660625 0.628956 0.036250 0.036392
0 0.165625 0.464399 0.033750 0.033228
0 0.824375 0.756329 0.033750 0.034810
0 0.330000 0.754747 0.035000 0.034810
0 0.331250 0.851266 0.032500 0.034810
0 0.440000 0.625791 0.035000 0.033228
0 0.165625 0.624209 0.033750 0.033228
0 0.881250 0.662975 0.035000 0.034810
0 0.385625 0.750791 0.033750 0.033228
0 0.440000 0.658228 0.032500 0.034810
0 0.826250 0.373418 0.035000 0.037975
0 0.386250 0.432753 0.032500 0.033228
0 0.715000 0.595728 0.035000 0.033228
0 0.331250 0.562500 0.035000 0.033228
0 0.275625 0.497627 0.036250 0.033228
0 0.715000 0.500791 0.035000 0.033228
0 0.825625 0.659019 0.033750 0.033228
0 0.660000 0.724684 0.032500 0.034810
0 0.714375 0.725475 0.033750 0.033228
0 0.109375 0.495253 0.033750 0.031646
0 0.605000 0.628956 0.035000 0.036392
0 0.660000 0.563291 0.032500 0.031646
0 0.440625 0.595728 0.031250 0.033228
0 0.165000 0.594146 0.035000 0.030063
0 0.275000 0.368671 0.035000 0.034810
0 0.660000 0.690665 0.032500 0.036392
0 0.880625 0.532437 0.036250 0.033228
0 0.548750 0.628165 0.032500 0.031646
0 0.660625 0.595728 0.033750 0.030063
0 0.331250 0.401899 0.035000 0.028481
0 0.442500 0.402690 0.032500 0.033228
0 0.440000 0.880538 0.032500 0.030063
0 0.661250 0.466772 0.035000 0.031646
0 0.825625 0.534019 0.033750 0.036392
0 0.275625 0.404272 0.036250 0.036392
0 0.605625 0.469937 0.031250 0.031646
0 0.385000 0.784019 0.035000 0.033228
0 0.550625 0.563291 0.033750 0.031646
0 0.551250 0.368671 0.032500 0.034810
0 0.604375 0.884494 0.033750 0.031646
0 0.605000 0.437500 0.032500 0.033228
0 0.330625 0.465981 0.036250 0.033228
0 0.770000 0.628956 0.035000 0.033228
0 0.548125 0.880538 0.033750 0.033228
0 0.550625 0.691456 0.036250 0.031646
0 0.222500 0.397152 0.037500 0.041139
0 0.440000 0.753165 0.035000 0.031646
0 0.825625 0.692247 0.033750 0.033228
0 0.770000 0.725475 0.032500 0.033228
0 0.220000 0.528481 0.035000 0.031646
0 0.771250 0.532437 0.032500 0.033228
0 0.441875 0.367880 0.036250 0.039557
0 0.824375 0.628165 0.033750 0.034810
0 0.110000 0.527690 0.035000 0.030063
0 0.605000 0.659810 0.032500 0.028481
0 0.220625 0.499209 0.036250 0.033228
0 0.823750 0.725475 0.035000 0.033228
0 0.165625 0.499209 0.036250 0.039557
0 0.604375 0.724684 0.033750 0.031646
0 0.604375 0.851266 0.033750 0.034810
0 0.440625 0.720728 0.031250 0.033228
0 0.605000 0.692247 0.032500 0.033228
0 0.769375 0.756329 0.033750 0.034810
0 0.550000 0.658228 0.035000 0.034810
0 0.440000 0.784019 0.035000 0.033228
0 0.770000 0.692247 0.032500 0.033228
0 0.220625 0.561709 0.033750 0.034810
0 0.605625 0.499209 0.031250 0.033228
0 0.110000 0.561709 0.032500 0.034810
0 0.331250 0.367880 0.035000 0.039557
0 0.331250 0.432753 0.037500 0.033228
0 0.220625 0.465190 0.036250 0.034810
0 0.770000 0.659810 0.032500 0.031646
0 0.661250 0.407437 0.035000 0.036392
0 0.385625 0.562500 0.033750 0.033228
0 0.550000 0.754747 0.035000 0.034810
0 0.661250 0.499209 0.032500 0.033228
0 0.661250 0.533228 0.032500 0.034810
0 0.220000 0.594146 0.035000 0.033228
0 0.548750 0.721519 0.035000 0.031646
0 0.550625 0.499209 0.033750 0.033228
0 0.440625 0.850475 0.031250 0.033228
0 0.551250 0.437500 0.035000 0.033228
0 0.440000 0.817247 0.032500 0.033228
0 0.771250 0.595728 0.035000 0.033228
0 0.770625 0.565665 0.033750 0.033228
0 0.165000 0.561709 0.035000 0.034810
0 0.550625 0.533228 0.033750 0.034810
0 0.715000 0.692247 0.035000 0.033228
0 0.715000 0.534019 0.035000 0.033228
0 0.385000 0.595728 0.035000 0.033228
0 0.605000 0.533228 0.032500 0.034810
0 0.441875 0.562500 0.033750 0.033228
0 0.551250 0.403481 0.035000 0.034810
0 0.550000 0.595728 0.035000 0.033228
