0 0.959281 0.310256 0.035928 0.039316
0 0.516168 0.112821 0.047904 0.037607
0 0.735329 0.307692 0.035928 0.044444
0 0.792216 0.611966 0.039521 0.044444
0 0.349102 0.178632 0.039521 0.049573
0 0.349102 0.129060 0.039521 0.049573
0 0.405988 0.127350 0.040719 0.049573
0 0.792216 0.658120 0.039521 0.044444
0 0.848503 0.654701 0.034731 0.044444
0 0.792814 0.742735 0.038323 0.046154
0 0.405389 0.178632 0.041916 0.052991
0 0.794012 0.525641 0.040719 0.046154
0 0.792216 0.264103 0.039521 0.049573
0 0.792216 0.481197 0.041916 0.042735
0 0.847305 0.524786 0.039521 0.044444
0 0.127545 0.126496 0.041916 0.054701
0 0.793413 0.570085 0.039521 0.042735
0 0.348503 0.307692 0.040719 0.044444
0 0.682635 0.569231 0.038323 0.047863
0 0.848503 0.176068 0.041916 0.054701
0 0.237725 0.174359 0.039521 0.044444
0 0.235928 0.352137 0.040719 0.047863
0 0.293413 0.175214 0.043114 0.046154
0 0.181437 0.127350 0.041916 0.049573
0 0.902395 0.397436 0.041916 0.046154
0 0.180838 0.264103 0.043114 0.049573
0 0.680240 0.655556 0.038323 0.049573
0 0.847305 0.311111 0.039521 0.044444
0 0.736527 0.570085 0.035928 0.046154
0 0.681437 0.480342 0.040719 0.047863
0 0.461677 0.172650 0.041916 0.047863
0 0.237725 0.125641 0.041916 0.049573
0 0.847305 0.355556 0.039521 0.041026
0 0.792216 0.788034 0.039521 0.044444
0 0.847305 0.611966 0.037126 0.044444
0 0.847305 0.397436 0.037126 0.042735
0 0.461677 0.127350 0.041916 0.049573
0 0.679641 0.309402 0.039521 0.044444
0 0.737725 0.616239 0.038323 0.046154
0 0.737725 0.700000 0.038323 0.049573
0 0.681437 0.785470 0.040719 0.046154
0 0.901198 0.483761 0.039521 0.047863
0 0.792216 0.699145 0.034731 0.041026
0 0.236527 0.305983 0.039521 0.044444
0 0.847305 0.267521 0.039521 0.046154
0 0.737725 0.525641 0.035928 0.042735
0 0.848503 0.697436 0.039521 0.044444
0 0.236527 0.438462 0.039521 0.046154
0 0.736527 0.481197 0.033533 0.042735
0 0.903593 0.218803 0.041916 0.054701
0 0.792814 0.308547 0.035928 0.042735
0 0.292216 0.439316 0.040719 0.044444
0 0.292216 0.352137 0.040719 0.044444
0 0.570659 0.263248 0.034731 0.044444
0 0.348503 0.352991 0.040719 0.046154
0 0.736527 0.438462 0.035928 0.042735
0 0.292216 0.266667 0.040719 0.044444
0 0.181437 0.214530 0.041916 0.046154
0 0.737725 0.829060 0.040719 0.044444
0 0.680240 0.350427 0.035928 0.044444
0 0.292216 0.223077 0.040719 0.046154
0 0.237725 0.219658 0.039521 0.046154
0 0.735329 0.394872 0.035928 0.041026
0 0.847305 0.438462 0.037126 0.042735
0 0.682635 0.916239 0.035928 0.047863
0 0.794012 0.916239 0.040719 0.047863
0 0.292216 0.394872 0.035928 0.044444
0 0.570659 0.214530 0.034731 0.046154
0 0.736527 0.915385 0.040719 0.046154
0 0.903593 0.830769 0.039521 0.047863
0 0.679042 0.264957 0.038323 0.044444
0 0.236527 0.524786 0.041916 0.044444
0 0.735329 0.266667 0.035928 0.044444
0 0.848503 0.828205 0.039521 0.042735
0 0.847305 0.480342 0.039521 0.044444
0 0.792216 0.829060 0.039521 0.044444
0 0.902395 0.311111 0.041916 0.044444
0 0.903593 0.658120 0.039521 0.044444
0 0.902395 0.352991 0.039521 0.039316
0 0.959281 0.397436 0.040719 0.046154
0 0.792216 0.352137 0.039521 0.044444
0 0.848503 0.872650 0.039521 0.049573
0 0.680240 0.741880 0.038323 0.044444
0 0.236527 0.396581 0.039521 0.041026
0 0.461677 0.220513 0.041916 0.044444
0 0.902395 0.785470 0.034731 0.042735
0 0.903593 0.570940 0.037126 0.044444
0 0.737725 0.785470 0.040719 0.046154
0 0.181437 0.171795 0.041916 0.039316
0 0.569461 0.311966 0.037126 0.049573
0 0.680240 0.397436 0.038323 0.046154
0 0.903593 0.613675 0.039521 0.044444
0 0.901198 0.742735 0.037126 0.046154
0 0.847305 0.569231 0.039521 0.044444
0 0.462874 0.264103 0.039521 0.042735
0 0.849701 0.741026 0.039521 0.046154
0 0.681437 0.612821 0.033533 0.039316
0 0.961677 0.658974 0.043114 0.049573
0 0.902395 0.529060 0.034731 0.039316
0 0.902395 0.700855 0.039521 0.044444
0 0.681437 0.527350 0.035928 0.039316
0 0.792216 0.397436 0.039521 0.046154
0 0.625749 0.263248 0.037126 0.044444
0 0.902395 0.267521 0.039521 0.042735
0 0.792814 0.439316 0.038323 0.041026
0 0.901198 0.441880 0.037126 0.039316
0 0.848503 0.223077 0.039521 0.042735
0 0.293413 0.524786 0.040719 0.047863
0 0.625150 0.311966 0.038323 0.046154
0 0.959281 0.441026 0.040719 0.044444
0 0.959281 0.264957 0.035928 0.047863
0 0.849701 0.917094 0.039521 0.039316
0 0.235928 0.612821 0.043114 0.046154
0 0.736527 0.658120 0.035928 0.041026
0 0.792216 0.870085 0.039521 0.044444
0 0.680240 0.699145 0.035928 0.041026
0 0.736527 0.350427 0.038323 0.044444
0 0.292216 0.482051 0.040719 0.044444
0 0.516168 0.288034 0.045509 0.039316
0 0.460479 0.349573 0.039521 0.046154
0 0.461677 0.305983 0.041916 0.041026
0 0.515569 0.436752 0.039521 0.049573
0 0.517964 0.324786 0.044311 0.034188
0 0.459880 0.396581 0.038323 0.047863
0 0.293413 0.128205 0.043114 0.051282
0 0.516766 0.252991 0.046707 0.030769
0 0.974850 0.570085 0.021557 0.032479
0 0.517964 0.352137 0.044311 0.037607
0 0.516168 0.180342 0.047904 0.032479
0 0.516168 0.150427 0.045509 0.037607
0 0.961078 0.486325 0.041916 0.046154
0 0.959880 0.529915 0.041916 0.044444
0 0.069461 0.123077 0.035928 0.051282
0 0.236527 0.483761 0.041916 0.044444
0 0.236527 0.264957 0.039521 0.044444
0 0.292216 0.308547 0.040719 0.042735
0 0.348503 0.264957 0.038323 0.041026
0 0.681437 0.829915 0.035928 0.039316
0 0.960479 0.610256 0.040719 0.047863
0 0.959281 0.350427 0.040719 0.044444
0 0.680240 0.440171 0.035928 0.039316
0 0.737725 0.743590 0.035928 0.037607
0 0.736527 0.870940 0.040719 0.042735
0 0.235329 0.570085 0.041916 0.046154
0 0.680240 0.868376 0.035928 0.041026
0 0.234731 0.657265 0.043114 0.042735
0 0.849701 0.784615 0.037126 0.044444
0 0.516168 0.217094 0.045509 0.044444
0 0.348503 0.223932 0.038323 0.041026
