0 0.27723577235772356 0.3696763202725724 0.04390243902439017 0.040885860306643984
0 0.9073170731707317 0.8449744463373083 0.04878048780487809 0.040885860306643984
0 0.14065040650406502 0.528960817717206 0.04390243902439027 0.035775127768313486
0 0.526829268292683 0.23594548551959113 0.039024390243902474 0.039182282793867096
0 0.9081300813008131 0.3696763202725724 0.04390243902439017 0.03747870528109032
0 0.708130081300813 0.528960817717206 0.04390243902439028 0.03918228279386715
0 0.578048780487805 0.37137989778534924 0.04390243902439017 0.03747870528109032
0 0.578048780487805 0.5672913117546848 0.04390243902439017 0.03407155025553665
0 0.7731707317073171 0.7649063032367973 0.04390243902439028 0.03747870528109032
0 0.13983739837398373 0.8049403747870528 0.045528455284552835 0.042589437819420706
0 0.7089430894308943 0.7265758091993186 0.04227642276422772 0.03918228279386715
0 0.9056910569105692 0.6899488926746167 0.04552845528455285 0.03747870528109032
0 0.9081300813008131 0.727427597955707 0.04390243902439017 0.03747870528109032
0 0.14146341463414636 0.45059625212947185 0.04878048780487805 0.04258943781942076
0 0.6430894308943089 0.645655877342419 0.04390243902439028 0.03747870528109021
0 0.07235772357723577 0.28449744463373083 0.04715447154471543 0.040885860306643984
0 0.208130081300813 0.8841567291311755 0.04878048780487804 0.040885860306643984
0 0.2764227642276422 0.3287904599659285 0.04552845528455279 0.03747870528109026
0 0.9081300813008131 0.56984667802385 0.04390243902439017 0.035775127768313486
0 0.4739837398373984 0.2870528109028961 0.04065040650406504 0.04599659284497448
0 0.2764227642276422 0.44804088586030666 0.04552845528455279 0.03747870528109026
0 0.8414634146341463 0.37137989778534924 0.04390243902439028 0.03747870528109032
0 0.5796747967479674 0.33219761499148215 0.043902439024390394 0.04088586030664393
0 0.7764227642276422 0.3313458262350937 0.04390243902439017 0.04258943781942076
0 0.34471544715447155 0.17120954003407157 0.04878048780487804 0.045996592844974454
0 0.208130081300813 0.924190800681431 0.04552845528455285 0.035775127768313375
0 0.2780487804878049 0.2495741056218058 0.04552845528455285 0.039182282793867096
0 0.6414634146341462 0.7265758091993186 0.04390243902439017 0.03918228279386715
0 0.2089430894308943 0.768313458262351 0.043902439024390255 0.04088586030664387
0 0.9056910569105692 0.8049403747870528 0.04552845528455285 0.03918228279386704
0 0.5764227642276423 0.8040885860306644 0.043902439024390394 0.04088586030664387
0 0.4739837398373984 0.4471890971039182 0.04390243902439023 0.04258943781942076
0 0.07235772357723577 0.9250425894378194 0.04390243902439025 0.04088586030664387
0 0.5764227642276423 0.6448040885860307 0.043902439024390394 0.042589437819420706
0 0.2764227642276422 0.41056218057921634 0.04552845528455279 0.04088586030664393
0 0.840650406504065 0.9250425894378194 0.04552845528455285 0.03747870528109021
0 0.9747967479674797 0.56984667802385 0.04390243902439017 0.035775127768313486
0 0.13983739837398373 0.8875638841567292 0.04878048780487804 0.040885860306643984
0 0.7739837398373983 0.645655877342419 0.04227642276422772 0.03407155025553654
0 0.4739837398373984 0.4071550255536627 0.04065040650406504 0.030664395229982933
0 0.3439024390243902 0.4514480408858603 0.04390243902439028 0.04088586030664393
0 0.8422764227642277 0.8040885860306644 0.039024390243902474 0.03747870528109021
0 0.7056910569105691 0.9250425894378194 0.04552845528455274 0.03747870528109021
0 0.2780487804878049 0.20272572402044292 0.04878048780487809 0.04429301533219762
0 0.7056910569105691 0.8841567291311755 0.04552845528455274 0.040885860306643984
0 0.4772357723577236 0.5672913117546848 0.0373983739837398 0.03407155025553665
0 0.9089430894308943 0.29045996592844975 0.042276422764227606 0.04258943781942082
0 0.13983739837398373 0.8466780238500852 0.04878048780487804 0.040885860306643984
0 0.9081300813008131 0.651618398637138 0.04390243902439017 0.03918228279386704
0 0.20894308943089435 0.36541737649063033 0.04065040650406507 0.035775127768313486
0 0.8398373983739837 0.7649063032367973 0.04065040650406504 0.03747870528109032
0 0.3439024390243902 0.49148211243611584 0.040650406504065095 0.03577512776831343
0 0.9056910569105692 0.924190800681431 0.04878048780487798 0.03918228279386704
0 0.5284552845528456 0.2734241908006814 0.039024390243902585 0.035775127768313486
0 0.6414634146341462 0.8807495741056218 0.04390243902439017 0.03747870528109032
0 0.208130081300813 0.3253833049403748 0.04552845528455285 0.04088586030664393
0 0.5292682926829269 0.4063032367972743 0.034146341463414664 0.0289608177172061
0 0.2902439024390244 0.48551959114139687 0.034146341463414664 0.030664395229982933
0 0.47560975609756095 0.7614991482112436 0.04390243902439023 0.03407155025553665
0 0.9747967479674797 0.6482112436115843 0.047154471544715526 0.04599659284497437
0 0.34227642276422765 0.20868824531516184 0.050406504065040714 0.025553662691652462
0 0.5276422764227642 0.3594548551959114 0.03739837398373991 0.023850085178875657
0 0.5300813008130081 0.38245315161839866 0.029268292682926744 0.02214650766609877
0 0.5292682926829269 0.338160136286201 0.034146341463414664 0.02555366269165249
0 0.5764227642276423 0.6856899488926746 0.043902439024390394 0.03918228279386715
0 0.9739837398373983 0.29131175468483816 0.04552845528455285 0.040885860306643984
0 0.9089430894308943 0.49063032367972736 0.039024390243902474 0.04088586030664393
0 0.2089430894308943 0.8466780238500852 0.04715447154471544 0.03747870528109032
0 0.7113821138211383 0.37137989778534924 0.04390243902439006 0.03747870528109032
0 0.07154471544715447 0.6831345826235093 0.04552845528455285 0.03747870528109032
0 0.47560975609756095 0.7257240204429302 0.04390243902439023 0.040885860306643984
0 0.6430894308943089 0.45059625212947185 0.04390243902439028 0.04258943781942076
0 0.20731707317073172 0.5264054514480409 0.04390243902439028 0.03747870528109032
0 0.13902439024390245 0.686541737649063 0.04390243902439024 0.03747870528109032
0 0.708130081300813 0.41056218057921634 0.04390243902439028 0.04088586030664393
0 0.578048780487805 0.5264054514480409 0.04390243902439017 0.040885860306643984
0 0.208130081300813 0.4071550255536627 0.04552845528455285 0.04088586030664393
0 0.5772357723577235 0.606473594548552 0.04552845528455285 0.040885860306643984
0 0.7089430894308943 0.5672913117546848 0.04227642276422772 0.03747870528109032
0 0.208130081300813 0.5664395229982964 0.04552845528455285 0.04258943781942082
0 0.6422764227642276 0.41056218057921634 0.042276422764227606 0.03747870528109026
0 0.7747967479674797 0.5672913117546848 0.04390243902439028 0.03747870528109032
0 0.8430894308943089 0.4514480408858603 0.04390243902439017 0.03747870528109026
0 0.6422764227642277 0.2879045996592845 0.04552845528455285 0.040885860306643984
0 0.708130081300813 0.48892674616695053 0.04390243902439028 0.03747870528109026
0 0.7764227642276422 0.41056218057921634 0.04390243902439017 0.03747870528109026
0 0.4130081300813008 0.2870528109028961 0.04878048780487804 0.04599659284497448
0 0.2772357723577236 0.5672913117546848 0.05040650406504066 0.03747870528109032
0 0.8430894308943089 0.49148211243611584 0.04065040650406504 0.039182282793867096
0 0.7764227642276422 0.49148211243611584 0.04390243902439017 0.039182282793867096
0 0.3455284552845528 0.24872231686541738 0.04715447154471547 0.044293015332197594
0 0.8430894308943089 0.5315161839863713 0.04390243902439017 0.03747870528109032
0 0.840650406504065 0.686541737649063 0.04552845528455285 0.03747870528109032
0 0.5796747967479674 0.2879045996592845 0.043902439024390394 0.040885860306643984
0 0.8414634146341463 0.6073253833049403 0.04390243902439028 0.03918228279386715
0 0.7739837398373983 0.6073253833049403 0.04227642276422772 0.03918228279386715
0 0.8414634146341463 0.5706984667802385 0.04390243902439028 0.040885860306643984
0 0.20975609756097563 0.2495741056218058 0.04878048780487809 0.039182282793867096
0 0.34308943089430893 0.528960817717206 0.04227642276422772 0.035775127768313486
0 0.9081300813008131 0.766609880749574 0.04390243902439017 0.04088586030664387
0 0.2113821138211382 0.1669505962521295 0.048780487804878064 0.040885860306643956
0 0.9739837398373983 0.5323679727427597 0.04552845528455285 0.03918228279386715
0 0.973170731707317 0.8049403747870527 0.04390243902439028 0.03236797274275982
0 0.47560975609756095 0.5298126064735945 0.04390243902439023 0.03747870528109032
0 0.14146341463414636 0.3287904599659285 0.04878048780487805 0.04088586030664393
0 0.6398373983739837 0.8432708688245315 0.047154471544715415 0.040885860306643984
0 0.5284552845528456 0.1959114139693356 0.03577235772357723 0.03066439522998296
0 0.27398373983739843 0.7674616695059626 0.04390243902439023 0.035775127768313486
0 0.9764227642276423 0.41056218057921634 0.04390243902439028 0.03407155025553665
0 0.708130081300813 0.7649063032367973 0.04390243902439028 0.03747870528109032
0 0.973170731707317 0.8432708688245315 0.04390243902439028 0.040885860306643984
0 0.13739837398373983 0.7614991482112436 0.040650406504065026 0.03747870528109032
0 0.9747967479674797 0.8841567291311755 0.047154471544715526 0.040885860306643984
0 0.07235772357723577 0.8841567291311755 0.04390243902439025 0.03747870528109032
0 0.5739837398373984 0.9207836456558773 0.04552845528455285 0.03918228279386704
0 0.6414634146341462 0.9216354344122657 0.04390243902439017 0.03747870528109021
0 0.6398373983739837 0.8057921635434412 0.04390243902439028 0.03407155025553665
0 0.973170731707317 0.7265758091993186 0.04390243902439028 0.03918228279386715
0 0.7739837398373983 0.8807495741056218 0.04227642276422772 0.03747870528109032
0 0.2739837398373984 0.727427597955707 0.047154471544715415 0.04429301533219765
0 0.5284552845528455 0.16439522998296424 0.03252032520325199 0.03236797274275979
0 0.07235772357723577 0.8432708688245315 0.04390243902439025 0.040885860306643984
0 0.07235772357723577 0.8057921635434412 0.04390243902439025 0.03407155025553665
0 0.14065040650406502 0.645655877342419 0.04390243902439027 0.04088586030664387
0 0.7097560975609756 0.3313458262350937 0.04390243902439028 0.04258943781942076
0 0.275609756097561 0.8807495741056218 0.05040650406504066 0.03747870528109032
0 0.9056910569105692 0.8841567291311755 0.04552845528455285 0.03747870528109032
0 0.7089430894308943 0.645655877342419 0.04227642276422772 0.03747870528109021
0 0.9715447154471545 0.768313458262351 0.047154471544715415 0.04088586030664387
0 0.5739837398373984 0.8807495741056218 0.04552845528455285 0.03747870528109032
0 0.275609756097561 0.6856899488926746 0.05040650406504066 0.04258943781942082
0 0.275609756097561 0.8432708688245315 0.04390243902439023 0.03747870528109032
0 0.9739837398373983 0.333901192504259 0.04552845528455285 0.04088586030664393
0 0.9081300813008131 0.4514480408858603 0.03739837398373991 0.0340715502555366
0 0.5772357723577235 0.8432708688245315 0.04552845528455285 0.03747870528109032
0 0.7747967479674797 0.8023850085178876 0.0373983739837398 0.03407155025553654
0 0.06910569105691057 0.4471890971039182 0.04715447154471544 0.039182282793867096
0 0.2105691056910569 0.20868824531516184 0.04390243902439023 0.039182282793867124
0 0.9089430894308943 0.33219761499148215 0.042276422764227606 0.0340715502555366
0 0.708130081300813 0.8049403747870528 0.04390243902439028 0.03918228279386704
0 0.07235772357723577 0.36626916524701875 0.04715447154471543 0.040885860306643984
0 0.275609756097561 0.645655877342419 0.04390243902439023 0.04088586030664387
0 0.07235772357723577 0.4063032367972743 0.04715447154471543 0.039182282793867096
0 0.4772357723577236 0.924190800681431 0.04390243902439028 0.042589437819420706
0 0.14227642276422764 0.93015332197615 0.04390243902439023 0.04088586030664387
0 0.47479674796747967 0.8015332197614992 0.042276422764227606 0.03918228279386704
0 0.275609756097561 0.9216354344122657 0.05040650406504066 0.04088586030664387
0 0.07235772357723577 0.645655877342419 0.04390243902439025 0.03747870528109021
0 0.9739837398373983 0.44804088586030666 0.04552845528455285 0.03747870528109026
0 0.20894308943089435 0.645655877342419 0.04065040650406507 0.03747870528109021
0 0.47560975609756095 0.8841567291311755 0.04390243902439023 0.03747870528109032
0 0.6414634146341462 0.768313458262351 0.04390243902439017 0.04088586030664387
0 0.07073170731707318 0.7674616695059625 0.04390243902439024 0.042589437819420706
0 0.9715447154471544 0.9250425894378194 0.05040650406504066 0.04088586030664387
0 0.7747967479674797 0.918228279386712 0.047154471544715415 0.03747870528109021
0 0.47560975609756095 0.645655877342419 0.04390243902439023 0.03747870528109021
0 0.07235772357723577 0.3253833049403748 0.04715447154471543 0.04088586030664393
0 0.06910569105691058 0.5638841567291312 0.04390243902439026 0.03747870528109032
0 0.4772357723577236 0.3287904599659285 0.04065040650406504 0.03747870528109026
0 0.9747967479674797 0.606473594548552 0.04390243902439017 0.03407155025553665
0 0.27479674796747966 0.8040885860306644 0.04878048780487798 0.03747870528109021
0 0.973170731707317 0.6890971039182283 0.04390243902439028 0.035775127768313486
0 0.7747967479674797 0.8398637137989778 0.04390243902439028 0.040885860306643984
0 0.8398373983739837 0.8867120954003407 0.04390243902439028 0.035775127768313486
0 0.708130081300813 0.8432708688245315 0.04390243902439028 0.03747870528109032
0 0.5764227642276423 0.764054514480409 0.043902439024390394 0.03918228279386715
0 0.21138211382113825 0.2870528109028961 0.04552845528455288 0.03918228279386715
0 0.34227642276422765 0.5664395229982964 0.04390243902439028 0.03918228279386715
0 0.07073170731707318 0.48551959114139687 0.04715447154471545 0.03747870528109026
0 0.9747967479674797 0.3730834752981261 0.047154471544715526 0.03747870528109032
0 0.4739837398373984 0.49063032367972736 0.04390243902439023 0.04088586030664393
0 0.7089430894308943 0.6073253833049403 0.04227642276422772 0.03918228279386715
0 0.47479674796747967 0.8432708688245315 0.042276422764227606 0.040885860306643984
0 0.775609756097561 0.3730834752981261 0.039024390243902474 0.03747870528109032
0 0.8398373983739837 0.6490630323679727 0.04065040650406504 0.03747870528109021
0 0.13902439024390245 0.7265758091993186 0.04390243902439024 0.035775127768313486
0 0.27723577235772356 0.2879045996592845 0.04715447154471547 0.03747870528109032
0 0.2739837398373984 0.6081771720613288 0.047154471544715415 0.040885860306643984
0 0.2764227642276422 0.5229982964224872 0.04552845528455279 0.04429301533219765
0 0.14227642276422764 0.368824531516184 0.04390243902439023 0.03918228279386715
0 0.9081300813008131 0.5298126064735945 0.04390243902439017 0.03747870528109032
0 0.7097560975609756 0.45059625212947185 0.04390243902439028 0.039182282793867096
0 0.8414634146341463 0.28960817717206133 0.04390243902439028 0.040885860306643984
0 0.6430894308943089 0.5264054514480409 0.04065040650406504 0.03747870528109032
0 0.6430894308943089 0.49063032367972736 0.04065040650406504 0.0340715502555366
0 0.14227642276422764 0.409710391822828 0.04390243902439023 0.039182282793867096
0 0.5796747967479674 0.45059625212947185 0.043902439024390394 0.039182282793867096
0 0.20731707317073172 0.44804088586030666 0.04390243902439028 0.03747870528109026
0 0.5772357723577235 0.7257240204429302 0.04552845528455285 0.040885860306643984
0 0.7772357723577236 0.29045996592844975 0.039024390243902474 0.04258943781942082
0 0.07073170731707318 0.5264054514480409 0.04715447154471545 0.03747870528109032
0 0.20731707317073172 0.7257240204429302 0.04390243902439028 0.040885860306643984
0 0.6430894308943089 0.565587734241908 0.04390243902439028 0.040885860306643984
0 0.06910569105691058 0.6047700170357752 0.04390243902439026 0.03747870528109032
0 0.20731707317073172 0.48807495741056217 0.04390243902439028 0.039182282793867096
0 0.4739837398373984 0.6047700170357752 0.04390243902439023 0.03747870528109032
0 0.4739837398373984 0.6856899488926746 0.04390243902439023 0.03918228279386715
0 0.9089430894308943 0.4131175468483816 0.042276422764227606 0.03918228279386715
0 0.07235772357723577 0.7257240204429302 0.04715447154471543 0.040885860306643984
0 0.7113821138211383 0.28620102214650767 0.04390243902439006 0.04429301533219765
0 0.34227642276422765 0.3253833049403748 0.04390243902439028 0.04088586030664393
0 0.2089430894308943 0.8057921635434413 0.043902439024390255 0.04088586030664387
0 0.34227642276422765 0.645655877342419 0.04390243902439028 0.04088586030664387
0 0.8414634146341463 0.727427597955707 0.04390243902439028 0.03747870528109032
0 0.640650406504065 0.6073253833049403 0.042276422764227606 0.03918228279386715
0 0.6414634146341462 0.6856899488926746 0.04390243902439017 0.04258943781942082
0 0.9073170731707317 0.6081771720613288 0.04878048780487809 0.04429301533219765
0 0.14308943089430895 0.28620102214650767 0.04552845528455285 0.04429301533219765
0 0.34471544715447155 0.3679727427597956 0.045528455284552904 0.040885860306643984
0 0.7739837398373983 0.5298126064735945 0.04227642276422772 0.03747870528109032
0 0.6439024390243901 0.3313458262350937 0.04552845528455285 0.039182282793867096
0 0.14065040650406502 0.49063032367972736 0.04390243902439027 0.03747870528109026
0 0.2056910569105691 0.6848381601362862 0.04390243902439023 0.03747870528109032
0 0.578048780487805 0.48807495741056217 0.04390243902439017 0.03577512776831343
0 0.8422764227642277 0.3313458262350937 0.04552845528455285 0.04258943781942076
0 0.34552845528455284 0.28960817717206133 0.04065040650406504 0.03407155025553665
0 0.34227642276422765 0.41056218057921634 0.047154471544715415 0.04088586030664393
0 0.840650406504065 0.8458262350936967 0.04552845528455285 0.04258943781942082
0 0.20731707317073172 0.6081771720613288 0.04390243902439028 0.03747870528109032
0 0.47560975609756095 0.3696763202725724 0.04390243902439023 0.040885860306643984
0 0.13983739837398373 0.5664395229982964 0.045528455284552835 0.03918228279386715
0 0.6422764227642276 0.37137989778534924 0.042276422764227606 0.03747870528109032
0 0.578048780487805 0.41056218057921634 0.04390243902439017 0.03747870528109026
0 0.34227642276422765 0.606473594548552 0.047154471544715415 0.040885860306643984
0 0.775609756097561 0.4514480408858603 0.039024390243902474 0.03747870528109026
0 0.7747967479674798 0.7240204429301533 0.04065040650406504 0.03747870528109032
0 0.8398373983739837 0.41056218057921634 0.04390243902439028 0.03747870528109026
0 0.9739837398373983 0.49063032367972736 0.04552845528455285 0.04088586030664393
0 0.7089430894308943 0.6856899488926746 0.04552845528455285 0.03918228279386715
0 0.7764227642276422 0.6848381601362862 0.04390243902439017 0.03747870528109032
0 0.14065040650406502 0.606473594548552 0.04390243902439027 0.040885860306643984
