0 0.16909611451942738 0.6671480144404333 0.02617586912065436 0.031768953068592065
0 0.12826175869120654 0.32924187725631765 0.028269938650306737 0.03465703971119134
0 0.5779631901840491 0.5631768953068592 0.027222903885480567 0.031768953068592065
0 0.577439672801636 0.5949458483754513 0.028269938650306737 0.034657039711191294
0 0.08323926380368098 0.6960288808664259 0.028269938650306765 0.031768953068592065
0 0.5779631901840491 0.6310469314079422 0.029316973415132907 0.031768953068591975
0 0.4057259713701431 0.7588447653429602 0.02826993865030666 0.027436823104693087
0 0.33348057259713704 0.3148014440433213 0.02198773006134968 0.025992779783393517
0 0.619321063394683 0.5631768953068592 0.028269938650306737 0.031768953068592065
0 0.12616768916155421 0.6989169675090252 0.028269938650306775 0.028880866425992836
0 0.4057259713701431 0.6981949458483754 0.02826993865030666 0.030324909747292406
0 0.3345276073619632 0.15306859205776174 0.02617586912065436 0.025992779783393517
0 0.5763926380368097 0.7646209386281588 0.030364008179959077 0.033212996389891725
0 0.40834355828220853 0.16678700361010831 0.029316973415132907 0.033212996389891704
0 0.33400408997955006 0.21588447653429604 0.02512883435582819 0.027436823104693177
0 0.577439672801636 0.6960288808664259 0.028269938650306737 0.034657039711191384
0 0.4062494887525562 0.4649819494584838 0.02722290388548049 0.025992779783393517
0 0.35703885480572595 0.3003610108303249 0.018846625766871208 0.028880866425992746
0 0.40782004089979546 0.1328519855595668 0.028269938650306813 0.031768953068592065
0 0.49158282208588955 0.7299638989169676 0.028269938650306813 0.030324909747292406
0 0.04031083844580777 0.33140794223826714 0.028269938650306737 0.03610108303249095
0 0.49158282208588955 0.6960288808664259 0.028269938650306813 0.031768953068592065
0 0.2989284253578732 0.5646209386281589 0.028269938650306775 0.028880866425992746
0 0.4057259713701431 0.7277978339350181 0.02826993865030666 0.031768953068592065
0 0.0392638036809816 0.4303249097472925 0.02826993865030675 0.031768953068592065
0 0.3669856850715747 0.22815884476534296 0.028269938650306813 0.03754512635379061
0 0.3345276073619632 0.1263537906137184 0.02617586912065436 0.02743682310469313
0 0.04083435582822085 0.36389891696750903 0.027222903885480564 0.025992779783393472
0 0.038216768916155414 0.7306859205776174 0.02826993865030675 0.031768953068592065
0 0.36332106339468306 0.7306859205776173 0.025128834355828227 0.025992779783393517
0 0.4910593047034765 0.6628158844765343 0.029316973415132983 0.031768953068592065
0 0.0821922290388548 0.7299638989169676 0.028269938650306747 0.030324909747292406
0 0.3764089979550102 0.2657039711191336 0.02198773006134964 0.025992779783393517
0 0.6208916155419223 0.4014440433212997 0.025128834355828227 0.031768953068592024
0 0.039787321063394686 0.5299638989169676 0.027222903885480577 0.031768953068592065
0 0.21359509202453986 0.7299638989169674 0.027222903885480605 0.027436823104693177
0 0.0821922290388548 0.7617328519855595 0.028269938650306747 0.030324909747292406
0 0.2989284253578732 0.7306859205776173 0.028269938650306775 0.034657039711191294
0 0.29840490797546015 0.631768953068592 0.029316973415132945 0.03610108303249095
0 0.5779631901840491 0.5314079422382672 0.027222903885480567 0.031768953068591975
0 0.16961963190184048 0.7646209386281588 0.029316973415132886 0.030324909747292406
0 0.1701431492842536 0.6989169675090252 0.028269938650306737 0.031768953068592065
0 0.4083435582822086 0.20144404332129967 0.025128834355828227 0.03321299638989168
0 0.08271574642126789 0.5949458483754512 0.027222903885480577 0.028880866425992746
0 0.5350347648261758 0.4649819494584838 0.027222903885480567 0.031768953068592065
0 0.125120654396728 0.7624548736462093 0.028269938650306737 0.031768953068591975
0 0.2999754601226994 0.43032490974729243 0.026175869120654397 0.028880866425992836
0 0.21359509202453986 0.6989169675090252 0.029316973415132945 0.031768953068592065
0 0.3764089979550102 0.36606498194945847 0.02198773006134964 0.02743682310469313
0 0.6224621676891615 0.23321299638989174 0.028269938650306737 0.03321299638989168
0 0.29840490797546015 0.49675090252707577 0.02512883435582819 0.031768953068592065
0 0.619321063394683 0.47075812274368223 0.028269938650306737 0.031768953068592065
0 0.21516564417177914 0.36389891696750903 0.026175869120654397 0.02888086642599279
0 0.49158282208588955 0.5971119133574007 0.028269938650306813 0.033212996389891725
0 0.297881390593047 0.5314079422382672 0.028269938650306775 0.031768953068591975
0 0.03874028629856851 0.5602888086642599 0.02722290388548057 0.028880866425992746
0 0.4905357873210634 0.7624548736462093 0.028269938650306737 0.031768953068591975
0 0.2989284253578732 0.5971119133574007 0.028269938650306775 0.033212996389891725
0 0.37536196319018406 0.464259927797834 0.02408179959100198 0.033212996389891725
0 0.3559918200408998 0.33140794223826714 0.018846625766871208 0.027436823104693177
0 0.3638445807770962 0.6989169675090252 0.028269938650306813 0.034657039711191294
0 0.3549447852760736 0.42960288808664265 0.020940695296523548 0.033212996389891725
0 0.49262985685071575 0.5660649819494585 0.028269938650306813 0.031768953068592065
0 0.08428629856850717 0.4303249097472925 0.028269938650306747 0.031768953068592065
0 0.404678936605317 0.5992779783393501 0.026175869120654397 0.031768953068592065
0 0.35703885480572595 0.2657039711191336 0.018846625766871208 0.031768953068592065
0 0.36332106339468306 0.5971119133574007 0.025128834355828227 0.033212996389891725
0 0.1701431492842536 0.631768953068592 0.028269938650306737 0.03610108303249095
0 0.6219386503067484 0.3003610108303249 0.029316973415132907 0.03465703971119134
0 0.40467893660531695 0.6324909747292419 0.028269938650306813 0.034657039711191294
0 0.5784867075664621 0.2324909747292419 0.028269938650306737 0.03465703971119134
0 0.0821922290388548 0.6642599277978339 0.028269938650306747 0.034657039711191384
0 0.21516564417177914 0.3956678700361011 0.028269938650306737 0.03465703971119134
0 0.12721472392638036 0.6296028880866426 0.028269938650306754 0.034657039711191294
0 0.16961963190184048 0.5992779783393501 0.029316973415132886 0.031768953068592065
0 0.0392638036809816 0.6642599277978339 0.02826993865030675 0.034657039711191384
0 0.12721472392638036 0.5314079422382672 0.028269938650306754 0.031768953068591975
0 0.4931533742331289 0.4303249097472925 0.027222903885480567 0.031768953068592065
0 0.3764089979550102 0.2996389891696751 0.02198773006134964 0.033212996389891725
0 0.3643680981595092 0.5285198555956679 0.027222903885480643 0.031768953068592065
0 0.08323926380368098 0.5653429602888087 0.028269938650306765 0.033212996389891725
0 0.44970143149284253 0.4649819494584838 0.028269938650306737 0.031768953068592065
0 0.125120654396728 0.46353790613718415 0.028269938650306737 0.034657039711191294
0 0.17119018404907976 0.464259927797834 0.030364008179959077 0.030324909747292406
0 0.577439672801636 0.43321299638989164 0.028269938650306737 0.034657039711191384
0 0.17171370143149284 0.2967509025270758 0.029316973415132907 0.030324909747292406
0 0.08428629856850714 0.26137184115523465 0.030364008179959105 0.031768953068592065
0 0.5360817995910021 0.3667870036101083 0.025128834355828227 0.031768953068592065
0 0.4062494887525562 0.49602888086642605 0.02722290388548049 0.03610108303249095
0 0.2999754601226994 0.3285198555956679 0.026175869120654397 0.030324909747292406
0 0.039787321063394686 0.5949458483754513 0.027222903885480577 0.034657039711191294
0 0.12721472392638036 0.5949458483754512 0.028269938650306754 0.031768953068592065
0 0.08480981595092024 0.29386281588447655 0.029316973415132917 0.033212996389891725
0 0.3764089979550102 0.33357400722021663 0.02198773006134964 0.02888086642599279
0 0.40729652351738244 0.39855595667870036 0.02512883435582815 0.031768953068592065
0 0.44970143149284253 0.39855595667870036 0.028269938650306737 0.031768953068592065
0 0.45074846625766873 0.36389891696750903 0.02826993865030666 0.031768953068592024
0 0.5784867075664621 0.3003610108303249 0.028269938650306737 0.031768953068592065
0 0.3643680981595092 0.631768953068592 0.027222903885480643 0.033212996389891634
0 0.1711901840490797 0.5314079422382672 0.0282699386503067 0.031768953068591975
0 0.17119018404907976 0.4303249097472925 0.030364008179959077 0.031768953068592065
0 0.45074846625766873 0.2628158844765343 0.02826993865030666 0.031768953068592065
0 0.1711901840490797 0.49675090252707577 0.0282699386503067 0.034657039711191384
0 0.1711901840490797 0.3292418772563177 0.0282699386503067 0.031768953068592065
0 0.1701431492842536 0.5653429602888087 0.032458077709611434 0.033212996389891725
0 0.08638036809815951 0.2252707581227437 0.028269938650306754 0.03754512635379061
0 0.2999754601226994 0.3631768953068592 0.026175869120654397 0.03610108303249095
0 0.12721472392638036 0.36389891696750903 0.028269938650306754 0.031768953068592024
0 0.12616768916155421 0.49675090252707577 0.028269938650306775 0.034657039711191384
0 0.08533333333333333 0.3631768953068592 0.028269938650306747 0.03610108303249095
0 0.1266912065439673 0.2967509025270758 0.027222903885480605 0.033212996389891725
0 0.297881390593047 0.6664259927797834 0.028269938650306775 0.033212996389891725
0 0.04083435582822086 0.2945848375451264 0.029316973415132924 0.031768953068592065
0 0.2994519427402863 0.2967509025270758 0.025128834355828227 0.030324909747292406
0 0.4931533742331289 0.36534296028880864 0.027222903885480567 0.031768953068592065
0 0.40624948875255623 0.33212996389891697 0.029316973415132907 0.031768953068592065
0 0.37693251533742334 0.39855595667870036 0.023034764826175887 0.031768953068592065
0 0.1266912065439673 0.3971119133574007 0.027222903885480605 0.031768953068592065
0 0.40467893660531695 0.5653429602888087 0.028269938650306813 0.033212996389891725
0 0.3638445807770962 0.6642599277978339 0.028269938650306813 0.031768953068592065
0 0.4083435582822086 0.36534296028880864 0.027222903885480567 0.031768953068592065
0 0.04031083844580777 0.2252707581227437 0.028269938650306737 0.03465703971119134
0 0.1701431492842536 0.36389891696750903 0.028269938650306737 0.03465703971119134
0 0.08271574642126789 0.49602888086642605 0.029316973415132935 0.03610108303249095
0 0.3010224948875256 0.22743682310469313 0.028269938650306737 0.03610108303249095
0 0.49262985685071575 0.5328519855595668 0.028269938650306813 0.034657039711191294
0 0.21464212678936603 0.29747292418772564 0.029316973415132945 0.031768953068592065
0 0.2162126789366053 0.2628158844765343 0.028269938650306737 0.03465703971119134
0 0.12721472392638036 0.6664259927797833 0.028269938650306754 0.03610108303249095
0 0.40729652351738244 0.2649819494584838 0.02512883435582815 0.03321299638989168
0 0.4947239263803681 0.1963898916967509 0.026175869120654397 0.020216606498194945
0 0.21883026584867077 0.1927797833935018 0.029316973415132945 0.024548736462093858
0 0.6224621676891615 0.19927797833935018 0.028269938650306737 0.02310469314079424
0 0.6182740286298569 0.7277978339350181 0.028269938650306737 0.028880866425992746
0 0.33557464212678934 0.6671480144404331 0.01779959100204496 0.025992779783393517
0 0.33400408997955006 0.28303249097472927 0.02512883435582819 0.03465703971119134
0 0.08428629856850717 0.4592057761732852 0.028269938650306747 0.023104693140794285
0 0.04240490797546012 0.19061371841155234 0.028269938650306747 0.02310469314079422
0 0.6198445807770961 0.5978339350180505 0.029316973415132907 0.034657039711191384
0 0.6203680981595092 0.6960288808664259 0.030364008179959077 0.034657039711191384
0 0.6182740286298569 0.6317689530685919 0.026175869120654397 0.030324909747292406
0 0.6198445807770961 0.5010830324909747 0.027222903885480567 0.031768953068592065
0 0.619321063394683 0.75956678700361 0.028269938650306737 0.031768953068592065
0 0.33243353783231083 0.3494584837545126 0.02408179959100202 0.03465703971119134
0 0.619321063394683 0.6613718411552346 0.028269938650306737 0.028880866425992836
0 0.5779631901840491 0.6613718411552346 0.029316973415132907 0.028880866425992836
0 0.297881390593047 0.6981949458483754 0.026175869120654397 0.030324909747292406
0 0.5758691206543968 0.7306859205776174 0.027222903885480567 0.031768953068592065
0 0.6203680981595092 0.5314079422382672 0.026175869120654397 0.031768953068591975
0 0.038216768916155414 0.6960288808664259 0.02826993865030675 0.031768953068592065
0 0.03874028629856851 0.6310469314079422 0.02722290388548057 0.031768953068591975
0 0.44970143149284253 0.5978339350180505 0.028269938650306737 0.031768953068592065
0 0.49262985685071575 0.39783393501805053 0.02408179959100198 0.030324909747292406
0 0.35651533742331293 0.36389891696750903 0.019893660531697378 0.031768953068592024
0 0.4517955010224949 0.23104693140794225 0.028269938650306813 0.031768953068592065
0 0.49262985685071575 0.22815884476534296 0.028269938650306813 0.034657039711191294
0 0.6214151329243354 0.43610108303249095 0.028269938650306737 0.034657039711191294
0 0.4486543967280163 0.631768953068592 0.028269938650306737 0.033212996389891634
0 0.21359509202453986 0.7617328519855595 0.029316973415132945 0.033212996389891634
0 0.214118609406953 0.4649819494584838 0.028269938650306775 0.031768953068592065
0 0.1272147239263804 0.42960288808664265 0.026175869120654414 0.033212996389891725
0 0.037169734151329244 0.7624548736462093 0.0303640081799591 0.034657039711191294
0 0.4052024539877301 0.6671480144404333 0.027222903885480567 0.028880866425992746
0 0.49315337423312877 0.33212996389891697 0.02303476482617581 0.031768953068592065
0 0.0821922290388548 0.6296028880866426 0.028269938650306747 0.034657039711191294
0 0.214118609406953 0.49675090252707577 0.028269938650306775 0.031768953068592065
0 0.039787321063394686 0.39494584837545127 0.027222903885480577 0.03321299638989168
0 0.039787321063394686 0.49675090252707577 0.027222903885480577 0.031768953068592065
0 0.5779631901840491 0.3335740072202166 0.027222903885480567 0.031768953068592065
0 0.5779631901840491 0.4996389891696751 0.027222903885480567 0.031768953068592065
0 0.40782004089979546 0.2324909747292419 0.026175869120654397 0.02888086642599279
0 0.21359509202453986 0.6664259927797834 0.029316973415132945 0.033212996389891725
0 0.12721472392638036 0.7277978339350181 0.028269938650306754 0.031768953068592065
0 0.6214151329243354 0.33501805054151623 0.028269938650306737 0.031768953068592065
0 0.35651533742331293 0.3971119133574007 0.02198773006134964 0.028880866425992746
0 0.2586175869120655 0.22815884476534296 0.029316973415132945 0.031768953068592065
0 0.49158282208588955 0.631768953068592 0.028269938650306813 0.033212996389891634
0 0.45074846625766873 0.33212996389891697 0.02826993865030666 0.031768953068592065
0 0.44813087934560325 0.6664259927797833 0.03141104294478524 0.03610108303249095
0 0.4486543967280163 0.5314079422382672 0.02617586912065432 0.028880866425992836
0 0.3659386503067485 0.49675090252707577 0.026175869120654397 0.031768953068592065
0 0.4931533742331289 0.4649819494584838 0.027222903885480567 0.034657039711191384
0 0.5355582822085889 0.4324909747292418 0.028269938650306737 0.030324909747292406
0 0.4067730061349692 0.5314079422382672 0.026175869120654397 0.028880866425992836
0 0.4931533742331289 0.49891696750902526 0.027222903885480567 0.030324909747292406
0 0.21359509202453986 0.5978339350180505 0.029316973415132945 0.031768953068592065
0 0.08480981595092024 0.3285198555956679 0.029316973415132917 0.033212996389891725
0 0.2172597137014315 0.22815884476534296 0.028269938650306737 0.031768953068592065
0 0.08271574642126789 0.5306859205776173 0.029316973415132935 0.03610108303249095
0 0.4486543967280163 0.5646209386281589 0.02617586912065432 0.028880866425992746
0 0.3345276073619632 0.18700361010830324 0.028269938650306775 0.033212996389891704
0 0.03978732106339468 0.464259927797834 0.03141104294478528 0.033212996389891725
0 0.21359509202453986 0.5646209386281589 0.029316973415132945 0.031768953068592065
0 0.25966462167689164 0.3335740072202166 0.02512883435582819 0.03754512635379061
0 0.577439672801636 0.36606498194945847 0.026175869120654397 0.033212996389891725
0 0.1272147239263804 0.5646209386281589 0.026175869120654414 0.028880866425992746
0 0.6214151329243354 0.36823104693140796 0.028269938650306737 0.03465703971119134
0 0.5366053169734152 0.23104693140794225 0.028269938650306737 0.031768953068592065
0 0.297881390593047 0.4649819494584838 0.028269938650306775 0.034657039711191384
0 0.04083435582822085 0.26137184115523465 0.027222903885480564 0.031768953068592065
0 0.577439672801636 0.39855595667870036 0.028269938650306737 0.031768953068592065
0 0.4921063394683027 0.3003610108303249 0.02512883435582815 0.031768953068592065
0 0.6219386503067484 0.267870036101083 0.029316973415132907 0.03321299638989168
0 0.2999754601226994 0.39855595667870036 0.028269938650306737 0.034657039711191294
0 0.214118609406953 0.5306859205776173 0.028269938650306775 0.033212996389891634
0 0.08480981595092024 0.39855595667870036 0.027222903885480577 0.031768953068592065
0 0.44917791411042945 0.4317689530685921 0.029316973415132907 0.034657039711191294
0 0.3643680981595092 0.5617328519855596 0.027222903885480643 0.031768953068592065
0 0.3643680981595092 0.7624548736462093 0.027222903885480643 0.034657039711191294
0 0.1690961145194274 0.7321299638989169 0.02826993865030672 0.031768953068592065
0 0.1711901840490798 0.39855595667870036 0.02617586912065436 0.031768953068592065
0 0.21359509202453986 0.6324909747292418 0.029316973415132945 0.031768953068592065
0 0.29840490797546015 0.7646209386281588 0.027222903885480605 0.033212996389891725
0 0.5779631901840491 0.46787003610108313 0.029316973415132907 0.031768953068592065
0 0.2130715746421268 0.43032490974729243 0.030364008179959115 0.034657039711191294
0 0.44917791411042945 0.4996389891696751 0.029316973415132907 0.034657039711191294
0 0.4062494887525562 0.2996389891696751 0.02722290388548049 0.033212996389891725
0 0.2994519427402863 0.26425992779783397 0.025128834355828227 0.031768953068592024
0 0.40677300613496936 0.43321299638989164 0.028269938650306737 0.04043321299638984
0 0.45074846625766873 0.2996389891696751 0.02826993865030666 0.033212996389891725
0 0.5350347648261758 0.3003610108303249 0.027222903885480567 0.031768953068592065
0 0.3748384458077709 0.4324909747292418 0.02303476482617581 0.030324909747292406
0 0.5350347648261758 0.39855595667870036 0.027222903885480567 0.031768953068592065
0 0.214118609406953 0.33140794223826714 0.028269938650306775 0.033212996389891725
0 0.5355582822085889 0.2657039711191336 0.028269938650306737 0.031768953068592065
0 0.12878527607361964 0.26137184115523465 0.029316973415132945 0.03754512635379061
0 0.5350347648261758 0.3342960288808664 0.027222903885480567 0.033212996389891725
0 0.5784867075664621 0.2657039711191336 0.028269938650306737 0.034657039711191294
0 0.12826175869120654 0.2252707581227437 0.028269938650306737 0.03465703971119134
0 0.25861758691206543 0.29747292418772564 0.027222903885480567 0.031768953068592065
0 0.17276073619631904 0.22815884476534296 0.029316973415132907 0.034657039711191294
0 0.2586175869120655 0.2649819494584838 0.029316973415132945 0.03321299638989168
0 0.4931533742331289 0.2657039711191336 0.027222903885480567 0.031768953068592065
0 0.17171370143149284 0.2649819494584838 0.031411042944785285 0.03321299638989168
