0 0.239444 0.789474 0.032222 0.039474
0 0.498889 0.347039 0.046667 0.032895
0 0.498333 0.310033 0.043333 0.037829
0 0.498333 0.378289 0.043333 0.032895
0 0.497222 0.492599 0.043333 0.027961
0 0.908333 0.499178 0.034444 0.037829
0 0.498333 0.146382 0.041111 0.032895
0 0.908333 0.331414 0.036667 0.037829
0 0.805556 0.499178 0.031111 0.041118
0 0.497222 0.277961 0.041111 0.029605
0 0.237222 0.499178 0.032222 0.037829
0 0.510556 0.746711 0.023333 0.029605
0 0.238333 0.374178 0.036667 0.024671
0 0.498333 0.178454 0.041111 0.037829
0 0.498333 0.211349 0.043333 0.027961
0 0.910556 0.914474 0.032222 0.046053
0 0.238333 0.749178 0.034444 0.041118
0 0.806667 0.872533 0.033333 0.037829
0 0.240556 0.916941 0.036667 0.047697
0 0.240556 0.875822 0.034444 0.037829
0 0.806667 0.787007 0.033333 0.044408
0 0.911667 0.871711 0.034444 0.036184
0 0.704444 0.871711 0.031111 0.039474
0 0.393333 0.458882 0.035556 0.049342
0 0.600556 0.331414 0.036667 0.047697
0 0.806667 0.746711 0.033333 0.039474
0 0.081667 0.586349 0.032222 0.044408
0 0.600556 0.416118 0.032222 0.036184
0 0.652222 0.871711 0.033333 0.036184
0 0.908333 0.579770 0.034444 0.037829
0 0.497778 0.245066 0.042222 0.039474
0 0.805556 0.333882 0.033333 0.042763
0 0.909444 0.620066 0.032222 0.042763
0 0.909444 0.659539 0.030000 0.039474
0 0.135556 0.583882 0.033333 0.042763
0 0.239444 0.664474 0.032222 0.039474
0 0.806667 0.707237 0.033333 0.042763
0 0.240556 0.833882 0.036667 0.049342
0 0.652222 0.747533 0.033333 0.037829
0 0.082778 0.293586 0.034444 0.037829
0 0.907222 0.458882 0.034444 0.042763
0 0.805556 0.912007 0.033333 0.041118
0 0.238333 0.582237 0.034444 0.039474
0 0.081667 0.206414 0.036667 0.047697
0 0.910556 0.746711 0.036667 0.036184
0 0.237778 0.162007 0.033333 0.050987
0 0.134444 0.157895 0.033333 0.042763
0 0.548333 0.746711 0.030000 0.039474
0 0.703889 0.664474 0.032222 0.039474
0 0.702778 0.499178 0.032222 0.044408
0 0.910556 0.787007 0.034444 0.047697
0 0.806667 0.579770 0.033333 0.041118
0 0.081667 0.253289 0.038889 0.042763
0 0.238333 0.624178 0.034444 0.041118
0 0.908333 0.414474 0.032222 0.039474
0 0.806667 0.624178 0.033333 0.041118
0 0.755556 0.704770 0.035556 0.041118
0 0.395556 0.332237 0.031111 0.039474
0 0.908333 0.539474 0.034444 0.039474
0 0.806667 0.832237 0.033333 0.042763
0 0.134444 0.501645 0.033333 0.039474
0 0.755556 0.871711 0.033333 0.039474
0 0.908333 0.160362 0.036667 0.044408
0 0.805556 0.664474 0.033333 0.042763
0 0.240556 0.708882 0.034444 0.046053
0 0.756667 0.789474 0.033333 0.046053
0 0.548333 0.916118 0.036667 0.042763
0 0.652222 0.539474 0.031111 0.032895
0 0.135556 0.543586 0.031111 0.041118
0 0.082222 0.416118 0.035556 0.042763
0 0.704444 0.914474 0.033333 0.042763
0 0.804444 0.157895 0.031111 0.046053
0 0.705000 0.579770 0.030000 0.041118
0 0.703333 0.832237 0.035556 0.039474
0 0.704444 0.749178 0.033333 0.041118
0 0.549444 0.329770 0.032222 0.037829
0 0.185000 0.291941 0.030000 0.044408
0 0.909444 0.832237 0.036667 0.039474
0 0.081111 0.159539 0.037778 0.046053
0 0.651111 0.457237 0.033333 0.032895
0 0.702778 0.332237 0.034444 0.039474
0 0.082222 0.546053 0.033333 0.039474
0 0.652222 0.704770 0.033333 0.047697
0 0.237778 0.204770 0.031111 0.034539
0 0.393333 0.416941 0.031111 0.041118
0 0.133333 0.202303 0.037778 0.046053
0 0.652222 0.832237 0.035556 0.039474
0 0.806667 0.539474 0.033333 0.039474
0 0.910556 0.704770 0.036667 0.047697
0 0.134444 0.419408 0.033333 0.042763
0 0.550556 0.155428 0.034444 0.047697
0 0.755556 0.832237 0.033333 0.039474
0 0.548333 0.246711 0.032222 0.046053
0 0.855556 0.202303 0.035556 0.046053
0 0.547222 0.704770 0.032222 0.041118
0 0.548333 0.829770 0.036667 0.037829
0 0.547222 0.872533 0.034444 0.044408
0 0.754444 0.621711 0.033333 0.042763
0 0.806667 0.374178 0.031111 0.041118
0 0.804444 0.414474 0.033333 0.039474
0 0.343333 0.157895 0.033333 0.046053
0 0.856667 0.289474 0.031111 0.039474
0 0.134444 0.376645 0.031111 0.039474
0 0.395000 0.371711 0.030000 0.042763
0 0.756667 0.914474 0.037778 0.046053
0 0.237778 0.333882 0.033333 0.042763
0 0.908333 0.293586 0.036667 0.041118
0 0.652222 0.664474 0.033333 0.039474
0 0.651667 0.374178 0.034444 0.041118
0 0.753333 0.376645 0.033333 0.039474
0 0.238333 0.539474 0.032222 0.042763
0 0.238333 0.414474 0.036667 0.046053
0 0.754444 0.539474 0.033333 0.042763
0 0.755556 0.579770 0.033333 0.041118
0 0.703333 0.707237 0.033333 0.039474
0 0.600556 0.454770 0.030000 0.041118
0 0.805556 0.249178 0.035556 0.041118
0 0.753333 0.664474 0.035556 0.042763
0 0.082778 0.461349 0.034444 0.044408
0 0.291667 0.157895 0.036667 0.046053
0 0.395556 0.157895 0.035556 0.046053
0 0.082222 0.503289 0.035556 0.042763
0 0.135556 0.461349 0.035556 0.041118
0 0.549444 0.293586 0.032222 0.041118
0 0.343889 0.289474 0.032222 0.039474
0 0.856667 0.246711 0.035556 0.039474
0 0.855556 0.157072 0.033333 0.044408
0 0.497222 0.449836 0.038889 0.047697
0 0.856667 0.418586 0.033333 0.047697
0 0.805556 0.291941 0.035556 0.041118
0 0.703333 0.539474 0.033333 0.036184
0 0.133333 0.249178 0.035556 0.044408
0 0.652778 0.789474 0.036667 0.046053
0 0.703889 0.621711 0.032222 0.042763
0 0.134444 0.333882 0.033333 0.039474
0 0.805556 0.456414 0.031111 0.044408
0 0.342222 0.249178 0.033333 0.041118
0 0.081667 0.334704 0.036667 0.044408
0 0.908333 0.207237 0.036667 0.042763
0 0.650556 0.287007 0.032222 0.047697
0 0.550556 0.624178 0.034444 0.041118
0 0.704444 0.789474 0.033333 0.042763
0 0.907778 0.250822 0.035556 0.044408
0 0.652222 0.914474 0.037778 0.049342
0 0.702778 0.456414 0.032222 0.037829
0 0.908333 0.371711 0.036667 0.042763
0 0.549444 0.664474 0.032222 0.042763
0 0.445556 0.334704 0.031111 0.044408
0 0.753333 0.454770 0.035556 0.041118
0 0.237778 0.247533 0.033333 0.044408
0 0.082778 0.376645 0.034444 0.042763
0 0.754444 0.746711 0.037778 0.042763
0 0.134444 0.293586 0.033333 0.041118
0 0.600556 0.287007 0.032222 0.047697
0 0.805556 0.207237 0.033333 0.042763
0 0.549444 0.458882 0.032222 0.039474
0 0.753333 0.414474 0.035556 0.039474
0 0.548333 0.789474 0.036667 0.046053
0 0.290556 0.374178 0.034444 0.044408
0 0.342222 0.329770 0.033333 0.044408
0 0.856667 0.332237 0.033333 0.042763
0 0.549444 0.539474 0.032222 0.039474
0 0.652222 0.624178 0.033333 0.044408
0 0.395556 0.203947 0.035556 0.042763
0 0.550556 0.202303 0.034444 0.046053
0 0.702778 0.371711 0.032222 0.039474
0 0.754444 0.496711 0.033333 0.039474
0 0.548333 0.499178 0.034444 0.041118
0 0.856667 0.371711 0.033333 0.042763
0 0.237222 0.459704 0.034444 0.044408
0 0.651667 0.332237 0.034444 0.042763
0 0.548333 0.582237 0.034444 0.042763
0 0.291667 0.204770 0.036667 0.044408
0 0.753333 0.289474 0.031111 0.046053
0 0.393333 0.246711 0.035556 0.042763
0 0.753333 0.334704 0.033333 0.044408
0 0.701111 0.414474 0.033333 0.046053
0 0.651111 0.578947 0.035556 0.042763
0 0.446667 0.289474 0.033333 0.046053
0 0.342222 0.374178 0.033333 0.041118
0 0.601667 0.376645 0.036667 0.046053
0 0.702778 0.287007 0.032222 0.047697
0 0.549444 0.371711 0.030000 0.042763
0 0.291667 0.249178 0.036667 0.041118
0 0.290556 0.333882 0.036667 0.042763
0 0.237778 0.289474 0.033333 0.042763
0 0.342222 0.204770 0.035556 0.047697
0 0.651111 0.499178 0.035556 0.047697
0 0.343333 0.416941 0.033333 0.047697
0 0.291111 0.291941 0.037778 0.044408
0 0.395556 0.289474 0.033333 0.042763
0 0.651667 0.416941 0.034444 0.044408
0 0.548333 0.416118 0.032222 0.042763
