0 0.4632020997375328 0.05731111313480861 0.015958005249343828 0.040797741553592566
0 0.2120734908136483 0.44100415869835774 0.02435695538057743 0.054396988738123354
0 0.33091863517060366 0.47597365145858 0.015118110236220445 0.03496949276022217
0 0.3229396325459317 0.12822147345414808 0.024356955380577396 0.03496949276022219
0 0.5366929133858268 0.059253862732598736 0.015118110236220516 0.02914124396685184
0 0.5467716535433071 0.09422335549282093 0.02351706036745405 0.033026743162432086
0 0.4338057742782152 0.06022523753149382 0.020997375328083975 0.03496949276022215
0 0.17511811023622045 0.4497465318884134 0.022677165354330703 0.04079774155359268
0 0.330498687664042 0.5099717694199071 0.014278215223097064 0.029141243966851655
0 0.10960629921259843 0.2525574477127159 0.0142782152230971 0.03496949276022221
0 0.4333858267716535 0.4487751570895184 0.02351706036745405 0.04274049115138279
0 0.46278215223097113 0.17679021339890114 0.015118110236220445 0.03496949276022221
0 0.09112860892388451 0.1699905898066357 0.014278215223097135 0.0330267431624321
0 0.48 0.2943265640652035 0.015958005249343897 0.0330267431624321
0 0.09028871391076115 0.21078833136022826 0.014278215223097118 0.029141243966851835
0 0.0999475065616798 0.6440214916674256 0.025196850393700797 0.0407977415535925
0 0.06341207349081365 0.40894879033482073 0.022677165354330713 0.04079774155359259
0 0.4333858267716535 0.37203654797680846 0.02351706036745405 0.04079774155359254
0 0.1373228346456693 0.40894879033482073 0.022677165354330703 0.04079774155359259
0 0.2108136482939632 0.6440214916674256 0.023517060367454087 0.0407977415535925
0 0.17511811023622045 0.17581883860000605 0.022677165354330703 0.040797741553592566
0 0.10036745406824148 0.5255137662022281 0.02435695538057743 0.04079774155359259
0 0.09028871391076115 0.2515860729138208 0.015958005249343828 0.03691224235801232
0 0.5551706036745406 0.17679021339890114 0.01679790026246714 0.0427404911513827
0 0.1100262467191601 0.17193333940442584 0.01679790026246719 0.04468324074917283
0 0.3594750656167979 0.6857906080199132 0.021837270341207356 0.03496949276022225
0 0.2108136482939632 0.37203654797680846 0.023517060367454087 0.04079774155359254
0 0.06299212598425197 0.33123880642321585 0.02183727034120735 0.04079774155359259
0 0.10078740157480315 0.6041951249127281 0.023517060367454067 0.03885499195580257
0 0.10036745406824148 0.5663115077558207 0.022677165354330703 0.04079774155359259
0 0.2120734908136483 0.17193333940442584 0.020997375328083975 0.03691224235801234
0 0.1746981627296588 0.5323133897944935 0.02351706036745405 0.0427404911513827
0 0.1100262467191601 0.21273108095801838 0.015118110236220464 0.02914124396685181
0 0.06299212598425197 0.29335518926630844 0.02183727034120735 0.03885499195580243
0 0.4808398950131233 0.2175879549524937 0.015958005249343828 0.03496949276022219
0 0.5093963254593176 0.14084934583978387 0.022677165354330668 0.03691224235801232
0 0.10036745406824148 0.6857906080199132 0.02435695538057743 0.0427404911513827
0 0.3598950131233596 0.2137024557569135 0.020997375328083975 0.03885499195580243
0 0.3590551181102362 0.5303706401967034 0.022677165354330668 0.03496949276022234
0 0.481259842519685 0.17679021339890114 0.01679790026246721 0.0427404911513827
0 0.5089763779527559 0.09908022948729624 0.02351706036745405 0.05051148954254317
0 0.2859842519685039 0.13502109704641352 0.02435695538057743 0.048568739944753046
0 0.4716010498687664 0.33123880642321585 0.02435695538057743 0.044683240749172806
0 0.3594750656167979 0.6071092493094132 0.021837270341207356 0.03302674316243214
0 0.17511811023622045 0.29335518926630844 0.022677165354330703 0.03885499195580243
0 0.48041994750656175 0.25450019731050605 0.015118110236220516 0.03496949276022221
0 0.17511811023622045 0.21273108095801838 0.022677165354330703 0.040797741553592566
0 0.06341207349081365 0.3710651731779134 0.022677165354330713 0.03885499195580243
0 0.1746981627296588 0.33123880642321585 0.02351706036745405 0.04079774155359259
0 0.3598950131233596 0.7256169747746106 0.020997375328083975 0.04079774155359259
0 0.5824671916010499 0.37203654797680846 0.022677165354330668 0.04079774155359254
0 0.4342257217847769 0.2943265640652035 0.021837270341207287 0.03691224235801232
0 0.5820472440944882 0.095194730291716 0.02351706036745405 0.04662599034696294
0 0.5833070866141733 0.14084934583978384 0.02435695538057743 0.04079774155359263
0 0.13774278215223096 0.3700937983790183 0.021837270341207356 0.04079774155359259
0 0.3976902887139107 0.13599247184530858 0.020997375328083975 0.03885499195580245
0 0.5820472440944882 0.2943265640652035 0.021837270341207287 0.04079774155359259
0 0.5446719160104987 0.33123880642321585 0.022677165354330668 0.044683240749172806
0 0.3598950131233596 0.29335518926630844 0.020997375328083975 0.03885499195580243
0 0.06299212598425197 0.21175970615912337 0.02183727034120735 0.03496949276022221
0 0.13774278215223096 0.3302674316243208 0.021837270341207356 0.03496949276022221
0 0.4342257217847769 0.13599247184530858 0.021837270341207287 0.03885499195580245
0 0.1746981627296588 0.6488783656619008 0.02351706036745405 0.04274049115138279
0 0.5085564304461943 0.2583856965060863 0.02267716535433074 0.0427404911513827
0 0.13816272965879264 0.6090519989072033 0.02267716535433072 0.04079774155359259
0 0.5824671916010499 0.33221018122211093 0.022677165354330668 0.03885499195580248
0 0.2494488188976378 0.17581883860000605 0.02183727034120732 0.048568739944753046
0 0.21249343832020998 0.13404972224751843 0.021837270341207356 0.0427404911513827
0 0.36031496062992124 0.1330783474486234 0.023517060367454122 0.052454239140333245
0 0.508976377952756 0.21661658015359864 0.021837270341207356 0.0369122423580123
0 0.3598950131233596 0.37203654797680846 0.020997375328083975 0.04079774155359254
0 0.3590551181102362 0.4497465318884134 0.022677165354330668 0.04079774155359268
0 0.5450918635170603 0.45460340588288867 0.02351706036745405 0.0427404911513827
0 0.13858267716535433 0.2943265640652035 0.021837270341207356 0.03691224235801232
0 0.13774278215223099 0.4487751570895184 0.023517060367454067 0.04274049115138279
0 0.0625721784776903 0.25158607291382085 0.020997375328083993 0.04079774155359259
0 0.06299212598425197 0.174847463801111 0.02183727034120735 0.03885499195580245
0 0.470761154855643 0.4905442734420059 0.02435695538057743 0.048568739944753116
0 0.5089763779527559 0.17776158819779622 0.02351706036745405 0.040797741553592566
0 0.4346456692913385 0.25352882251161096 0.020997375328083975 0.04079774155359259
0 0.1746981627296588 0.37203654797680846 0.02351706036745405 0.04079774155359254
0 0.10036745406824148 0.3710651731779134 0.022677165354330703 0.03885499195580243
0 0.3590551181102362 0.5672828825547158 0.022677165354330668 0.0427404911513827
0 0.0625721784776903 0.13502109704641352 0.022677165354330703 0.040797741553592566
0 0.0999475065616798 0.40894879033482073 0.023517060367454067 0.04079774155359259
0 0.3976902887139107 0.17679021339890114 0.02267716535433074 0.0427404911513827
0 0.13816272965879264 0.4905442734420059 0.024356955380577413 0.040797741553592407
0 0.13774278215223096 0.13307834744862337 0.021837270341207356 0.044683240749172806
0 0.2120734908136483 0.25352882251161096 0.02435695538057743 0.04079774155359259
0 0.3594750656167979 0.4118629147315059 0.021837270341207356 0.0427404911513827
0 0.3590551181102362 0.4905442734420059 0.022677165354330668 0.040797741553592407
0 0.3598950131233596 0.2525574477127159 0.020997375328083975 0.03496949276022221
0 0.4346456692913386 0.2137024557569135 0.022677165354330668 0.03885499195580243
0 0.2108136482939632 0.3302674316243208 0.023517060367454087 0.0427404911513827
0 0.21249343832020998 0.21175970615912332 0.021837270341207356 0.042740491151382676
0 0.1746981627296588 0.25352882251161096 0.02351706036745405 0.04079774155359259
0 0.13858267716535433 0.21273108095801838 0.02015748031496063 0.040797741553592566
0 0.13816272965879264 0.174847463801111 0.020997375328083993 0.03885499195580245
0 0.0625721784776903 0.09325198069392587 0.02435695538057743 0.0427404911513827
0 0.1746981627296588 0.13502109704641352 0.02351706036745405 0.048568739944753046
0 0.3598950131233596 0.33221018122211093 0.020997375328083975 0.03885499195580248
0 0.13858267716535433 0.25352882251161096 0.021837270341207356 0.04079774155359259
0 0.3586351706036745 0.6449928664663206 0.023517060367454122 0.046625990346962916
0 0.4338057742782152 0.17581883860000605 0.022677165354330668 0.040797741553592566
0 0.10036745406824148 0.3302674316243208 0.02435695538057743 0.0427404911513827
0 0.09112860892388451 0.05633973833591355 0.015958005249343845 0.0349694927602222
0 0.11044619422572179 0.05051148954254322 0.014278215223097118 0.03496949276022226
0 0.3220997375328084 0.6216798712928392 0.019317585301837283 0.03496949276022217
0 0.06341207349081365 0.5663115077558207 0.020997375328083986 0.04079774155359259
0 0.2120734908136483 0.4147770391281911 0.02267716535433074 0.048568739944753025
0 0.43338582677165355 0.09325198069392585 0.021837270341207356 0.046625990346962985
0 0.3976902887139107 0.05828248793370367 0.02267716535433074 0.0349694927602222
0 0.3229396325459317 0.19621770937680236 0.024356955380577396 0.0427404911513827
0 0.46068241469816273 0.254500197310506 0.015958005249343828 0.03885499195580248
0 0.06299212598425197 0.6041951249127281 0.023517060367454067 0.03885499195580257
0 0.470761154855643 0.41283428953040097 0.02267716535433074 0.04079774155359259
0 0.47160104986876644 0.10005160428619127 0.020997375328083975 0.04079774155359252
0 0.46194225721784776 0.21273108095801838 0.015118110236220445 0.02914124396685181
0 0.4338057742782152 0.4905442734420059 0.022677165354330668 0.040797741553592407
0 0.10036745406824148 0.13307834744862337 0.022677165354330703 0.03691224235801232
0 0.06299212598425197 0.4487751570895184 0.02183727034120735 0.04274049115138279
0 0.2116535433070866 0.5274565158000183 0.023517060367454087 0.04079774155359268
0 0.2120734908136483 0.2894696900707282 0.020997375328083975 0.03496949276022217
0 0.2108136482939632 0.5672828825547158 0.023517060367454087 0.0427404911513827
0 0.17511811023622045 0.7256169747746106 0.022677165354330703 0.03302674316243205
0 0.1746981627296588 0.6877333576177034 0.021837270341207356 0.03885499195580248
0 0.13774278215223096 0.5293992653978082 0.021837270341207356 0.03302674316243214
0 0.13774278215223099 0.5663115077558207 0.023517060367454067 0.04079774155359259
0 0.2116535433070866 0.7236742251768206 0.023517060367454087 0.03691224235801228
0 0.06341207349081365 0.5264851410011231 0.022677165354330713 0.03885499195580248
0 0.06341207349081365 0.4886015238442158 0.022677165354330713 0.03691224235801219
0 0.5450918635170603 0.3730079227757035 0.02351706036745405 0.03885499195580243
0 0.5354330708661418 0.2554715721094011 0.014278215223097064 0.04079774155359259
0 0.10078740157480315 0.09325198069392587 0.021837270341207356 0.0427404911513827
0 0.1746981627296588 0.6080806241083083 0.02351706036745405 0.0388549919558023
0 0.0625721784776903 0.6848192332210182 0.02435695538057743 0.04079774155359259
0 0.5459317585301837 0.13404972224751843 0.023517060367454122 0.0427404911513827
0 0.470761154855643 0.3730079227757035 0.02267716535433074 0.03885499195580243
0 0.2120734908136483 0.6857906080199132 0.02267716535433074 0.0427404911513827
0 0.5828871391076116 0.21661658015359864 0.021837270341207356 0.0369122423580123
0 0.1746981627296588 0.5682542573536108 0.02351706036745405 0.03691224235801246
0 0.4338057742782152 0.5682542573536108 0.022677165354330668 0.0407977415535925
0 0.4338057742782152 0.4118629147315059 0.022677165354330668 0.03885499195580248
0 0.470761154855643 0.4497465318884134 0.02267716535433074 0.04079774155359268
0 0.4338057742782152 0.33123880642321585 0.022677165354330668 0.03691224235801232
0 0.1746981627296588 0.4905442734420059 0.025196850393700815 0.040797741553592407
0 0.2116535433070866 0.6041951249127281 0.021837270341207356 0.03885499195580257
0 0.10036745406824148 0.4487751570895184 0.022677165354330703 0.04274049115138279
0 0.24902887139107613 0.13307834744862337 0.019317585301837283 0.040797741553592566
0 0.10960629921259843 0.2904410648696233 0.015958005249343828 0.03302674316243205
0 0.5833070866141732 0.18164708739337643 0.02267716535433074 0.03691224235801232
0 0.10036745406824148 0.48568739944753064 0.02435695538057743 0.03885499195580248
0 0.33217847769028874 0.4516892814862035 0.014278215223097135 0.013599247184530771
0 0.330498687664042 0.43420453510609236 0.014278215223097064 0.01748474638011117
0 0.33217847769028874 0.413805664329296 0.014278215223097135 0.019427495977901194
0 0.33091863517060366 0.39437816835139483 0.011758530183727061 0.01942749597790124
0 0.330498687664042 0.3739792975745986 0.012598425196850442 0.02137024557569135
0 0.3229396325459317 0.31278268524420966 0.019317585301837248 0.011656497586740661
0 0.3237795275590551 0.06119661233038885 0.02435695538057736 0.04468324074917281
0 0.48041994750656164 0.06119661233038888 0.01679790026246721 0.03691224235801227
0 0.5551706036745406 0.05828248793370367 0.015118110236220516 0.0349694927602222
0 0.3313385826771653 0.3516376772000121 0.014278215223097135 0.023312995173481458
0 0.3233595800524934 0.1622195914154752 0.02351706036745405 0.029141243966851835
0 0.3237795275590551 0.2651853200983517 0.02099737532808401 0.029141243966851835
0 0.3233595800524934 0.2923838144674134 0.02351706036745405 0.029141243966851835
0 0.3233595800524934 0.09422335549282099 0.02351706036745405 0.025255744771271592
0 0.3603149606299212 0.17581883860000605 0.021837270341207287 0.040797741553592566
0 0.5828871391076116 0.25450019731050605 0.021837270341207356 0.03496949276022221
0 0.2120734908136483 0.4895728986431108 0.02435695538057743 0.0427404911513827
0 0.5362729658792651 0.17679021339890114 0.014278215223097135 0.03496949276022221
0 0.3976902887139107 0.09325198069392587 0.020997375328083975 0.0427404911513827
0 0.5551706036745406 0.21661658015359864 0.015118110236220516 0.03302674316243208
0 0.5543307086614173 0.29529793886409855 0.01679790026246721 0.03496949276022221
0 0.5358530183727034 0.21273108095801843 0.013438320209973754 0.0330267431624321
0 0.17511811023622048 0.412834289530401 0.020997375328083975 0.03691224235801223
0 0.3313385826771653 0.6916188568132836 0.014278215223097135 0.027198494369061722
0 0.4329658792650919 0.5303706401967033 0.02267716535433074 0.0427404911513827
0 0.061732283464566926 0.7256169747746106 0.02603674540682415 0.04079774155359259
0 0.554750656167979 0.25450019731050605 0.015958005249343828 0.03496949276022221
0 0.06341207349081365 0.6440214916674256 0.022677165354330713 0.0407977415535925
0 0.3317585301837271 0.7217314755790305 0.015118110236220516 0.03302674316243205
0 0.47118110236220473 0.13696384664420364 0.021837270341207356 0.03691224235801232
0 0.2498687664041995 0.05731111313480863 0.022677165354330703 0.04856873994475311
0 0.2494488188976378 0.09422335549282093 0.023517060367454087 0.029141243966851835
0 0.5446719160104987 0.412834289530401 0.022677165354330668 0.03691224235801223
