0 0.3813008130081301 0.47865853658536583 0.04390243902439023 0.04674796747967486
0 0.8349593495934959 0.5508130081300813 0.034146341463414664 0.03658536585365857
0 0.4479674796747968 0.6067073170731707 0.04390243902439023 0.03455284552845528
0 0.8349593495934959 0.736788617886179 0.034146341463414664 0.03861788617886175
0 0.8162601626016259 0.3140243902439024 0.04552845528455285 0.042682926829268386
0 0.1040650406504065 0.657520325203252 0.039024390243902446 0.04268292682926822
0 0.38211382113821135 0.9563008130081301 0.04878048780487804 0.05081300813008127
0 0.44471544715447153 0.568089430894309 0.04390243902439023 0.04268292682926833
0 0.9528455284552846 0.3597560975609756 0.04878048780487809 0.044715447154471566
0 0.10731707317073172 0.426829268292683 0.03902439024390242 0.04878048780487804
0 0.9536585365853658 0.3109756097560975 0.047154471544715526 0.04878048780487815
0 0.38373983739837403 0.8628048780487805 0.04878048780487804 0.0467479674796748
0 0.6821138211382114 0.5934959349593496 0.047154471544715304 0.05284552845528434
0 0.44634146341463415 0.3404471544715447 0.04390243902439028 0.04268292682926833
0 0.44471544715447153 0.3780487804878049 0.04390243902439023 0.04065040650406504
0 0.31463414634146336 0.47865853658536583 0.03739837398373985 0.05081300813008105
0 0.6154471544715447 0.9532520325203252 0.05040650406504066 0.05691056910569103
0 0.10569105691056911 0.36890243902439024 0.039024390243902446 0.04268292682926833
0 0.616260162601626 0.7703252032520325 0.04878048780487809 0.052845528455284674
0 0.3821138211382114 0.7845528455284554 0.04552845528455285 0.04471544715447162
0 0.10894308943089431 0.8628048780487805 0.04552845528455285 0.05081300813008127
0 0.7495934959349593 0.2693089430894309 0.04878048780487798 0.05081300813008133
0 0.3146341463414634 0.6880081300813008 0.04390243902439028 0.0467479674796748
0 0.44634146341463415 0.41768292682926833 0.04390243902439028 0.042682926829268275
0 0.6821138211382114 0.49390243902439024 0.047154471544715304 0.06504065040650403
0 0.17642276422764228 0.9542682926829268 0.04390243902439023 0.0630081300813008
0 0.31463414634146336 0.7327235772357724 0.04715447154471547 0.04674796747967491
0 0.1056910569105691 0.49593495934959353 0.04227642276422765 0.04878048780487809
0 0.31138211382113823 0.5802845528455284 0.04390243902439023 0.05081300813008127
0 0.4975609756097561 0.15447154471544716 0.042276422764227606 0.04471544715447154
0 0.3829268292682927 0.7388211382113822 0.047154471544715415 0.04268292682926811
0 0.3813008130081301 0.6951219512195123 0.04390243902439023 0.04471544715447173
0 0.10731707317073172 0.5518292682926829 0.04552845528455286 0.05081300813008138
0 0.44634146341463415 0.26422764227642276 0.04390243902439028 0.048780487804878064
0 0.31138211382113823 0.5284552845528454 0.04390243902439023 0.0487804878048782
0 0.17479674796747968 0.8638211382113821 0.05040650406504066 0.05284552845528456
0 0.616260162601626 0.5873983739837398 0.04552845528455285 0.060975609756097504
0 0.37967479674796745 0.565040650406504 0.04390243902439023 0.04471544715447162
0 0.3804878048780488 0.21341463414634146 0.04552845528455285 0.04878048780487804
0 0.3130081300813008 0.6351626016260162 0.04390243902439028 0.054878048780487854
0 0.37967479674796745 0.5233739837398375 0.04390243902439023 0.0467479674796748
0 0.24227642276422762 0.21036585365853658 0.04552845528455282 0.0548780487804878
0 0.9536585365853658 0.2632113821138211 0.047154471544715526 0.05081300813008133
0 0.1040650406504065 0.21646341463414634 0.04227642276422765 0.0548780487804878
0 0.3804878048780488 0.38516260162601623 0.04552845528455285 0.042682926829268275
0 0.3804878048780488 0.2967479674796748 0.04552845528455285 0.04471544715447151
0 0.37967479674796745 0.6107723577235773 0.04390243902439023 0.0467479674796748
0 0.5479674796747966 0.2652439024390244 0.04552845528455285 0.0508130081300813
0 0.8853658536585365 0.2682926829268293 0.05040650406504066 0.05284552845528451
0 0.17479674796747968 0.49999999999999994 0.04715447154471544 0.060975609756097504
0 0.1772357723577236 0.7693089430894309 0.048780487804878064 0.058943089430894324
0 0.10894308943089431 0.9532520325203252 0.05203252032520324 0.060975609756097615
0 0.7495934959349593 0.21443089430894313 0.04878048780487798 0.05894308943089424
0 0.10650406504065041 0.6087398373983739 0.04390243902439024 0.0467479674796748
0 0.31138211382113823 0.42581300813008127 0.04715447154471547 0.05081300813008133
0 0.6821138211382114 0.35772357723577236 0.04390243902439028 0.05691056910569103
0 0.3813008130081301 0.43191056910569103 0.04390243902439023 0.05081300813008133
0 0.034146341463414644 0.2652439024390244 0.05203252032520327 0.0508130081300813
0 0.8162601626016259 0.26829268292682923 0.04552845528455285 0.04878048780487798
0 0.6170731707317073 0.21341463414634154 0.047154471544715415 0.05691056910569106
0 0.31138211382113823 0.217479674796748 0.04390243902439023 0.05284552845528448
0 0.10406504065040649 0.31199186991869915 0.04552845528455288 0.05081300813008138
0 0.10650406504065041 0.7682926829268292 0.04715447154471546 0.05284552845528445
0 0.6154471544715447 0.4014227642276423 0.05040650406504066 0.058943089430894324
0 0.31138211382113823 0.3739837398373984 0.04390243902439023 0.04878048780487804
0 0.035772357723577244 0.21239837398373987 0.04878048780487807 0.05487804878048774
0 0.6845528455284553 0.21341463414634154 0.04878048780487809 0.05691056910569106
0 0.4479674796747968 0.7063008130081301 0.04715447154471547 0.030487804878048808
0 0.4479674796747968 0.7398373983739838 0.04390243902439023 0.03658536585365857
0 0.44634146341463415 0.4563008130081301 0.04390243902439028 0.03455284552845528
0 0.44471544715447153 0.21544715447154475 0.04390243902439023 0.04878048780487798
0 0.32601626016260166 0.8221544715447155 0.030894308943089477 0.03455284552845528
0 0.8349593495934959 0.7794715447154472 0.034146341463414664 0.03861788617886186
0 0.8016260162601626 0.7804878048780488 0.029268292682926855 0.04065040650406504
0 0.5048780487804878 0.5182926829268293 0.027642276422764234 0.03658536585365857
0 0.6829268292682926 0.8617886178861789 0.04227642276422772 0.04878048780487809
0 0.8016260162601626 0.6331300813008129 0.029268292682926855 0.03455284552845528
0 0.8317073170731708 0.8221544715447154 0.03739837398373991 0.03861788617886175
0 0.7 0.8211382113821137 0.03089430894308942 0.04065040650406504
0 0.8382113821138211 0.5884146341463414 0.03414634146341455 0.03861788617886175
0 0.8365853658536586 0.7002032520325203 0.03089430894308942 0.030487804878048808
0 0.8333333333333333 0.5152439024390244 0.03089430894308942 0.038617886178861804
0 0.8032520325203252 0.5975609756097561 0.029268292682926855 0.04065040650406493
0 0.8349593495934959 0.6636178861788617 0.034146341463414664 0.03861788617886186
0 0.3991869918699187 0.8241869918699187 0.027642276422764234 0.03455284552845517
0 0.8349593495934959 0.6239837398373984 0.034146341463414664 0.03658536585365879
0 0.8016260162601626 0.7398373983739837 0.03252032520325199 0.04065040650406515
0 0.44552845528455287 0.6382113821138211 0.04552845528455285 0.03658536585365846
0 0.1252032520325203 0.8191056910569106 0.029268292682926828 0.03658536585365857
0 0.8016260162601626 0.6666666666666666 0.029268292682926855 0.03658536585365857
0 0.802439024390244 0.7012195121951219 0.03089430894308942 0.03658536585365835
0 0.46422764227642277 0.8191056910569106 0.024390243902439046 0.03658536585365857
0 0.8357723577235773 0.4766260162601626 0.029268292682926855 0.03455284552845528
0 0.44959349593495934 0.8617886178861789 0.04390243902439028 0.04471544715447151
0 0.8186991869918699 0.8638211382113821 0.04390243902439028 0.05284552845528456
0 0.8048780487804879 0.5172764227642277 0.0325203252032521 0.038617886178861804
0 0.816260162601626 0.9115853658536586 0.052032520325203224 0.04268292682926833
0 0.6333333333333334 0.8191056910569106 0.03089430894308931 0.04065040650406504
0 0.8357723577235773 0.4369918699186992 0.029268292682926855 0.04065040650406504
0 0.4975609756097561 0.19715447154471544 0.042276422764227606 0.04065040650406504
0 0.6821138211382114 0.9583333333333333 0.047154471544715304 0.0467479674796748
0 0.8048780487804879 0.5548780487804879 0.0325203252032521 0.04065040650406504
0 0.8333333333333333 0.39634146341463417 0.03089430894308942 0.04065040650406504
0 0.8154471544715447 0.959349593495935 0.04390243902439028 0.05284552845528445
0 0.19349593495934964 0.8211382113821138 0.029268292682926883 0.03658536585365857
0 0.8040650406504065 0.4796747967479675 0.034146341463414664 0.03658536585365857
0 0.6829268292682926 0.9095528455284554 0.04552845528455285 0.0467479674796748
0 0.3154471544715447 0.8607723577235773 0.04552845528455285 0.05081300813008138
0 0.5065040650406505 0.4735772357723578 0.030894308943089588 0.04065040650406493
0 0.9520325203252032 0.4989837398373984 0.04390243902439028 0.05081300813008133
0 0.3146341463414634 0.9085365853658537 0.04390243902439028 0.04471544715447151
0 0.31463414634146336 0.9563008130081301 0.04715447154471547 0.05081300813008127
0 0.9528455284552846 0.4024390243902439 0.04552845528455285 0.044715447154471566
0 0.44634146341463415 0.30386178861788615 0.047154471544715415 0.03455284552845539
0 0.3829268292682927 0.6565040650406504 0.04065040650406504 0.04065040650406504
0 0.6796747967479675 0.6880081300813008 0.04552845528455285 0.05081300813008127
0 0.6178861788617886 0.8628048780487805 0.04878048780487798 0.054878048780487854
0 0.448780487804878 0.7794715447154472 0.04227642276422766 0.04268292682926822
0 0.44715447154471544 0.6758130081300813 0.04878048780487804 0.03861788617886186
0 0.802439024390244 0.4410569105691057 0.03089430894308942 0.04065040650406504
0 0.44471544715447153 0.491869918699187 0.04390243902439023 0.04065040650406504
0 0.9536585365853658 0.44918699186991873 0.047154471544715526 0.04878048780487804
0 0.49918699186991866 0.10467479674796748 0.03902439024390242 0.04268292682926829
0 0.10731707317073172 0.7052845528455285 0.03902439024390242 0.04471544715447151
0 0.37967479674796745 0.34247967479674796 0.04390243902439023 0.0467479674796748
0 0.37967479674796745 0.2550813008130081 0.04390243902439023 0.03861788617886186
0 0.49837398373983743 0.06605691056910569 0.034146341463414664 0.03455284552845528
0 0.6853658536585365 0.7703252032520325 0.047154471544715526 0.056910569105691144
0 0.8186991869918699 0.3567073170731707 0.04390243902439028 0.042682926829268275
0 0.4479674796747968 0.907520325203252 0.04390243902439023 0.0467479674796748
0 0.38373983739837403 0.9095528455284554 0.04878048780487804 0.0467479674796748
0 0.8040650406504065 0.39939024390243905 0.034146341463414664 0.038617886178861804
0 0.44471544715447153 0.5274390243902439 0.04390243902439023 0.03861788617886175
0 0.44715447154471544 0.959349593495935 0.04878048780487804 0.04878048780487809
0 0.3154471544715447 0.7794715447154472 0.04878048780487809 0.04674796747967469
0 0.17479674796747968 0.6382113821138211 0.04715447154471544 0.0650406504065042
0 0.9528455284552846 0.21239837398373984 0.04878048780487809 0.0508130081300813
0 0.5504065040650408 0.21138211382113825 0.043902439024390394 0.05284552845528448
0 0.8178861788617886 0.21239837398373987 0.04878048780487809 0.05487804878048774
0 0.31138211382113823 0.32215447154471544 0.0504065040650406 0.05081300813008127
0 0.17398373983739837 0.3567073170731707 0.04878048780487804 0.0548780487804878
0 0.8845528455284553 0.21239837398373987 0.04878048780487809 0.05487804878048774
0 0.31463414634146336 0.2693089430894309 0.04715447154471547 0.05081300813008133
0 0.24065040650406502 0.26524390243902435 0.04878048780487804 0.05487804878048774
0 0.17398373983739837 0.2103658536585366 0.04878048780487804 0.0589430894308943
