0 0.196203 0.166350 0.047468 0.032319
0 0.064873 0.167300 0.044304 0.030418
0 0.505538 0.200570 0.033228 0.024715
0 0.875791 0.165399 0.042722 0.030418
0 0.556171 0.167300 0.042722 0.030418
0 0.393196 0.167300 0.042722 0.030418
0 0.511867 0.788973 0.023734 0.034221
0 0.194620 0.832700 0.044304 0.041825
0 0.132120 0.832700 0.042722 0.041825
0 0.761867 0.479087 0.030063 0.038023
0 0.128165 0.346008 0.044304 0.045627
0 0.765032 0.650190 0.030063 0.034221
0 0.064873 0.831749 0.041139 0.047529
0 0.761867 0.348859 0.033228 0.043726
0 0.131329 0.699620 0.044304 0.041825
0 0.684335 0.828897 0.042722 0.041825
0 0.761867 0.212928 0.030063 0.034221
0 0.327532 0.832700 0.041139 0.034221
0 0.196994 0.922053 0.042722 0.041825
0 0.681171 0.348859 0.042722 0.039924
0 0.828323 0.828897 0.030063 0.034221
0 0.797468 0.827947 0.028481 0.039924
0 0.062500 0.524715 0.042722 0.038023
0 0.061709 0.699620 0.041139 0.041825
0 0.941456 0.475285 0.047468 0.045627
0 0.828323 0.911597 0.033228 0.039924
0 0.128956 0.478137 0.042722 0.043726
0 0.130538 0.744297 0.042722 0.043726
0 0.620253 0.866920 0.044304 0.041825
0 0.393196 0.876426 0.042722 0.041825
0 0.684335 0.870722 0.042722 0.041825
0 0.555380 0.916350 0.041139 0.038023
0 0.328323 0.919202 0.042722 0.043726
0 0.194620 0.745247 0.044304 0.041825
0 0.505538 0.110266 0.033228 0.034221
0 0.063291 0.920152 0.037975 0.041825
0 0.731013 0.433460 0.031646 0.034221
0 0.194620 0.877376 0.044304 0.043726
0 0.193829 0.258555 0.039557 0.041825
0 0.619462 0.912548 0.042722 0.041825
0 0.195411 0.699620 0.045886 0.041825
0 0.556171 0.873574 0.045886 0.047529
0 0.827532 0.870722 0.028481 0.038023
0 0.811709 0.608365 0.041139 0.041825
0 0.762658 0.694867 0.037975 0.043726
0 0.392405 0.831749 0.041139 0.043726
0 0.731804 0.257605 0.030063 0.036122
0 0.556171 0.783270 0.039557 0.038023
0 0.061709 0.874525 0.041139 0.041825
0 0.506329 0.076046 0.031646 0.030418
0 0.618671 0.786122 0.037975 0.039924
0 0.798259 0.870722 0.030063 0.038023
0 0.765032 0.608365 0.033228 0.041825
0 0.939873 0.520913 0.044304 0.041825
0 0.618671 0.744297 0.037975 0.043726
0 0.061709 0.479087 0.047468 0.049430
0 0.261867 0.522814 0.039557 0.038023
0 0.554589 0.346008 0.042722 0.041825
0 0.061709 0.744297 0.044304 0.043726
0 0.684335 0.914449 0.042722 0.038023
0 0.194620 0.789924 0.044304 0.039924
0 0.682753 0.479087 0.042722 0.041825
0 0.556171 0.433460 0.039557 0.038023
0 0.555380 0.827947 0.044304 0.043726
0 0.128165 0.391635 0.044304 0.041825
0 0.261867 0.479087 0.042722 0.041825
0 0.797468 0.912548 0.031646 0.041825
0 0.556171 0.653992 0.042722 0.041825
0 0.878165 0.912548 0.044304 0.041825
0 0.617089 0.566540 0.041139 0.041825
0 0.128165 0.566540 0.041139 0.041825
0 0.620253 0.698669 0.041139 0.047529
0 0.876582 0.698669 0.044304 0.047529
0 0.391614 0.566540 0.039557 0.041825
0 0.618671 0.655894 0.044304 0.041825
0 0.732595 0.566540 0.034810 0.045627
0 0.731804 0.478137 0.033228 0.039924
0 0.261867 0.437262 0.042722 0.041825
0 0.130538 0.435361 0.042722 0.041825
0 0.682753 0.611217 0.042722 0.043726
0 0.875000 0.257605 0.037975 0.039924
0 0.326741 0.527567 0.042722 0.043726
0 0.877373 0.828897 0.042722 0.041825
0 0.193829 0.300380 0.042722 0.041825
0 0.196994 0.436312 0.042722 0.039924
0 0.617089 0.209125 0.041139 0.045627
0 0.393196 0.524715 0.042722 0.041825
0 0.556171 0.610266 0.042722 0.045627
0 0.554589 0.522814 0.042722 0.041825
0 0.454114 0.257605 0.041139 0.043726
0 0.062500 0.212928 0.045886 0.045627
0 0.682753 0.520913 0.042722 0.041825
0 0.062500 0.299430 0.045886 0.039924
0 0.875791 0.346008 0.042722 0.041825
0 0.682753 0.787072 0.042722 0.041825
0 0.456487 0.391635 0.039557 0.041825
0 0.875791 0.433460 0.042722 0.041825
0 0.393196 0.745247 0.042722 0.041825
0 0.939082 0.300380 0.042722 0.041825
0 0.391614 0.702471 0.042722 0.043726
0 0.875000 0.562738 0.037975 0.045627
0 0.731013 0.300380 0.031646 0.041825
0 0.554589 0.258555 0.042722 0.041825
0 0.614715 0.258555 0.042722 0.045627
0 0.681171 0.653992 0.042722 0.041825
0 0.327532 0.212928 0.041139 0.045627
0 0.876582 0.387833 0.044304 0.041825
0 0.454905 0.435361 0.042722 0.045627
0 0.392405 0.304183 0.041139 0.041825
0 0.195411 0.566540 0.042722 0.041825
0 0.811709 0.694867 0.041139 0.043726
0 0.195411 0.391635 0.045886 0.041825
0 0.260285 0.261407 0.042722 0.043726
0 0.194620 0.524715 0.044304 0.041825
0 0.128956 0.523764 0.042722 0.043726
0 0.556171 0.390684 0.042722 0.039924
0 0.810918 0.346008 0.042722 0.041825
0 0.681962 0.391635 0.041139 0.041825
0 0.128956 0.300380 0.042722 0.041825
0 0.260285 0.346008 0.042722 0.045627
0 0.454905 0.349810 0.042722 0.041825
0 0.260285 0.304183 0.042722 0.041825
0 0.617089 0.436312 0.044304 0.043726
0 0.617089 0.520913 0.041139 0.045627
0 0.617089 0.391635 0.041139 0.041825
0 0.809335 0.212928 0.045886 0.045627
0 0.810127 0.257605 0.041139 0.043726
0 0.875791 0.608365 0.042722 0.041825
0 0.505538 0.154943 0.033228 0.039924
0 0.504747 0.329848 0.034810 0.036122
0 0.503956 0.373574 0.036392 0.043726
0 0.504747 0.284221 0.037975 0.047529
0 0.505538 0.182510 0.033228 0.019011
0 0.681171 0.167300 0.042722 0.030418
0 0.455696 0.524715 0.041139 0.041825
0 0.391614 0.608365 0.039557 0.041825
0 0.195411 0.212928 0.039557 0.041825
0 0.940665 0.257605 0.042722 0.043726
0 0.394778 0.919202 0.045886 0.043726
0 0.763449 0.562738 0.033228 0.038023
0 0.062500 0.433460 0.042722 0.041825
0 0.876582 0.652091 0.041139 0.041825
0 0.454905 0.480989 0.042722 0.041825
0 0.764241 0.391635 0.028481 0.038023
0 0.391614 0.789924 0.042722 0.039924
0 0.327532 0.874525 0.044304 0.041825
0 0.617089 0.478137 0.041139 0.039924
0 0.556171 0.741445 0.042722 0.045627
0 0.620253 0.826996 0.041139 0.041825
0 0.131329 0.789924 0.044304 0.043726
0 0.731013 0.612167 0.031646 0.038023
0 0.877373 0.743346 0.042722 0.041825
0 0.731804 0.520913 0.030063 0.041825
0 0.811709 0.653042 0.041139 0.039924
0 0.762658 0.303232 0.031646 0.039924
0 0.195411 0.345057 0.045886 0.047529
0 0.063291 0.612167 0.041139 0.045627
0 0.328323 0.745247 0.042722 0.045627
0 0.130538 0.612167 0.042722 0.045627
0 0.810918 0.783270 0.042722 0.041825
0 0.063291 0.788973 0.041139 0.041825
0 0.732595 0.653992 0.034810 0.041825
0 0.939082 0.387833 0.042722 0.041825
0 0.731013 0.212928 0.031646 0.041825
0 0.555380 0.695817 0.041139 0.038023
0 0.128165 0.655894 0.044304 0.041825
0 0.681171 0.741445 0.045886 0.045627
0 0.063291 0.566540 0.041139 0.045627
0 0.811709 0.562738 0.041139 0.041825
0 0.454114 0.212928 0.041139 0.045627
0 0.730222 0.345057 0.033228 0.039924
0 0.063291 0.657795 0.041139 0.041825
0 0.062500 0.390684 0.042722 0.043726
0 0.939873 0.432510 0.047468 0.039924
0 0.761867 0.433460 0.033228 0.041825
0 0.811709 0.740494 0.044304 0.043726
0 0.875791 0.787072 0.042722 0.041825
0 0.061709 0.342205 0.044304 0.045627
0 0.681171 0.695817 0.042722 0.041825
0 0.878956 0.870722 0.042722 0.041825
0 0.194620 0.479087 0.044304 0.045627
0 0.761867 0.257605 0.033228 0.043726
0 0.327532 0.790875 0.044304 0.045627
0 0.128165 0.209125 0.044304 0.041825
0 0.130538 0.256654 0.042722 0.045627
0 0.731013 0.390684 0.034810 0.043726
0 0.391614 0.484791 0.042722 0.041825
0 0.939873 0.342205 0.044304 0.041825
0 0.326741 0.612167 0.042722 0.041825
0 0.810918 0.478137 0.042722 0.043726
0 0.875791 0.520913 0.042722 0.041825
0 0.761867 0.520913 0.036392 0.041825
0 0.195411 0.656844 0.045886 0.043726
0 0.062500 0.257605 0.045886 0.043726
0 0.940665 0.209125 0.042722 0.049430
0 0.194620 0.612167 0.044304 0.041825
0 0.325158 0.701521 0.042722 0.045627
0 0.681171 0.564639 0.042722 0.045627
0 0.618671 0.348859 0.044304 0.043726
0 0.681962 0.212928 0.047468 0.041825
0 0.392405 0.394487 0.044304 0.043726
0 0.682753 0.436312 0.042722 0.043726
0 0.326741 0.656844 0.042722 0.043726
0 0.453323 0.304183 0.039557 0.045627
0 0.810918 0.389734 0.042722 0.041825
0 0.391614 0.212928 0.042722 0.041825
0 0.681171 0.304183 0.039557 0.041825
0 0.556171 0.565589 0.042722 0.043726
0 0.391614 0.440114 0.045886 0.047529
0 0.810127 0.303232 0.041139 0.043726
0 0.877373 0.478137 0.042722 0.047529
0 0.810918 0.520913 0.042722 0.041825
0 0.326741 0.482890 0.042722 0.041825
0 0.556171 0.304183 0.042722 0.045627
0 0.261867 0.391635 0.042722 0.041825
0 0.617089 0.611217 0.044304 0.043726
0 0.327532 0.304183 0.044304 0.045627
0 0.875000 0.300380 0.047468 0.045627
0 0.680380 0.258555 0.037975 0.045627
0 0.326741 0.437262 0.042722 0.041825
0 0.392405 0.655894 0.044304 0.049430
0 0.261076 0.212928 0.047468 0.053232
0 0.873418 0.209125 0.044304 0.045627
0 0.391614 0.258555 0.042722 0.045627
0 0.617880 0.304183 0.042722 0.045627
0 0.328323 0.257605 0.042722 0.043726
0 0.810918 0.433460 0.042722 0.041825
0 0.326741 0.570342 0.042722 0.041825
0 0.554589 0.211977 0.042722 0.047529
0 0.556171 0.478137 0.042722 0.047529
0 0.392405 0.348859 0.047468 0.047529
