0 0.49540106951871665 0.28249094772121974 0.022245989304812853 0.03638866445222488
0 0.23144385026737965 0.7421372355387975 0.026524064171122994 0.03638866445222497
0 0.30673796791443847 0.22407756531106918 0.023101604278074818 0.0383038573181315
0 0.23101604278074866 0.513271688062962 0.023957219251336922 0.038303857318131365
0 0.23101604278074866 0.7057485710865727 0.023957219251336922 0.040219050184038034
0 0.31572192513368985 0.4290032019630727 0.01882352941176471 0.022982314390878927
0 0.31401069518716573 0.7124517461172457 0.013689839572192532 0.02681270012269199
0 0.3063101604278075 0.29015171918484606 0.022245989304812818 0.028727892988598614
0 0.533475935828877 0.20588323308495673 0.023101604278074818 0.036388664452224925
0 0.5711229946524063 0.3610138552233893 0.023101604278074818 0.040219050184038076
0 0.4568983957219251 0.36197145165634254 0.023957219251336922 0.03447347158631844
0 0.4568983957219251 0.4740102343118772 0.022245989304812853 0.03638866445222488
0 0.4949732620320856 0.24610228326899486 0.023101604278074887 0.036388664452224925
0 0.3811764705882353 0.6664871173354878 0.023101604278074887 0.03447347158631848
0 0.19379679144385029 0.31696441930753805 0.02481283422459892 0.040219050184038076
0 0.2318716577540107 0.31696441930753805 0.022245989304812853 0.040219050184038076
0 0.11893048128342247 0.43283358769488584 0.022245989304812835 0.03447347158631839
0 0.11807486631016044 0.47209504144597064 0.023957219251336904 0.040219050184038034
0 0.4188235294117647 0.5908369991321782 0.023101604278074887 0.040219050184037944
0 0.3816042780748663 0.16566418290091872 0.022245989304812853 0.0363886644522249
0 0.19336898395721924 0.6253104707184967 0.023957219251336887 0.03638866445222497
0 0.19422459893048127 0.6655295209025347 0.023957219251336922 0.040219050184037944
0 0.5326203208556151 0.28249094772121974 0.021390374331550745 0.03638866445222488
0 0.4581818181818182 0.12927551844869373 0.023101604278074887 0.04021905018403801
0 0.45647058823529413 0.43857916629260557 0.02481283422459896 0.0421342430499447
0 0.5698395721925134 0.5908369991321782 0.023957219251336852 0.040219050184037944
0 0.5326203208556151 0.3638866445222491 0.023101604278074818 0.03447347158631848
0 0.08042780748663102 0.7019181853547596 0.023957219251336898 0.040219050184038034
0 0.4188235294117647 0.6291408564503096 0.023101604278074887 0.040219050184037944
0 0.5326203208556151 0.3974025196756142 0.023101604278074818 0.040219050184038034
0 0.5694117647058823 0.6712750995002544 0.023101604278074818 0.040219050184038034
0 0.4581818181818182 0.08905646826465571 0.02481283422459896 0.04021905018403807
0 0.15614973262032086 0.23844151180536854 0.02481283422459892 0.040219050184038076
0 0.11893048128342247 0.19918005805428374 0.023957219251336904 0.0383038573181315
0 0.4949732620320856 0.12831792201574047 0.023101604278074887 0.042134243049944585
0 0.5698395721925134 0.6310560493162163 0.023957219251336852 0.040219050184038124
0 0.4568983957219251 0.24035670467127512 0.023957219251336922 0.04404943591585123
0 0.11764705882352942 0.6253104707184967 0.02310160427807487 0.040219050184038214
0 0.41839572192513375 0.6664871173354878 0.022245989304812853 0.03447347158631848
0 0.19422459893048127 0.7459676212706107 0.022245989304812853 0.03255827872041182
0 0.49540106951871665 0.16949456863273182 0.02053475935828878 0.040219050184038124
0 0.11807486631016044 0.6655295209025347 0.025668449197860977 0.040219050184037944
0 0.41967914438502674 0.4740102343118772 0.021390374331550818 0.032558278720411726
0 0.08085561497326203 0.7411796391058443 0.02310160427807486 0.03447347158631839
0 0.08042780748663102 0.62626806715145 0.023957219251336898 0.038303857318131636
0 0.042352941176470586 0.1589610078702457 0.021390374331550797 0.042134243049944634
0 0.5706951871657754 0.24514468683604154 0.023957219251336852 0.03447347158631835
0 0.5711229946524063 0.1704521650656851 0.023101604278074818 0.0421342430499447
0 0.30716577540106954 0.08714127539874916 0.02566844919786096 0.04787982164766441
0 0.19422459893048127 0.5142292844959153 0.022245989304812853 0.040219050184037944
0 0.08085561497326203 0.20013765448723703 0.02310160427807486 0.040219050184038076
0 0.45775401069518723 0.18290091869407785 0.023957219251336922 0.06320136457491696
0 0.23144385026737968 0.2796181584223599 0.021390374331550818 0.0344734715863183
0 0.23144385026737968 0.4366639734266991 0.023101604278074887 0.0344734715863183
0 0.5702673796791444 0.5544483346799534 0.023101604278074818 0.040219050184038124
0 0.23272727272727273 0.12257234341802077 0.022245989304812853 0.042134243049944654
0 0.533475935828877 0.16949456863273182 0.023101604278074818 0.040219050184038124
0 0.49411764705882355 0.6310560493162163 0.02481283422459896 0.040219050184038124
0 0.19422459893048127 0.4318759912619326 0.022245989304812853 0.03255827872041182
0 0.08 0.5889218062662718 0.02481283422459892 0.036388664452224787
0 0.3816042780748663 0.3983601161085675 0.022245989304812853 0.038303857318131455
0 0.11850267379679146 0.5515755453810935 0.02310160427807487 0.038303857318131636
0 0.11850267379679146 0.5889218062662718 0.02310160427807487 0.036388664452224787
0 0.3816042780748663 0.3590986623574827 0.022245989304812853 0.040219050184038076
0 0.08 0.5515755453810935 0.02481283422459892 0.038303857318131636
0 0.41967914438502674 0.20588323308495673 0.023101604278074887 0.040219050184038076
0 0.5706951871657754 0.28153335128826645 0.023957219251336852 0.0344734715863183
0 0.11850267379679146 0.7411796391058443 0.02310160427807487 0.0421342430499447
0 0.11807486631016044 0.7047909746536194 0.023957219251336904 0.038303857318131455
0 0.3157219251336898 0.49699254870275605 0.015401069518716604 0.02106712152497235
0 0.3157219251336899 0.4519855163539516 0.013689839572192603 0.022982314390878927
0 0.31529411764705884 0.40410569470628716 0.014545454545454639 0.026812700122692035
0 0.30802139037433157 0.16853697219977856 0.022245989304812853 0.02298231439087888
0 0.30802139037433157 0.14651225424185293 0.023957219251336887 0.02489750725678548
0 0.23144385026737968 0.5506179489481402 0.023101604278074887 0.03638866445222497
0 0.30802139037433157 0.12065715055211419 0.02566844919786096 0.026812700122692035
0 0.31529411764705884 0.7430948319717509 0.01625668449197864 0.030643085854505238
0 0.31529411764705884 0.37729299458359516 0.01625668449197864 0.026812700122692035
0 0.31614973262032087 0.4740102343118772 0.01625668449197864 0.024897507256785415
0 0.5706951871657754 0.2097136188167699 0.023957219251336852 0.036388664452224925
0 0.30802139037433157 0.19056169015770416 0.023957219251336887 0.02872789298859859
0 0.30716577540106954 0.31696441930753805 0.023957219251336922 0.02489750725678546
0 0.30759358288770056 0.34186192656432357 0.023101604278074887 0.02106712152497235
0 0.19336898395721924 0.3974025196756142 0.023957219251336887 0.040219050184038034
0 0.3811764705882353 0.6310560493162163 0.023101604278074887 0.036388664452224787
0 0.31401069518716584 0.5257204416913547 0.01711229946524071 0.03638866445222488
0 0.3439572192513369 0.6655295209025347 0.022245989304812853 0.040219050184037944
0 0.3071657754010695 0.6377592243468894 0.02224598930481278 0.03447347158631821
0 0.27037433155080215 0.2863213334530329 0.022245989304812818 0.036388664452224925
0 0.042352941176470586 0.20013765448723703 0.02310160427807487 0.040219050184038076
0 0.26994652406417113 0.31696441930753805 0.019679144385026746 0.036388664452224925
0 0.41839572192513375 0.7411796391058443 0.02053475935828878 0.0421342430499447
0 0.08085561497326203 0.16470658646796543 0.02310160427807486 0.042134243049944634
0 0.5698395721925134 0.7478828141365174 0.023957219251336852 0.040219050184038124
0 0.4949732620320856 0.08905646826465571 0.024812834224598887 0.04021905018403807
0 0.5706951871657754 0.5190172666606816 0.023957219251336852 0.038303857318131455
0 0.19336898395721924 0.5496603525151869 0.023957219251336887 0.03447347158631839
0 0.41839572192513375 0.706706167519526 0.02053475935828878 0.0344734715863183
0 0.23144385026737968 0.16374899003501214 0.021390374331550818 0.03255827872041175
0 0.15614973262032086 0.2049256366520035 0.02481283422459892 0.03447347158631835
0 0.5694117647058823 0.7114941496842924 0.024812834224598887 0.040219050184038034
0 0.23144385026737968 0.47305263787892393 0.023101604278074887 0.0421342430499447
0 0.3431016042780748 0.6310560493162163 0.02224598930481278 0.040219050184038124
0 0.08042780748663102 0.6636143280366281 0.022245989304812825 0.040219050184038034
0 0.2318716577540107 0.24035670467127512 0.02053475935828878 0.040219050184038076
0 0.042352941176470586 0.2393991082383218 0.02310160427807487 0.03447347158631835
0 0.08085561497326203 0.31983720860639797 0.02310160427807486 0.03447347158631835
0 0.5706951871657754 0.4376215698596522 0.023957219251336852 0.040219050184038124
0 0.4949732620320856 0.2097136188167699 0.023101604278074887 0.036388664452224925
0 0.45647058823529413 0.5908369991321782 0.023101604278074887 0.040219050184037944
0 0.4936898395721926 0.7478828141365174 0.022245989304812853 0.03638866445222497
0 0.3816042780748663 0.1244875362839273 0.022245989304812853 0.04979501451357094
0 0.2699465240641711 0.2049256366520035 0.023101604278074853 0.042134243049944654
0 0.3811764705882353 0.5908369991321782 0.023101604278074887 0.040219050184037944
0 0.19379679144385029 0.2796181584223599 0.02481283422459892 0.038303857318131455
0 0.5706951871657754 0.3974025196756142 0.023957219251336852 0.040219050184038034
0 0.34481283422459896 0.24131430110422838 0.022245989304812853 0.03447347158631835
0 0.19422459893048127 0.47305263787892393 0.022245989304812853 0.0421342430499447
0 0.2699465240641711 0.24610228326899483 0.023101604278074853 0.040219050184038034
0 0.11893048128342247 0.5123140916300086 0.023957219251336904 0.040219050184038034
0 0.5711229946524063 0.12927551844869373 0.023101604278074818 0.04021905018403801
0 0.26737967914438504 0.5094413023311488 0.021390374331550818 0.038303857318131546
0 0.533048128342246 0.24610228326899483 0.02224598930481278 0.040219050184038034
0 0.4201069518716578 0.12448753628392734 0.023957219251336922 0.042134243049944654
0 0.04278074866310161 0.3974025196756142 0.022245989304812835 0.040219050184038034
0 0.3431016042780749 0.7057485710865727 0.023957219251336922 0.040219050184038034
0 0.08 0.47209504144597064 0.02481283422459892 0.040219050184038034
0 0.08085561497326203 0.5123140916300086 0.024812834224598932 0.040219050184038034
0 0.4936898395721926 0.6674447137684412 0.025668449197860994 0.040219050184038214
0 0.4936898395721926 0.7076637639524793 0.023957219251336922 0.040219050184038034
0 0.23058823529411765 0.6655295209025347 0.02481283422459896 0.040219050184037944
0 0.41967914438502674 0.4376215698596522 0.02481283422459896 0.044049435915851275
0 0.08085561497326203 0.23844151180536854 0.02310160427807486 0.040219050184038076
0 0.5317647058823529 0.5917945955651316 0.023101604278074818 0.04213424304994452
0 0.19336898395721924 0.5898794026992249 0.023957219251336887 0.04213424304994461
0 0.19422459893048127 0.706706167519526 0.022245989304812853 0.04213424304994461
0 0.2686631016042781 0.43379118412783907 0.023957219251336887 0.040219050184038124
0 0.08085561497326203 0.4318759912619326 0.02310160427807486 0.040219050184038124
0 0.5706951871657754 0.4787982164766436 0.023957219251336852 0.04213424304994461
0 0.23144385026737968 0.5850914205344585 0.023101604278074887 0.040219050184038034
0 0.2686631016042781 0.47305263787892393 0.022245989304812853 0.0421342430499447
0 0.533048128342246 0.1283179220157405 0.023957219251336852 0.045964628781757784
0 0.2318716577540107 0.20013765448723703 0.022245989304812853 0.040219050184038076
0 0.4568983957219251 0.3974025196756142 0.023957219251336922 0.040219050184038034
0 0.19422459893048127 0.35718346949157614 0.023957219251336922 0.040219050184038076
0 0.15614973262032086 0.2786605619894066 0.02481283422459892 0.040219050184038034
0 0.4568983957219251 0.28249094772121974 0.023957219251336922 0.040219050184038034
0 0.5326203208556151 0.4740102343118773 0.023101604278074818 0.040219050184038124
0 0.41925133689839567 0.553490738247 0.022245989304812853 0.0421342430499447
0 0.45647058823529413 0.5544483346799534 0.023101604278074887 0.040219050184038124
0 0.042352941176470586 0.27578777269054666 0.02310160427807487 0.038303857318131365
0 0.38160427807486635 0.4376215698596522 0.023957219251336995 0.044049435915851275
0 0.41925133689839567 0.35814106592452943 0.022245989304812853 0.0383038573181315
0 0.2690909090909091 0.3974025196756142 0.021390374331550818 0.040219050184038034
0 0.08042780748663102 0.3954873268097076 0.023957219251336898 0.03638866445222488
0 0.15572192513368985 0.12257234341802077 0.023957219251336887 0.042134243049944654
0 0.41925133689839567 0.5123140916300086 0.022245989304812853 0.044049435915851184
0 0.5702673796791444 0.3207948050393512 0.024812834224598887 0.040219050184038076
0 0.3431016042780748 0.436663973426699 0.02224598930481278 0.038303857318131546
0 0.41967914438502674 0.3974025196756142 0.023101604278074887 0.03638866445222488
0 0.19422459893048127 0.16279139360205885 0.023957219251336922 0.034473471586318326
0 0.27037433155080215 0.16374899003501214 0.022245989304812818 0.040219050184038055
0 0.2686631016042781 0.7421372355387975 0.022245989304812853 0.03638866445222497
0 0.4201069518716578 0.24131430110422838 0.023957219251336922 0.0383038573181315
0 0.5326203208556151 0.3227099979052578 0.023101604278074818 0.04404943591585114
0 0.15614973262032086 0.16566418290091872 0.02481283422459892 0.04404943591585121
0 0.3820320855614973 0.24514468683604154 0.021390374331550818 0.0383038573181315
0 0.23101604278074866 0.6253104707184967 0.023957219251336922 0.040219050184038214
0 0.3443850267379679 0.35814106592452943 0.023101604278074887 0.0383038573181315
0 0.34481283422459896 0.12257234341802077 0.022245989304812853 0.042134243049944654
0 0.3811764705882353 0.746925217703564 0.023101604278074887 0.038303857318131546
0 0.3816042780748663 0.20588323308495673 0.022245989304812853 0.040219050184038076
0 0.19379679144385029 0.24035670467127512 0.02481283422459892 0.040219050184038076
0 0.4945454545454545 0.4376215698596522 0.023957219251336922 0.040219050184038124
0 0.34267379679144383 0.7421372355387975 0.023101604278074818 0.040219050184038124
0 0.3443850267379679 0.513271688062962 0.02481283422459896 0.038303857318131365
0 0.11978609625668449 0.15704581500433912 0.02566844919786096 0.04979501451357092
0 0.2686631016042781 0.5879642098333184 0.023957219251336887 0.038303857318131455
0 0.5326203208556151 0.5142292844959153 0.023101604278074818 0.040219050184037944
0 0.4945454545454545 0.5544483346799534 0.022245989304812853 0.040219050184038124
0 0.11807486631016044 0.3160068228745848 0.023957219251336904 0.0383038573181315
0 0.49540106951871665 0.3207948050393512 0.022245989304812853 0.040219050184038076
0 0.2699465240641711 0.12161474698506752 0.02481283422459892 0.04787982164766432
0 0.5317647058823529 0.436663973426699 0.023101604278074818 0.0421342430499447
0 0.042780748663101595 0.31504922644163147 0.023957219251336898 0.036388664452224925
0 0.3816042780748663 0.47496783074483045 0.022245989304812853 0.0344734715863183
0 0.11850267379679146 0.28057575485531316 0.024812834224598943 0.040219050184038034
0 0.531336898395722 0.5544483346799534 0.023957219251336852 0.040219050184038124
0 0.08085561497326203 0.28057575485531316 0.024812834224598932 0.04787982164766434
0 0.3811764705882353 0.553490738247 0.023101604278074887 0.038303857318131455
0 0.3811764705882353 0.706706167519526 0.023101604278074887 0.04213424304994461
0 0.2690909090909091 0.5487027560822336 0.021390374331550818 0.040219050184038034
0 0.3816042780748663 0.5142292844959153 0.022245989304812853 0.040219050184037944
0 0.49411764705882355 0.5917945955651316 0.023101604278074887 0.04213424304994452
0 0.3439572192513369 0.47305263787892393 0.023957219251336922 0.0421342430499447
0 0.2686631016042781 0.6253104707184967 0.023957219251336887 0.040219050184038214
0 0.4945454545454545 0.5142292844959153 0.022245989304812853 0.040219050184037944
0 0.11850267379679146 0.35622587305862286 0.02310160427807487 0.042134243049944654
0 0.3820320855614973 0.28057575485531316 0.021390374331550818 0.040219050184038034
0 0.04278074866310161 0.35622587305862286 0.022245989304812835 0.042134243049944654
0 0.19422459893048127 0.12161474698506752 0.023957219251336922 0.04787982164766432
0 0.19422459893048127 0.20013765448723703 0.02566844919786096 0.040219050184038076
0 0.11850267379679146 0.2393991082383218 0.024812834224598943 0.042134243049944654
0 0.4945454545454545 0.4749678307448305 0.022245989304812853 0.038303857318131546
0 0.4201069518716578 0.16949456863273185 0.023957219251336922 0.04404943591585121
0 0.23144385026737968 0.35718346949157614 0.023101604278074887 0.040219050184038076
0 0.3439572192513369 0.5898794026992249 0.023957219251336922 0.04213424304994461
0 0.4201069518716578 0.28057575485531316 0.022245989304812853 0.040219050184038034
0 0.4201069518716578 0.32175240147230455 0.022245989304812853 0.042134243049944745
0 0.11807486631016044 0.3954873268097076 0.023957219251336904 0.040219050184038034
0 0.3431016042780749 0.5496603525151869 0.023957219251336922 0.038303857318131546
0 0.3443850267379679 0.28057575485531316 0.023101604278074887 0.040219050184038034
0 0.2690909090909091 0.7057485710865727 0.021390374331550818 0.040219050184038034
0 0.34481283422459896 0.20588323308495673 0.023957219251336922 0.040219050184038076
0 0.2686631016042781 0.6655295209025347 0.022245989304812853 0.040219050184037944
0 0.49540106951871654 0.3974025196756142 0.023957219251336852 0.040219050184038034
0 0.4949732620320856 0.3610138552233893 0.023101604278074887 0.040219050184038076
0 0.08042780748663102 0.35622587305862286 0.023957219251336898 0.042134243049944654
0 0.3443850267379679 0.32175240147230455 0.023101604278074887 0.042134243049944745
0 0.4568983957219251 0.5142292844959153 0.023957219251336922 0.040219050184037944
0 0.4568983957219251 0.32270999790525784 0.023957219251336922 0.040219050184038166
0 0.23101604278074866 0.3974025196756142 0.023957219251336922 0.040219050184038034
0 0.3816042780748663 0.32175240147230455 0.022245989304812853 0.042134243049944745
0 0.2699465240641711 0.35718346949157614 0.023101604278074853 0.040219050184038076
0 0.34481283422459896 0.16470658646796543 0.023957219251336922 0.042134243049944634
0 0.3439572192513369 0.3974025196756142 0.023957219251336922 0.040219050184038034
