0 0.655112 0.390741 0.034078 0.048148
0 0.052879 0.062963 0.032902 0.051852
0 0.926557 0.300000 0.038778 0.044444
0 0.491774 0.435185 0.043478 0.037037
0 0.506463 0.719444 0.023502 0.035185
0 0.492949 0.197222 0.050529 0.035185
0 0.491774 0.120370 0.052879 0.033333
0 0.494125 0.272222 0.048179 0.033333
0 0.109871 0.580556 0.034078 0.046296
0 0.490599 0.086111 0.050529 0.038889
0 0.926557 0.111111 0.038778 0.051852
0 0.165100 0.775000 0.038778 0.053704
0 0.109283 0.261111 0.037603 0.044444
0 0.054054 0.451852 0.035253 0.048148
0 0.329025 0.819444 0.035253 0.042593
0 0.926557 0.347222 0.036428 0.046296
0 0.053467 0.773148 0.031727 0.038889
0 0.109283 0.538889 0.035253 0.044444
0 0.490599 0.160185 0.048179 0.046296
0 0.109283 0.397222 0.032902 0.046296
0 0.326675 0.398148 0.035253 0.033333
0 0.108696 0.679630 0.036428 0.048148
0 0.492949 0.308333 0.050529 0.042593
0 0.054054 0.538889 0.037603 0.044444
0 0.165100 0.820370 0.036428 0.044444
0 0.162750 0.398148 0.038778 0.040741
0 0.054054 0.494444 0.037603 0.044444
0 0.054054 0.400926 0.035253 0.050000
0 0.055817 0.866667 0.038778 0.048148
0 0.330787 0.536111 0.029377 0.042593
0 0.165100 0.726852 0.036428 0.053704
0 0.107521 0.352778 0.034078 0.046296
0 0.054054 0.586111 0.035253 0.050000
0 0.490599 0.388889 0.043478 0.048148
0 0.326087 0.111111 0.036428 0.048148
0 0.434783 0.211111 0.035253 0.048148
0 0.492949 0.232407 0.048179 0.046296
0 0.054642 0.815741 0.036428 0.050000
0 0.817861 0.300926 0.035253 0.042593
0 0.273796 0.678704 0.039953 0.050000
0 0.055229 0.634259 0.037603 0.050000
0 0.707403 0.110185 0.035253 0.050000
0 0.165100 0.866667 0.038778 0.048148
0 0.927732 0.675926 0.036428 0.051852
0 0.712103 0.719444 0.037603 0.050000
0 0.109283 0.307407 0.035253 0.040741
0 0.712103 0.811111 0.035253 0.040741
0 0.707403 0.301852 0.035253 0.048148
0 0.656874 0.910185 0.037603 0.053704
0 0.108696 0.492593 0.036428 0.051852
0 0.925382 0.160185 0.038778 0.050000
0 0.055229 0.680556 0.037603 0.046296
0 0.872503 0.907407 0.041128 0.048148
0 0.712103 0.673148 0.037603 0.042593
0 0.109283 0.441667 0.035253 0.046296
0 0.326675 0.350926 0.037603 0.050000
0 0.272033 0.257407 0.038778 0.044444
0 0.109283 0.630556 0.037603 0.053704
0 0.712103 0.766667 0.037603 0.048148
0 0.329025 0.863889 0.037603 0.050000
0 0.925382 0.254630 0.038778 0.046296
0 0.924207 0.209259 0.036428 0.044444
0 0.871328 0.391667 0.034078 0.042593
0 0.818449 0.906481 0.038778 0.046296
0 0.656874 0.767593 0.035253 0.042593
0 0.160400 0.352778 0.038778 0.050000
0 0.165100 0.917593 0.038778 0.053704
0 0.163925 0.678704 0.034078 0.046296
0 0.656874 0.863889 0.035253 0.046296
0 0.926557 0.390741 0.034078 0.044444
0 0.055817 0.914815 0.036428 0.044444
0 0.163925 0.582407 0.038778 0.046296
0 0.927732 0.487037 0.036428 0.044444
0 0.874853 0.672222 0.041128 0.048148
0 0.710928 0.910185 0.037603 0.050000
0 0.491774 0.045370 0.052879 0.050000
0 0.329025 0.722222 0.035253 0.044444
0 0.927732 0.532407 0.036428 0.046296
0 0.329025 0.771296 0.035253 0.053704
0 0.163925 0.538889 0.034078 0.044444
0 0.870153 0.108333 0.036428 0.053704
0 0.109283 0.213889 0.035253 0.046296
0 0.109283 0.113889 0.035253 0.050000
0 0.818449 0.485185 0.038778 0.044444
0 0.438895 0.910185 0.034078 0.050000
0 0.656874 0.813889 0.035253 0.050000
0 0.055229 0.725926 0.035253 0.048148
0 0.709753 0.578704 0.035253 0.046296
0 0.871328 0.298148 0.038778 0.040741
0 0.873678 0.812963 0.036428 0.048148
0 0.926557 0.579630 0.038778 0.048148
0 0.109283 0.775000 0.037603 0.053704
0 0.710928 0.860185 0.037603 0.050000
0 0.325499 0.213889 0.035253 0.046296
0 0.108696 0.725926 0.036428 0.048148
0 0.162750 0.495370 0.036428 0.042593
0 0.052879 0.115741 0.035253 0.050000
0 0.873678 0.723148 0.038778 0.046296
0 0.873678 0.860185 0.038778 0.046296
0 0.872503 0.485185 0.038778 0.044444
0 0.109283 0.163889 0.035253 0.050000
0 0.216804 0.257407 0.034078 0.044444
0 0.870153 0.156481 0.036428 0.050000
0 0.326675 0.303704 0.035253 0.048148
0 0.656874 0.721296 0.035253 0.050000
0 0.927732 0.625000 0.036428 0.046296
0 0.437720 0.765741 0.034078 0.042593
0 0.052879 0.258333 0.035253 0.046296
0 0.656874 0.579630 0.035253 0.040741
0 0.273796 0.727778 0.037603 0.044444
0 0.216216 0.213889 0.032902 0.042593
0 0.326087 0.162037 0.036428 0.053704
0 0.272033 0.211111 0.036428 0.051852
0 0.326675 0.257407 0.035253 0.044444
0 0.873678 0.766667 0.036428 0.044444
0 0.329025 0.492593 0.032902 0.048148
0 0.054054 0.210185 0.035253 0.046296
0 0.819624 0.817593 0.034078 0.046296
0 0.330200 0.579630 0.037603 0.044444
0 0.054054 0.304630 0.037603 0.046296
0 0.818449 0.625926 0.034078 0.044444
0 0.054054 0.352778 0.037603 0.050000
0 0.329025 0.913889 0.039953 0.053704
0 0.709753 0.485185 0.035253 0.048148
0 0.437720 0.862037 0.034078 0.050000
0 0.273208 0.537037 0.034078 0.040741
0 0.437133 0.061111 0.035253 0.051852
0 0.435958 0.253704 0.035253 0.044444
0 0.161575 0.257407 0.036428 0.044444
0 0.217979 0.351852 0.036428 0.044444
0 0.215629 0.112963 0.036428 0.051852
0 0.162750 0.304630 0.038778 0.050000
0 0.215629 0.163889 0.034078 0.050000
0 0.216804 0.445370 0.034078 0.050000
0 0.329025 0.679630 0.035253 0.044444
0 0.545828 0.211111 0.038778 0.044444
0 0.871328 0.344444 0.034078 0.048148
0 0.924207 0.056481 0.038778 0.057407
0 0.436545 0.722222 0.036428 0.040741
0 0.872503 0.438889 0.038778 0.051852
0 0.927732 0.439815 0.036428 0.050000
0 0.818449 0.723148 0.036428 0.046296
0 0.656874 0.625000 0.035253 0.050000
0 0.161575 0.445370 0.038778 0.053704
0 0.712103 0.628704 0.037603 0.046296
0 0.870153 0.056481 0.038778 0.053704
0 0.655699 0.672222 0.035253 0.048148
0 0.215629 0.060185 0.036428 0.053704
0 0.872503 0.579630 0.038778 0.048148
0 0.217979 0.394444 0.036428 0.048148
0 0.435958 0.161111 0.035253 0.051852
0 0.818449 0.582407 0.034078 0.046296
0 0.818449 0.863889 0.036428 0.046296
0 0.054054 0.163889 0.035253 0.046296
0 0.656874 0.532407 0.035253 0.046296
0 0.380729 0.207407 0.035253 0.059259
0 0.818449 0.770370 0.038778 0.051852
0 0.272620 0.630556 0.037603 0.053704
0 0.870153 0.205556 0.036428 0.044444
0 0.163925 0.630556 0.038778 0.053704
0 0.437133 0.441667 0.035253 0.046296
0 0.817861 0.344444 0.035253 0.048148
0 0.545828 0.160185 0.036428 0.046296
0 0.161575 0.163889 0.038778 0.046296
0 0.818449 0.673148 0.036428 0.050000
0 0.545828 0.110185 0.038778 0.046296
0 0.599882 0.256481 0.038778 0.050000
0 0.435958 0.112037 0.035253 0.050000
0 0.707403 0.161111 0.035253 0.048148
0 0.872503 0.531481 0.038778 0.048148
0 0.162162 0.210185 0.037603 0.046296
0 0.272620 0.302778 0.039953 0.050000
0 0.764982 0.391667 0.035253 0.042593
0 0.707991 0.252778 0.034078 0.050000
0 0.710928 0.532407 0.035253 0.046296
0 0.707403 0.347222 0.035253 0.046296
0 0.273208 0.351852 0.038778 0.048148
0 0.326087 0.058333 0.036428 0.053704
0 0.273208 0.398148 0.036428 0.048148
0 0.654524 0.348148 0.032902 0.044444
0 0.273796 0.582407 0.035253 0.046296
0 0.707403 0.058333 0.035253 0.053704
0 0.707403 0.207407 0.035253 0.044444
0 0.217979 0.304630 0.036428 0.050000
0 0.873678 0.626852 0.036428 0.050000
0 0.273208 0.445370 0.036428 0.046296
0 0.160400 0.112963 0.038778 0.051852
0 0.327850 0.440741 0.035253 0.051852
0 0.818449 0.443519 0.034078 0.046296
0 0.708578 0.395370 0.035253 0.046296
0 0.437720 0.815741 0.034078 0.050000
0 0.436545 0.537037 0.034078 0.040741
0 0.654524 0.485185 0.035253 0.048148
0 0.654524 0.441667 0.032902 0.046296
0 0.818449 0.395370 0.034078 0.050000
0 0.162162 0.060185 0.037603 0.053704
0 0.709753 0.439815 0.032902 0.046296
0 0.436545 0.491667 0.034078 0.050000
0 0.818449 0.532407 0.034078 0.050000
0 0.655112 0.300926 0.034078 0.046296
0 0.436545 0.396296 0.034078 0.044444
0 0.545828 0.060185 0.036428 0.053704
0 0.816099 0.254630 0.034078 0.046296
0 0.327850 0.628704 0.035253 0.053704
0 0.816686 0.203704 0.035253 0.051852
0 0.436545 0.628704 0.034078 0.046296
0 0.764982 0.537037 0.035253 0.048148
0 0.272033 0.491667 0.038778 0.046296
0 0.435370 0.300926 0.034078 0.050000
0 0.653349 0.203704 0.032902 0.051852
0 0.764982 0.441667 0.035253 0.046296
0 0.437133 0.582407 0.035253 0.046296
0 0.599882 0.204630 0.036428 0.053704
0 0.653349 0.254630 0.035253 0.046296
0 0.871328 0.254630 0.038778 0.050000
0 0.763220 0.488889 0.034078 0.048148
0 0.763807 0.301852 0.037603 0.044444
0 0.762632 0.204630 0.035253 0.050000
0 0.764982 0.347222 0.035253 0.050000
0 0.437720 0.674074 0.034078 0.048148
0 0.437133 0.351852 0.035253 0.048148
0 0.763807 0.253704 0.037603 0.048148
