0 0.388318 0.448819 0.038556 0.052158
0 0.914273 0.450961 0.041309 0.042209
0 0.372302 0.705043 0.037993 0.033456
0 0.275434 0.397170 0.036153 0.049865
0 0.482467 0.347813 0.044571 0.043226
0 0.456811 0.186355 0.045886 0.045180
0 0.909454 0.412839 0.041819 0.053175
0 0.461577 0.216063 0.050639 0.042030
0 0.497141 0.837272 0.038959 0.047652
0 0.502604 0.498345 0.043309 0.049008
0 0.452247 0.154056 0.048061 0.045858
0 0.472136 0.282745 0.044343 0.041611
0 0.902661 0.372804 0.039187 0.049267
0 0.501417 0.875563 0.041819 0.053175
0 0.197040 0.593590 0.041590 0.051560
0 0.677893 0.272566 0.039013 0.055388
0 0.117805 0.402465 0.036784 0.046974
0 0.477674 0.313899 0.045027 0.046456
0 0.055574 0.331655 0.039644 0.052497
0 0.393795 0.487579 0.036731 0.039238
0 0.552404 0.396831 0.031347 0.045279
0 0.641070 0.751099 0.038100 0.048928
0 0.174506 0.426101 0.039187 0.049267
0 0.168914 0.386534 0.039416 0.050882
0 0.891048 0.294647 0.037872 0.047313
0 0.492737 0.147336 0.028085 0.044262
0 0.507579 0.919167 0.042275 0.056405
0 0.376564 0.365648 0.037872 0.047313
0 0.634391 0.711871 0.036153 0.049865
0 0.276677 0.779532 0.039416 0.050882
0 0.162436 0.344714 0.038785 0.053773
0 0.489261 0.797575 0.039416 0.050882
0 0.485286 0.379814 0.048518 0.049088
0 0.654044 0.103801 0.039241 0.057003
0 0.202517 0.632350 0.041590 0.051560
0 0.878751 0.211645 0.037013 0.048589
0 0.113073 0.360944 0.040100 0.055727
0 0.635122 0.331424 0.038556 0.052158
0 0.647863 0.791134 0.038556 0.052158
0 0.683599 0.312941 0.038100 0.048928
0 0.653682 0.832316 0.038328 0.050543
0 0.521231 0.361022 0.024823 0.043246
0 0.209196 0.671578 0.041362 0.049945
0 0.467572 0.250446 0.047887 0.051979
0 0.629772 0.671157 0.038785 0.053773
0 0.499469 0.194978 0.027857 0.042647
0 0.107884 0.316193 0.037241 0.050204
0 0.867111 0.129281 0.037013 0.048589
0 0.270085 0.736904 0.038556 0.052158
0 0.611112 0.547143 0.037872 0.047313
0 0.483555 0.757201 0.037241 0.050204
0 0.401603 0.908361 0.041362 0.049945
0 0.896525 0.333406 0.038328 0.050543
0 0.243302 0.535331 0.036784 0.046974
0 0.213700 0.711484 0.041590 0.051560
0 0.067898 0.418864 0.041819 0.053175
0 0.320951 0.341673 0.038556 0.052158
0 0.540765 0.314467 0.026541 0.040694
0 0.623610 0.627553 0.040503 0.051221
0 0.396011 0.868794 0.039416 0.050882
0 0.247034 0.573792 0.040275 0.049606
0 0.062595 0.373305 0.041819 0.053175
0 0.264265 0.695722 0.040503 0.051221
0 0.268413 0.355520 0.036153 0.049865
0 0.617905 0.587179 0.040960 0.054451
0 0.827528 0.226768 0.037241 0.050204
0 0.627872 0.288158 0.039013 0.055388
0 0.505745 0.239390 0.027629 0.041033
0 0.778305 0.248012 0.037469 0.051819
0 0.252626 0.613359 0.040960 0.054451
0 0.390963 0.829058 0.038100 0.048928
0 0.815888 0.144404 0.038154 0.056664
0 0.874018 0.170124 0.039872 0.054112
0 0.729002 0.256636 0.040731 0.052836
0 0.477507 0.714404 0.037469 0.051819
0 0.151857 0.257804 0.042275 0.056405
0 0.862264 0.086953 0.040100 0.055727
0 0.672188 0.232192 0.040731 0.052836
0 0.101722 0.272588 0.040329 0.057342
0 0.784011 0.288387 0.037013 0.048589
0 0.754630 0.072448 0.042960 0.061250
0 0.130418 0.483682 0.037013 0.048589
0 0.220319 0.758318 0.040329 0.057342
0 0.281839 0.820076 0.043134 0.055129
0 0.314360 0.299045 0.039872 0.054112
0 0.156932 0.301748 0.039644 0.052497
0 0.665281 0.191349 0.038328 0.050543
0 0.133835 0.523927 0.039872 0.054112
0 0.332020 0.419999 0.037872 0.047313
0 0.660548 0.149828 0.040731 0.052836
0 0.534945 0.273285 0.027226 0.045539
0 0.659730 0.875113 0.042906 0.053514
0 0.472258 0.677259 0.037013 0.048589
0 0.639854 0.372944 0.036153 0.049865
0 0.186031 0.507657 0.039416 0.050882
0 0.821822 0.186394 0.037241 0.050204
0 0.690620 0.354591 0.038556 0.052158
0 0.601016 0.467670 0.040503 0.051221
0 0.281140 0.437545 0.035697 0.046635
0 0.855646 0.040118 0.042732 0.059635
0 0.765867 0.159996 0.039416 0.050882
0 0.124484 0.441693 0.041819 0.053175
0 0.258560 0.655348 0.040503 0.051221
0 0.398729 0.526508 0.040100 0.055727
0 0.510478 0.280911 0.025225 0.038740
0 0.735050 0.299433 0.040960 0.054451
0 0.546584 0.355649 0.026313 0.039079
0 0.403280 0.181122 0.038382 0.058279
0 0.406791 0.953112 0.042503 0.058020
0 0.578421 0.307787 0.038328 0.050543
0 0.556472 0.522021 0.038328 0.050543
0 0.201449 0.243189 0.039241 0.057003
0 0.516069 0.320478 0.025910 0.043585
0 0.760161 0.119621 0.039416 0.050882
0 0.721867 0.214178 0.041416 0.057681
0 0.050157 0.285289 0.042503 0.058020
0 0.217418 0.372258 0.038100 0.048928
0 0.554001 0.134984 0.041872 0.060911
0 0.286100 0.480681 0.039013 0.055388
0 0.405663 0.571558 0.039013 0.055388
0 0.885886 0.254103 0.039872 0.054112
0 0.355299 0.584727 0.040047 0.047991
0 0.449093 0.513339 0.038959 0.047652
0 0.606722 0.508045 0.042678 0.051899
0 0.229803 0.451861 0.040503 0.051221
0 0.621079 0.248123 0.038100 0.048928
0 0.454684 0.552906 0.039644 0.052497
0 0.207611 0.286794 0.038785 0.053773
0 0.569085 0.603239 0.038556 0.052158
0 0.223554 0.411656 0.041590 0.051560
0 0.308198 0.255441 0.039416 0.050882
0 0.377236 0.743972 0.037926 0.055049
0 0.235623 0.493043 0.041188 0.056066
0 0.304096 0.210351 0.037926 0.055049
0 0.584013 0.347354 0.038100 0.048928
0 0.213230 0.330568 0.039872 0.054112
0 0.460390 0.593280 0.037013 0.048589
0 0.180325 0.467283 0.040329 0.057342
0 0.381612 0.405385 0.039187 0.049267
0 0.834891 0.270841 0.042275 0.056405
0 0.428217 0.349548 0.036784 0.046974
0 0.772029 0.203600 0.039872 0.054112
0 0.326543 0.381240 0.038328 0.050543
0 0.494241 0.451212 0.047256 0.054870
0 0.563265 0.562057 0.038328 0.050543
0 0.191106 0.551601 0.039416 0.050882
0 0.416376 0.269776 0.035925 0.048250
0 0.466096 0.633655 0.039644 0.052497
0 0.410986 0.227617 0.037469 0.051819
0 0.595310 0.427296 0.038328 0.050543
0 0.360233 0.623656 0.039416 0.050882
0 0.560392 0.180204 0.040503 0.051221
0 0.438883 0.433058 0.034838 0.047911
0 0.384714 0.788853 0.041819 0.053175
0 0.590578 0.385775 0.038100 0.048928
0 0.371402 0.325104 0.038154 0.056664
0 0.366939 0.667091 0.043591 0.058359
0 0.615259 0.206941 0.041416 0.057681
0 0.336639 0.460713 0.038785 0.053773
0 0.343888 0.503978 0.038328 0.050543
0 0.550766 0.481647 0.038328 0.050543
0 0.546034 0.440126 0.038556 0.052158
0 0.566325 0.222193 0.041416 0.057681
0 0.349708 0.545160 0.040731 0.052836
0 0.443615 0.474579 0.037241 0.050204
0 0.433922 0.389922 0.037697 0.053434
0 0.422625 0.309981 0.039644 0.052497
0 0.573575 0.265459 0.036153 0.049865
