0 0.5253537735849056 0.4991197183098592 0.041273584905660354 0.033450704225352124
0 0.9068396226415094 0.9005281690140845 0.037735849056603765 0.04401408450704225
0 0.8012971698113207 0.903169014084507 0.0389150943396227 0.04225352112676062
0 0.5400943396226415 0.7711267605633803 0.02358490566037741 0.03169014084507038
0 0.47641509433962265 0.8169014084507042 0.028301886792452824 0.04225352112676051
0 0.08785377358490566 0.5061619718309859 0.03891509433962265 0.044014084507042195
0 0.5283018867924528 0.3389084507042254 0.04481132075471694 0.033450704225352124
0 0.9074292452830188 0.3274647887323944 0.0389150943396227 0.04577464788732394
0 0.08785377358490566 0.3248239436619718 0.034198113207547176 0.04401408450704225
0 0.5259433962264151 0.19806338028169013 0.044811320754717054 0.02992957746478872
0 0.5259433962264151 0.27024647887323944 0.04245283018867918 0.033450704225352124
0 0.7989386792452831 0.7262323943661972 0.0389150943396227 0.047535211267605626
0 0.9068396226415094 0.8573943661971831 0.035377358490566 0.04225352112676051
0 0.4705188679245283 0.5924295774647887 0.035377358490566 0.040492957746478875
0 0.19575471698113206 0.8169014084507042 0.03773584905660379 0.04929577464788726
0 0.19693396226415094 0.32218309859154926 0.03537735849056606 0.03521126760563381
0 0.32075471698113206 0.41285211267605637 0.021226415094339646 0.03345070422535207
0 0.5283018867924529 0.375 0.047169811320754707 0.03873239436619713
0 0.5259433962264151 0.16461267605633803 0.044811320754717054 0.0369718309859155
0 0.9056603773584906 0.7253521126760563 0.035377358490566 0.04577464788732388
0 0.7995283018867925 0.8142605633802817 0.037735849056603765 0.04401408450704225
0 0.5807783018867925 0.23327464788732394 0.03183962264150941 0.040492957746478875
0 0.9080188679245282 0.9480633802816901 0.04009433962264153 0.051056338028169
0 0.7995283018867925 0.8600352112676056 0.037735849056603765 0.04401408450704225
0 0.90625 0.6329225352112675 0.03655660377358494 0.040492957746478875
0 0.08785377358490566 0.1857394366197183 0.03891509433962265 0.051056338028169
0 0.8525943396226414 0.9005281690140845 0.04009433962264153 0.04401408450704225
0 0.7989386792452831 0.6355633802816901 0.03655660377358494 0.04225352112676051
0 0.5247641509433962 0.23415492957746478 0.04481132075471694 0.04225352112676056
0 0.852004716981132 0.5897887323943662 0.034198113207547176 0.04577464788732388
0 0.9068396226415094 0.7711267605633803 0.037735849056603765 0.04225352112676062
0 0.9068396226415094 0.8116197183098591 0.037735849056603765 0.045774647887323994
0 0.29481132075471694 0.32218309859154926 0.023584905660377353 0.03521126760563381
0 0.852004716981132 0.45862676056338025 0.034198113207547176 0.036971830985915444
0 0.30601415094339623 0.45598591549295775 0.03183962264150947 0.04225352112676056
0 0.8531839622641509 0.8600352112676057 0.03891509433962259 0.040492957746478875
0 0.90625 0.5035211267605634 0.03655660377358494 0.04225352112676051
0 0.4722877358490566 0.6373239436619718 0.034198113207547176 0.04225352112676062
0 0.9074292452830188 0.6804577464788732 0.03655660377358483 0.051056338028169
0 0.32134433962264153 0.36795774647887325 0.022405660377358527 0.03521126760563381
0 0.19752358490566038 0.7711267605633803 0.034198113207547176 0.04225352112676062
0 0.5265330188679246 0.1267605633802817 0.04363207547169812 0.03521126760563381
0 0.90625 0.5466549295774648 0.03655660377358494 0.04401408450704225
0 0.9056603773584906 0.3697183098591549 0.035377358490566 0.03873239436619719
0 0.32134433962264153 0.28169014084507044 0.022405660377358527 0.03873239436619724
0 0.7965801886792452 0.3274647887323944 0.034198113207547176 0.04225352112676056
0 0.5283018867924528 0.30281690140845074 0.04481132075471694 0.04225352112676056
0 0.6344339622641509 0.23591549295774647 0.03301886792452824 0.04225352112676056
0 0.7995283018867925 0.9480633802816901 0.04009433962264153 0.04401408450704225
0 0.36202830188679247 0.7288732394366197 0.030660377358490587 0.03873239436619713
0 0.19575471698113206 0.414612676056338 0.03537735849056603 0.040492957746478875
0 0.9056603773584906 0.2790492957746479 0.035377358490566 0.047535211267605626
0 0.36202830188679247 0.7711267605633803 0.030660377358490587 0.045774647887323994
0 0.36143867924528306 0.8600352112676056 0.036556603773584884 0.0369718309859155
0 0.30660377358490565 0.5044014084507042 0.03301886792452835 0.04753521126760557
0 0.8531839622641509 0.9480633802816901 0.03891509433962259 0.04401408450704225
0 0.29245283018867924 0.2808098591549296 0.02358490566037741 0.04049295774647893
0 0.32134433962264153 0.32218309859154926 0.024764150943396235 0.03873239436619719
0 0.8508254716981132 0.32482394366197187 0.03891509433962259 0.04753521126760557
0 0.9050707547169812 0.136443661971831 0.0389150943396227 0.054577464788732405
0 0.5253537735849056 0.45422535211267606 0.041273584905660354 0.052816901408450745
0 0.7411556603773586 0.23415492957746478 0.034198113207547176 0.04225352112676056
0 0.4722877358490566 0.6830985915492958 0.03891509433962265 0.045774647887323994
0 0.852004716981132 0.4154929577464789 0.0389150943396227 0.04225352112676056
0 0.14150943396226415 0.3248239436619718 0.035377358490566044 0.04401408450704225
0 0.08785377358490566 0.596830985915493 0.03891509433962265 0.04577464788732388
0 0.36143867924528306 0.8169014084507042 0.036556603773584884 0.045774647887323994
0 0.08785377358490566 0.23151408450704225 0.03655660377358491 0.04401408450704225
0 0.8531839622641509 0.8142605633802817 0.03891509433962259 0.04401408450704225
0 0.19693396226415094 0.596830985915493 0.04009433962264153 0.04577464788732388
0 0.2936320754716981 0.3670774647887324 0.028301886792452824 0.040492957746478875
0 0.08785377358490566 0.2790492957746479 0.03891509433962265 0.051056338028169
0 0.472877358490566 0.7693661971830985 0.04009433962264147 0.04225352112676062
0 0.25176886792452835 0.2816901408450704 0.03419811320754723 0.04225352112676056
0 0.4722877358490566 0.41021126760563376 0.036556603773584884 0.04225352112676056
0 0.41686320754716977 0.3221830985915493 0.036556603773584884 0.04225352112676051
0 0.741745283018868 0.18309859154929578 0.035377358490566 0.05281690140845069
0 0.08785377358490566 0.13556338028169015 0.03891509433962265 0.04929577464788733
0 0.7989386792452831 0.5897887323943662 0.0389150943396227 0.04577464788732388
0 0.6875 0.13556338028169015 0.037735849056603765 0.04929577464788733
0 0.7965801886792452 0.2790492957746479 0.034198113207547176 0.047535211267605626
0 0.19693396226415094 0.1382042253521127 0.03537735849056606 0.051056338028169015
0 0.19693396226415094 0.3697183098591549 0.03537735849056606 0.04929577464788737
0 0.852004716981132 0.2790492957746479 0.0389150943396227 0.047535211267605626
0 0.47110849056603776 0.5035211267605634 0.03891509433962265 0.04577464788732394
0 0.7954009433962264 0.45598591549295775 0.03655660377358483 0.04225352112676056
0 0.41686320754716977 0.2816901408450704 0.036556603773584884 0.04577464788732394
0 0.4722877358490566 0.3248239436619718 0.036556603773584884 0.04401408450704225
0 0.6338443396226415 0.18838028169014084 0.03183962264150941 0.049295774647887314
0 0.08903301886792453 0.46126760563380287 0.03655660377358491 0.04577464788732394
0 0.14268867924528303 0.1382042253521127 0.03773584905660378 0.051056338028169015
0 0.8531839622641509 0.6804577464788732 0.03655660377358494 0.04401408450704225
0 0.0866745283018868 0.4128521126760563 0.034198113207547176 0.04401408450704225
0 0.1420990566037736 0.5492957746478873 0.03891509433962265 0.04577464788732388
0 0.30601415094339623 0.23327464788732394 0.036556603773584884 0.047535211267605626
0 0.5813679245283019 0.1382042253521127 0.03537735849056611 0.051056338028169015
0 0.08785377358490566 0.5492957746478873 0.03655660377358491 0.04577464788732388
0 0.4168632075471698 0.3679577464788732 0.034198113207547176 0.045774647887323994
0 0.6886792452830188 0.28433098591549294 0.037735849056603765 0.051056338028169
0 0.852004716981132 0.3723591549295775 0.03655660377358483 0.04753521126760568
0 0.7965801886792453 0.4128521126760563 0.03655660377358494 0.04401408450704225
0 0.41686320754716977 0.13556338028169015 0.03891509433962265 0.04929577464788733
0 0.8531839622641509 0.7693661971830986 0.03655660377358494 0.045774647887323994
0 0.19575471698113206 0.5492957746478873 0.03773584905660379 0.04929577464788737
0 0.7965801886792453 0.49911971830985913 0.03655660377358494 0.04401408450704225
0 0.1420990566037736 0.4154929577464789 0.0365566037735849 0.04225352112676056
0 0.361438679245283 0.5466549295774648 0.034198113207547176 0.04401408450704225
0 0.7429245283018868 0.2816901408450704 0.037735849056603765 0.049295774647887314
0 0.361438679245283 0.6373239436619718 0.034198113207547176 0.04577464788732388
0 0.4716981132075472 0.23415492957746478 0.035377358490566 0.04225352112676056
0 0.1409198113207547 0.5035211267605634 0.03891509433962263 0.04225352112676051
0 0.7965801886792453 0.23415492957746478 0.03891509433962259 0.04225352112676056
0 0.47110849056603776 0.5492957746478873 0.03891509433962265 0.04929577464788737
0 0.361438679245283 0.3248239436619718 0.034198113207547176 0.04401408450704225
0 0.142688679245283 0.18838028169014084 0.03537735849056603 0.049295774647887314
0 0.5825471698113207 0.18838028169014084 0.037735849056603765 0.049295774647887314
0 0.6344339622641509 0.13292253521126762 0.03537735849056611 0.054577464788732405
0 0.361438679245283 0.5035211267605634 0.034198113207547176 0.04225352112676051
0 0.4722877358490566 0.45598591549295775 0.03891509433962265 0.04929577464788737
0 0.14327830188679244 0.3670774647887324 0.03891509433962263 0.047535211267605626
0 0.7954009433962264 0.1857394366197183 0.0389150943396227 0.051056338028169
0 0.2535377358490566 0.1857394366197183 0.035377358490566 0.047535211267605626
0 0.36143867924528306 0.14084507042253522 0.036556603773584884 0.04577464788732395
0 0.25235849056603776 0.23591549295774647 0.03537735849056606 0.049295774647887314
0 0.361438679245283 0.23151408450704225 0.034198113207547176 0.04401408450704225
0 0.6875 0.18838028169014084 0.03301886792452824 0.049295774647887314
0 0.1420990566037736 0.45774647887323944 0.03891509433962265 0.045774647887323994
0 0.361438679245283 0.18661971830985916 0.034198113207547176 0.04577464788732394
0 0.361438679245283 0.46126760563380287 0.034198113207547176 0.04577464788732394
0 0.4716981132075472 0.18838028169014084 0.037735849056603765 0.049295774647887314
0 0.41686320754716977 0.1857394366197183 0.03891509433962265 0.047535211267605626
0 0.3071933962264151 0.14084507042253522 0.03891509433962259 0.04929577464788733
0 0.2523584905660377 0.1382042253521127 0.03773584905660374 0.051056338028169015
0 0.30601415094339623 0.18838028169014084 0.036556603773584884 0.04577464788732394
0 0.4168632075471698 0.46126760563380287 0.034198113207547176 0.04577464788732394
0 0.361438679245283 0.2790492957746479 0.034198113207547176 0.044014084507042306
0 0.36143867924528306 0.3697183098591549 0.036556603773584884 0.04225352112676056
0 0.4722877358490566 0.1382042253521127 0.03891509433962265 0.051056338028169015
0 0.47110849056603776 0.2790492957746479 0.03891509433962265 0.044014084507042306
0 0.41686320754716977 0.23327464788732394 0.036556603773584884 0.047535211267605626
0 0.4168632075471698 0.4128521126760563 0.034198113207547176 0.047535211267605626
0 0.6875 0.23415492957746478 0.03537735849056611 0.04577464788732394
0 0.8531839622641509 0.6355633802816901 0.03655660377358494 0.045774647887323994
0 0.7977594339622642 0.5440140845070423 0.034198113207547176 0.045774647887323994
0 0.8001179245283019 0.7693661971830985 0.03891509433962259 0.04225352112676062
0 0.472877358490566 0.7262323943661971 0.03537735849056606 0.04401408450704225
0 0.30660377358490565 0.5492957746478873 0.03773584905660371 0.04929577464788737
0 0.2936320754716981 0.4128521126760563 0.023584905660377353 0.0369718309859155
0 0.361438679245283 0.5897887323943662 0.034198113207547176 0.04225352112676062
0 0.852004716981132 0.5017605633802817 0.034198113207547176 0.04225352112676056
0 0.19634433962264153 0.45862676056338025 0.03183962264150944 0.044014084507042306
0 0.90625 0.5897887323943662 0.03655660377358494 0.04225352112676062
0 0.8531839622641509 0.7235915492957746 0.03655660377358494 0.04225352112676051
0 0.36143867924528306 0.9075704225352113 0.03891509433962265 0.05457746478873238
0 0.7989386792452831 0.6778169014084507 0.03655660377358494 0.04577464788732388
0 0.19575471698113206 0.5035211267605634 0.03537735849056603 0.04225352112676051
0 0.7411556603773585 0.329225352112676 0.03891509433962259 0.049295774647887314
0 0.3626179245283019 0.4128521126760563 0.03183962264150941 0.040492957746478875
0 0.08785377358490566 0.3697183098591549 0.03655660377358491 0.04577464788732394
0 0.9050707547169812 0.23151408450704225 0.034198113207547176 0.04401408450704225
0 0.14327830188679247 0.2816901408450704 0.03419811320754715 0.04225352112676056
0 0.852004716981132 0.5466549295774648 0.034198113207547176 0.04401408450704225
0 0.8508254716981132 0.1857394366197183 0.03183962264150941 0.051056338028169
0 0.19693396226415094 0.7262323943661971 0.033018867924528295 0.04401408450704225
0 0.361438679245283 0.6830985915492958 0.034198113207547176 0.04929577464788726
0 0.14150943396226415 0.2367957746478873 0.035377358490566044 0.047535211267605626
0 0.19693396226415094 0.23327464788732394 0.03537735849056606 0.047535211267605626
0 0.19575471698113206 0.2790492957746479 0.03537735849056603 0.040492957746478875
0 0.852004716981132 0.23151408450704225 0.034198113207547176 0.04401408450704225
0 0.19693396226415094 0.6830985915492958 0.037735849056603765 0.045774647887323994
0 0.9074292452830188 0.45862676056338025 0.03655660377358483 0.044014084507042306
0 0.9050707547169812 0.18838028169014084 0.034198113207547176 0.04577464788732394
0 0.90625 0.4128521126760563 0.03655660377358494 0.04401408450704225
0 0.9587264150943395 0.18661971830985916 0.04009433962264153 0.05985915492957744
0 0.4722877358490566 0.3679577464788732 0.034198113207547176 0.045774647887323994
0 0.19693396226415094 0.6399647887323943 0.03537735849056606 0.04401408450704236
0 0.19693396226415094 0.1857394366197183 0.03537735849056606 0.047535211267605626
0 0.7965801886792453 0.3697183098591549 0.03183962264150941 0.04225352112676056
