0 0.192373 0.531641 0.041698 0.055550
0 0.395993 0.466307 0.039293 0.052003
0 0.541947 0.301342 0.035782 0.048315
0 0.863556 0.499927 0.040496 0.053777
0 0.549721 0.415533 0.033758 0.051300
0 0.409719 0.682580 0.039389 0.053636
0 0.458463 0.619627 0.039293 0.052003
0 0.838441 0.872507 0.035401 0.041781
0 0.628183 0.814456 0.039008 0.047103
0 0.471082 0.836041 0.036794 0.046822
0 0.666131 0.623709 0.034580 0.046541
0 0.204384 0.718515 0.037175 0.053355
0 0.652197 0.394299 0.035972 0.051581
0 0.294367 0.473447 0.036258 0.056481
0 0.444035 0.372181 0.034770 0.049807
0 0.749633 0.315294 0.032366 0.046260
0 0.621255 0.733888 0.039293 0.052003
0 0.674345 0.726327 0.039389 0.053636
0 0.600626 0.399199 0.034865 0.051441
0 0.594025 0.295554 0.033473 0.046400
0 0.805300 0.380626 0.035877 0.049948
0 0.883257 0.780435 0.035687 0.046681
0 0.644299 0.287528 0.034580 0.046541
0 0.235374 0.379743 0.035782 0.048315
0 0.472355 0.877014 0.036794 0.046822
0 0.363462 0.769076 0.039579 0.056903
0 0.370700 0.893208 0.034389 0.043274
0 0.311432 0.775680 0.039389 0.053636
0 0.373081 0.934040 0.034580 0.046541
0 0.567029 0.674132 0.038472 0.056762
0 0.494714 0.332840 0.042329 0.047524
0 0.831876 0.788602 0.034580 0.046541
0 0.290320 0.404031 0.038377 0.055129
0 0.872329 0.631268 0.035972 0.051581
0 0.450196 0.487399 0.035972 0.051581
0 0.558256 0.542791 0.038377 0.055129
0 0.561321 0.604927 0.041888 0.058817
0 0.414290 0.760979 0.039389 0.053636
0 0.219901 0.955951 0.042615 0.052424
0 0.425063 0.926620 0.041508 0.052284
0 0.731232 0.803022 0.039198 0.050369
0 0.405749 0.604928 0.033949 0.054567
0 0.467522 0.755868 0.039389 0.053636
0 0.462320 0.685776 0.039389 0.053636
0 0.609238 0.518220 0.033758 0.051300
0 0.747109 0.272011 0.034865 0.051441
0 0.446767 0.428600 0.033758 0.051300
0 0.817549 0.571583 0.036258 0.056481
0 0.821120 0.632832 0.035972 0.051581
0 0.402398 0.537892 0.034865 0.051441
0 0.809014 0.444325 0.035877 0.049948
0 0.554399 0.476642 0.036068 0.053215
0 0.496905 0.370406 0.042138 0.044258
0 0.479961 0.797070 0.025152 0.035617
0 0.529611 0.749633 0.022748 0.032069
0 0.572088 0.741774 0.038377 0.055129
0 0.725316 0.720680 0.037079 0.051722
0 0.185909 0.401652 0.039389 0.053636
0 0.420111 0.841688 0.041317 0.049017
0 0.344737 0.467054 0.037175 0.053355
0 0.801461 0.324347 0.039293 0.052003
0 0.695728 0.280178 0.035972 0.051581
0 0.858497 0.432285 0.040401 0.052143
0 0.855622 0.373416 0.037079 0.051722
0 0.584385 0.780525 0.023855 0.032210
0 0.219621 0.826822 0.029771 0.039446
0 0.491560 0.297864 0.041662 0.036091
0 0.497179 0.394230 0.044257 0.042905
0 0.891583 0.741534 0.022938 0.035336
0 0.687433 0.769091 0.021641 0.031929
0 0.636462 0.774738 0.021736 0.033562
0 0.337559 0.324815 0.034961 0.053074
0 0.200908 0.658899 0.039484 0.055269
0 0.188468 0.464675 0.039484 0.055269
0 0.389779 0.321478 0.039198 0.050369
0 0.901343 0.296861 0.038913 0.045470
0 0.353927 0.624668 0.039293 0.052003
0 0.715102 0.583763 0.039293 0.052003
0 0.720114 0.650588 0.039484 0.055269
0 0.813883 0.508700 0.036163 0.054848
0 0.439643 0.315972 0.034865 0.051441
0 0.182576 0.344486 0.037175 0.053355
0 0.455713 0.553338 0.039579 0.056903
0 0.852241 0.315433 0.039198 0.050369
0 0.798080 0.266364 0.036984 0.050088
0 0.847944 0.260858 0.034865 0.051441
0 0.297784 0.551170 0.035972 0.051581
0 0.308379 0.694620 0.040591 0.055410
0 0.898724 0.251945 0.034580 0.046541
0 0.235159 0.337812 0.035687 0.046681
0 0.391851 0.395258 0.037365 0.056622
0 0.614750 0.631876 0.036068 0.053215
0 0.285023 0.332306 0.035972 0.051581
0 0.698555 0.338231 0.034580 0.046541
0 0.828632 0.704276 0.040401 0.052143
0 0.368128 0.849108 0.036984 0.050088
0 0.500214 0.465419 0.040496 0.053777
0 0.868425 0.564303 0.038186 0.051862
0 0.196515 0.602690 0.039579 0.056903
0 0.326038 0.815784 0.022843 0.033703
0 0.841071 0.745478 0.023950 0.033843
0 0.377008 0.810137 0.022748 0.032069
0 0.428390 0.801970 0.021831 0.035195
0 0.580504 0.905245 0.035972 0.051581
0 0.738213 0.760178 0.021545 0.030295
0 0.484036 0.168833 0.044067 0.039639
0 0.488054 0.247302 0.045936 0.052846
0 0.213842 0.871159 0.040401 0.052143
0 0.735851 0.882237 0.039293 0.052003
0 0.632993 0.896938 0.039293 0.052003
0 0.576344 0.824326 0.039579 0.056903
0 0.207687 0.784734 0.038186 0.051862
0 0.629457 0.855429 0.036603 0.043555
0 0.885685 0.822085 0.035591 0.045048
0 0.215163 0.912949 0.035687 0.046681
0 0.680118 0.806219 0.039008 0.047103
0 0.708983 0.517078 0.032461 0.047893
0 0.659876 0.506857 0.033758 0.051300
0 0.475843 0.917707 0.039008 0.047103
0 0.888715 0.864481 0.039103 0.048736
0 0.422539 0.883337 0.036603 0.043555
0 0.836012 0.830858 0.035687 0.046681
0 0.683821 0.888841 0.039293 0.052003
0 0.304188 0.622754 0.035972 0.051581
0 0.484977 0.204090 0.044352 0.044539
0 0.317301 0.857205 0.036794 0.046822
0 0.547036 0.359930 0.032651 0.051160
0 0.320908 0.938194 0.041508 0.052284
0 0.877436 0.699727 0.040401 0.052143
0 0.705174 0.451746 0.034865 0.051441
0 0.701650 0.391313 0.039293 0.052003
