0 0.265625 0.225475 0.021250 0.033228
0 0.663125 0.596519 0.033750 0.031646
0 0.553125 0.469146 0.031250 0.033228
0 0.278125 0.624209 0.028750 0.033228
0 0.222500 0.594146 0.035000 0.033228
0 0.388750 0.498418 0.032500 0.028481
0 0.553125 0.437500 0.031250 0.033228
0 0.663125 0.566456 0.033750 0.031646
0 0.609375 0.407437 0.033750 0.033228
0 0.112500 0.879747 0.037500 0.034810
0 0.775000 0.534019 0.035000 0.033228
0 0.210625 0.260285 0.023750 0.030063
0 0.663750 0.500791 0.032500 0.030063
0 0.718750 0.503165 0.032500 0.031646
0 0.445625 0.437500 0.031250 0.033228
0 0.662500 0.883703 0.035000 0.036392
0 0.223125 0.690665 0.033750 0.033228
0 0.265625 0.294304 0.026250 0.028481
0 0.773750 0.503165 0.032500 0.031646
0 0.552500 0.500000 0.032500 0.031646
0 0.551875 0.373418 0.033750 0.034810
0 0.608750 0.692247 0.035000 0.033228
0 0.388125 0.532437 0.031250 0.033228
0 0.552500 0.658228 0.032500 0.034810
0 0.662500 0.755538 0.035000 0.033228
0 0.608750 0.437500 0.035000 0.030063
0 0.265000 0.192247 0.025000 0.030063
0 0.210625 0.295095 0.023750 0.033228
0 0.278125 0.403481 0.036250 0.034810
0 0.718750 0.534019 0.032500 0.033228
0 0.828125 0.373418 0.033750 0.034810
0 0.551875 0.628165 0.033750 0.031646
0 0.718750 0.754747 0.035000 0.034810
0 0.609375 0.470728 0.033750 0.033228
0 0.552500 0.565665 0.032500 0.033228
0 0.663125 0.375000 0.033750 0.034810
0 0.718125 0.373418 0.033750 0.034810
0 0.663125 0.470728 0.033750 0.033228
0 0.719375 0.567247 0.033750 0.033228
0 0.333125 0.436709 0.036250 0.034810
0 0.774375 0.408228 0.033750 0.034810
0 0.445000 0.469937 0.032500 0.031646
0 0.553125 0.533228 0.031250 0.034810
0 0.223125 0.401899 0.036250 0.034810
0 0.551875 0.596519 0.033750 0.028481
0 0.719375 0.692247 0.036250 0.033228
0 0.444375 0.625791 0.033750 0.026899
0 0.111875 0.816456 0.033750 0.028481
0 0.871250 0.753956 0.020000 0.023734
0 0.829375 0.470728 0.033750 0.033228
0 0.112500 0.656646 0.035000 0.031646
0 0.293750 0.156646 0.020000 0.025316
0 0.883125 0.818829 0.033750 0.033228
0 0.182500 0.154272 0.022500 0.030063
0 0.552500 0.852057 0.032500 0.033228
0 0.126250 0.151899 0.020000 0.028481
0 0.663125 0.850475 0.033750 0.030063
0 0.608750 0.503165 0.030000 0.031646
0 0.278750 0.560918 0.035000 0.033228
0 0.183125 0.226266 0.023750 0.028481
0 0.608750 0.659810 0.035000 0.028481
0 0.553125 0.881329 0.033750 0.034810
0 0.443750 0.754747 0.032500 0.028481
0 0.111875 0.369462 0.031250 0.033228
0 0.099375 0.151899 0.023750 0.031646
0 0.883125 0.851266 0.036250 0.034810
0 0.126250 0.258703 0.022500 0.026899
0 0.884375 0.725475 0.036250 0.033228
0 0.775000 0.784810 0.035000 0.031646
0 0.112500 0.753165 0.035000 0.031646
0 0.332500 0.687500 0.032500 0.030063
0 0.183125 0.293513 0.021250 0.023734
0 0.278125 0.657437 0.031250 0.033228
0 0.293750 0.260285 0.020000 0.023734
0 0.111875 0.783228 0.036250 0.034810
0 0.553125 0.787184 0.031250 0.033228
0 0.774375 0.628956 0.036250 0.033228
0 0.112500 0.528481 0.032500 0.031646
0 0.884375 0.628956 0.036250 0.033228
0 0.111250 0.498418 0.035000 0.031646
0 0.443125 0.658228 0.036250 0.034810
0 0.829375 0.884494 0.033750 0.031646
0 0.183125 0.190665 0.021250 0.026899
0 0.829375 0.784810 0.033750 0.031646
0 0.830625 0.438291 0.031250 0.031646
0 0.606875 0.753165 0.036250 0.037975
0 0.441875 0.818038 0.033750 0.034810
0 0.293125 0.226266 0.021250 0.034810
0 0.349375 0.226266 0.023750 0.028481
0 0.829375 0.721519 0.033750 0.031646
0 0.389375 0.590981 0.033750 0.023734
0 0.098125 0.293513 0.023750 0.033228
0 0.154375 0.294304 0.023750 0.028481
0 0.885000 0.567247 0.035000 0.033228
0 0.278125 0.687500 0.036250 0.033228
0 0.126250 0.187500 0.022500 0.030063
0 0.442500 0.722310 0.032500 0.033228
0 0.278125 0.850475 0.036250 0.033228
0 0.348750 0.260285 0.025000 0.033228
0 0.278750 0.465981 0.035000 0.033228
0 0.774375 0.470728 0.033750 0.033228
0 0.333125 0.595728 0.033750 0.033228
0 0.884375 0.375000 0.033750 0.034810
0 0.349375 0.191456 0.026250 0.031646
0 0.111875 0.432753 0.036250 0.033228
0 0.663125 0.692247 0.033750 0.033228
0 0.167500 0.403481 0.035000 0.034810
0 0.210000 0.192247 0.022500 0.030063
0 0.663125 0.787184 0.033750 0.033228
0 0.663125 0.724684 0.033750 0.031646
0 0.663125 0.437500 0.033750 0.030063
0 0.608125 0.566456 0.033750 0.034810
0 0.238125 0.191456 0.023750 0.031646
0 0.167500 0.340190 0.037500 0.034810
0 0.211250 0.226266 0.022500 0.034810
0 0.664375 0.533228 0.033750 0.034810
0 0.499375 0.338608 0.033750 0.031646
0 0.511875 0.601266 0.021250 0.022152
0 0.513125 0.622627 0.021250 0.020570
0 0.500000 0.533228 0.032500 0.022152
0 0.500000 0.411392 0.035000 0.015823
0 0.500000 0.445411 0.032500 0.017405
0 0.500000 0.368671 0.032500 0.028481
0 0.498750 0.393196 0.035000 0.020570
0 0.511250 0.882120 0.020000 0.023734
0 0.500000 0.549051 0.030000 0.009494
0 0.500000 0.462816 0.032500 0.017405
0 0.498750 0.428797 0.032500 0.018987
0 0.333125 0.527690 0.033750 0.033228
0 0.896875 0.784810 0.023750 0.031646
0 0.443125 0.784810 0.031250 0.031646
0 0.511875 0.579114 0.021250 0.022152
0 0.278750 0.591772 0.027500 0.025316
0 0.883125 0.881329 0.036250 0.034810
0 0.871875 0.784019 0.021250 0.023734
0 0.154375 0.153481 0.023750 0.028481
0 0.387500 0.818829 0.032500 0.030063
0 0.608125 0.850475 0.036250 0.033228
0 0.111875 0.686709 0.033750 0.028481
0 0.278125 0.526899 0.036250 0.028481
0 0.211875 0.156646 0.021250 0.025316
0 0.608125 0.725475 0.033750 0.026899
0 0.500000 0.509494 0.032500 0.025316
0 0.500625 0.793513 0.031250 0.023734
0 0.898125 0.753956 0.021250 0.026899
0 0.608750 0.533228 0.030000 0.028481
0 0.510625 0.856804 0.021250 0.023734
0 0.511875 0.663766 0.021250 0.023734
0 0.333125 0.554589 0.038750 0.049051
0 0.828750 0.629747 0.032500 0.028481
0 0.386875 0.787975 0.033750 0.031646
0 0.511875 0.641614 0.021250 0.017405
0 0.279375 0.499209 0.036250 0.033228
0 0.829375 0.597310 0.033750 0.033228
0 0.332500 0.657437 0.032500 0.033228
0 0.098750 0.186709 0.022500 0.028481
0 0.222500 0.847310 0.032500 0.030063
0 0.223750 0.435127 0.032500 0.028481
0 0.608125 0.818829 0.036250 0.033228
0 0.828750 0.692247 0.032500 0.030063
0 0.099375 0.222310 0.023750 0.030063
0 0.113750 0.624209 0.035000 0.033228
0 0.884375 0.470728 0.033750 0.030063
0 0.883750 0.440665 0.035000 0.033228
0 0.773750 0.754747 0.035000 0.034810
0 0.774375 0.881329 0.033750 0.031646
0 0.238125 0.294304 0.021250 0.028481
0 0.333125 0.881329 0.033750 0.031646
0 0.389375 0.435918 0.031250 0.030063
0 0.386875 0.881329 0.031250 0.031646
0 0.124375 0.293513 0.023750 0.033228
0 0.098125 0.259494 0.023750 0.034810
0 0.608750 0.629747 0.037500 0.034810
0 0.885000 0.596519 0.035000 0.031646
0 0.277500 0.720728 0.035000 0.033228
0 0.278125 0.435918 0.033750 0.033228
0 0.332500 0.625791 0.032500 0.030063
0 0.718750 0.788766 0.035000 0.030063
0 0.387500 0.754747 0.035000 0.034810
0 0.111875 0.561709 0.033750 0.034810
0 0.320625 0.225475 0.021250 0.033228
0 0.389375 0.401899 0.031250 0.034810
0 0.237500 0.157437 0.025000 0.030063
0 0.387500 0.850475 0.035000 0.030063
0 0.126250 0.224684 0.022500 0.031646
0 0.718750 0.628165 0.032500 0.031646
0 0.222500 0.784810 0.035000 0.031646
0 0.276250 0.755538 0.032500 0.033228
0 0.222500 0.878956 0.035000 0.033228
0 0.388125 0.659019 0.036250 0.033228
0 0.718750 0.818038 0.035000 0.031646
0 0.552500 0.821994 0.032500 0.033228
0 0.221875 0.498418 0.033750 0.031646
0 0.445000 0.500000 0.032500 0.028481
0 0.113750 0.591772 0.035000 0.031646
0 0.828750 0.659019 0.032500 0.033228
0 0.168125 0.372627 0.033750 0.030063
0 0.111250 0.846519 0.035000 0.031646
0 0.719375 0.596519 0.033750 0.028481
0 0.333125 0.753956 0.033750 0.033228
0 0.154375 0.187500 0.023750 0.030063
0 0.332500 0.499209 0.035000 0.033228
0 0.388750 0.562500 0.032500 0.030063
0 0.222500 0.561709 0.032500 0.028481
0 0.320625 0.294304 0.021250 0.028481
0 0.718125 0.851266 0.033750 0.028481
0 0.774375 0.440665 0.033750 0.030063
0 0.332500 0.784810 0.032500 0.031646
0 0.278125 0.817247 0.033750 0.030063
0 0.829375 0.754747 0.033750 0.034810
0 0.332500 0.469937 0.035000 0.028481
0 0.829375 0.850475 0.033750 0.033228
0 0.608750 0.881329 0.035000 0.034810
0 0.828750 0.818829 0.035000 0.033228
0 0.154375 0.224684 0.023750 0.031646
0 0.885625 0.534019 0.036250 0.033228
0 0.223750 0.657437 0.032500 0.033228
0 0.442500 0.692247 0.032500 0.033228
0 0.236875 0.226266 0.023750 0.028481
0 0.154375 0.259494 0.023750 0.031646
0 0.112500 0.465981 0.037500 0.033228
0 0.388125 0.623418 0.036250 0.037975
0 0.388750 0.466772 0.030000 0.031646
0 0.608125 0.787184 0.036250 0.033228
0 0.320625 0.157437 0.026250 0.030063
0 0.774375 0.817247 0.036250 0.033228
0 0.266250 0.158228 0.025000 0.028481
0 0.608750 0.596519 0.035000 0.031646
0 0.718750 0.881329 0.037500 0.034810
0 0.884375 0.692247 0.033750 0.033228
0 0.444375 0.562500 0.033750 0.030063
0 0.265625 0.260285 0.021250 0.030063
0 0.663125 0.818829 0.033750 0.036392
0 0.718125 0.659019 0.033750 0.033228
0 0.830000 0.407437 0.032500 0.033228
0 0.552500 0.753956 0.032500 0.033228
0 0.828750 0.534019 0.035000 0.030063
0 0.718750 0.469937 0.032500 0.034810
0 0.333125 0.850475 0.033750 0.033228
0 0.236875 0.261076 0.023750 0.028481
0 0.111875 0.719937 0.036250 0.034810
0 0.112500 0.401899 0.035000 0.031646
0 0.774375 0.374209 0.031250 0.033228
0 0.183125 0.260285 0.023750 0.026899
0 0.223125 0.754747 0.033750 0.034810
0 0.552500 0.721519 0.032500 0.031646
0 0.333750 0.401108 0.037500 0.036392
0 0.293125 0.294304 0.023750 0.028481
0 0.277500 0.784810 0.035000 0.031646
0 0.773750 0.850475 0.035000 0.033228
0 0.883750 0.409019 0.032500 0.033228
0 0.445000 0.596519 0.035000 0.028481
0 0.223125 0.465190 0.033750 0.034810
0 0.277500 0.880538 0.035000 0.033228
0 0.719375 0.437500 0.033750 0.026899
0 0.663125 0.409019 0.033750 0.033228
0 0.223125 0.720728 0.033750 0.033228
0 0.223750 0.625791 0.032500 0.033228
0 0.775000 0.659019 0.035000 0.030063
0 0.349375 0.156646 0.026250 0.031646
0 0.222500 0.817247 0.035000 0.033228
0 0.332500 0.817247 0.035000 0.033228
0 0.773750 0.722310 0.035000 0.033228
0 0.333125 0.720728 0.036250 0.033228
0 0.293750 0.191456 0.022500 0.031646
0 0.552500 0.692247 0.032500 0.030063
0 0.221875 0.528481 0.031250 0.031646
0 0.320625 0.190665 0.021250 0.030063
0 0.774375 0.597310 0.036250 0.033228
0 0.388125 0.691456 0.033750 0.031646
0 0.718750 0.725475 0.035000 0.030063
0 0.773750 0.692247 0.035000 0.033228
0 0.774375 0.567247 0.036250 0.033228
0 0.884375 0.503165 0.033750 0.034810
0 0.387500 0.720728 0.035000 0.033228
0 0.320625 0.260285 0.021250 0.030063
0 0.884375 0.659810 0.033750 0.031646
0 0.663750 0.628165 0.030000 0.031646
0 0.663125 0.659019 0.033750 0.033228
0 0.348750 0.295095 0.025000 0.030063
0 0.829375 0.567247 0.033750 0.033228
0 0.828750 0.503956 0.035000 0.033228
0 0.552500 0.407437 0.032500 0.033228
0 0.445625 0.370253 0.036250 0.034810
0 0.445000 0.533228 0.035000 0.034810
0 0.608750 0.374209 0.035000 0.039557
0 0.445000 0.406646 0.035000 0.031646
0 0.718750 0.408228 0.035000 0.034810
