0 0.857520 0.188559 0.029024 0.033898
0 0.612137 0.254237 0.034301 0.067797
0 0.087071 0.436441 0.031662 0.033898
0 0.507916 0.876059 0.023747 0.031780
0 0.319261 0.779661 0.034301 0.029661
0 0.857520 0.399364 0.023747 0.044492
0 0.509235 0.491525 0.021108 0.029661
0 0.436016 0.651483 0.032982 0.044492
0 0.552111 0.701271 0.032982 0.046610
0 0.261873 0.565678 0.038259 0.029661
0 0.364116 0.179025 0.026385 0.040254
0 0.552111 0.733051 0.035620 0.046610
0 0.435356 0.689619 0.036939 0.052966
0 0.551451 0.864407 0.036939 0.038136
0 0.724934 0.907839 0.038259 0.048729
0 0.262533 0.223517 0.034301 0.031780
0 0.612137 0.224576 0.031662 0.046610
0 0.086412 0.404661 0.038259 0.059322
0 0.609499 0.523305 0.034301 0.025424
0 0.844987 0.226695 0.035620 0.042373
0 0.666887 0.907839 0.035620 0.044492
0 0.830475 0.315678 0.022427 0.029661
0 0.392480 0.184322 0.027704 0.042373
0 0.262533 0.394068 0.034301 0.025424
0 0.319261 0.606992 0.036939 0.027542
0 0.612137 0.310381 0.034301 0.044492
0 0.725594 0.870763 0.036939 0.046610
0 0.380607 0.264831 0.035620 0.038136
0 0.667546 0.868644 0.036939 0.042373
0 0.320580 0.522246 0.034301 0.044492
0 0.860158 0.315678 0.023747 0.046610
0 0.668206 0.825212 0.038259 0.044492
0 0.668206 0.781780 0.038259 0.042373
0 0.379288 0.567797 0.032982 0.042373
0 0.378628 0.605932 0.034301 0.038136
0 0.727573 0.652542 0.035620 0.038136
0 0.552770 0.826271 0.034301 0.038136
0 0.785620 0.611229 0.035620 0.044492
0 0.726913 0.695975 0.036939 0.044492
0 0.087071 0.520127 0.031662 0.044492
0 0.261873 0.645127 0.038259 0.036017
0 0.377309 0.483051 0.034301 0.029661
0 0.858179 0.359110 0.022427 0.036017
0 0.435356 0.736229 0.034301 0.044492
0 0.319261 0.741525 0.036939 0.055085
0 0.144459 0.862288 0.035620 0.033898
0 0.435356 0.825212 0.036939 0.044492
0 0.787599 0.226695 0.036939 0.050847
0 0.726253 0.827331 0.035620 0.044492
0 0.844327 0.271186 0.036939 0.046610
0 0.319261 0.694915 0.036939 0.038136
0 0.784301 0.780720 0.035620 0.044492
0 0.364776 0.308263 0.022427 0.031780
0 0.086412 0.475636 0.032982 0.044492
0 0.261873 0.819915 0.035620 0.042373
0 0.435356 0.612288 0.036939 0.046610
0 0.147098 0.309322 0.035620 0.042373
0 0.381266 0.224576 0.036939 0.038136
0 0.552770 0.398305 0.034301 0.038136
0 0.728232 0.613347 0.036939 0.044492
0 0.726253 0.784958 0.035620 0.044492
0 0.784301 0.869703 0.035620 0.044492
0 0.436016 0.779661 0.032982 0.046610
0 0.320580 0.481992 0.034301 0.044492
0 0.727573 0.572034 0.035620 0.046610
0 0.376649 0.650424 0.035620 0.046610
0 0.145778 0.397246 0.035620 0.044492
0 0.147098 0.352754 0.035620 0.044492
0 0.436016 0.869703 0.038259 0.048729
0 0.393140 0.399364 0.023747 0.044492
0 0.783641 0.909958 0.036939 0.044492
0 0.145119 0.565678 0.034301 0.038136
0 0.784301 0.825212 0.035620 0.044492
0 0.552770 0.655720 0.034301 0.044492
0 0.377309 0.697034 0.036939 0.050847
0 0.261873 0.693856 0.035620 0.044492
0 0.319261 0.649364 0.036939 0.048729
0 0.259894 0.908898 0.036939 0.038136
0 0.493404 0.793432 0.034301 0.048729
0 0.377968 0.523305 0.032982 0.046610
0 0.145119 0.604873 0.034301 0.044492
0 0.259894 0.865466 0.036939 0.044492
0 0.085752 0.314619 0.034301 0.040254
0 0.610158 0.908898 0.032982 0.038136
0 0.261873 0.734110 0.035620 0.044492
0 0.784960 0.740466 0.034301 0.044492
0 0.829156 0.354873 0.022427 0.040254
0 0.552770 0.437500 0.034301 0.044492
0 0.087071 0.352754 0.036939 0.044492
0 0.085752 0.610169 0.034301 0.042373
0 0.608839 0.825212 0.035620 0.044492
0 0.785620 0.439619 0.035620 0.044492
0 0.144459 0.695975 0.038259 0.040254
0 0.667546 0.741525 0.036939 0.046610
0 0.784301 0.695975 0.035620 0.044492
0 0.669525 0.270127 0.035620 0.040254
0 0.145778 0.437500 0.035620 0.044492
0 0.609499 0.697034 0.034301 0.038136
0 0.726913 0.741525 0.036939 0.046610
0 0.784960 0.655720 0.034301 0.044492
0 0.319261 0.437500 0.034301 0.044492
0 0.438654 0.398305 0.035620 0.042373
0 0.437335 0.439619 0.035620 0.040254
0 0.903034 0.275424 0.035620 0.042373
0 0.552111 0.611229 0.032982 0.044492
0 0.551451 0.903602 0.036939 0.048729
0 0.726913 0.399364 0.039578 0.044492
0 0.903034 0.229873 0.035620 0.048729
0 0.439314 0.353814 0.034301 0.046610
0 0.320580 0.307203 0.031662 0.038136
0 0.437335 0.523305 0.035620 0.042373
0 0.393799 0.308263 0.027704 0.044492
0 0.784960 0.484110 0.036939 0.044492
0 0.262533 0.522246 0.039578 0.048729
0 0.393140 0.353814 0.023747 0.038136
0 0.261873 0.435381 0.035620 0.044492
0 0.437995 0.309322 0.034301 0.042373
0 0.378628 0.439619 0.036939 0.048729
0 0.610158 0.612288 0.035620 0.046610
0 0.320580 0.269068 0.031662 0.042373
0 0.261873 0.354873 0.038259 0.052966
0 0.205145 0.224576 0.038259 0.046610
0 0.844327 0.485169 0.036939 0.042373
0 0.554090 0.224576 0.036939 0.050847
0 0.085092 0.264831 0.035620 0.050847
0 0.320580 0.352754 0.031662 0.044492
0 0.553430 0.528602 0.035620 0.044492
0 0.553430 0.483051 0.035620 0.046610
0 0.611478 0.485169 0.035620 0.046610
0 0.262533 0.268008 0.034301 0.048729
0 0.145778 0.476695 0.035620 0.042373
0 0.785620 0.355932 0.035620 0.038136
0 0.261873 0.475636 0.038259 0.040254
0 0.669525 0.437500 0.035620 0.040254
0 0.609499 0.736229 0.036939 0.044492
0 0.438654 0.269068 0.032982 0.042373
0 0.087071 0.565678 0.034301 0.046610
0 0.261873 0.605932 0.038259 0.046610
0 0.436016 0.566737 0.032982 0.044492
0 0.668865 0.611229 0.036939 0.044492
0 0.363456 0.352754 0.022427 0.044492
0 0.261214 0.779661 0.036939 0.046610
0 0.495383 0.202331 0.032982 0.023305
0 0.496042 0.226695 0.034301 0.025424
0 0.495383 0.253178 0.032982 0.027542
0 0.496042 0.290254 0.036939 0.042373
0 0.496702 0.174788 0.032982 0.031780
0 0.494063 0.335805 0.035620 0.048729
0 0.320580 0.223517 0.034301 0.048729
0 0.610158 0.442797 0.032982 0.042373
0 0.205145 0.270127 0.038259 0.044492
0 0.843668 0.528602 0.035620 0.044492
0 0.319921 0.393008 0.032982 0.040254
0 0.554090 0.270127 0.034301 0.040254
0 0.786280 0.271186 0.034301 0.042373
0 0.611478 0.354873 0.035620 0.044492
0 0.726913 0.443856 0.039578 0.040254
0 0.785620 0.316737 0.035620 0.044492
0 0.610158 0.399364 0.032982 0.044492
0 0.728232 0.272246 0.039578 0.044492
0 0.668206 0.695975 0.035620 0.044492
0 0.550132 0.781780 0.036939 0.050847
0 0.144459 0.734110 0.038259 0.044492
0 0.728232 0.225636 0.039578 0.044492
0 0.437335 0.481992 0.035620 0.044492
0 0.669525 0.354873 0.035620 0.044492
0 0.728232 0.528602 0.036939 0.044492
0 0.670185 0.398305 0.036939 0.042373
0 0.609499 0.656780 0.034301 0.042373
0 0.145778 0.522246 0.035620 0.044492
0 0.670185 0.225636 0.039578 0.052966
0 0.784960 0.568856 0.036939 0.044492
0 0.319921 0.566737 0.038259 0.044492
0 0.143799 0.650424 0.036939 0.046610
0 0.438654 0.223517 0.035620 0.048729
0 0.843668 0.442797 0.035620 0.046610
0 0.609499 0.565678 0.036939 0.046610
0 0.509235 0.545551 0.021108 0.027542
0 0.496042 0.439619 0.034301 0.031780
0 0.509235 0.516949 0.021108 0.025424
0 0.510554 0.569915 0.023747 0.021186
0 0.509235 0.629237 0.018470 0.021186
0 0.509235 0.655720 0.018470 0.031780
0 0.829815 0.188559 0.021108 0.033898
0 0.319261 0.868644 0.031662 0.033898
0 0.509894 0.590042 0.022427 0.023305
0 0.509235 0.610169 0.021108 0.016949
0 0.496042 0.461864 0.039578 0.012712
0 0.319261 0.822034 0.036939 0.055085
0 0.508575 0.909958 0.027704 0.036017
0 0.495383 0.406780 0.038259 0.038136
0 0.727573 0.484110 0.038259 0.044492
0 0.668865 0.568856 0.036939 0.044492
0 0.668865 0.652542 0.036939 0.042373
0 0.669525 0.313559 0.035620 0.042373
0 0.146438 0.262712 0.039578 0.055085
0 0.084433 0.652542 0.036939 0.050847
0 0.145778 0.778602 0.035620 0.044492
0 0.552770 0.566737 0.034301 0.036017
0 0.784960 0.399364 0.036939 0.044492
0 0.727573 0.354873 0.038259 0.040254
0 0.903034 0.315678 0.035620 0.038136
0 0.554090 0.313559 0.034301 0.042373
0 0.784960 0.528602 0.036939 0.040254
0 0.319261 0.908898 0.039578 0.046610
0 0.144459 0.823093 0.038259 0.044492
0 0.608839 0.868644 0.035620 0.042373
0 0.727573 0.315678 0.038259 0.038136
0 0.668865 0.483051 0.034301 0.046610
0 0.901715 0.359110 0.035620 0.044492
0 0.145119 0.902542 0.036939 0.046610
0 0.668865 0.526483 0.034301 0.040254
0 0.552770 0.355932 0.034301 0.042373
0 0.608839 0.780720 0.035620 0.044492
0 0.262533 0.308263 0.034301 0.036017
