0 0.4173433982254006 0.5859430387483193 0.012883061846113087 0.02972741718616308
0 0.0484809958945835 0.5045837917125046 0.022375844259038536 0.039115022613372435
0 0.04780294000794597 0.6626084830705292 0.021019732485763474 0.03598582080430268
0 0.43327771156138256 0.6633907835227968 0.013561117732750618 0.03129201809069791
0 0.3383498874321281 0.787776555433321 0.013561117732750682 0.029727417186162987
0 0.301056813667064 0.11499816648331498 0.027122235465501236 0.026598215377093268
0 0.340045027148722 0.7032881065884365 0.011526950072838025 0.02972741718616308
0 0.3393669712620844 0.743967730106344 0.012883061846113151 0.026598215377093233
0 0.048141967951264734 0.6266226622662266 0.023053900145676067 0.039115022613372435
0 0.3230936299827838 0.743967730106344 0.012883061846113087 0.02972741718616308
0 0.3620818434644418 0.22921403251436256 0.02034167659912599 0.039115022613372456
0 0.14239173619388162 0.34342989854541006 0.01762945305257582 0.03598582080430263
0 0.3230936299827838 0.6641730839750641 0.012883061846113087 0.02972741718616308
0 0.0484809958945835 0.5444811147781445 0.022375844259038536 0.03755042170883742
0 0.3393669712620844 0.5882899401051217 0.012883061846113151 0.031292018090698
0 0.5509204078929942 0.46468646864686475 0.02101973248576346 0.031292018090698
0 0.4173433982254006 0.6195819581958196 0.012883061846113087 0.028162816281628155
0 0.5488862402330817 0.2315609338711649 0.02101973248576346 0.04067962351790736
0 0.32411071381274004 0.5859430387483192 0.01220500595947562 0.03285661899523293
0 0.04780294000794597 0.7869942549810537 0.022375844259038536 0.043808825326977115
0 0.04780294000794597 0.5867253392005867 0.022375844259038536 0.04380882532697693
0 0.17493841875248314 0.38410952206331744 0.02034167659912593 0.039115022613372526
0 0.07899351079327242 0.4271360469380272 0.021019732485763467 0.0406796235179075
0 0.1108621374652364 0.46625106955139967 0.021019732485763474 0.0312920180906981
0 0.1108621374652364 0.5859430387483193 0.022375844259038536 0.039115022613372435
0 0.0484809958945835 0.10639286150837304 0.021019732485763474 0.04067962351790735
0 0.3013958416103828 0.0813592470358147 0.025088067805588643 0.03755042170883756
0 0.41768242616871937 0.4263537464857597 0.013561117732750618 0.02972741718616308
0 0.43327771156138256 0.6258403618139592 0.013561117732750618 0.031292018090698
0 0.5176956694477552 0.22921403251436256 0.018307508939213336 0.039115022613372456
0 0.43327771156138256 0.582031536486982 0.013561117732750618 0.03129201809069791
0 0.3230936299827838 0.6266226622662266 0.012883061846113087 0.02972741718616308
0 0.0484809958945835 0.4279183473902946 0.01966362071248841 0.03598582080430268
0 0.04780294000794597 0.7017235056839017 0.022375844259038536 0.039115022613372435
0 0.4570096675936962 0.1455078841217455 0.02034167659912599 0.031292018090697954
0 0.07899351079327242 0.46546876909913215 0.019663620712488405 0.039115022613372435
0 0.04712488412130844 0.7431854296540764 0.022375844259038536 0.04067962351790736
0 0.26952721493841875 0.3082263781933749 0.022375844259038553 0.03755042170883751
0 0.11052310952191764 0.5038014912602372 0.01898556482585088 0.03755042170883751
0 0.4322606277314263 0.5045837917125047 0.012883061846113087 0.035985820804302494
0 0.416665342338763 0.5053660921647721 0.015595285392663211 0.0312920180906981
0 0.4173433982254006 0.5436988143258771 0.012883061846113087 0.035985820804302585
0 0.4173433982254006 0.4646864686468648 0.012883061846113087 0.034421219899767756
0 0.11154019335187393 0.3082263781933749 0.021019732485763474 0.043808825326977115
0 0.08034962256654747 0.505366092164772 0.021019732485763467 0.043808825326977205
0 0.43259965567474506 0.4271360469380271 0.012205005959475556 0.031292018090698
0 0.0484809958945835 0.46546876909913215 0.021019732485763474 0.039115022613372435
0 0.5488862402330817 0.19009900990099007 0.02101973248576346 0.04537342623151206
0 0.4251410409217322 0.22921403251436256 0.02034167659912593 0.039115022613372456
0 0.5190517812210304 0.3895856252291896 0.01966362071248846 0.04067962351790731
0 0.5515984637796318 0.6665199853318666 0.019663620712488398 0.03755042170883751
0 0.4875221824923851 0.26911135558000243 0.02034167659912593 0.043808825326977156
0 0.17493841875248314 0.3465591003544799 0.018985564825850867 0.039115022613372484
0 0.14340882002383792 0.3082263781933749 0.01966362071248841 0.034421219899767756
0 0.0484809958945835 0.22764943160982765 0.021019732485763474 0.04224422442244231
0 0.48718315454906636 0.22921403251436256 0.019663620712488398 0.039115022613372456
0 0.3403840550920408 0.6258403618139592 0.013561117732750618 0.031292018090698
0 0.43293868361806376 0.543698814325877 0.012883061846113087 0.02972741718616308
0 0.17561647463912064 0.14550788412174553 0.01898556482585093 0.034421219899767805
0 0.3315693285657529 0.5045837917125046 0.02034167659912593 0.039115022613372435
0 0.4251410409217322 0.38802102432465474 0.02169778837240099 0.04067962351790745
0 0.3017348695537015 0.24094853929837431 0.025766123692226174 0.031292018090697954
0 0.3013958416103828 0.176017601760176 0.026444179578863705 0.029727417186163056
0 0.3017348695537015 0.27224055738907227 0.027122235465501236 0.034421219899767756
0 0.301056813667064 0.05006722894511673 0.025766123692226174 0.031292018090697954
0 0.5512594358363131 0.7924703581469258 0.02034167659912593 0.04224422442244219
0 0.2702052708250563 0.22764943160982765 0.01966362071248843 0.03598582080430261
0 0.5512594358363131 0.6266226622662266 0.018985564825850867 0.039115022613372435
0 0.5509204078929942 0.5875076396528542 0.022375844259038522 0.039115022613372435
0 0.30207389749702024 0.20809192030314141 0.025088067805588643 0.03755042170883758
0 0.3013958416103828 0.38176262070651507 0.025088067805588643 0.028162816281628155
0 0.30817640047675804 0.6047182496027381 0.012883061846113151 0.020339811758953632
0 0.33970599920540323 0.6626084830705292 0.012205005959475556 0.02346901356802348
0 0.5502423520063568 0.10326365969930328 0.022375844259038522 0.025033614472558367
0 0.3319083565090717 0.38332722161105 0.022375844259038456 0.025033614472558356
0 0.5502423520063568 0.38645642342011977 0.022375844259038522 0.025033614472558356
0 0.5197298371076678 0.421659943772155 0.022375844259038585 0.02346901356802348
0 0.5190517812210304 0.30666177728884 0.01966362071248846 0.018775210854418755
0 0.30715931664680174 0.6234934604571568 0.012205005959475556 0.02346901356802348
0 0.32411071381274004 0.7009412052316343 0.01220500595947562 0.03129201809069791
0 0.4258190968083697 0.743967730106344 0.02034167659912593 0.039115022613372435
0 0.5502423520063568 0.3489060017112823 0.022375844259038522 0.043808825326977156
0 0.049837107667858566 0.059454834372326126 0.021019732485763474 0.05006722894511673
0 0.3932724142497683 0.7869942549810537 0.02169778837240099 0.043808825326977115
0 0.5509204078929942 0.4271360469380271 0.02101973248576346 0.04693802713604687
0 0.4322606277314263 0.4654687690991322 0.012883061846113087 0.035985820804302494
0 0.3939504701364058 0.743967730106344 0.018985564825850867 0.039115022613372435
0 0.4251410409217322 0.7869942549810537 0.02034167659912593 0.043808825326977115
0 0.5190517812210304 0.46468646864686475 0.01966362071248846 0.04693802713604687
0 0.4563316117070586 0.2659821537709326 0.02034167659912599 0.0406796235179074
0 0.04780294000794597 0.38880332477692214 0.021019732485763474 0.04537342623151203
0 0.5519374917229506 0.7494438332722161 0.02034167659912593 0.043808825326977115
0 0.17561647463912064 0.18462290673511794 0.01898556482585093 0.04067962351790733
0 0.5502423520063568 0.3058794768365726 0.02101973248576346 0.039115022613372435
0 0.14306979208051915 0.059454834372326126 0.020341676599125943 0.04693802713604694
0 0.42446298503509466 0.14629018457401297 0.02305390014567605 0.03598582080430266
0 0.3932724142497683 0.6649553844273316 0.02034167659912593 0.03755042170883751
0 0.4570096675936962 0.2268671311575602 0.018985564825850867 0.034421219899767735
0 0.5509204078929942 0.5483926170394818 0.022375844259038522 0.039115022613372526
0 0.0484809958945835 0.18775210854418775 0.021019732485763474 0.03755042170883749
0 0.3013958416103828 0.3418652976408752 0.025088067805588643 0.04537342623151203
0 0.14239173619388162 0.38410952206331744 0.021697788372401022 0.04224422442244224
0 0.1108621374652364 0.5444811147781445 0.01966362071248841 0.04067962351790745
0 0.11052310952191764 0.3880210243246547 0.01898556482585088 0.03755042170883751
0 0.3939504701364058 0.3074440777411075 0.018985564825850867 0.04224422442244224
0 0.5495642961197192 0.26911135558000243 0.019663620712488398 0.03755042170883756
0 0.5495642961197192 0.1439432832172106 0.022375844259038522 0.04693802713604689
0 0.33190835650907163 0.42478914558122477 0.02101973248576346 0.04224422442244219
0 0.4865050986624288 0.1517662877398851 0.019663620712488398 0.04067962351790733
0 0.301056813667064 0.14472558366947805 0.0284783472387763 0.039115022613372456
0 0.1108621374652364 0.3512529030680846 0.01966362071248841 0.039115022613372435
0 0.3315693285657529 0.3050971763843051 0.01898556482585099 0.03755042170883756
0 0.5515984637796318 0.7048527074929715 0.02101973248576346 0.039115022613372435
0 0.3946285260230433 0.7032881065884365 0.02034167659912593 0.039115022613372435
0 0.4258190968083697 0.7032881065884367 0.02034167659912593 0.04537342623151203
0 0.14306979208051915 0.4279183473902947 0.020341676599125943 0.039115022613372484
0 0.3315693285657529 0.4654687690991322 0.02034167659912593 0.035985820804302494
0 0.1752774466958019 0.10482826060383817 0.02101973248576346 0.04067962351790733
0 0.11154019335187393 0.10482826060383817 0.021019732485763474 0.04067962351790733
0 0.5502423520063568 0.06414863708593081 0.02101973248576346 0.04693802713604694
0 0.2702052708250563 0.1885344089964552 0.02101973248576349 0.04537342623151203
0 0.3939504701364058 0.3465591003544799 0.018985564825850867 0.03598582080430263
0 0.33123030062243414 0.5483926170394818 0.022375844259038522 0.039115022613372526
0 0.5197298371076678 0.5069306930693069 0.021019732485763522 0.043808825326977115
0 0.17493841875248314 0.30744407774110744 0.02034167659912593 0.039115022613372435
0 0.4875221824923851 0.19088131035325753 0.018985564825850867 0.03755042170883756
0 0.049159051781221035 0.2675467546754675 0.01966362071248841 0.03755042170883756
0 0.5170176135611178 0.18931670944872267 0.022375844259038522 0.04067962351790733
0 0.3627598993510794 0.18931670944872261 0.021697788372401054 0.043808825326977184
0 0.42446298503509466 0.30744407774110744 0.02034167659912593 0.039115022613372435
0 0.4251410409217322 0.18775210854418775 0.02034167659912593 0.043808825326977135
0 0.3939504701364058 0.4271360469380272 0.018985564825850867 0.0406796235179075
0 0.14239173619388162 0.10561056105610561 0.020341676599125943 0.04537342623151203
0 0.17561647463912067 0.06101943527686102 0.02169778837240099 0.04380882532697715
0 0.08034962256654747 0.06101943527686102 0.022375844259038543 0.04380882532697715
0 0.11120116540855517 0.22608483070529273 0.020341676599125943 0.039115022613372456
0 0.17561647463912067 0.22764943160982765 0.02034167659912593 0.04224422442244231
0 0.4570096675936962 0.061801735729128476 0.02034167659912599 0.04537342623151205
0 0.48786121043570385 0.06414863708593081 0.019663620712488398 0.04693802713604694
0 0.1108621374652364 0.4279183473902946 0.022375844259038536 0.04537342623151203
0 0.4251410409217322 0.061801735729128476 0.02169778837240099 0.04537342623151205
0 0.11221824923851147 0.14550788412174548 0.021019732485763474 0.043808825326977115
0 0.3932724142497683 0.5875076396528541 0.02034167659912593 0.03598582080430277
0 0.08034962256654747 0.1900990099009901 0.019663620712488405 0.039115022613372435
0 0.5190517812210304 0.5499572179440166 0.022375844259038585 0.04224422442244228
0 0.5509204078929942 0.5045837917125047 0.022375844259038522 0.04537342623151194
0 0.0484809958945835 0.1470724850262804 0.022375844259038536 0.03755042170883756
0 0.4251410409217322 0.10717516196064052 0.02169778837240099 0.03911502261337245
0 0.11120116540855517 0.268329055127735 0.020341676599125943 0.04537342623151208
0 0.08034962256654747 0.268329055127735 0.019663620712488405 0.039115022613372435
0 0.23901470003972983 0.10561056105610561 0.02101973248576346 0.04537342623151203
0 0.23901470003972983 0.059454834372326126 0.02101973248576346 0.04693802713604694
0 0.07967156667990995 0.22921403251436256 0.02237584425903853 0.039115022613372456
0 0.0484809958945835 0.3489060017112823 0.01966362071248841 0.03755042170883756
0 0.20714607336776586 0.06023713482459358 0.022375844259038522 0.04850262804058184
0 0.08034962256654747 0.10482826060383817 0.022375844259038543 0.04067962351790733
0 0.3620818434644418 0.26911135558000243 0.02034167659912599 0.04067962351790736
0 0.3939504701364058 0.18775210854418775 0.02034167659912593 0.04067962351790738
0 0.07967156667990995 0.3496883021635497 0.02237584425903853 0.039115022613372484
0 0.33190835650907163 0.14941938638308278 0.01966362071248846 0.039115022613372456
0 0.3322473844523904 0.18775210854418775 0.018985564825850867 0.03755042170883749
0 0.049159051781221035 0.30666177728884 0.01966362071248841 0.04067962351790731
0 0.11221824923851147 0.1885344089964552 0.01966362071248841 0.039115022613372435
0 0.17493841875248314 0.268329055127735 0.02034167659912593 0.039115022613372435
0 0.4563316117070586 0.10717516196064052 0.02034167659912599 0.04537342623151203
0 0.3932724142497683 0.2675467546754675 0.018985564825850867 0.03755042170883756
0 0.4570096675936962 0.18540520718738537 0.02034167659912599 0.04224422442244219
0 0.14239173619388162 0.14629018457401297 0.01898556482585088 0.039115022613372456
0 0.3932724142497683 0.3872387238723873 0.02034167659912593 0.04224422442244233
0 0.20578996159449078 0.2284317320620951 0.019663620712488398 0.04067962351790736
0 0.08034962256654747 0.3888033247769222 0.021019732485763467 0.039115022613372526
0 0.3939504701364058 0.506930693069307 0.018985564825850867 0.0375504217088377
0 0.3322473844523904 0.10717516196064052 0.02034167659912599 0.04537342623151203
0 0.3939504701364058 0.2284317320620951 0.02034167659912593 0.04067962351790736
0 0.33156932856575294 0.059454834372326126 0.021697788372400925 0.04693802713604694
0 0.48786121043570385 0.10717516196064052 0.019663620712488398 0.04537342623151203
0 0.07967156667990995 0.3074440777411075 0.02237584425903853 0.04224422442244224
0 0.5190517812210304 0.3442121989976776 0.022375844259038585 0.04693802713604691
0 0.14306979208051915 0.22764943160982765 0.01898556482585088 0.039115022613372435
0 0.20714607336776586 0.10717516196064052 0.022375844259038522 0.03911502261337245
0 0.5197298371076678 0.2730228578413397 0.01966362071248846 0.04537342623151203
0 0.20680704542444708 0.18931670944872267 0.02034167659912593 0.04067962351790733
0 0.3319083565090717 0.344994499449945 0.022375844259038456 0.04224422442244224
0 0.20646801748112834 0.14629018457401297 0.02101973248576346 0.039115022613372456
0 0.42378492914845717 0.268329055127735 0.02169778837240099 0.039115022613372435
0 0.2702052708250563 0.2667644542232001 0.02101973248576349 0.04537342623151208
0 0.4251410409217322 0.3489060017112823 0.02169778837240099 0.04067962351790736
0 0.11221824923851147 0.06101943527686102 0.021019732485763474 0.04380882532697715
0 0.3932724142497683 0.6266226622662266 0.02169778837240099 0.039115022613372435
0 0.14239173619388162 0.268329055127735 0.021697788372401022 0.04537342623151208
0 0.07967156667990995 0.14629018457401297 0.019663620712488405 0.04537342623151206
0 0.14239173619388162 0.18775210854418775 0.020341676599125943 0.04067962351790738
0 0.3939504701364058 0.4678156704559346 0.02034167659912593 0.040679623517907174
0 0.3315693285657529 0.2667644542232001 0.02034167659912593 0.039115022613372484
0 0.3315693285657529 0.2268671311575602 0.02034167659912593 0.04067962351790738
0 0.3932724142497683 0.5491749174917491 0.02034167659912593 0.040679623517907264
