0 0.652222 0.289127 0.035556 0.044481
0 0.450556 0.666392 0.034444 0.047776
0 0.652222 0.330313 0.033333 0.037891
0 0.501667 0.182867 0.043333 0.036244
0 0.501667 0.145799 0.047778 0.034596
0 0.652222 0.247117 0.033333 0.036244
0 0.807778 0.246293 0.033333 0.037891
0 0.807222 0.327842 0.036667 0.032949
0 0.501111 0.314662 0.042222 0.036244
0 0.500556 0.250412 0.043333 0.036244
0 0.502222 0.380560 0.044444 0.029654
0 0.501667 0.218287 0.045556 0.031301
0 0.756667 0.331137 0.033333 0.032949
0 0.502778 0.533773 0.032222 0.036244
0 0.502222 0.350906 0.042222 0.029654
0 0.515556 0.752059 0.022222 0.021417
0 0.601111 0.334432 0.033333 0.039539
0 0.501667 0.284185 0.041111 0.031301
0 0.502778 0.495058 0.038889 0.041186
0 0.552222 0.664745 0.033333 0.044481
0 0.652222 0.373147 0.035556 0.044481
0 0.807778 0.369028 0.035556 0.046129
0 0.502778 0.450577 0.041111 0.044481
0 0.703333 0.289127 0.033333 0.047776
0 0.756667 0.292422 0.031111 0.041186
0 0.651667 0.202636 0.034444 0.052718
0 0.514444 0.731466 0.022222 0.026359
0 0.910556 0.327842 0.036667 0.026359
0 0.450556 0.620264 0.032222 0.047776
0 0.551111 0.616969 0.033333 0.047776
0 0.601111 0.292422 0.031111 0.041186
0 0.449444 0.336903 0.036667 0.044481
0 0.756667 0.246293 0.035556 0.047776
0 0.909444 0.245470 0.038889 0.046129
0 0.705556 0.616969 0.033333 0.047776
0 0.703333 0.336903 0.035556 0.047776
0 0.910556 0.290774 0.032222 0.044481
0 0.450000 0.289127 0.031111 0.044481
0 0.601111 0.247941 0.033333 0.044481
0 0.548333 0.289951 0.034444 0.046129
0 0.707778 0.660626 0.037778 0.042834
0 0.858333 0.331960 0.036667 0.044481
0 0.707222 0.743822 0.036667 0.047776
0 0.858333 0.287479 0.032222 0.047776
0 0.706667 0.702636 0.033333 0.041186
0 0.549444 0.334432 0.030000 0.042834
0 0.806111 0.289127 0.036667 0.044481
0 0.806667 0.200165 0.033333 0.054366
