0 0.2421303948576676 0.11055487683609398 0.02216450216450214 0.03782140523340058
0 0.39627443263806905 0.2662045060658579 0.020149547422274674 0.03782140523340058
0 0.2414587432769251 0.45022018922067214 0.02216450216450217 0.03345739693723887
0 0.4913131313131313 0.40876211040713695 0.02082119900301715 0.03782140523340049
0 0.30392234028597664 0.29893456828706993 0.01947789584153226 0.030548058073131254
0 0.24078709169618262 0.4844049208739381 0.02216450216450217 0.03782140523340063
0 0.05238882329791421 0.673511947040941 0.021492850583759677 0.04073074409750834
0 0.021492850583759677 0.26256783248572324 0.022836153745244656 0.04218541352956215
0 0.14709169618260526 0.5978691365741399 0.022836153745244652 0.04073074409750843
0 0.4913131313131313 0.5222263261073387 0.02082119900301715 0.04073074409750834
0 0.08362062180243998 0.4873142597380458 0.020821199003017182 0.034912066369292824
0 0.30392234028597664 0.375304713469898 0.02082119900301715 0.03782140523340054
0 0.08429227338318249 0.4494928545046452 0.01947789584153221 0.03782140523340054
0 0.39694608421881145 0.5593203966247122 0.020149547422274674 0.03345739693723897
0 0.33515413879050243 0.5949597977100322 0.018806244260789716 0.03782140523340063
0 0.08362062180243997 0.6706026081768333 0.01947789584153221 0.03782140523340063
0 0.3653784599239145 0.3389379776685513 0.020149547422274736 0.03782140523340058
0 0.335825790371245 0.6313265335113789 0.018806244260789716 0.03782140523340072
0 0.5212016266561721 0.3745773787538711 0.021492850583759694 0.03345739693723897
0 0.30325068870523414 0.41676279228343327 0.02216450216450211 0.0421854135295622
0 0.11518824609733701 0.6742392817569679 0.022164502164502158 0.039276074665454484
0 0.20921946740128558 0.3403926471006052 0.019477895841532193 0.034912066369292866
0 0.08362062180243997 0.70696934397818 0.01947789584153221 0.03782140523340063
0 0.49064147973238886 0.3003892377191238 0.020821199003017214 0.03636673580134672
0 0.022164502164502164 0.19056169559905672 0.021492850583759677 0.03782140523340058
0 0.2733621933621934 0.2472938034491576 0.026866063229699647 0.034912066369292824
0 0.36605011150465694 0.5578657271926584 0.018806244260789716 0.03636673580134668
0 0.08362062180243998 0.7418814103474728 0.020821199003017182 0.03782140523340063
0 0.052724649088285454 0.3403926471006052 0.020821199003017182 0.034912066369292866
0 0.05306047487865669 0.264749836633804 0.020149547422274698 0.03782140523340054
0 0.5232165813983995 0.6320538682274057 0.021492850583759694 0.039276074665454484
0 0.4903056539420176 0.3723953746057903 0.020149547422274736 0.034912066369292866
0 0.5225449298176571 0.5578657271926584 0.022836153745244652 0.039276074665454484
0 0.14709169618260526 0.5578657271926584 0.022836153745244652 0.039276074665454484
0 0.24078709169618262 0.7055146745461262 0.02216450216450217 0.03782140523340063
0 0.30425816607634787 0.22547376196834953 0.020149547422274736 0.034912066369292866
0 0.20955529319165686 0.6327812029434328 0.020149547422274705 0.03782140523340054
0 0.27369801915256464 0.09964485609569 0.02619441164895717 0.03054805807313122
0 0.05171717171717172 0.5607750660567662 0.022836153745244652 0.039276074665454484
0 0.20955529319165686 0.5985964712901668 0.021492850583759663 0.03636673580134668
0 0.5232165813983995 0.7018780009659915 0.022836153745244652 0.03927607466545439
0 0.27269054178145086 0.1301929141688212 0.025522760068214627 0.03345739693723897
0 0.24078709169618262 0.7804301502969003 0.02216450216450217 0.0421854135295622
0 0.3358257903712449 0.738244736767338 0.021492850583759694 0.03345739693723897
0 0.33515413879050243 0.6684206040287524 0.018806244260789716 0.03345739693723897
0 0.14642004460186278 0.5229536608233657 0.021492850583759663 0.03927607466545439
0 0.05171717171717172 0.5229536608233657 0.020149547422274698 0.03636673580134668
0 0.49064147973238886 0.48513225558996503 0.01813459268004724 0.03345739693723897
0 0.24045126590581137 0.596414467142086 0.021492850583759663 0.034912066369292824
0 0.3966102584284403 0.7076966786942069 0.01813459268004724 0.03345739693723897
0 0.05306047487865669 0.4873142597380458 0.020149547422274698 0.034912066369292824
0 0.1158598976780795 0.784066823877035 0.020821199003017182 0.034912066369292914
0 0.24078709169618262 0.6691479387447793 0.02216450216450217 0.034912066369292824
0 0.5232165813983995 0.6676932693127255 0.020149547422274736 0.03491206636929273
0 0.397617735799554 0.596414467142086 0.021492850583759632 0.03782140523340063
0 0.5232165813983995 0.7426087450634997 0.022836153745244652 0.039276074665454484
0 0.05306047487865669 0.41458078813535243 0.02149285058375967 0.03782140523340054
0 0.5232165813983995 0.5949597977100322 0.021492850583759694 0.03782140523340063
0 0.4584022038567493 0.1898343608830298 0.02082119900301715 0.039276074665454436
0 0.36605011150465694 0.739699406199392 0.018806244260789716 0.0421854135295622
0 0.397617735799554 0.6313265335113789 0.020149547422274674 0.034912066369292824
0 0.24078709169618262 0.7426087450634998 0.02216450216450217 0.03636673580134668
0 0.20955529319165686 0.6691479387447794 0.020149547422274705 0.03782140523340044
0 0.2736980191525646 0.2196550842401341 0.02485110848747212 0.029093388641077352
0 0.27269054178145086 0.15855896809387166 0.026866063229699585 0.023274710912861905
0 0.3358257903712449 0.7055146745461262 0.021492850583759694 0.029093388641077307
0 0.3966102584284403 0.7433360797795268 0.019477895841532193 0.03782140523340054
0 0.05171717171717172 0.5971418018581129 0.017462941099304734 0.03345739693723897
0 0.3673934146661419 0.7055146745461262 0.021492850583759632 0.02327471091286188
0 0.28007870916961825 0.630599198795352 0.016119637937819738 0.03345739693723897
0 0.27235471599107963 0.4109441145552178 0.02350780532598716 0.030548058073131254
0 0.20921946740128558 0.7418814103474729 0.019477895841532193 0.034912066369292824
0 0.05306047487865669 0.45240219336875304 0.02149285058375967 0.03782140523340063
0 0.3653784599239145 0.5214989913913117 0.020149547422274736 0.03345739693723887
0 0.021828676374130922 0.15055828621757536 0.020821199003017182 0.04218541352956217
0 0.5218732782369147 0.5193169872432308 0.020149547422274674 0.03782140523340054
0 0.3344824872097599 0.7797028155808734 0.022836153745244652 0.043640082961616054
0 0.42817788272333723 0.264749836633804 0.02216450216450217 0.03782140523340054
0 0.05238882329791421 0.6335085376594597 0.021492850583759677 0.03636673580134668
0 0.397617735799554 0.6669659345966985 0.020149547422274674 0.03927607466545439
0 0.36605011150465694 0.6327812029434328 0.020149547422274736 0.03782140523340054
0 0.21022694477239934 0.264749836633804 0.021492850583759663 0.03782140523340054
0 0.14709169618260526 0.14983095150154843 0.021492850583759677 0.03782140523340058
0 0.21022694477239934 0.14764894735346765 0.021492850583759663 0.04509475239366993
0 0.39694608421881145 0.5236809955393926 0.021492850583759632 0.03782140523340054
0 0.24078709169618262 0.6313265335113788 0.02216450216450217 0.04073074409750834
0 0.20921946740128558 0.5222263261073388 0.019477895841532193 0.03782140523340054
0 0.021492850583759673 0.22547376196834953 0.020149547422274698 0.034912066369292866
0 0.1158598976780795 0.7469727533596614 0.020821199003017182 0.03927607466545439
0 0.49064147973238886 0.4473108503565644 0.01813459268004724 0.03927607466545439
0 0.08429227338318249 0.2276557661164304 0.01947789584153221 0.03636673580134672
0 0.17933097205824478 0.23056510498053812 0.021492850583759694 0.0421854135295622
0 0.4275062311425948 0.19056169559905672 0.02082119900301715 0.03782140523340058
0 0.11518824609733701 0.2254737619683496 0.022164502164502158 0.03782140523340056
0 0.08362062180243998 0.2640225019177771 0.020821199003017182 0.03636673580134668
0 0.4899698281516463 0.26547717134983095 0.02216450216450217 0.03345739693723897
0 0.20989111898202806 0.7804301502969003 0.02216450216450214 0.0421854135295622
0 0.05306047487865669 0.37603204818592495 0.02149285058375967 0.03636673580134668
0 0.36605011150465694 0.3011165724351507 0.021492850583759694 0.04073074409750829
0 0.3653784599239145 0.22911043554848423 0.020149547422274736 0.0421854135295622
0 0.08429227338318249 0.18910702616700287 0.01947789584153221 0.03782140523340054
0 0.3653784599239145 0.15274029036565617 0.022836153745244652 0.03782140523340056
0 0.14675587039223403 0.3389379776685513 0.02216450216450217 0.03782140523340058
0 0.33448248720975987 0.3767593829019519 0.020149547422274674 0.03782140523340058
0 0.14642004460186278 0.3767593829019519 0.021492850583759663 0.034912066369292824
0 0.33515413879050243 0.5585930619086853 0.022836153745244652 0.03782140523340054
0 0.21022694477239934 0.2298377702645112 0.021492850583759663 0.03782140523340058
0 0.396274432638069 0.22765576611643037 0.021492850583759694 0.039276074665454484
0 0.4275062311425948 0.3062079154473393 0.02082119900301715 0.039276074665454436
0 0.36605011150465694 0.4829502514418843 0.021492850583759694 0.03782140523340054
0 0.24078709169618262 0.2276557661164304 0.01813459268004724 0.03636673580134672
0 0.11518824609733701 0.3011165724351507 0.022164502164502158 0.03782140523340058
0 0.20921946740128558 0.45022018922067214 0.02216450216450217 0.03636673580134668
0 0.20955529319165686 0.3025712418672046 0.021492850583759663 0.04073074409750829
0 0.33448248720975987 0.48513225558996503 0.020149547422274674 0.039276074665454484
0 0.3966102584284403 0.3745773787538711 0.019477895841532193 0.03636673580134668
0 0.08362062180243998 0.3767593829019519 0.02216450216450217 0.03782140523340058
0 0.14709169618260526 0.187652356734949 0.021492850583759677 0.03782140523340058
0 0.4899698281516463 0.11128221155212091 0.02216450216450217 0.0421854135295622
0 0.2414587432769251 0.3367559735204705 0.02216450216450217 0.039276074665454484
0 0.1158598976780795 0.3382106429525244 0.02216450216450217 0.03636673580134672
0 0.4584022038567493 0.2662045060658579 0.02082119900301715 0.03782140523340058
0 0.14709169618260526 0.2640225019177771 0.022836153745244652 0.039276074665454436
0 0.14642004460186278 0.3025712418672046 0.020149547422274688 0.03782140523340058
0 0.4584022038567493 0.15274029036565617 0.02082119900301715 0.03782140523340056
0 0.11518824609733701 0.2640225019177771 0.022164502164502158 0.039276074665454436
0 0.427842056932966 0.15274029036565617 0.018806244260789716 0.03782140523340056
0 0.3653784599239145 0.18910702616700287 0.020149547422274736 0.03782140523340054
0 0.39627443263806905 0.15274029036565617 0.020149547422274674 0.03782140523340056
0 0.3344824872097599 0.1898343608830298 0.021492850583759694 0.039276074665454436
0 0.364706808343172 0.26547717134983095 0.018806244260789716 0.030548058073131254
0 0.2414587432769251 0.26765917549791174 0.019477895841532193 0.03782140523340058
0 0.42817788272333723 0.11128221155212091 0.02082119900301715 0.0421854135295622
0 0.39627443263806905 0.3025712418672046 0.020149547422274674 0.03782140523340058
0 0.1158598976780795 0.6349632070915135 0.02216450216450217 0.03927607466545439
0 0.4584022038567493 0.2276557661164304 0.02082119900301715 0.03636673580134672
0 0.08294897022169749 0.29966190300309686 0.020821199003017182 0.03782140523340058
0 0.4590738554374918 0.33821064295252434 0.02216450216450217 0.0421854135295622
0 0.08362062180243998 0.5236809955393926 0.02216450216450217 0.03782140523340054
0 0.2407870916961826 0.4131261187032985 0.020821199003017182 0.03782140523340058
0 0.5218732782369147 0.22620109668437652 0.020149547422274674 0.03927607466545446
0 0.1158598976780795 0.1491036167855215 0.02216450216450217 0.0421854135295622
0 0.24078709169618262 0.5214989913913117 0.02350780532598713 0.0421854135295622
0 0.2421303948576676 0.1898343608830298 0.019477895841532224 0.039276074665454436
0 0.39694608421881145 0.41167144927124466 0.020149547422274674 0.03782140523340058
0 0.3344824872097599 0.15274029036565617 0.021492850583759694 0.03782140523340056
0 0.14675587039223403 0.41167144927124466 0.02216450216450217 0.03782140523340058
0 0.30358651449560536 0.3367559735204705 0.020149547422274674 0.039276074665454484
0 0.1158598976780795 0.4123987839872716 0.02216450216450217 0.039276074665454436
0 0.5218732782369147 0.4473108503565644 0.022836153745244715 0.03927607466545439
0 0.24078709169618262 0.3767593829019519 0.019477895841532193 0.03782140523340058
0 0.4899698281516463 0.15201295564962922 0.02216450216450217 0.039276074665454436
0 0.36605011150465694 0.4123987839872716 0.022836153745244652 0.03636673580134672
0 0.27235471599107963 0.36948603574168254 0.02485110848747215 0.043640082961616054
0 0.14709169618260526 0.10764553797198625 0.021492850583759677 0.043640082961616054
0 0.36605011150465694 0.10982754212006705 0.021492850583759694 0.03927607466545446
0 0.1158598976780795 0.10764553797198625 0.02216450216450217 0.03782140523340058
0 0.36672176308539944 0.6720572776088871 0.021492850583759694 0.03782140523340063
0 0.21022694477239934 0.7076966786942069 0.020149547422274705 0.039276074665454484
0 0.05306047487865669 0.3032985765832315 0.02149285058375967 0.0421854135295622
0 0.05339630066902794 0.15055828621757536 0.020821199003017182 0.048004091257777645
0 0.39627443263806905 0.3389379776685513 0.018806244260789716 0.034912066369292866
0 0.27336219336219336 0.3054805807313123 0.028209366391184543 0.03200272750518511
0 0.27336219336219336 0.2785691962383157 0.025522760068214627 0.024729380344915786
0 0.20921946740128558 0.48585959030599196 0.02216450216450217 0.034912066369292914
0 0.24078709169618262 0.1491036167855215 0.02216450216450217 0.0421854135295622
0 0.1158598976780795 0.5956871324260591 0.020821199003017182 0.039276074665454484
0 0.11518824609733701 0.5229536608233657 0.022164502164502158 0.03927607466545439
0 0.3653784599239145 0.44803818507259136 0.020149547422274736 0.034912066369292824
0 0.39627443263806905 0.11200954626814784 0.018806244260789716 0.04073074409750831
0 0.21022694477239934 0.37603204818592495 0.020149547422274705 0.03636673580134668
0 0.33448248720975987 0.4131261187032985 0.020149547422274674 0.03782140523340058
0 0.14675587039223403 0.4494928545046452 0.01947789584153221 0.03782140523340054
0 0.5212016266561721 0.3382106429525244 0.020149547422274674 0.03636673580134672
0 0.4899698281516463 0.2298377702645112 0.01947789584153226 0.03782140523340058
0 0.5212016266561721 0.26329516720175017 0.021492850583759694 0.03782140523340058
0 0.08294897022169749 0.6335085376594597 0.019477895841532193 0.03927607466545439
0 0.39627443263806905 0.1898343608830298 0.020149547422274674 0.03636673580134668
0 0.5215374524465434 0.48585959030599196 0.02082119900301715 0.034912066369292914
0 0.5218732782369147 0.40876211040713695 0.020149547422274674 0.03782140523340049
0 0.08294897022169749 0.3382106429525244 0.019477895841532193 0.03636673580134672
0 0.08328479601206873 0.5600477313407392 0.021492850583759677 0.034912066369292824
0 0.4899698281516463 0.19056169559905672 0.02350780532598713 0.03782140523340058
0 0.1158598976780795 0.7113333522743416 0.02216450216450217 0.03782140523340054
0 0.36605011150465694 0.596414467142086 0.021492850583759694 0.03782140523340063
0 0.33448248720975987 0.45022018922067214 0.020149547422274674 0.03636673580134668
0 0.021492850583759673 0.11055487683609398 0.020149547422274698 0.03782140523340058
0 0.08362062180243998 0.4131261187032985 0.020821199003017182 0.03782140523340058
0 0.33515413879050243 0.22911043554848423 0.018806244260789716 0.0421854135295622
0 0.1158598976780795 0.19056169559905672 0.019477895841532193 0.034912066369292796
0 0.30291486291486297 0.264749836633804 0.018806244260789716 0.03782140523340054
0 0.0530604748786567 0.2276557661164304 0.018806244260789716 0.03636673580134672
0 0.1158598976780795 0.37385004403784416 0.020821199003017182 0.034912066369292824
0 0.33448248720975987 0.5222263261073388 0.020149547422274674 0.03782140523340054
0 0.20955529319165686 0.19056169559905672 0.020149547422274705 0.03782140523340058
0 0.4275062311425948 0.22765576611643037 0.02082119900301715 0.039276074665454484
0 0.396274432638069 0.48513225558996503 0.022836153745244652 0.039276074665454484
0 0.33515413879050243 0.10982754212006705 0.020149547422274736 0.04218541352956217
0 0.20921946740128558 0.5600477313407393 0.02216450216450217 0.03782140523340063
0 0.39627443263806905 0.4494928545046452 0.020149547422274674 0.03782140523340054
0 0.08496392496392496 0.1491036167855215 0.01947789584153221 0.0421854135295622
0 0.4913131313131313 0.33748330823649747 0.02082119900301715 0.03782140523340058
0 0.4597455070182343 0.3011165724351507 0.01947789584153226 0.034912066369292866
0 0.4590738554374918 0.11128221155212091 0.019477895841532193 0.0421854135295622
0 0.3653784599239145 0.375304713469898 0.020149547422274736 0.03782140523340054
0 0.3338108356290175 0.3382106429525244 0.020149547422274674 0.03636673580134672
0 0.2414587432769251 0.3003892377191238 0.01813459268004724 0.03054805807313121
0 0.08294897022169749 0.5985964712901668 0.020821199003017182 0.03636673580134668
0 0.2401154401154401 0.5585930619086853 0.02216450216450214 0.03782140523340054
0 0.33481831300013115 0.3032985765832315 0.019477895841532193 0.03345739693723897
0 0.1158598976780795 0.4494928545046452 0.020821199003017182 0.03782140523340054
0 0.053396300669027945 0.19128903031508365 0.019477895841532204 0.039276074665454436
0 0.11518824609733701 0.48585959030599196 0.01947789584153221 0.034912066369292914
0 0.5225449298176571 0.3025712418672046 0.020149547422274674 0.03782140523340058
0 0.14642004460186278 0.48585959030599196 0.021492850583759663 0.034912066369292914
0 0.20955529319165686 0.41167144927124466 0.021492850583759663 0.034912066369292866
0 0.2726905417814509 0.187652356734949 0.028209366391184636 0.034912066369292824
0 0.14709169618260526 0.22547376196834953 0.020149547422274688 0.034912066369292866
0 0.33481831300013115 0.26765917549791174 0.019477895841532193 0.03782140523340058
0 0.11518824609733701 0.5607750660567662 0.01947789584153221 0.03636673580134677
0 0.08429227338318249 0.7818848197289542 0.023507805325987143 0.039276074665454484
