0 0.5659806295399515 0.4929453262786596 0.032687651331719136 0.040564373897707284
0 0.5647699757869249 0.22663139329805995 0.03753026634382561 0.047619047619047616
0 0.5647699757869249 0.2716049382716049 0.03753026634382561 0.04585537918871252
0 0.34019370460048426 0.2707231040564374 0.03631961259079908 0.047619047619047616
0 0.6198547215496368 0.3121693121693122 0.03631961259079908 0.045855379188712575
0 0.3389830508474576 0.17901234567901234 0.03631961259079902 0.047619047619047616
0 0.7312348668280872 0.22310405643738976 0.03631961259079908 0.047619047619047616
0 0.3389830508474576 0.22310405643738976 0.03389830508474578 0.04409171075837742
0 0.34019370460048426 0.12962962962962962 0.03874092009685226 0.05114638447971781
0 0.4509685230024213 0.17724867724867724 0.03753026634382567 0.047619047619047616
0 0.5641646489104116 0.4514991181657848 0.036319612590798966 0.042328042328042326
0 0.39648910411622273 0.2716049382716049 0.035108958837772375 0.04585537918871252
0 0.5653753026634383 0.40476190476190477 0.03631961259079908 0.047619047619047616
0 0.3414043583535109 0.4497354497354497 0.03631961259079902 0.04585537918871252
0 0.7875302663438257 0.2239858906525573 0.03753026634382561 0.04938271604938271
0 0.4509685230024213 0.26895943562610225 0.03753026634382567 0.05114638447971781
0 0.45217917675544794 0.36067019400352734 0.03995157384987891 0.051146384479717755
0 0.6198547215496368 0.3606701940035273 0.03874092009685226 0.047619047619047616
0 0.788135593220339 0.12786596119929453 0.03874092009685226 0.05114638447971781
0 0.5242130750605327 0.7530864197530864 0.024213075060532607 0.031746031746031744
0 0.5096852300242131 0.33245149911816574 0.04842615012106538 0.03350970017636684
0 0.5084745762711865 0.4947089947089947 0.0460048426150122 0.03703703703703709
0 0.902542372881356 0.7142857142857143 0.03753026634382561 0.042328042328042326
0 0.2845036319612591 0.7134038800705467 0.036319612590798966 0.04761904761904756
0 0.9019370460048426 0.8941798941798942 0.03874092009685226 0.042328042328042326
0 0.05811138014527845 0.9462081128747795 0.04116222760290557 0.04409171075837748
0 0.5090799031476998 0.18694885361552027 0.04963680387409203 0.031746031746031744
0 0.39588377723970947 0.537037037037037 0.038740920096852316 0.04761904761904756
0 0.05811138014527845 0.900352733686067 0.04116222760290557 0.051146384479717866
0 0.5090799031476998 0.15167548500881833 0.047215496368038734 0.035273368606701966
0 0.5108958837772397 0.3641975308641975 0.050847457627118564 0.04056437389770723
0 0.05871670702179177 0.1763668430335097 0.0351089588377724 0.049382716049382686
0 0.902542372881356 0.8500881834215167 0.03510895883777243 0.03527336860670194
0 0.5096852300242132 0.25925925925925924 0.04358353510895896 0.03527336860670194
0 0.9013317191283293 0.35714285714285715 0.03510895883777243 0.04409171075837737
0 0.9019370460048426 0.7619047619047619 0.03147699757869249 0.042328042328042326
0 0.0562953995157385 0.8059964726631393 0.03753026634382567 0.042328042328042326
0 0.9001210653753027 0.3148148148148148 0.03995157384987902 0.04761904761904767
0 0.6779661016949152 0.8941798941798942 0.03631961259079908 0.04585537918871252
0 0.05750605326876514 0.8527336860670194 0.039951573849878935 0.04761904761904767
0 0.902542372881356 0.537037037037037 0.03753026634382561 0.04409171075837737
0 0.6779661016949152 0.718694885361552 0.03631961259079908 0.04409171075837737
0 0.6767554479418887 0.9435626102292769 0.03389830508474578 0.04585537918871252
0 0.22820823244552058 0.4929453262786596 0.0351089588377724 0.04409171075837742
0 0.9552058111380146 0.1763668430335097 0.03631961259079908 0.049382716049382686
0 0.9576271186440678 0.4462081128747795 0.036319612590798966 0.042328042328042326
0 0.3414043583535109 0.6710758377425043 0.03147699757869249 0.04409171075837759
0 0.1131961259079903 0.6278659611992945 0.037530266343825655 0.042328042328042215
0 0.9570217917675545 0.4012345679012346 0.03995157384987891 0.047619047619047616
0 0.5084745762711864 0.11375661375661374 0.050847457627118675 0.044091710758377395
0 0.7312348668280872 0.3580246913580247 0.03389830508474578 0.038800705467372076
0 0.9558111380145278 0.22310405643738976 0.03995157384987891 0.047619047619047616
0 0.677360774818402 0.8518518518518519 0.03510895883777243 0.042328042328042215
0 0.6779661016949152 0.7601410934744268 0.03631961259079908 0.042328042328042215
0 0.6791767554479419 0.8051146384479717 0.036319612590798966 0.04761904761904767
0 0.2832929782082324 0.17548500881834214 0.03631961259079902 0.04409171075837742
0 0.05871670702179177 0.26807760141093473 0.0351089588377724 0.042328042328042326
0 0.6767554479418887 0.3148148148148148 0.03631961259079908 0.04761904761904767
0 0.9031476997578692 0.9426807760141094 0.03874092009685226 0.051146384479717866
0 0.9558111380145278 0.26895943562610225 0.03995157384987891 0.047619047619047616
0 0.9570217917675545 0.35714285714285715 0.03995157384987891 0.04409171075837737
0 0.05871670702179177 0.22310405643738976 0.0351089588377724 0.04409171075837742
0 0.28450363196125905 0.5388007054673721 0.038740920096852316 0.051146384479717755
0 0.05811138014527845 0.6252204585537919 0.036319612590799036 0.04056437389770717
0 0.11319612590799032 0.5864197530864197 0.039951573849878935 0.04409171075837748
0 0.11319612590799032 0.671957671957672 0.039951573849878935 0.042328042328042326
0 0.6761501210653753 0.2671957671957672 0.032687651331719136 0.05114638447971781
0 0.9013317191283293 0.4462081128747795 0.037530266343825724 0.042328042328042326
0 0.9558111380145278 0.3121693121693122 0.03995157384987891 0.045855379188712575
0 0.28450363196125905 0.6728395061728395 0.03389830508474573 0.040564373897707284
0 0.9001210653753027 0.4029982363315696 0.03995157384987902 0.047619047619047616
0 0.3414043583535109 0.626984126984127 0.03389830508474578 0.044091710758377256
0 0.05750605326876514 0.718694885361552 0.039951573849878935 0.04761904761904767
0 0.05750605326876514 0.763668430335097 0.03753026634382566 0.042328042328042326
0 0.8456416464891041 0.49029982363315694 0.032687651331719136 0.042328042328042326
0 0.11440677966101695 0.17724867724867727 0.03995157384987892 0.05114638447971778
0 0.8450363196125907 0.5811287477954145 0.03389830508474578 0.040564373897707284
0 0.17130750605326878 0.17901234567901234 0.03753026634382567 0.04409171075837742
0 0.7312348668280872 0.4462081128747795 0.03389830508474578 0.042328042328042326
0 0.17009685230024213 0.31393298059964725 0.035108958837772375 0.03880070546737213
0 0.9001210653753027 0.2707231040564374 0.037530266343825724 0.047619047619047616
0 0.6779661016949152 0.49470899470899465 0.03147699757869249 0.04056437389770723
0 0.900726392251816 0.806878306878307 0.03631961259079908 0.04761904761904778
0 0.05811138014527845 0.4038800705467372 0.036319612590799036 0.03880070546737213
0 0.05811138014527845 0.49382716049382713 0.03389830508474577 0.042328042328042326
0 0.898910411622276 0.17724867724867724 0.03510895883777243 0.047619047619047616
0 0.2832929782082324 0.4929453262786596 0.03631961259079902 0.04409171075837742
0 0.6767554479418887 0.5352733686067019 0.03389830508474578 0.04409171075837737
0 0.9576271186440678 0.49470899470899465 0.03874092009685226 0.047619047619047616
0 0.17130750605326878 0.12786596119929453 0.03753026634382567 0.05114638447971781
0 0.9552058111380146 0.12522045855379188 0.03631961259079908 0.052910052910052935
0 0.11440677966101695 0.5423280423280423 0.03995157384987892 0.051146384479717755
0 0.6767554479418887 0.2239858906525573 0.03147699757869249 0.03880070546737213
0 0.900726392251816 0.4911816578483245 0.03631961259079908 0.04409171075837748
0 0.05871670702179177 0.12433862433862435 0.03995157384987893 0.05114638447971784
0 0.6198547215496368 0.40476190476190477 0.03389830508474578 0.04409171075837742
0 0.05871670702179177 0.3148148148148148 0.03995157384987893 0.04761904761904767
0 0.3952784503631961 0.4012345679012346 0.03753026634382567 0.04056437389770723
0 0.05750605326876514 0.5828924162257496 0.03753026634382566 0.04409171075837748
0 0.2832929782082324 0.7645502645502644 0.03631961259079902 0.04761904761904756
0 0.225181598062954 0.2698412698412698 0.03631961259079905 0.042328042328042326
0 0.05811138014527845 0.35978835978835977 0.036319612590799036 0.04585537918871252
0 0.11682808716707022 0.12610229276895946 0.03995157384987895 0.05114638447971784
0 0.17009685230024213 0.2239858906525573 0.032687651331719136 0.04585537918871252
0 0.8432203389830508 0.31569664902998235 0.03510895883777243 0.042328042328042326
0 0.898910411622276 0.2239858906525573 0.03995157384987902 0.04585537918871252
0 0.8456416464891041 0.5352733686067019 0.03510895883777243 0.04761904761904756
0 0.8456416464891041 0.6719576719576719 0.03510895883777243 0.04585537918871263
0 0.5659806295399515 0.3156966490299824 0.032687651331719136 0.03880070546737219
0 0.898910411622276 0.12874779541446207 0.03995157384987902 0.05291005291005291
0 0.8438256658595642 0.4497354497354497 0.03389830508474578 0.04585537918871252
0 0.6755447941888619 0.12874779541446207 0.03389830508474578 0.05291005291005291
0 0.5115012106537531 0.2936507936507936 0.044794188861985496 0.04409171075837742
0 0.28450363196125905 0.5837742504409171 0.03389830508474573 0.042328042328042326
0 0.7312348668280871 0.12786596119929453 0.03874092009685226 0.05114638447971781
0 0.11319612590799032 0.31569664902998235 0.0351089588377724 0.042328042328042326
0 0.05750605326876514 0.5388007054673721 0.039951573849878935 0.04761904761904767
0 0.8456416464891041 0.6243386243386242 0.03510895883777243 0.0493827160493826
0 0.05750605326876514 0.6719576719576719 0.039951573849878935 0.04585537918871263
0 0.5096852300242131 0.2239858906525573 0.050847457627118675 0.042328042328042326
0 0.11319612590799032 0.718694885361552 0.039951573849878935 0.051146384479717755
0 0.11440677966101695 0.22486772486772486 0.03995157384987892 0.047619047619047616
0 0.1131961259079903 0.4947089947089947 0.037530266343825655 0.04409171075837748
0 0.2832929782082324 0.12874779541446207 0.03631961259079902 0.04938271604938271
0 0.6779661016949152 0.628747795414462 0.03631961259079908 0.04761904761904756
0 0.11440677966101695 0.4056437389770723 0.03995157384987892 0.04585537918871252
0 0.11440677966101695 0.2716049382716049 0.03510895883777239 0.04585537918871252
0 0.9013317191283293 0.671957671957672 0.037530266343825724 0.042328042328042326
0 0.05811138014527845 0.44885361552028213 0.036319612590799036 0.047619047619047616
0 0.7875302663438257 0.26807760141093473 0.032687651331719025 0.03880070546737213
0 0.900726392251816 0.582010582010582 0.03631961259079908 0.042328042328042326
0 0.339588377723971 0.7178130511463845 0.03753026634382567 0.04938271604938271
0 0.5102905569007264 0.4435626102292769 0.047215496368038734 0.047619047619047616
0 0.6767554479418887 0.17724867724867727 0.03631961259079908 0.05114638447971778
0 0.22760290556900728 0.4497354497354497 0.04116222760290561 0.042328042328042326
0 0.2845036319612591 0.4497354497354497 0.036319612590798966 0.04585537918871252
0 0.7893462469733656 0.35890652557319225 0.03389830508474578 0.04409171075837742
0 0.39588377723970947 0.4462081128747795 0.038740920096852316 0.04585537918871252
0 0.2845036319612591 0.628747795414462 0.036319612590798966 0.04761904761904756
0 0.9013317191283293 0.626984126984127 0.037530266343825724 0.04761904761904767
0 0.6779661016949152 0.6746031746031746 0.03874092009685226 0.04761904761904767
0 0.2832929782082325 0.4056437389770723 0.03389830508474573 0.042328042328042326
0 0.4509685230024213 0.31393298059964725 0.03753026634382567 0.03880070546737213
0 0.1131961259079903 0.4514991181657848 0.037530266343825655 0.042328042328042326
0 0.8432203389830508 0.3571428571428571 0.03510895883777243 0.047619047619047616
0 0.5653753026634383 0.12786596119929453 0.03631961259079908 0.05114638447971781
0 0.3952784503631961 0.5837742504409171 0.03995157384987896 0.04585537918871252
0 0.22639225181598063 0.537037037037037 0.038740920096852316 0.04761904761904756
0 0.45217917675544794 0.12786596119929453 0.03995157384987891 0.05114638447971781
0 0.7324455205811138 0.49118165784832446 0.03874092009685226 0.047619047619047616
0 0.39648910411622273 0.12874779541446207 0.035108958837772375 0.05291005291005291
0 0.6779661016949152 0.5802469135802468 0.03631961259079908 0.04585537918871252
0 0.33958837772397094 0.31569664902998235 0.03510895883777243 0.042328042328042326
0 0.5641646489104116 0.5828924162257495 0.03874092009685226 0.04761904761904767
0 0.3414043583535109 0.4911816578483245 0.03631961259079902 0.04409171075837748
0 0.5659806295399515 0.5352733686067019 0.03510895883777243 0.04761904761904756
0 0.6210653753026634 0.26895943562610225 0.03389830508474578 0.04409171075837742
0 0.7887409200968523 0.40476190476190477 0.03995157384987891 0.047619047619047616
0 0.225181598062954 0.22663139329805995 0.033898305084745756 0.04409171075837742
0 0.7324455205811138 0.4012345679012346 0.036319612590798966 0.047619047619047616
0 0.33777239709443097 0.5837742504409171 0.03631961259079902 0.04585537918871252
0 0.7312348668280872 0.17901234567901234 0.03631961259079908 0.04409171075837742
0 0.6210653753026634 0.4497354497354497 0.03389830508474578 0.04585537918871252
0 0.8432203389830508 0.40476190476190477 0.03510895883777243 0.04409171075837742
0 0.788135593220339 0.17901234567901234 0.036319612590798966 0.04409171075837742
0 0.6755447941888619 0.35802469135802467 0.03389830508474578 0.042328042328042326
0 0.3952784503631961 0.49029982363315694 0.03753026634382567 0.042328042328042326
0 0.22639225181598063 0.4065255731922398 0.038740920096852316 0.047619047619047616
0 0.33958837772397094 0.40476190476190477 0.03510895883777243 0.04409171075837742
0 0.339588377723971 0.3606701940035273 0.03753026634382567 0.047619047619047616
0 0.7312348668280872 0.2716049382716049 0.03631961259079908 0.04585537918871252
0 0.39588377723970947 0.22310405643738976 0.03631961259079902 0.047619047619047616
0 0.22699757869249396 0.12874779541446207 0.03753026634382567 0.05291005291005291
0 0.8444309927360775 0.2671957671957672 0.03510895883777243 0.05114638447971781
0 0.22699757869249396 0.1781305114638448 0.03753026634382567 0.04938271604938271
0 0.5653753026634383 0.3571428571428571 0.03631961259079908 0.047619047619047616
0 0.7324455205811138 0.3165784832451499 0.036319612590798966 0.04409171075837748
0 0.11440677966101695 0.35890652557319225 0.03995157384987892 0.04761904761904756
0 0.2820823244552058 0.2716049382716049 0.03631961259079908 0.042328042328042326
0 0.7887409200968523 0.31216931216931215 0.03510895883777232 0.04938271604938271
0 0.22639225181598063 0.582010582010582 0.038740920096852316 0.042328042328042326
0 0.4509685230024213 0.2239858906525573 0.035108958837772375 0.042328042328042326
0 0.6767554479418887 0.44885361552028213 0.03389830508474578 0.04409171075837742
0 0.22699757869249396 0.31305114638447973 0.03753026634382567 0.04409171075837748
0 0.5647699757869249 0.17724867724867724 0.03753026634382561 0.047619047619047616
0 0.39588377723970947 0.3165784832451499 0.03631961259079902 0.04409171075837748
0 0.2845036319612591 0.36067019400352734 0.036319612590798966 0.04409171075837737
0 0.2832929782082324 0.31305114638447973 0.03631961259079902 0.04409171075837748
0 0.34019370460048426 0.5352733686067019 0.03874092009685226 0.04761904761904756
0 0.39648910411622273 0.1781305114638448 0.035108958837772375 0.04585537918871252
0 0.3952784503631961 0.36067019400352734 0.035108958837772375 0.04409171075837737
0 0.16888619854721548 0.2707231040564374 0.0351089588377724 0.047619047619047616
0 0.2832929782082324 0.22486772486772486 0.03631961259079902 0.05114638447971781
0 0.6767554479418887 0.40476190476190477 0.03389830508474578 0.047619047619047616
0 0.22699757869249396 0.3606701940035273 0.03753026634382567 0.047619047619047616
