0 0.251467 0.737918 0.037873 0.040569
0 0.253787 0.367260 0.040958 0.044184
0 0.780885 0.731808 0.039187 0.040837
0 0.775193 0.765539 0.040958 0.044184
0 0.139180 0.746715 0.040500 0.041106
0 0.770129 0.804156 0.041814 0.041374
0 0.533798 0.896272 0.039814 0.036488
0 0.513531 0.404428 0.031704 0.033339
0 0.832770 0.742401 0.040500 0.041106
0 0.192577 0.760788 0.040043 0.038027
0 0.543409 0.831620 0.040271 0.039566
0 0.540475 0.232293 0.036958 0.034412
0 0.746991 0.946141 0.043356 0.043181
0 0.630906 0.265823 0.042043 0.042913
0 0.529863 0.299119 0.035873 0.035683
0 0.759175 0.873291 0.040958 0.044184
0 0.581024 0.583155 0.038271 0.034680
0 0.545374 0.395069 0.028221 0.035613
0 0.635627 0.229515 0.040500 0.041106
0 0.646086 0.887475 0.040271 0.039566
0 0.143106 0.347043 0.041187 0.045723
0 0.651464 0.851301 0.040500 0.041106
0 0.430595 0.661880 0.040043 0.038027
0 0.538718 0.863176 0.040500 0.041106
0 0.126117 0.452218 0.040500 0.041106
0 0.569295 0.320651 0.041416 0.047263
0 0.544708 0.203816 0.037187 0.035951
0 0.138614 0.381811 0.038271 0.034680
0 0.077205 0.772127 0.040500 0.041106
0 0.485062 0.855394 0.035644 0.034144
0 0.656070 0.815763 0.041814 0.041374
0 0.132488 0.782620 0.040271 0.039566
0 0.575167 0.363087 0.031704 0.033339
0 0.860370 0.570400 0.036560 0.040301
0 0.110984 0.558564 0.039187 0.040837
0 0.297339 0.816276 0.038500 0.036219
0 0.127454 0.816485 0.040271 0.039566
0 0.404279 0.838901 0.040958 0.044184
0 0.419297 0.733324 0.042500 0.045992
0 0.785919 0.697943 0.039187 0.040837
0 0.236678 0.841956 0.041585 0.039834
0 0.247746 0.772052 0.040500 0.041106
0 0.625414 0.302766 0.036788 0.041840
0 0.154542 0.638829 0.038729 0.037759
0 0.742590 0.616140 0.039187 0.040837
0 0.181195 0.828250 0.040500 0.041106
0 0.453191 0.518992 0.037415 0.037491
0 0.302259 0.783181 0.041814 0.041374
0 0.559263 0.470069 0.031932 0.034879
0 0.889000 0.391472 0.040729 0.042645
0 0.440694 0.589398 0.036560 0.040301
0 0.847415 0.643885 0.040500 0.041106
0 0.357320 0.426462 0.037415 0.037491
0 0.667139 0.745858 0.040729 0.042645
0 0.434545 0.626208 0.040500 0.041106
0 0.104865 0.590622 0.038729 0.037759
0 0.639623 0.921842 0.040500 0.041106
0 0.425446 0.696515 0.040729 0.042645
0 0.542388 0.574474 0.035475 0.041572
0 0.539141 0.427896 0.027992 0.034074
0 0.490753 0.821663 0.040958 0.044184
0 0.522266 0.532301 0.031534 0.040768
0 0.673373 0.713031 0.040500 0.041106
0 0.182600 0.463749 0.040500 0.041106
0 0.557771 0.725909 0.037873 0.040569
0 0.550867 0.358126 0.028678 0.038692
0 0.506229 0.713007 0.036788 0.041840
0 0.258387 0.700473 0.041187 0.045723
0 0.877702 0.462916 0.042272 0.044452
0 0.552508 0.761313 0.040958 0.044184
0 0.833945 0.379439 0.040958 0.044184
0 0.142900 0.712582 0.040958 0.044184
0 0.352285 0.460327 0.040958 0.044184
0 0.204875 0.687169 0.040958 0.044184
0 0.262880 0.665705 0.041814 0.041374
0 0.089045 0.701587 0.040958 0.044184
0 0.220436 0.582496 0.040500 0.041106
0 0.695540 0.568470 0.039187 0.040837
0 0.569790 0.399261 0.032848 0.041036
0 0.518413 0.640158 0.039187 0.040837
0 0.159890 0.607407 0.040729 0.042645
0 0.635536 0.594284 0.040500 0.041106
0 0.228565 0.509612 0.040958 0.044184
0 0.286246 0.522181 0.042899 0.040103
0 0.800823 0.593136 0.040958 0.044184
0 0.313448 0.343755 0.041585 0.039834
0 0.209374 0.283649 0.043127 0.041642
0 0.759465 0.511735 0.036560 0.040301
0 0.576104 0.616250 0.039873 0.045455
0 0.469324 0.410470 0.037644 0.039030
0 0.100686 0.627834 0.039644 0.043916
0 0.210367 0.650226 0.040500 0.041106
0 0.204882 0.318418 0.042043 0.042913
0 0.564412 0.435434 0.032161 0.036418
0 0.592864 0.512615 0.036560 0.040301
0 0.646063 0.523476 0.040500 0.041106
0 0.652868 0.486800 0.040500 0.041106
0 0.823190 0.451787 0.040500 0.041106
0 0.502051 0.750219 0.039416 0.042377
0 0.275605 0.593759 0.040500 0.041106
0 0.291624 0.486007 0.043127 0.041642
0 0.668887 0.379048 0.040500 0.041106
0 0.281097 0.556816 0.040958 0.044184
0 0.307643 0.378255 0.040500 0.041106
0 0.268914 0.629665 0.045983 0.043718
0 0.217722 0.245703 0.041416 0.047263
0 0.463832 0.447414 0.038560 0.045187
0 0.246982 0.403935 0.040500 0.041106
0 0.224615 0.545284 0.040958 0.044184
0 0.194554 0.392439 0.041187 0.045723
0 0.256966 0.332223 0.039416 0.042377
0 0.413148 0.770134 0.040729 0.042645
0 0.149598 0.307924 0.041814 0.041374
0 0.473701 0.376471 0.036331 0.038762
0 0.705838 0.499200 0.039187 0.040837
0 0.602077 0.441538 0.041814 0.041374
0 0.554771 0.504838 0.033933 0.039765
0 0.241062 0.439206 0.039187 0.040837
0 0.563149 0.689735 0.040729 0.042645
0 0.496245 0.784720 0.040500 0.041106
0 0.599441 0.477479 0.039187 0.040837
0 0.159926 0.233903 0.040958 0.044184
0 0.300837 0.414930 0.040958 0.044184
0 0.170217 0.533386 0.042500 0.045992
0 0.486656 0.302987 0.041187 0.045723
0 0.678636 0.677627 0.040958 0.044184
0 0.367190 0.355519 0.041814 0.041374
0 0.374652 0.318978 0.040958 0.044184
0 0.199040 0.726422 0.041187 0.045723
0 0.614031 0.370228 0.036788 0.041840
0 0.734583 0.319503 0.036042 0.028255
0 0.389035 0.244992 0.040670 0.033677
0 0.894378 0.355298 0.039127 0.031870
0 0.805369 0.917615 0.040043 0.038027
0 0.460322 0.780558 0.026449 0.032267
0 0.519222 0.370698 0.037017 0.043380
0 0.178023 0.494535 0.039127 0.031870
0 0.168045 0.197496 0.039127 0.031870
0 0.827934 0.779479 0.042272 0.044452
0 0.813030 0.884286 0.043585 0.044721
0 0.820586 0.815250 0.037644 0.039030
0 0.843267 0.676345 0.039187 0.040837
0 0.801648 0.951748 0.040500 0.041106
0 0.506726 0.441104 0.035704 0.043111
0 0.817209 0.847075 0.040043 0.038027
0 0.765324 0.836482 0.041356 0.038295
0 0.408114 0.803999 0.037644 0.039030
0 0.751712 0.909833 0.039187 0.040837
0 0.839118 0.708804 0.037873 0.040569
0 0.082697 0.735183 0.040500 0.041106
0 0.093652 0.666048 0.039187 0.040837
0 0.614483 0.735901 0.040500 0.041106
0 0.700032 0.533701 0.035017 0.038494
0 0.534649 0.462665 0.029992 0.038960
0 0.675235 0.345451 0.040500 0.041106
0 0.726921 0.352831 0.040958 0.044184
0 0.855535 0.607478 0.040958 0.044184
0 0.607791 0.771807 0.040729 0.042645
0 0.292304 0.850141 0.042043 0.042913
0 0.339987 0.533946 0.040500 0.041106
0 0.236569 0.473974 0.038102 0.042109
0 0.070857 0.805724 0.043585 0.044721
0 0.547673 0.798391 0.038729 0.037759
0 0.711101 0.463796 0.033933 0.039765
0 0.148393 0.675638 0.040958 0.044184
0 0.334953 0.567811 0.040500 0.041106
0 0.132380 0.414638 0.039416 0.042377
0 0.116247 0.523160 0.039187 0.040837
0 0.817270 0.487057 0.039187 0.040837
0 0.790954 0.664079 0.039187 0.040837
0 0.619837 0.335728 0.037415 0.037491
0 0.307408 0.748546 0.042043 0.042913
0 0.189314 0.791843 0.040500 0.041106
0 0.871553 0.499726 0.040500 0.041106
0 0.529385 0.498069 0.032161 0.036418
0 0.433343 0.292895 0.041814 0.041374
0 0.661647 0.782802 0.040729 0.042645
0 0.657903 0.452935 0.040500 0.041106
0 0.601643 0.808616 0.045127 0.046528
0 0.623696 0.664824 0.037415 0.037491
0 0.525418 0.606695 0.037873 0.040569
0 0.690048 0.605413 0.039644 0.043916
0 0.748396 0.581639 0.040271 0.039566
0 0.571154 0.654098 0.037415 0.037491
0 0.684670 0.641587 0.038958 0.039298
0 0.318277 0.675429 0.041814 0.041374
0 0.199389 0.355361 0.042043 0.042913
0 0.381458 0.282303 0.040500 0.041106
0 0.164725 0.570329 0.042500 0.045992
0 0.618432 0.700229 0.037415 0.037491
0 0.535097 0.268467 0.040729 0.042645
0 0.121396 0.488526 0.044670 0.043449
0 0.323541 0.640024 0.041814 0.041374
0 0.417951 0.405533 0.037475 0.046458
0 0.811464 0.521558 0.038102 0.042109
0 0.215173 0.617900 0.037415 0.037491
0 0.866290 0.535130 0.040958 0.044184
0 0.781632 0.367173 0.040500 0.041106
0 0.445071 0.555399 0.040958 0.044184
0 0.154861 0.272520 0.039187 0.040837
0 0.806315 0.556192 0.040500 0.041106
0 0.714822 0.429663 0.036560 0.040301
0 0.882851 0.428282 0.042043 0.042913
0 0.458225 0.485127 0.040958 0.044184
0 0.329575 0.603985 0.040729 0.042645
0 0.188291 0.430018 0.039187 0.040837
0 0.640142 0.558746 0.042272 0.044452
0 0.513149 0.675562 0.039187 0.040837
0 0.481341 0.889527 0.039644 0.043916
0 0.241170 0.807188 0.040500 0.041106
0 0.296659 0.452142 0.037873 0.040569
0 0.312785 0.712372 0.041814 0.041374
0 0.398244 0.874941 0.039416 0.042377
0 0.795988 0.630214 0.041814 0.041374
0 0.344166 0.496734 0.043585 0.044721
0 0.629387 0.631094 0.042272 0.044452
0 0.607226 0.406903 0.039416 0.042377
0 0.478850 0.341837 0.036560 0.040301
0 0.586715 0.549424 0.041873 0.050341
0 0.663052 0.418301 0.040729 0.042645
0 0.768678 0.440658 0.039187 0.040837
0 0.546766 0.540475 0.033704 0.038225
0 0.753117 0.545332 0.039187 0.040837
0 0.361155 0.391559 0.040729 0.042645
0 0.774827 0.403849 0.040500 0.041106
0 0.265199 0.295046 0.042729 0.047531
0 0.763300 0.476832 0.039416 0.042377
0 0.828682 0.414844 0.040958 0.044184
0 0.270264 0.256429 0.040958 0.044184
0 0.422359 0.366782 0.039187 0.040837
0 0.325632 0.270905 0.042272 0.044452
0 0.427507 0.332148 0.042043 0.042913
0 0.721628 0.392988 0.039187 0.040837
0 0.318483 0.309890 0.044670 0.043449
