0 0.291068 0.381933 0.036495 0.038154
0 0.813480 0.808365 0.040495 0.038227
0 0.181028 0.530058 0.036433 0.033467
0 0.494076 0.255547 0.032475 0.036519
0 0.808339 0.372468 0.036454 0.035029
0 0.646305 0.521545 0.036474 0.036592
0 0.537726 0.378983 0.036454 0.035029
0 0.540120 0.558648 0.036412 0.031905
0 0.702515 0.736949 0.036454 0.035029
0 0.183734 0.783165 0.037849 0.039741
0 0.649386 0.702760 0.035141 0.036567
0 0.810252 0.666219 0.037787 0.035054
0 0.812710 0.700553 0.036454 0.035029
0 0.180737 0.458180 0.040516 0.039790
0 0.594404 0.629539 0.036454 0.035029
0 0.122048 0.306891 0.039162 0.038203
0 0.240695 0.854787 0.040495 0.038227
0 0.289902 0.344450 0.037787 0.035054
0 0.810784 0.556040 0.036433 0.033467
0 0.451372 0.303209 0.033891 0.042792
0 0.291359 0.453812 0.037787 0.035054
0 0.753699 0.375031 0.036454 0.035029
0 0.538580 0.343025 0.036495 0.038154
0 0.699883 0.339292 0.036516 0.039716
0 0.343970 0.198912 0.040557 0.042914
0 0.241184 0.891502 0.037766 0.033492
0 0.290267 0.271778 0.037808 0.036616
0 0.594060 0.703773 0.036474 0.036592
0 0.239946 0.748538 0.036495 0.038154
0 0.811657 0.771675 0.037808 0.036616
0 0.541680 0.775834 0.036495 0.038154
0 0.453329 0.450067 0.036516 0.039716
0 0.129875 0.894320 0.036495 0.038154
0 0.539734 0.629758 0.036516 0.039716
0 0.290901 0.419441 0.037828 0.038178
0 0.759798 0.882793 0.037787 0.035054
0 0.865444 0.555039 0.036433 0.033467
0 0.184744 0.858937 0.040495 0.038227
0 0.701724 0.627575 0.035079 0.031880
0 0.452840 0.413352 0.033704 0.028731
0 0.346727 0.455924 0.036495 0.038154
0 0.759653 0.771845 0.032454 0.034956
0 0.649145 0.884818 0.037787 0.035054
0 0.289695 0.228815 0.040536 0.041352
0 0.648645 0.847323 0.037828 0.038178
0 0.457463 0.560161 0.031079 0.031807
0 0.808037 0.299809 0.035183 0.039692
0 0.184244 0.821441 0.040495 0.038227
0 0.811784 0.631030 0.036474 0.036592
0 0.235023 0.379052 0.033766 0.033418
0 0.757175 0.735949 0.033787 0.034981
0 0.347217 0.492638 0.033766 0.033418
0 0.813115 0.881037 0.040474 0.036665
0 0.495867 0.289894 0.032433 0.033394
0 0.595943 0.845162 0.036454 0.035029
0 0.233867 0.342350 0.037828 0.038178
0 0.498157 0.411742 0.028350 0.027072
0 0.303149 0.487975 0.028371 0.028634
0 0.458503 0.738288 0.036412 0.031905
0 0.866402 0.626906 0.039224 0.042890
0 0.342428 0.233319 0.041641 0.024191
0 0.496252 0.368803 0.030954 0.022433
0 0.498532 0.389857 0.024268 0.020749
0 0.497325 0.349249 0.028309 0.023947
0 0.540233 0.667253 0.036474 0.036592
0 0.861374 0.299614 0.037828 0.038178
0 0.810483 0.483380 0.032496 0.038081
0 0.240904 0.820404 0.039120 0.035078
0 0.647046 0.376982 0.036454 0.035029
0 0.126252 0.672484 0.037787 0.035054
0 0.458066 0.705480 0.036495 0.038154
0 0.592020 0.450654 0.036516 0.039716
0 0.235657 0.526715 0.036454 0.035029
0 0.181621 0.674596 0.036454 0.035029
0 0.644858 0.412964 0.036495 0.038154
0 0.539620 0.521153 0.036495 0.038154
0 0.234866 0.417341 0.037828 0.038178
0 0.539932 0.594593 0.037828 0.038178
0 0.647440 0.556684 0.035120 0.035005
0 0.236813 0.563417 0.037849 0.039741
0 0.590865 0.413952 0.035120 0.035005
0 0.701433 0.555696 0.036454 0.035029
0 0.756011 0.448435 0.036454 0.035029
0 0.589366 0.301466 0.037828 0.038178
0 0.645816 0.484830 0.036454 0.035029
0 0.700851 0.411940 0.036454 0.035029
0 0.401378 0.304124 0.040557 0.042914
0 0.293483 0.563161 0.041786 0.035127
0 0.756500 0.485149 0.033808 0.036543
0 0.701840 0.486149 0.036474 0.036592
0 0.345583 0.269985 0.039203 0.041327
0 0.756989 0.521863 0.036454 0.035029
0 0.756884 0.664070 0.037787 0.035054
0 0.538039 0.302405 0.036495 0.038154
0 0.756582 0.591411 0.036474 0.036592
0 0.701256 0.592423 0.035141 0.036567
0 0.756135 0.557821 0.036495 0.038154
0 0.234274 0.272803 0.040474 0.036665
0 0.347008 0.527021 0.035100 0.033443
0 0.813189 0.736486 0.036495 0.038154
0 0.234598 0.197006 0.040495 0.038227
0 0.864320 0.520681 0.037808 0.036616
0 0.866984 0.770662 0.036391 0.030343
0 0.455672 0.525814 0.036454 0.035029
0 0.179249 0.346475 0.040495 0.038227
0 0.594152 0.810815 0.039162 0.038203
0 0.494920 0.218809 0.029704 0.028658
0 0.293263 0.746781 0.036433 0.033467
0 0.864831 0.408939 0.036412 0.031905
0 0.649188 0.737924 0.036454 0.035029
0 0.867452 0.805814 0.036495 0.038154
0 0.181203 0.743362 0.033787 0.034981
0 0.869285 0.843285 0.039162 0.038203
0 0.129375 0.856824 0.036454 0.035029
0 0.541106 0.882888 0.037808 0.036616
0 0.596443 0.882657 0.036454 0.035029
0 0.593694 0.776444 0.036412 0.031905
0 0.866026 0.698796 0.036474 0.036592
0 0.704597 0.843174 0.035120 0.035005
0 0.292773 0.710067 0.039203 0.041327
0 0.494535 0.189906 0.027059 0.030172
0 0.128876 0.819329 0.036495 0.038154
0 0.128418 0.784958 0.036412 0.031905
0 0.182454 0.637076 0.036495 0.038154
0 0.645223 0.340292 0.036516 0.039716
0 0.295980 0.850650 0.041786 0.035127
0 0.812625 0.844322 0.037787 0.035054
0 0.648397 0.628551 0.035120 0.035005
0 0.865203 0.737097 0.039162 0.038203
0 0.540617 0.846174 0.037787 0.035054
0 0.293597 0.671766 0.041849 0.039814
0 0.295522 0.816280 0.036454 0.035029
0 0.861895 0.338672 0.037828 0.038178
0 0.809338 0.447459 0.031079 0.031807
0 0.542825 0.811754 0.037787 0.035054
0 0.704306 0.771295 0.031079 0.031807
0 0.121370 0.456141 0.039141 0.036641
0 0.234441 0.235295 0.036474 0.036592
0 0.808547 0.338085 0.035079 0.031880
0 0.649677 0.774639 0.036474 0.036592
0 0.123047 0.381882 0.039162 0.038203
0 0.293107 0.635052 0.036495 0.038154
0 0.123536 0.418597 0.039141 0.036641
0 0.461824 0.887464 0.036516 0.039716
0 0.187264 0.897958 0.036495 0.038154
0 0.458325 0.775015 0.035141 0.036567
0 0.296480 0.888146 0.041828 0.038252
0 0.126461 0.638101 0.036454 0.035029
0 0.863290 0.443346 0.037787 0.035054
0 0.238447 0.636052 0.033787 0.034981
0 0.460002 0.850775 0.036454 0.035029
0 0.594570 0.742049 0.036495 0.038154
0 0.126616 0.749831 0.036516 0.039716
0 0.867118 0.880830 0.041828 0.038252
0 0.705721 0.877532 0.039120 0.035078
0 0.457087 0.632051 0.036454 0.035029
0 0.122547 0.344387 0.039162 0.038203
0 0.122795 0.563159 0.036454 0.035029
0 0.454549 0.341437 0.033787 0.034981
0 0.865892 0.588629 0.036412 0.031905
0 0.294377 0.780359 0.040453 0.035103
0 0.865568 0.664425 0.036433 0.033467
0 0.704764 0.805666 0.036495 0.038154
0 0.758663 0.847654 0.036433 0.033467
0 0.650146 0.809791 0.036454 0.035029
0 0.541191 0.739119 0.036474 0.036592
0 0.236065 0.307149 0.037808 0.036616
0 0.346799 0.561404 0.036474 0.036592
0 0.123171 0.491268 0.039120 0.035078
0 0.863040 0.374593 0.039120 0.035078
0 0.453860 0.489905 0.036495 0.038154
0 0.647929 0.593399 0.035141 0.036567
0 0.458835 0.813291 0.035162 0.038130
0 0.699727 0.377581 0.032454 0.034956
0 0.755759 0.629712 0.033787 0.034981
0 0.182110 0.711311 0.036433 0.033467
0 0.290069 0.306942 0.039120 0.035078
0 0.291316 0.600705 0.039162 0.038203
0 0.292275 0.522553 0.037870 0.041303
0 0.180405 0.383177 0.036474 0.036592
0 0.810295 0.519325 0.036454 0.035029
0 0.646680 0.449654 0.036474 0.036592
0 0.752700 0.300040 0.036495 0.038154
0 0.592947 0.520177 0.033787 0.034981
0 0.592510 0.487368 0.033746 0.031856
0 0.180904 0.420672 0.036474 0.036592
0 0.540027 0.451606 0.036474 0.036592
0 0.234699 0.454848 0.036454 0.035029
0 0.541389 0.703955 0.037828 0.038178
0 0.700050 0.301785 0.032517 0.039643
0 0.123671 0.528764 0.039120 0.035078
0 0.238093 0.709505 0.036495 0.038154
0 0.593426 0.556110 0.036495 0.038154
0 0.123295 0.600654 0.036454 0.035029
0 0.235189 0.491563 0.036474 0.036592
0 0.455255 0.594580 0.036454 0.035029
0 0.456243 0.668790 0.036474 0.036592
0 0.809536 0.412295 0.035141 0.036567
0 0.127439 0.711530 0.039162 0.038203
0 0.646005 0.298867 0.036537 0.041279
0 0.343854 0.340337 0.036495 0.038154
0 0.240404 0.782909 0.036495 0.038154
0 0.347767 0.634052 0.036495 0.038154
0 0.758050 0.701553 0.036454 0.035029
0 0.591936 0.594423 0.035141 0.036567
0 0.593560 0.666277 0.036516 0.039716
0 0.810586 0.591204 0.040536 0.041352
0 0.180062 0.307393 0.037870 0.041303
0 0.346374 0.379358 0.037828 0.038178
0 0.700309 0.521338 0.035120 0.035005
0 0.591230 0.341280 0.037808 0.036616
0 0.180560 0.494906 0.036454 0.035029
0 0.236260 0.672034 0.036454 0.035029
0 0.539152 0.486001 0.036433 0.033467
0 0.753877 0.338304 0.037849 0.039741
0 0.346083 0.307480 0.033746 0.031856
0 0.344895 0.418453 0.039162 0.038203
0 0.758830 0.810146 0.037849 0.039741
0 0.236656 0.601705 0.036454 0.035029
0 0.453715 0.378957 0.036495 0.038154
0 0.180820 0.564441 0.037808 0.036616
0 0.590386 0.378019 0.035120 0.035005
0 0.538204 0.414916 0.036454 0.035029
0 0.347289 0.598118 0.039162 0.038203
0 0.700684 0.449447 0.032454 0.034956
0 0.703348 0.699429 0.033787 0.034981
0 0.752845 0.410988 0.036454 0.035029
0 0.863810 0.482404 0.037828 0.038178
0 0.648887 0.665265 0.037808 0.036616
0 0.704203 0.663471 0.036454 0.035029
0 0.181975 0.601143 0.036495 0.038154
