0 0.36484560570071256 0.2187220230478986 0.021620480337820012 0.056511910261179535
0 0.24221694378463976 0.6980267434112362 0.020944840327263105 0.06069797768793359
0 0.36484560570071256 0.2710478658823241 0.02026920031670626 0.04813977540767154
0 0.273296384270256 0.08372134853508079 0.026349960411718124 0.046046741694294464
0 0.273296384270256 0.036628089984097834 0.029052520453945633 0.04395370798091739
0 0.36484560570071256 0.16534966335678458 0.02026920031670626 0.04604674169429443
0 0.45943520717867514 0.16430314650009606 0.02026920031670626 0.04813977540767147
0 0.45909738717339665 0.26790831531225856 0.022296120348376892 0.04186067426754042
0 0.2729585642649776 0.2511640456052423 0.02567432040116131 0.04604674169429436
0 0.2726207442596992 0.16953573078353862 0.026349960411718186 0.04604674169429443
0 0.2736342042755345 0.33488539414032314 0.027025600422275003 0.037674606840786384
0 0.273296384270256 0.12872157337268672 0.02770124043283188 0.03976764055416338
0 0.4283557666930589 0.2720943827390126 0.02026920031670626 0.04186067426754042
0 0.27397202428081285 0.529537529484386 0.019593560306149352 0.04604674169429441
0 0.2736342042755344 0.2972107872995368 0.02567432040116128 0.037674606840786294
0 0.2817418844022169 0.8068644965068411 0.013512800211137453 0.02720943827390114
0 0.33376616521509633 0.27628045016576663 0.02026920031670626 0.05023280912104849
0 0.27329638427025604 0.2124429219077675 0.024998680390604464 0.03976764055416338
0 0.2739720242808129 0.4803512372200261 0.023647400369490708 0.052325842834425526
0 0.30403800475059384 0.6959337096978592 0.020269200316706197 0.05651191026117951
0 0.36484560570071256 0.32546674243012663 0.021620480337820012 0.056511910261179556
0 0.45943520717867514 0.3202341581466841 0.021620480337820012 0.058604943974556505
0 0.27397202428081285 0.42383932695884646 0.024998680390604402 0.05651191026117951
0 0.3959250461863289 0.2187220230478986 0.02026920031670626 0.06069797768793359
0 0.4283557666930589 0.22290809047465263 0.018917920295592503 0.0523258428344255
0 0.36450778569543413 0.10883775309560503 0.020944840327263136 0.06697707882806465
0 0.28106624439166006 0.7807015750896285 0.013512800211137549 0.033488539414032355
0 0.5219319081551861 0.26790831531225856 0.022296120348376892 0.033488539414032355
0 0.24221694378463973 0.6394217994366795 0.019593560306149383 0.06069797768793359
0 0.303362364740037 0.6352357320099256 0.02026920031670626 0.06069797768793359
0 0.33376616521509633 0.22290809047465263 0.018917920295592503 0.0523258428344255
0 0.2415413037740829 0.2794200007358321 0.02229612034837686 0.056511910261179556
0 0.4283557666930589 0.16430314650009606 0.021620480337820012 0.06069797768793359
0 0.5212562681446292 0.16325662964340756 0.023647400369490645 0.05860494397455655
0 0.39727632620744263 0.6352357320099256 0.02026920031670626 0.06069797768793359
0 0.3959250461863289 0.2794200007358322 0.021620480337820012 0.06069797768793359
0 0.5219319081551861 0.22081505676127558 0.019593560306149383 0.056511910261179556
0 0.2418791237793613 0.2187220230478986 0.018917920295592503 0.056511910261179535
0 0.33376616521509633 0.16639618021347308 0.02026920031670626 0.056511910261179556
0 0.3016732647136448 0.2197685399045871 0.020944840327263136 0.058604943974556574
0 0.39862760622855636 0.6907011254144165 0.022971760358933706 0.054418876547802655
0 0.49017682765901294 0.2731408995957011 0.022296120348376892 0.05651191026117951
0 0.39828978622327793 0.7963993279399562 0.02229612034837683 0.06069797768793359
0 0.49017682765901294 0.21662898933452154 0.019593560306149383 0.060697977687933564
0 0.3979519662179995 0.7440734851055306 0.020269200316706197 0.05232584283442543
0 0.3023489047242017 0.27628045016576663 0.018242280285035627 0.05441887654780252
0 0.4584217471628398 0.2187220230478986 0.022296120348376892 0.056511910261179535
0 0.45875956716811817 0.10569820252553952 0.02026920031670626 0.06907011254144162
