0 0.647467 0.415614 0.035886 0.048992
0 0.056401 0.242796 0.035091 0.052029
0 0.894218 0.283363 0.039983 0.046634
0 0.498152 0.486243 0.043775 0.041012
0 0.535345 0.733897 0.024912 0.035532
0 0.479634 0.276327 0.050225 0.040739
0 0.472197 0.208833 0.052274 0.039559
0 0.486918 0.342190 0.047872 0.038654
0 0.152451 0.687911 0.035733 0.047360
0 0.468272 0.178871 0.050531 0.044002
0 0.878646 0.116917 0.040594 0.053161
0 0.220209 0.848613 0.040746 0.054793
0 0.125564 0.406535 0.038882 0.046408
0 0.089563 0.585252 0.036987 0.049218
0 0.377403 0.856198 0.036529 0.044323
0 0.898112 0.324974 0.037935 0.047813
0 0.115502 0.868486 0.032922 0.040380
0 0.148466 0.651308 0.036681 0.045955
0 0.474379 0.244144 0.048940 0.050077
0 0.136786 0.526474 0.034633 0.047134
0 0.340468 0.485411 0.035765 0.036164
0 0.159519 0.775440 0.038087 0.049445
0 0.488794 0.374237 0.050836 0.047266
0 0.096739 0.661948 0.038882 0.046408
0 0.223949 0.888592 0.037782 0.046181
0 0.186938 0.516990 0.039678 0.043370
0 0.093075 0.622784 0.038882 0.046408
0 0.085364 0.540377 0.037139 0.050850
0 0.125413 0.950440 0.040288 0.049898
0 0.355694 0.606190 0.031026 0.043191
0 0.216239 0.806185 0.038545 0.054340
0 0.131471 0.487650 0.035733 0.047360
0 0.100632 0.703559 0.037139 0.050850
0 0.493235 0.445674 0.044691 0.050803
0 0.316253 0.232592 0.038087 0.049445
0 0.426301 0.299771 0.036987 0.049218
0 0.482535 0.307332 0.048940 0.050077
0 0.120114 0.905792 0.038240 0.051077
0 0.792492 0.305118 0.036529 0.044323
0 0.314073 0.742819 0.041542 0.051756
0 0.105702 0.745760 0.039341 0.051303
0 0.673313 0.158319 0.037139 0.050850
0 0.227766 0.929388 0.040288 0.049898
0 0.926312 0.614396 0.038393 0.052708
0 0.727945 0.694283 0.039341 0.051303
0 0.129381 0.447331 0.036376 0.042691
0 0.735502 0.775058 0.036376 0.042691
0 0.689114 0.327213 0.036987 0.049218
0 0.691943 0.872999 0.039646 0.054567
0 0.144098 0.610626 0.038393 0.052708
0 0.881591 0.160387 0.040441 0.051529
0 0.109519 0.786556 0.039035 0.048039
0 0.893669 0.829013 0.042490 0.050350
0 0.724128 0.653487 0.038730 0.044776
0 0.140450 0.565638 0.036834 0.047587
0 0.336575 0.443800 0.039341 0.051303
0 0.277688 0.371919 0.039983 0.046634
0 0.156023 0.732083 0.039646 0.054567
0 0.731838 0.735894 0.039188 0.049671
0 0.381067 0.895361 0.039341 0.051303
0 0.889377 0.243610 0.040136 0.048266
0 0.884536 0.203856 0.037782 0.046181
0 0.850049 0.374777 0.035428 0.044097
0 0.842967 0.838610 0.040136 0.048266
0 0.680187 0.747349 0.036529 0.044323
0 0.180997 0.477463 0.040441 0.051529
0 0.231965 0.973433 0.040746 0.053134
0 0.211169 0.763984 0.035733 0.047360
0 0.688126 0.832204 0.036834 0.047587
0 0.901699 0.363322 0.035581 0.045728
0 0.129382 0.984888 0.037782 0.030223
0 0.203230 0.679130 0.040136 0.048266
0 0.910739 0.447950 0.037782 0.046181
0 0.876481 0.621319 0.042490 0.050350
0 0.742570 0.862586 0.039341 0.051303
0 0.466014 0.142745 0.053648 0.054246
0 0.369387 0.770527 0.036681 0.045955
0 0.914480 0.487930 0.037935 0.047813
0 0.373433 0.813770 0.037445 0.054114
0 0.199642 0.640782 0.035581 0.045728
0 0.825589 0.125335 0.038545 0.054340
0 0.121671 0.364924 0.036834 0.047587
0 0.113427 0.276806 0.037139 0.050850
0 0.808233 0.467371 0.039983 0.046634
0 0.487787 0.914991 0.036039 0.050624
0 0.684004 0.788145 0.037139 0.050850
0 0.113259 0.826535 0.036987 0.049218
0 0.714140 0.570717 0.036834 0.047587
0 0.842339 0.292370 0.039678 0.043370
0 0.886983 0.745564 0.038087 0.049445
0 0.917272 0.529768 0.040288 0.049898
0 0.167932 0.859365 0.039646 0.054567
0 0.738447 0.818527 0.039341 0.051303
0 0.324176 0.323272 0.036834 0.047587
0 0.163335 0.816235 0.038087 0.049445
0 0.194954 0.602661 0.037629 0.044549
0 0.060752 0.289303 0.037139 0.050850
0 0.879579 0.666420 0.040136 0.048266
0 0.890877 0.787175 0.040136 0.048266
0 0.858859 0.456958 0.039983 0.046634
0 0.117549 0.320865 0.037139 0.050850
0 0.225961 0.382559 0.035581 0.045728
0 0.829559 0.167762 0.038240 0.051077
0 0.332682 0.402189 0.036987 0.049218
0 0.676371 0.706554 0.037139 0.050850
0 0.922113 0.569521 0.037935 0.047813
0 0.474778 0.787936 0.035428 0.044097
0 0.072508 0.414953 0.036834 0.047587
0 0.664691 0.581720 0.036376 0.042691
0 0.318118 0.786062 0.038882 0.046408
0 0.221823 0.344324 0.034328 0.043870
0 0.320452 0.277468 0.038545 0.054340
0 0.273871 0.331124 0.038393 0.052708
0 0.328865 0.361393 0.036681 0.045955
0 0.883167 0.704768 0.037782 0.046181
0 0.350456 0.568181 0.034786 0.048766
0 0.069639 0.372300 0.036834 0.047587
0 0.836739 0.760056 0.035733 0.047360
0 0.358732 0.644651 0.038882 0.046408
0 0.077425 0.455522 0.039035 0.048039
0 0.819836 0.591389 0.035581 0.045728
0 0.081395 0.497950 0.039341 0.051303
0 0.385189 0.939420 0.041847 0.055019
0 0.706430 0.488310 0.036987 0.049218
0 0.482717 0.872790 0.036039 0.050624
0 0.301843 0.618098 0.035275 0.042465
0 0.416135 0.167141 0.037292 0.052482
0 0.430913 0.337077 0.036681 0.045955
0 0.174235 0.393198 0.037782 0.046181
0 0.234848 0.465555 0.037782 0.046181
0 0.212952 0.255503 0.038393 0.052708
0 0.179228 0.434583 0.040441 0.051529
0 0.217151 0.300378 0.036039 0.050624
0 0.241458 0.548188 0.036039 0.050624
0 0.365876 0.732995 0.036681 0.045955
0 0.530305 0.278379 0.039983 0.046634
0 0.846156 0.333166 0.035886 0.048992
0 0.871941 0.069231 0.041052 0.058057
0 0.470090 0.749814 0.037477 0.042918
0 0.855043 0.416162 0.040594 0.053161
0 0.906846 0.406339 0.038240 0.051077
0 0.827852 0.677060 0.037935 0.047813
0 0.668431 0.621699 0.037139 0.050850
0 0.189731 0.558828 0.040746 0.054793
0 0.720464 0.614323 0.039035 0.048039
0 0.821314 0.079644 0.040746 0.054793
0 0.671224 0.663537 0.036987 0.049218
0 0.208601 0.208996 0.038545 0.054340
0 0.866646 0.540181 0.040288 0.049898
0 0.238360 0.503087 0.038087 0.049445
0 0.423279 0.255486 0.037292 0.052482
0 0.816249 0.553041 0.035733 0.047360
0 0.839455 0.801078 0.037935 0.047813
0 0.065822 0.331504 0.036834 0.047587
0 0.660798 0.540108 0.036834 0.047587
0 0.375369 0.306921 0.037903 0.059009
0 0.831745 0.718671 0.040594 0.053161
0 0.309002 0.700618 0.039646 0.054567
0 0.833604 0.211006 0.037782 0.046181
0 0.207200 0.721557 0.040746 0.054793
0 0.447510 0.502480 0.036834 0.047587
0 0.796080 0.343466 0.036987 0.049218
0 0.526106 0.233504 0.037935 0.047813
0 0.166524 0.310791 0.040136 0.048266
0 0.823730 0.633001 0.038240 0.051077
0 0.521984 0.189445 0.040136 0.048266
0 0.584672 0.307946 0.040441 0.051529
0 0.419233 0.212243 0.037139 0.050850
0 0.677511 0.203194 0.036987 0.049218
0 0.862676 0.497753 0.040288 0.049898
0 0.170892 0.351474 0.039035 0.048039
0 0.281979 0.411786 0.041542 0.051756
0 0.750447 0.395264 0.036529 0.044323
0 0.685619 0.283856 0.036039 0.050624
0 0.711424 0.529695 0.036834 0.047587
0 0.692855 0.367192 0.036834 0.047587
0 0.286575 0.454916 0.040288 0.049898
0 0.311902 0.186086 0.038545 0.054340
0 0.290392 0.495711 0.038087 0.049445
0 0.643405 0.378195 0.034480 0.045502
0 0.306134 0.657964 0.036834 0.047587
0 0.669038 0.112628 0.037445 0.054114
0 0.681328 0.243990 0.036681 0.045955
0 0.230955 0.423944 0.038240 0.051077
0 0.871640 0.581566 0.038240 0.051077
0 0.294285 0.537323 0.037935 0.047813
0 0.161225 0.266143 0.040594 0.053161
0 0.345080 0.522717 0.037292 0.052482
0 0.804798 0.430655 0.035733 0.047360
0 0.697925 0.409393 0.036834 0.047587
0 0.478900 0.831995 0.036039 0.050624
0 0.454822 0.586632 0.035275 0.042465
0 0.654703 0.498950 0.036987 0.049218
0 0.651116 0.460602 0.034633 0.047134
0 0.800828 0.388228 0.036039 0.050624
0 0.158525 0.219296 0.039646 0.054567
0 0.702690 0.448331 0.034633 0.047134
0 0.451082 0.546653 0.036039 0.050624
0 0.812126 0.508982 0.036039 0.050624
0 0.640063 0.336470 0.035733 0.047360
0 0.443219 0.462614 0.035581 0.045728
0 0.517862 0.145386 0.038545 0.054340
0 0.787024 0.264662 0.035733 0.047360
0 0.360577 0.688347 0.037445 0.054114
0 0.783376 0.219674 0.037292 0.052482
0 0.462380 0.667407 0.035733 0.047360
0 0.762432 0.523362 0.036987 0.049218
0 0.297002 0.578345 0.040136 0.048266
0 0.434256 0.378802 0.036039 0.050624
0 0.630396 0.251139 0.035091 0.052029
0 0.754569 0.439323 0.036834 0.047587
0 0.459113 0.626499 0.036834 0.047587
0 0.580397 0.262255 0.038545 0.054340
0 0.634595 0.296014 0.036834 0.047587
0 0.838751 0.254023 0.040441 0.051529
0 0.756812 0.481274 0.035886 0.048992
0 0.741942 0.316347 0.038882 0.046408
0 0.732826 0.230903 0.037139 0.050850
0 0.746783 0.356100 0.037139 0.050850
0 0.467221 0.707161 0.035886 0.048992
0 0.440105 0.423337 0.036987 0.049218
0 0.737972 0.273920 0.039188 0.049671
