0 0.4160982264665757 0.7528735632183908 0.03819918144611184 0.04597701149425282
0 0.34652114597544337 0.7528735632183908 0.027285129604365688 0.04597701149425282
0 0.11664392905866303 0.4377394636015326 0.028649386084583894 0.04406130268199232
0 0.41814461118690316 0.30651340996168586 0.03683492496589358 0.04597701149425287
0 0.13096862210095497 0.6187739463601533 0.04092769440654842 0.04214559386973171
0 0.4147339699863574 0.975095785440613 0.04092769440654842 0.04597701149425282
0 0.7203274215552524 0.7519157088122606 0.038199181446111896 0.044061302681992154
0 0.7223738062755798 0.6628352490421456 0.0395634379263301 0.04597701149425293
0 0.14529331514324692 0.34674329501915707 0.028649386084583894 0.04214559386973182
0 0.18894952251023192 0.7519157088122606 0.03683492496589358 0.04022988505747127
0 0.11800818553888132 0.34578544061302685 0.028649386084583908 0.04406130268199232
0 0.11664392905866303 0.2567049808429119 0.03137789904502046 0.045977011494252845
0 0.24488403819918148 0.5268199233716475 0.036834924965893606 0.03831417624521072
0 0.8894952251023193 0.4386973180076629 0.04092769440654842 0.04597701149425287
0 0.8888130968622101 0.5737547892720307 0.0395634379263301 0.04406130268199249
0 0.4160982264665757 0.3936781609195402 0.035470668485675316 0.04406130268199232
0 0.4699863574351978 0.5727969348659003 0.036834924965893634 0.03831417624521072
0 0.30081855388813095 0.7059386973180076 0.03683492496589352 0.04022988505747116
0 0.7783083219645293 0.3084291187739464 0.03683492496589358 0.04214559386973177
0 0.3608458390177353 0.5756704980842913 0.03683492496589358 0.044061302681992376
0 0.7203274215552524 0.5689655172413792 0.03547066848567526 0.04597701149425293
0 0.8321964529331515 0.3553639846743295 0.04092769440654842 0.044061302681992376
0 0.3601637107776262 0.3084291187739464 0.035470668485675316 0.04597701149425287
0 0.8321964529331515 0.30938697318007663 0.04092769440654842 0.04789272030651337
0 0.4713506139154161 0.3486590038314176 0.034106412005457054 0.04597701149425293
0 0.13096862210095497 0.5727969348659004 0.04092769440654842 0.04597701149425304
0 0.5572987721691678 0.3045977011494253 0.03683492496589369 0.03831417624521072
0 0.30081855388813095 0.7490421455938696 0.03683492496589352 0.04597701149425293
0 0.7203274215552524 0.3975095785440613 0.03547066848567526 0.047892720306513425
0 0.35948158253751705 0.3946360153256705 0.03683492496589358 0.04214559386973182
0 0.776944065484311 0.4818007662835249 0.03683492496589369 0.04022988505747127
0 0.8321964529331515 0.5306513409961686 0.04092769440654842 0.04597701149425293
0 0.8888130968622101 0.48371647509578547 0.0395634379263301 0.044061302681992376
0 0.7762619372442019 0.6168582375478926 0.038199181446111896 0.04597701149425293
0 0.47203274215552526 0.6609195402298851 0.040927694406548476 0.04214559386973182
0 0.6111869031377899 0.26053639846743293 0.032742155525238625 0.03831417624521069
0 0.4154160982264666 0.5277777777777778 0.03683492496589358 0.044061302681992265
0 0.7223738062755798 0.7088122605363985 0.03683492496589358 0.03831417624521083
0 0.7216916780354706 0.5287356321839081 0.032742155525238736 0.03831417624521083
0 0.665075034106412 0.25862068965517243 0.03683492496589358 0.04980842911877395
0 0.6091405184174624 0.7519157088122606 0.03683492496589347 0.044061302681992154
0 0.24556616643929058 0.7528735632183908 0.04092769440654842 0.04597701149425282
0 0.1882673942701228 0.5737547892720307 0.04092769440654842 0.04406130268199249
0 0.5572987721691678 0.3457854406130268 0.034106412005457054 0.04022988505747127
0 0.553206002728513 0.75 0.03683492496589369 0.044061302681992265
0 0.14529331514324692 0.43582375478927204 0.028649386084583894 0.04406130268199232
0 0.8328785811732606 0.43965517241379315 0.03683492496589358 0.04406130268199232
0 0.6105047748976807 0.6609195402298851 0.03137789904502042 0.04214559386973182
0 0.5559345156889495 0.524904214559387 0.03683492496589358 0.03831417624521072
0 0.7755798090040928 0.4377394636015326 0.03683492496589358 0.04406130268199232
0 0.665075034106412 0.5277777777777778 0.034106412005457054 0.04022988505747138
0 0.30218281036834926 0.5727969348659003 0.036834924965893634 0.03831417624521072
0 0.8894952251023193 0.2614942528735632 0.04092769440654842 0.047892720306513425
0 0.5566166439290587 0.4808429118773947 0.03274215552523885 0.03831417624521083
0 0.7210095497953615 0.6149425287356322 0.03683492496589358 0.042145593869731934
0 0.3587994542974079 0.4875478927203066 0.03819918144611184 0.04789272030651348
0 0.1882673942701228 0.6628352490421456 0.04092769440654842 0.04597701149425293
0 0.18758526603001363 0.4846743295019157 0.036834924965893606 0.04597701149425282
0 0.5559345156889495 0.39272030651340994 0.03683492496589358 0.04597701149425287
0 0.24556616643929058 0.39176245210727967 0.04092769440654842 0.047892720306513425
0 0.30422919508867674 0.2557471264367816 0.040927694406548476 0.04789272030651337
0 0.3731241473396999 0.7959770114942528 0.025920873124147314 0.036398467432950166
0 0.4686221009549795 0.25957854406130265 0.03683492496589358 0.047892720306513425
0 0.1753069577080491 0.9760536398467432 0.028649386084583894 0.044061302681992376
0 0.18622100954979537 0.8860153256704981 0.039563437926330186 0.044061302681992376
0 0.4154160982264666 0.7950191570881227 0.034106412005457054 0.03831417624521072
0 0.8860845839017735 0.9731800766283525 0.039563437926330214 0.03831417624521083
0 0.5156889495225102 0.8400383141762453 0.024556616643929052 0.03639846743295039
0 0.8874488403819918 0.9291187739463602 0.03683492496589358 0.04214559386973182
0 0.3035470668485675 0.9291187739463602 0.03683492496589358 0.04214559386973182
0 0.11664392905866303 0.3017241379310345 0.028649386084583894 0.036398467432950166
0 0.30218281036834926 0.8869731800766283 0.036834924965893634 0.04214559386973182
0 0.3717598908594816 0.8400383141762452 0.028649386084583894 0.044061302681992265
0 0.34379263301500684 0.8419540229885056 0.027285129604365632 0.04022988505747127
0 0.5129604365620737 0.12164750957854406 0.032742155525238736 0.032567049808429116
0 0.3581173260572988 0.5306513409961686 0.03683492496589358 0.04597701149425293
0 0.1882673942701228 0.9310344827586207 0.04092769440654842 0.04597701149425282
0 0.7223738062755798 0.9262452107279693 0.03683492496589358 0.044061302681992376
0 0.3015006821282401 0.9722222222222222 0.04092769440654842 0.044061302681992265
0 0.13028649386084584 0.7461685823754789 0.03683492496589359 0.04022988505747138
0 0.5109140518417463 0.41379310344827586 0.028649386084583894 0.04214559386973182
0 0.14392905866302866 0.481800766283525 0.028649386084583894 0.03639846743295028
0 0.12892223738062755 0.8419540229885057 0.039563437926330144 0.04789272030651337
0 0.888130968622101 0.8850574712643677 0.04092769440654842 0.04597701149425293
0 0.8860845839017735 0.5306513409961686 0.03410641200545694 0.04597701149425293
0 0.4160982264665757 0.9281609195402298 0.03819918144611184 0.044061302681992376
0 0.7223738062755798 0.7950191570881227 0.03683492496589358 0.04597701149425293
0 0.4686221009549795 0.8419540229885056 0.03683492496589358 0.04022988505747127
0 0.18758526603001363 0.6187739463601533 0.036834924965893606 0.04214559386973171
0 0.888130968622101 0.7490421455938696 0.04092769440654842 0.04597701149425293
0 0.14597544338335605 0.25766283524904215 0.027285129604365604 0.04022988505747127
0 0.5552523874488404 0.6187739463601533 0.03547066848567537 0.04214559386973171
0 0.4154160982264666 0.7049808429118773 0.0395634379263301 0.04597701149425293
0 0.1882673942701228 0.39272030651340994 0.03819918144611187 0.04597701149425287
0 0.3042291950886767 0.21168582375478928 0.038199181446111896 0.028735632183907983
0 0.20054570259208732 0.9760536398467432 0.027285129604365632 0.036398467432950166
0 0.557980900409277 0.21264367816091953 0.032742155525238736 0.026819923371647514
0 0.1903137789904502 0.20977011494252873 0.03683492496589358 0.02873563218390804
0 0.8894952251023193 0.30651340996168586 0.04092769440654842 0.02681992337164746
0 0.776944065484311 0.2164750957854406 0.03683492496589369 0.03065134099616859
0 0.13028649386084584 0.7911877394636015 0.03683492496589359 0.04597701149425282
0 0.4154160982264666 0.8840996168582376 0.03683492496589358 0.04022988505747127
0 0.5129604365620737 0.1561302681992337 0.032742155525238736 0.03639846743295019
0 0.7748976807639836 0.9291187739463602 0.04092769440654853 0.04597701149425293
0 0.1882673942701228 0.5316091954022988 0.04092769440654842 0.044061302681992376
0 0.5115961800818554 0.37356321839080464 0.030013642564802212 0.03448275862068967
0 0.8888130968622101 0.8381226053639848 0.0395634379263301 0.04022988505747138
0 0.4686221009549795 0.8831417624521072 0.03683492496589358 0.03831417624521072
0 0.6657571623465212 0.9712643678160919 0.03547066848567537 0.03831417624521072
0 0.3035470668485675 0.7950191570881227 0.03683492496589358 0.03831417624521072
0 0.514324693042292 0.3295019157088122 0.03274215552523879 0.04597701149425282
0 0.5552523874488404 0.6599616858237547 0.03547066848567537 0.04022988505747127
0 0.18758526603001363 0.8400383141762452 0.036834924965893606 0.044061302681992265
0 0.888130968622101 0.3946360153256705 0.03547066848567537 0.03831417624521072
0 0.5525238744884038 0.9291187739463602 0.03547066848567537 0.03831417624521072
0 0.34379263301500684 0.7978927203065134 0.027285129604365632 0.04022988505747127
0 0.7762619372442019 0.6618773946360152 0.03547066848567537 0.044061302681992376
0 0.7182810368349251 0.8831417624521072 0.03683492496589358 0.03831417624521072
0 0.35811732605729873 0.6628352490421456 0.03956343792633016 0.04597701149425293
0 0.5525238744884038 0.9693486590038314 0.038199181446111896 0.03831417624521072
0 0.7216916780354706 0.9722222222222222 0.04092769440654842 0.044061302681992265
0 0.30218281036834926 0.6647509578544062 0.036834924965893634 0.04214559386973171
0 0.4686221009549795 0.9262452107279693 0.03683492496589358 0.04789272030651348
0 0.7755798090040928 0.7959770114942528 0.03683492496589358 0.04406130268199249
0 0.14597544338335605 0.38984674329501917 0.027285129604365604 0.036398467432950166
0 0.1316507503410641 0.6609195402298851 0.039563437926330144 0.04214559386973182
0 0.18894952251023192 0.7959770114942528 0.03956343792633016 0.04789272030651348
0 0.7755798090040928 0.75 0.03683492496589358 0.044061302681992265
0 0.8335607094133697 0.3975095785440613 0.038199181446111896 0.03639846743295022
0 0.30150068212824016 0.8381226053639846 0.038199181446111896 0.04789272030651337
0 0.6105047748976806 0.7978927203065134 0.03410641200545694 0.04789272030651348
0 0.24488403819918148 0.6628352490421456 0.036834924965893606 0.04597701149425293
0 0.35948158253751705 0.7068965517241379 0.03683492496589358 0.03831417624521061
0 0.11800818553888132 0.39176245210727967 0.028649386084583908 0.03639846743295022
0 0.37244201909959074 0.7509578544061303 0.027285129604365632 0.04214559386973171
0 0.4154160982264666 0.6647509578544062 0.03683492496589358 0.04214559386973171
0 0.8888130968622101 0.7059386973180077 0.0395634379263301 0.044061302681992376
0 0.5552523874488404 0.7950191570881227 0.038199181446111896 0.04597701149425293
0 0.4713506139154161 0.7040229885057471 0.03956343792633016 0.044061302681992265
0 0.7210095497953615 0.8419540229885056 0.03683492496589358 0.04022988505747127
0 0.665075034106412 0.8419540229885057 0.03683492496589358 0.044061302681992265
0 0.6657571623465212 0.9310344827586207 0.03547066848567537 0.04597701149425282
0 0.8888130968622101 0.660919540229885 0.03683492496589358 0.03831417624521083
0 0.30218281036834926 0.5287356321839081 0.034106412005457 0.03831417624521083
0 0.13028649386084584 0.524904214559387 0.03683492496589359 0.04597701149425293
0 0.7762619372442019 0.8850574712643677 0.038199181446111896 0.04214559386973182
0 0.7755798090040928 0.8419540229885057 0.03683492496589358 0.044061302681992265
0 0.4699863574351978 0.975095785440613 0.036834924965893634 0.04214559386973182
0 0.6657571623465212 0.882183908045977 0.038199181446111785 0.044061302681992265
0 0.8860845839017735 0.617816091954023 0.03683492496589358 0.044061302681992154
0 0.8328785811732606 0.2624521072796935 0.03683492496589358 0.04980842911877398
0 0.553206002728513 0.882183908045977 0.03683492496589369 0.04789272030651326
0 0.5129604365620737 0.24137931034482757 0.032742155525238736 0.03831417624521072
0 0.4686221009549796 0.7978927203065134 0.03956343792633016 0.04789272030651348
0 0.4160982264665757 0.8381226053639848 0.03819918144611184 0.044061302681992376
0 0.13028649386084584 0.7059386973180077 0.03683492496589359 0.044061302681992376
0 0.18758526603001363 0.7068965517241379 0.036834924965893606 0.04214559386973182
0 0.7762619372442019 0.9731800766283525 0.038199181446111896 0.03831417624521083
0 0.7755798090040928 0.7049808429118773 0.03683492496589358 0.04597701149425293
0 0.4679399727148704 0.44157088122605365 0.03274215552523879 0.044061302681992376
0 0.14597544338335605 0.3017241379310345 0.027285129604365604 0.036398467432950166
0 0.665075034106412 0.5727969348659003 0.034106412005457054 0.03831417624521072
0 0.5552523874488404 0.8390804597701149 0.03547066848567537 0.04214559386973182
0 0.6664392905866303 0.7931034482758621 0.03683492496589358 0.04980842911877392
0 0.8888130968622101 0.7950191570881227 0.04229195088676674 0.04597701149425293
0 0.24488403819918148 0.2998084291187739 0.036834924965893606 0.04406130268199232
0 0.3587994542974079 0.26053639846743293 0.035470668485675316 0.04597701149425287
0 0.7223738062755798 0.48563218390804597 0.03683492496589358 0.040229885057471326
0 0.888130968622101 0.3505747126436781 0.04092769440654842 0.04597701149425287
0 0.24556616643929058 0.43965517241379315 0.03819918144611187 0.04406130268199232
0 0.4693042291950887 0.75 0.038199181446111896 0.044061302681992265
0 0.24488403819918148 0.7078544061302683 0.036834924965893606 0.044061302681992376
0 0.18894952251023192 0.4377394636015326 0.03683492496589358 0.04406130268199232
0 0.6098226466575716 0.3486590038314176 0.03547066848567515 0.04214559386973182
0 0.665075034106412 0.3045977011494253 0.03956343792632999 0.04214559386973177
0 0.24488403819918148 0.617816091954023 0.036834924965893606 0.04022988505747127
0 0.4160982264665757 0.48563218390804597 0.035470668485675316 0.044061302681992265
0 0.35948158253751705 0.617816091954023 0.03683492496589358 0.04022988505747127
0 0.7783083219645293 0.26053639846743293 0.03683492496589358 0.04597701149425287
0 0.35948158253751705 0.43965517241379315 0.03683492496589358 0.04406130268199232
0 0.6664392905866303 0.43965517241379315 0.03683492496589358 0.04406130268199232
0 0.4699863574351978 0.5296934865900382 0.036834924965893634 0.044061302681992376
0 0.7216916780354706 0.2624521072796935 0.032742155525238736 0.04980842911877398
0 0.30218281036834926 0.4875478927203065 0.036834924965893634 0.04406130268199232
0 0.7223738062755798 0.30747126436781613 0.03683492496589358 0.04406130268199232
0 0.6657571623465212 0.6187739463601533 0.038199181446111785 0.049808429118774145
0 0.7755798090040928 0.3505747126436781 0.03683492496589358 0.04597701149425287
0 0.46930422919508863 0.48563218390804597 0.035470668485675316 0.044061302681992265
0 0.4154160982264666 0.3524904214559387 0.03683492496589358 0.04597701149425287
0 0.8308321964529332 0.4846743295019157 0.04092769440654842 0.04597701149425282
0 0.4160982264665757 0.4386973180076629 0.035470668485675316 0.04597701149425287
0 0.24488403819918148 0.2576628352490421 0.036834924965893606 0.04406130268199232
0 0.7762619372442019 0.3946360153256705 0.038199181446111896 0.04214559386973182
0 0.6657571623465212 0.3486590038314176 0.038199181446111785 0.04214559386973182
0 0.24488403819918148 0.3467432950191571 0.036834924965893606 0.04597701149425287
0 0.5129604365620737 0.20019157088122605 0.032742155525238736 0.04406130268199232
0 0.4699863574351978 0.3045977011494253 0.036834924965893634 0.04214559386973177
0 0.5559345156889495 0.44157088122605365 0.03683492496589358 0.044061302681992376
0 0.6098226466575716 0.617816091954023 0.03547066848567515 0.044061302681992154
0 0.7203274215552524 0.44348659003831414 0.038199181446111896 0.04406130268199232
0 0.4154160982264666 0.25766283524904215 0.03683492496589358 0.0478927203065134
0 0.7203274215552524 0.3524904214559387 0.03547066848567526 0.038314176245210774
0 0.46930422919508863 0.3946360153256705 0.035470668485675316 0.04214559386973182
0 0.4154160982264666 0.6206896551724139 0.034106412005457054 0.04597701149425293
0 0.5552523874488404 0.7030651340996168 0.038199181446111896 0.04597701149425282
0 0.7762619372442019 0.5689655172413792 0.04092769440654842 0.04597701149425293
0 0.1882673942701228 0.3017241379310345 0.03819918144611187 0.044061302681992376
0 0.6111869031377899 0.3055555555555556 0.038199181446111785 0.04406130268199232
0 0.24488403819918148 0.4846743295019157 0.036834924965893606 0.04597701149425282
0 0.776944065484311 0.5268199233716475 0.03683492496589369 0.04214559386973182
0 0.3028649386084584 0.43582375478927204 0.03819918144611184 0.04406130268199232
0 0.6091405184174624 0.48563218390804597 0.03683492496589347 0.044061302681992265
0 0.4160982264665757 0.574712643678161 0.03819918144611184 0.042145593869731934
0 0.3608458390177353 0.3524904214559387 0.03683492496589358 0.04597701149425287
0 0.3035470668485676 0.3505747126436782 0.03956343792633016 0.04214559386973182
0 0.5572987721691678 0.26053639846743293 0.03683492496589369 0.04597701149425287
0 0.30081855388813095 0.617816091954023 0.03683492496589352 0.044061302681992154
0 0.6098226466575716 0.39176245210727967 0.038199181446111896 0.04406130268199232
0 0.3028649386084584 0.3955938697318008 0.03819918144611184 0.04022988505747127
0 0.4699863574351978 0.6149425287356323 0.036834924965893634 0.04597701149425293
0 0.6091405184174625 0.4377394636015326 0.04229195088676663 0.047892720306513425
0 0.5559345156889495 0.5747126436781609 0.03683492496589358 0.04597701149425293
0 0.6105047748976808 0.5277777777777778 0.03683492496589358 0.04022988505747138
0 0.24420190995907232 0.5727969348659004 0.038199181446111896 0.04980842911877392
0 0.665075034106412 0.4846743295019157 0.03956343792632999 0.04597701149425282
0 0.6105047748976808 0.5747126436781609 0.03683492496589358 0.04597701149425293
0 0.6091405184174624 0.7049808429118773 0.03683492496589347 0.04597701149425293
0 0.18894952251023195 0.25766283524904215 0.034106412005457026 0.0478927203065134
0 0.6657571623465212 0.3955938697318008 0.038199181446111785 0.044061302681992376
0 0.3028649386084584 0.30651340996168586 0.03819918144611184 0.04597701149425287
0 0.1903137789904502 0.34578544061302685 0.03683492496589358 0.04406130268199232
