0 0.15892328398384925 0.7401063479365677 0.024979811574697166 0.03162204131570276
0 0.32086137281292054 0.5669380264458144 0.01636608344549124 0.016563926403463197
0 0.3204306864064603 0.7506470283751353 0.013781965006729423 0.016563926403463373
0 0.3217227456258412 0.49842360359512494 0.014643337819650028 0.018069737894687278
0 0.32086137281292054 0.5360688908757234 0.01636608344549124 0.018069737894687278
0 0.3122476446837147 0.30567973271846033 0.019811574697173633 0.018069737894687278
0 0.3131090174966352 0.3237494706131476 0.021534320323014774 0.018069737894687323
0 0.31181695827725436 0.34934826596395463 0.020672947510094204 0.030116229824478855
0 0.3122476446837147 0.3711825325867018 0.014643337819650064 0.016563926403463373
0 0.3204306864064603 0.5526328172791869 0.015504710632570706 0.018069737894687278
0 0.3212920592193809 0.7717283892522704 0.013781965006729492 0.025598795350806967
0 0.2717631224764468 0.7438708766646275 0.019811574697173633 0.03312785280692675
0 0.2721938088829072 0.7747400122347184 0.024118438761776596 0.028610418333254953
0 0.03660834454912517 0.2567408592536822 0.012920592193808887 0.022587172368359165
0 0.31181695827725436 0.2507176132887864 0.022395693135935417 0.019575549385911224
0 0.31353970390309555 0.26954025692908573 0.018950201884253025 0.018069737894687323
0 0.312678331090175 0.28836290056938496 0.02411843876177663 0.01957554938591127
0 0.3208613728129206 0.5827490471036657 0.014643337819650099 0.015058114912239563
0 0.19682368775235531 0.67987388828761 0.024979811574697166 0.03162204131570267
0 0.4629878869448183 0.654275092936803 0.023257065948855953 0.03162204131570285
0 0.23515477792732167 0.6505105642087431 0.022395693135935417 0.030116229824478945
0 0.4263795423956931 0.32073784763069974 0.022395693135935417 0.027104606842030962
0 0.5887483176312247 0.41183944284974827 0.01636608344549124 0.028610418333254863
0 0.08355316285329745 0.34558373723589475 0.02239569313593541 0.0316220413157028
0 0.0551278600269179 0.3448308314902828 0.01722745625841185 0.03312785280692675
0 0.4259488559892328 0.5285398334196038 0.023257065948856025 0.03312785280692666
0 0.4259488559892328 0.5021881323231847 0.021534320323014812 0.028610418333254773
0 0.5138088829071333 0.183709001929321 0.014643337819650028 0.027104606842030962
0 0.5784118438761776 0.3229965648675357 0.023257065948856025 0.0316220413157028
0 0.15892328398384925 0.5571502517528588 0.024979811574697166 0.03312785280692684
0 0.5021803499327052 0.5029410380687966 0.02411843876177663 0.027104606842030872
0 0.455235531628533 0.21683685473624772 0.018088829071332385 0.027104606842030962
0 0.15892328398384925 0.37494706131476163 0.024979811574697166 0.036139475789374646
0 0.4647106325706595 0.3523598889464025 0.023257065948856025 0.030116229824478855
0 0.3484253028263795 0.681379699778834 0.023257065948855883 0.03162204131570285
0 0.4647106325706595 0.3832290245164933 0.023257065948856025 0.03162204131570276
0 0.5883176312247644 0.3839819302621053 0.015504710632570634 0.027104606842031007
0 0.5697981157469717 0.3832290245164934 0.014643337819650099 0.02861041833325491
0 0.19682368775235531 0.7694696720154346 0.024979811574697166 0.030116229824478855
0 0.03488559892328398 0.43743823820055533 0.016366083445491255 0.03162204131570276
0 0.4634185733512786 0.6226530516211002 0.02411843876177656 0.03162204131570276
0 0.42422611036339164 0.7461295939014635 0.023257065948855953 0.028610418333254863
0 0.15849259757738896 0.7092372123664769 0.02411843876177656 0.03312785280692666
0 0.4647106325706595 0.3229965648675357 0.024979811574697166 0.0316220413157028
0 0.4642799461641992 0.5307985506564395 0.022395693135935417 0.028610418333254953
0 0.19682368775235531 0.5262811161827678 0.024979811574697166 0.03463366429815065
0 0.34971736204576037 0.5586560632440827 0.02239569313593549 0.030116229824478945
0 0.43757738896366083 0.08281963201731683 0.01722745625841185 0.030116229824478844
0 0.054266487213997315 0.46529575078819824 0.015504710632570662 0.027104606842030962
0 0.15935397039030955 0.34558373723589475 0.024118438761776596 0.02861041833325491
0 0.19682368775235531 0.7084843066208649 0.024979811574697166 0.03162204131570276
0 0.5883176312247644 0.3531127946920145 0.01722745625841185 0.0316220413157028
0 0.5021803499327052 0.44421438991106305 0.022395693135935417 0.030116229824478855
0 0.2717631224764468 0.6497576584631312 0.023257065948855987 0.03162204131570267
0 0.34799461641991924 0.7130017410945368 0.022395693135935348 0.03162204131570276
0 0.5013189771197847 0.7175191755682085 0.022395693135935417 0.028610418333254953
0 0.5784118438761776 0.29212742929744484 0.023257065948856025 0.027104606842030962
0 0.4642799461641992 0.4110865371041363 0.02411843876177663 0.027104606842030962
0 0.45609690444145357 0.11519457907863158 0.0198115746971736 0.028610418333254898
0 0.5784118438761776 0.5036939438144087 0.023257065948856025 0.028610418333254863
0 0.5026110363391656 0.3229965648675357 0.023257065948856025 0.02861041833325491
0 0.3889098250336474 0.3508540774551786 0.023257065948855953 0.030116229824478855
0 0.5013189771197847 0.654275092936803 0.022395693135935417 0.03162204131570285
0 0.5775504710632571 0.5631734977177544 0.023257065948856025 0.030116229824478855
0 0.4629878869448183 0.7468824996470754 0.023257065948855953 0.027104606842030962
0 0.03531628532974428 0.3418192085078349 0.015504710632570662 0.027104606842031007
0 0.501749663526245 0.35160698320079053 0.023257065948856025 0.02861041833325491
0 0.08441453566621802 0.31019716719213214 0.024118438761776585 0.036139475789374556
0 0.347563930013459 0.7732342007434945 0.023257065948855953 0.03162204131570285
0 0.5013189771197847 0.6226530516211002 0.02411843876177656 0.03162204131570276
0 0.5784118438761776 0.47508352548115373 0.023257065948856025 0.03162204131570276
0 0.49356662180349936 0.21683685473624772 0.01722745625841185 0.027104606842030962
0 0.15892328398384925 0.46604865653381017 0.021534320323014812 0.03162204131570285
0 0.15849259757738896 0.6776151710507741 0.02411843876177656 0.030116229824478945
0 0.15849259757738896 0.7694696720154346 0.02411843876177656 0.030116229824478855
0 0.42422611036339164 0.6821326055244459 0.023257065948855953 0.030116229824478855
0 0.501749663526245 0.5338101736388876 0.023257065948856025 0.03162204131570285
0 0.501749663526245 0.5940426332878452 0.024979811574697166 0.03162204131570285
0 0.23558546433378197 0.681379699778834 0.023257065948855987 0.03162204131570285
0 0.054266487213997315 0.3734412498235377 0.015504710632570662 0.027104606842030962
0 0.03574697173620458 0.4050632911392405 0.01636608344549125 0.027104606842030962
0 0.053835800807537006 0.2537292362712343 0.01636608344549125 0.02861041833325491
0 0.5891790040376851 0.25975248223613007 0.013781965006729423 0.022587172368359165
0 0.19811574697173617 0.5563973460072467 0.024118438761776596 0.016563926403463373
0 0.23472409152086138 0.7679638605242106 0.023257065948855987 0.03915109877182245
0 0.31181695827725436 0.4472260128935108 0.024118438761776523 0.030116229824478855
0 0.350578734858681 0.3094442614465202 0.022395693135935417 0.0316220413157028
0 0.2342934051144011 0.7423650651734036 0.022395693135935382 0.036139475789374556
0 0.3212920592193809 0.5187520587266482 0.013781965006729492 0.01957554938591127
0 0.3510094212651413 0.3425721142534469 0.023257065948855953 0.03162204131570276
0 0.3113862718707941 0.42087431179709195 0.026702557200538414 0.0346336642981507
0 0.4647106325706595 0.4743306197355419 0.023257065948856025 0.027104606842030962
0 0.15935397039030957 0.40581619688485243 0.025841184387617774 0.0316220413157028
0 0.3212920592193809 0.6008187849983531 0.013781965006729492 0.02108136087713517
0 0.19811574697173617 0.34558373723589475 0.024118438761776596 0.0316220413157028
0 0.42508748317631223 0.6505105642087432 0.023257065948856025 0.03312785280692666
0 0.4944279946164199 0.11895910780669144 0.01722745625841185 0.027104606842030962
0 0.19811574697173617 0.4065691026304644 0.024118438761776596 0.027104606842030917
0 0.04479138627187079 0.31320879017458003 0.022395693135935396 0.03011622982447881
0 0.3497173620457605 0.6211472401298762 0.02411843876177663 0.028610418333254773
0 0.3208613728129206 0.4811067714460496 0.014643337819650099 0.01957554938591118
0 0.35014804845222075 0.5902781045597856 0.023257065948856095 0.03312785280692666
0 0.4642799461641992 0.5021881323231847 0.022395693135935417 0.03162204131570276
0 0.2743472409152086 0.470566091007482 0.021534320323014774 0.025598795350807058
0 0.5697981157469717 0.35160698320079053 0.014643337819650099 0.02258717236835912
0 0.5706594885598923 0.2635170109641899 0.014643337819650099 0.027104606842030962
0 0.3100942126514132 0.6919203802174015 0.024118438761776596 0.03162204131570285
0 0.42422611036339164 0.7769987294715542 0.023257065948855953 0.030116229824478855
0 0.5710901749663526 0.41033363135852435 0.015504710632570634 0.025598795350806967
0 0.501749663526245 0.47508352548115373 0.023257065948856025 0.03162204131570276
0 0.04565275908479139 0.28309256035010116 0.0223956931359354 0.027104606842030962
0 0.4259488559892328 0.6219001458754881 0.023257065948856025 0.03312785280692675
0 0.1972543741588156 0.3772057785515976 0.022395693135935417 0.0316220413157028
0 0.4263795423956931 0.3501011717095666 0.02411843876177663 0.0316220413157028
0 0.500457604306864 0.7461295939014635 0.02411843876177656 0.03162204131570285
0 0.5008882907133244 0.7777516352171662 0.023257065948855953 0.03162204131570276
0 0.23515477792732167 0.6211472401298762 0.022395693135935417 0.03463366429815065
0 0.23558546433378197 0.5571502517528587 0.021534320323014812 0.027104606842030962
0 0.501749663526245 0.5624205919721424 0.024979811574697166 0.03162204131570276
0 0.5146702557200539 0.08583125499976473 0.018088829071332385 0.030116229824478844
0 0.054697173620457604 0.4321678979812715 0.014643337819650064 0.027104606842030962
0 0.4634185733512786 0.6828855112700578 0.02411843876177656 0.03162204131570276
0 0.19811574697173617 0.31471460166580395 0.025841184387617736 0.033127852806926705
0 0.19682368775235531 0.5850077643405016 0.024979811574697166 0.03463366429815065
0 0.4750471063257066 0.18521481342054494 0.01636608344549124 0.030116229824478834
0 0.23558546433378197 0.7122488353489248 0.023257065948855987 0.030116229824478764
0 0.5792732166890983 0.4434614841654511 0.024979811574697166 0.03162204131570276
0 0.03488559892328398 0.3734412498235377 0.014643337819650064 0.027104606842030962
0 0.2721938088829072 0.6806267940332219 0.024118438761776596 0.030116229824478764
0 0.501749663526245 0.6866500399981178 0.023257065948856025 0.03312785280692666
0 0.5779811574697173 0.5353159851301115 0.022395693135935417 0.03162204131570276
0 0.15935397039030955 0.43743823820055533 0.024118438761776596 0.03162204131570276
0 0.34799461641991924 0.7446237824102394 0.022395693135935348 0.03162204131570276
0 0.1972543741588156 0.497670697849513 0.022395693135935417 0.028610418333254953
0 0.5409421265141319 0.3237494706131476 0.022395693135935417 0.030116229824478855
0 0.27348586810228803 0.5262811161827678 0.023257065948855987 0.025598795350807058
0 0.15892328398384925 0.4969177921039011 0.024979811574697166 0.030116229824478855
0 0.4952893674293405 0.08658416074537668 0.01722745625841185 0.03162204131570278
0 0.19682368775235531 0.7401063479365677 0.024979811574697166 0.03463366429815065
0 0.15892328398384925 0.5880193873229494 0.024979811574697166 0.028610418333254773
0 0.4638492597577389 0.5940426332878452 0.023257065948856025 0.03162204131570285
0 0.5138088829071333 0.15133405486800622 0.01636608344549124 0.03162204131570278
0 0.054697173620457604 0.4050632911392405 0.014643337819650064 0.027104606842030962
0 0.4935666218034993 0.18446190767493295 0.01895020188425299 0.02861041833325491
0 0.3889098250336474 0.38247611877088133 0.023257065948855953 0.033127852806926705
0 0.27262449528936744 0.5895251988141735 0.021534320323014812 0.03162204131570267
0 0.23687752355316286 0.34633664298150674 0.024118438761776596 0.03312785280692675
0 0.47590847913862716 0.08507834925415275 0.01636608344549124 0.02861041833325491
0 0.42681022880215347 0.28836290056938496 0.021534320323014812 0.03463366429815065
0 0.5413728129205923 0.2928803350430568 0.023257065948856025 0.0316220413157028
0 0.5138088829071333 0.21758976048185963 0.01636608344549124 0.03162204131570274
0 0.4944279946164199 0.15208696061361818 0.01722745625841185 0.027104606842030962
0 0.455235531628533 0.183709001929321 0.018088829071332385 0.027104606842030962
0 0.23601615074024224 0.37494706131476163 0.024118438761776596 0.030116229824478855
0 0.15849259757738896 0.5255282104371559 0.02411843876177656 0.030116229824478855
0 0.1972543741588156 0.46604865653381017 0.022395693135935417 0.028610418333254863
0 0.34842530282637957 0.6490047527175191 0.02670255720053831 0.03312785280692675
0 0.2721938088829072 0.6211472401298762 0.024118438761776596 0.03162204131570285
0 0.15849259757738896 0.6482518469719072 0.02584118438761779 0.03162204131570285
0 0.5413728129205921 0.260505387981742 0.024979811574697166 0.033127852806926705
0 0.42508748317631223 0.7137546468401488 0.023257065948856025 0.03312785280692666
0 0.5146702557200539 0.11820620206107947 0.018088829071332385 0.0316220413157028
0 0.4754777927321669 0.15133405486800622 0.015504710632570634 0.03162204131570278
0 0.27262449528936744 0.7122488353489247 0.024979811574697166 0.03312785280692684
0 0.3484253028263795 0.5021881323231847 0.021534320323014812 0.028610418333254773
0 0.34971736204576037 0.44270857841983907 0.02239569313593549 0.030116229824478764
0 0.08355316285329745 0.37494706131476163 0.024118438761776585 0.03312785280692675
0 0.42551816958277255 0.5902781045597854 0.02411843876177663 0.030116229824478945
0 0.19682368775235531 0.6490047527175191 0.024979811574697166 0.03312785280692675
0 0.5779811574697173 0.5947955390334573 0.02411843876177663 0.03312785280692675
0 0.2739165545087483 0.40732200837607635 0.024118438761776596 0.03162204131570276
0 0.19682368775235531 0.6173827114018163 0.024979811574697166 0.030116229824478855
0 0.2739165545087483 0.3787115900428215 0.024118438761776596 0.0316220413157028
0 0.4750471063257066 0.21683685473624772 0.01636608344549124 0.027104606842030962
0 0.4634185733512786 0.7152604583313726 0.02411843876177656 0.03312785280692675
0 0.3488559892328398 0.5300456449108277 0.022395693135935348 0.03312785280692675
0 0.5021803499327052 0.3802174015340455 0.02411843876177663 0.0316220413157028
0 0.23515477792732167 0.5285398334196038 0.022395693135935417 0.030116229824478855
0 0.0439300134589502 0.5880193873229494 0.02411843876177658 0.028610418333254773
0 0.23730820995962315 0.31396169592019196 0.024979811574697166 0.03162204131570276
0 0.3893405114401077 0.287609994823773 0.02411843876177656 0.033127852806926705
0 0.23558546433378197 0.4389440496917792 0.023257065948855987 0.028610418333254863
0 0.35014804845222075 0.41183944284974827 0.021534320323014812 0.0316220413157028
0 0.08355316285329745 0.49691779210390097 0.02239569313593541 0.03312785280692675
0 0.15892328398384925 0.6166298056562044 0.021534320323014812 0.03162204131570276
0 0.4259488559892328 0.4110865371041363 0.023257065948856025 0.027104606842030962
0 0.5409421265141319 0.35160698320079053 0.022395693135935417 0.0316220413157028
0 0.3880484522207268 0.3199849418850878 0.023257065948856025 0.0316220413157028
0 0.4634185733512786 0.5624205919721424 0.02411843876177656 0.03162204131570276
0 0.4629878869448183 0.7769987294715542 0.024979811574697166 0.03312785280692675
0 0.4259488559892328 0.5609147804809186 0.023257065948856025 0.03162204131570276
0 0.42681022880215347 0.3802174015340455 0.023257065948856025 0.0316220413157028
0 0.27262449528936744 0.5586560632440826 0.021534320323014812 0.03312785280692657
0 0.08312247644683715 0.4366853324549433 0.023257065948855998 0.03312785280692675
0 0.12188425302826379 0.34558373723589475 0.023257065948855987 0.0316220413157028
0 0.08355316285329745 0.4065691026304644 0.024118438761776585 0.027104606842030917
0 0.45480484522207265 0.15283986635923016 0.01895020188425299 0.02861041833325491
0 0.0443606998654105 0.6173827114018164 0.024979811574697176 0.03312785280692684
0 0.4263795423956931 0.4713189967530939 0.022395693135935417 0.030116229824478945
0 0.3497173620457605 0.47056609100748203 0.02411843876177663 0.03162204131570267
0 0.23601615074024224 0.4668015622794221 0.024118438761776596 0.030116229824478855
0 0.08269179004037686 0.46529575078819824 0.02239569313593539 0.027104606842030962
0 0.5030417227456259 0.29137452355183285 0.02411843876177656 0.0346336642981507
0 0.0443606998654105 0.5571502517528588 0.024979811574697176 0.03312785280692684
0 0.4750471063257066 0.11820620206107947 0.01636608344549124 0.0316220413157028
0 0.12231493943472409 0.31320879017458003 0.0223956931359354 0.033127852806926705
0 0.19682368775235531 0.43819114394616726 0.024979811574697166 0.03312785280692684
0 0.23558546433378197 0.497670697849513 0.023257065948855987 0.03162204131570276
0 0.42681022880215347 0.44270857841983907 0.023257065948856025 0.030116229824478764
0 0.0439300134589502 0.524775304691544 0.02411843876177658 0.03162204131570276
0 0.5026110363391656 0.41183944284974827 0.023257065948856025 0.0316220413157028
0 0.43628532974427997 0.11820620206107947 0.018088829071332455 0.0316220413157028
0 0.04522207267833109 0.49240035763022916 0.024979811574697176 0.03312785280692666
0 0.4573889636608344 0.08507834925415275 0.01722745625841185 0.031622041315702794
0 0.4647106325706595 0.44270857841983907 0.023257065948856025 0.03312785280692675
0 0.16021534320323014 0.31320879017458003 0.024118438761776596 0.033127852806926705
0 0.2739165545087483 0.497670697849513 0.024118438761776596 0.03162204131570276
0 0.5405114401076716 0.3839819302621053 0.023257065948856025 0.033127852806926705
0 0.46514131897711974 0.28836290056938496 0.02411843876177656 0.03463366429815065
0 0.12188425302826379 0.3779586842972095 0.024979811574697166 0.03312785280692675
0 0.2739165545087483 0.4396969554373912 0.024118438761776596 0.03312785280692666
0 0.23515477792732167 0.5887722930685615 0.022395693135935417 0.03312785280692666
0 0.2743472409152086 0.3470895487271187 0.0249798115746972 0.0316220413157028
0 0.2364468371467026 0.4095807256129123 0.023257065948855987 0.033127852806926705
0 0.35014804845222075 0.3787115900428215 0.023257065948856095 0.0316220413157028
0 0.2743472409152086 0.31396169592019196 0.0249798115746972 0.037645287280598544
