0 0.406135 0.401786 0.036810 0.046429
0 0.974233 0.577679 0.041718 0.033929
0 0.349693 0.667857 0.039264 0.025000
0 0.292025 0.309821 0.034356 0.044643
0 0.523313 0.325893 0.045399 0.033929
0 0.520245 0.146429 0.046626 0.035714
0 0.974847 0.535714 0.040491 0.046429
0 0.520859 0.179464 0.052761 0.030357
0 0.464417 0.849107 0.038037 0.041071
0 0.522086 0.491964 0.042945 0.041071
0 0.520245 0.110714 0.049080 0.035714
0 0.522086 0.253571 0.045399 0.032143
0 0.973620 0.491071 0.038037 0.042857
0 0.463190 0.891071 0.040491 0.046429
0 0.177301 0.491964 0.040491 0.044643
0 0.746012 0.310714 0.036810 0.050000
0 0.120859 0.263393 0.035583 0.041071
0 0.523313 0.288393 0.045399 0.037500
0 0.064417 0.167857 0.038037 0.046429
0 0.406135 0.444643 0.036810 0.032143
0 0.591411 0.400893 0.029448 0.041071
0 0.633129 0.805357 0.036810 0.042857
0 0.178528 0.307143 0.038037 0.042857
0 0.178528 0.263393 0.038037 0.044643
0 0.973006 0.404464 0.036810 0.041071
0 0.565031 0.116964 0.025767 0.041071
0 0.463190 0.939286 0.040491 0.050000
0 0.406135 0.309821 0.036810 0.041071
0 0.631902 0.761607 0.034356 0.044643
0 0.234969 0.715179 0.038037 0.044643
0 0.177914 0.216964 0.036810 0.048214
0 0.461963 0.804464 0.038037 0.044643
0 0.521472 0.360714 0.049080 0.039286
0 0.746012 0.124107 0.036810 0.051786
0 0.177301 0.534821 0.040491 0.044643
0 0.972393 0.312500 0.035583 0.042857
0 0.122086 0.217857 0.038037 0.050000
0 0.690798 0.358929 0.036810 0.046429
0 0.634356 0.850000 0.036810 0.046429
0 0.746012 0.355357 0.036810 0.042857
0 0.634356 0.895536 0.036810 0.044643
0 0.563190 0.352679 0.022086 0.041071
0 0.178528 0.578571 0.040491 0.042857
0 0.522086 0.217857 0.047853 0.042857
0 0.633129 0.716964 0.036810 0.048214
0 0.565031 0.169643 0.025767 0.039286
0 0.123313 0.168750 0.035583 0.044643
0 0.972393 0.221429 0.035583 0.042857
0 0.234356 0.667857 0.036810 0.046429
0 0.631902 0.579464 0.036810 0.041071
0 0.461963 0.759821 0.035583 0.044643
0 0.350307 0.892857 0.040491 0.042857
0 0.973006 0.447321 0.036810 0.044643
0 0.236196 0.445536 0.035583 0.041071
0 0.177301 0.622321 0.040491 0.044643
0 0.064417 0.264286 0.040491 0.046429
0 0.349693 0.266071 0.036810 0.046429
0 0.591411 0.309821 0.024540 0.037500
0 0.633129 0.668750 0.039264 0.044643
0 0.350307 0.849107 0.038037 0.044643
0 0.234356 0.487500 0.039264 0.042857
0 0.065644 0.214286 0.040491 0.046429
0 0.234356 0.622321 0.039264 0.044643
0 0.290798 0.263393 0.034356 0.044643
0 0.633129 0.624107 0.039264 0.048214
0 0.914724 0.311607 0.035583 0.044643
0 0.689571 0.310714 0.036810 0.050000
0 0.565031 0.218750 0.025767 0.037500
0 0.858282 0.317857 0.035583 0.046429
0 0.234356 0.531250 0.039264 0.048214
0 0.350920 0.805357 0.036810 0.042857
0 0.914724 0.220536 0.035583 0.051786
0 0.973620 0.266964 0.038037 0.048214
0 0.803681 0.310714 0.039264 0.046429
0 0.461963 0.712500 0.035583 0.046429
0 0.179755 0.121429 0.040491 0.050000
0 0.973620 0.175000 0.038037 0.050000
0 0.746012 0.266071 0.039264 0.046429
0 0.123313 0.120536 0.038037 0.051786
0 0.858282 0.362500 0.035583 0.042857
0 0.859509 0.124107 0.040491 0.055357
0 0.122086 0.353571 0.035583 0.042857
0 0.177301 0.674107 0.038037 0.051786
0 0.234356 0.759821 0.041718 0.048214
0 0.349080 0.218750 0.038037 0.048214
0 0.178528 0.169643 0.038037 0.046429
0 0.744785 0.220536 0.036810 0.044643
0 0.119632 0.397321 0.038037 0.048214
0 0.349693 0.352679 0.036810 0.041071
0 0.746012 0.175000 0.039264 0.046429
0 0.591411 0.264286 0.024540 0.042857
0 0.634356 0.942857 0.041718 0.046429
0 0.461963 0.671429 0.035583 0.042857
0 0.689571 0.404464 0.034356 0.044643
0 0.178528 0.397321 0.038037 0.044643
0 0.914724 0.266964 0.035583 0.044643
0 0.747239 0.401786 0.036810 0.046429
0 0.633129 0.491964 0.039264 0.044643
0 0.292025 0.354464 0.034356 0.041071
0 0.973620 0.123214 0.040491 0.053571
0 0.858282 0.220536 0.038037 0.044643
0 0.122086 0.307143 0.040491 0.046429
0 0.234356 0.577679 0.039264 0.044643
0 0.405521 0.487500 0.038037 0.050000
0 0.563804 0.264286 0.023313 0.035714
0 0.803681 0.358036 0.039264 0.048214
0 0.591411 0.355357 0.024540 0.035714
0 0.463190 0.123214 0.035583 0.053571
0 0.349080 0.941964 0.040491 0.051786
0 0.633129 0.315179 0.036810 0.044643
0 0.576687 0.534821 0.036810 0.044643
0 0.235583 0.122321 0.036810 0.051786
0 0.563804 0.308036 0.023313 0.041071
0 0.858282 0.175893 0.038037 0.044643
0 0.802454 0.263393 0.039264 0.051786
0 0.065644 0.116964 0.040491 0.051786
0 0.233129 0.264286 0.036810 0.042857
0 0.633129 0.124107 0.039264 0.055357
0 0.290798 0.401786 0.036810 0.050000
0 0.406135 0.537500 0.036810 0.050000
0 0.973620 0.359821 0.038037 0.048214
0 0.349693 0.534821 0.039264 0.041071
0 0.461963 0.490179 0.038037 0.041071
0 0.633129 0.536607 0.041718 0.044643
0 0.234356 0.352679 0.039264 0.044643
0 0.688344 0.266071 0.036810 0.042857
0 0.461963 0.533929 0.038037 0.046429
0 0.235583 0.170536 0.036810 0.048214
0 0.577914 0.625000 0.036810 0.046429
0 0.233742 0.308036 0.040491 0.044643
0 0.349080 0.170536 0.038037 0.044643
0 0.349080 0.710714 0.035583 0.050000
0 0.234356 0.398214 0.039264 0.050000
0 0.351534 0.121429 0.035583 0.050000
0 0.633129 0.358929 0.036810 0.042857
0 0.234969 0.218750 0.038037 0.048214
0 0.461963 0.578571 0.035583 0.042857
0 0.178528 0.352679 0.038037 0.051786
0 0.405521 0.353571 0.038037 0.042857
0 0.915951 0.360714 0.040491 0.050000
0 0.464417 0.309821 0.035583 0.041071
0 0.858282 0.268750 0.038037 0.048214
0 0.349693 0.309821 0.036810 0.044643
0 0.520245 0.439286 0.046626 0.046429
0 0.577914 0.579464 0.036810 0.044643
0 0.177301 0.445536 0.038037 0.044643
0 0.463804 0.221429 0.034356 0.042857
0 0.461963 0.623214 0.038037 0.046429
0 0.464417 0.175000 0.035583 0.046429
0 0.633129 0.447321 0.036810 0.044643
0 0.349080 0.577679 0.038037 0.044643
0 0.633129 0.174107 0.039264 0.044643
0 0.463190 0.401786 0.033129 0.042857
0 0.350307 0.760714 0.040491 0.046429
0 0.634356 0.401786 0.036810 0.042857
0 0.406748 0.265179 0.035583 0.051786
0 0.349693 0.625893 0.041718 0.051786
0 0.688344 0.220536 0.039264 0.051786
0 0.348466 0.397321 0.036810 0.048214
0 0.349693 0.445536 0.036810 0.044643
0 0.576687 0.490179 0.036810 0.044643
0 0.577914 0.444643 0.036810 0.046429
0 0.633129 0.220536 0.039264 0.051786
0 0.349693 0.491071 0.039264 0.046429
0 0.461963 0.447321 0.035583 0.044643
0 0.464417 0.354464 0.035583 0.048214
0 0.464417 0.266071 0.038037 0.046429
0 0.634356 0.268750 0.034356 0.044643
