0 0.542553 0.232394 0.033435 0.038229
0 0.545593 0.342052 0.030395 0.028169
0 0.543313 0.321932 0.031915 0.036217
0 0.550152 0.865191 0.027356 0.032193
0 0.543313 0.189135 0.034954 0.040241
0 0.544073 0.370221 0.027356 0.024145
0 0.193769 0.808853 0.037994 0.044266
0 0.544833 0.397384 0.031915 0.030181
0 0.257599 0.808853 0.031915 0.044266
0 0.132219 0.812877 0.030395 0.044266
0 0.308511 0.676056 0.036474 0.040241
0 0.306991 0.486922 0.045593 0.036217
0 0.305471 0.444668 0.042553 0.044266
0 0.838906 0.160966 0.039514 0.056338
0 0.245441 0.957746 0.041033 0.056338
0 0.305471 0.535211 0.042553 0.056338
0 0.305471 0.350101 0.042553 0.040241
0 0.963526 0.398390 0.045593 0.044266
0 0.963526 0.354125 0.045593 0.044266
0 0.183131 0.953722 0.047112 0.044266
0 0.542553 0.140845 0.033435 0.036217
0 0.305471 0.390342 0.042553 0.040241
0 0.182371 0.856137 0.042553 0.050302
0 0.183131 0.904427 0.047112 0.046278
0 0.306231 0.586519 0.044073 0.042254
0 0.901976 0.354125 0.041033 0.044266
0 0.542553 0.104628 0.033435 0.032193
0 0.246960 0.857143 0.037994 0.052314
0 0.306991 0.631791 0.045593 0.044266
0 0.245441 0.904427 0.041033 0.046278
0 0.118541 0.952716 0.048632 0.058350
0 0.965046 0.256539 0.042553 0.050302
0 0.964286 0.446680 0.041033 0.044266
0 0.180851 0.398390 0.042553 0.044266
0 0.118541 0.861167 0.045593 0.052314
0 0.964286 0.309859 0.041033 0.044266
0 0.902736 0.260563 0.042553 0.046278
0 0.306991 0.722334 0.045593 0.048290
0 0.901976 0.308853 0.041033 0.046278
0 0.179331 0.208249 0.045593 0.042254
0 0.180851 0.350101 0.042553 0.044266
0 0.901976 0.209256 0.041033 0.048290
0 0.243161 0.259557 0.045593 0.056338
0 0.179331 0.256539 0.045593 0.046278
0 0.180851 0.156942 0.045593 0.052314
0 0.180091 0.303823 0.044073 0.048290
0 0.306231 0.304829 0.047112 0.050302
0 0.305471 0.252515 0.045593 0.050302
0 0.544073 0.165996 0.030395 0.010060
