0 0.846250 0.065177 0.037500 0.055866
0 0.211875 0.070764 0.038750 0.052142
0 0.672500 0.219739 0.037500 0.044693
0 0.210625 0.219739 0.038750 0.048417
0 0.210625 0.122905 0.038750 0.048417
0 0.386250 0.361266 0.037500 0.044693
0 0.326250 0.219739 0.037500 0.048417
0 0.327500 0.169460 0.037500 0.052142
0 0.153125 0.644320 0.041250 0.048417
0 0.615000 0.121043 0.035000 0.052142
0 0.268125 0.070764 0.041250 0.055866
0 0.035000 0.315642 0.037500 0.046555
0 0.326250 0.268156 0.040000 0.048417
0 0.154375 0.785847 0.038750 0.052142
0 0.615625 0.218808 0.036250 0.042831
0 0.151875 0.270950 0.036250 0.042831
0 0.444375 0.734637 0.038750 0.050279
0 0.210625 0.171322 0.038750 0.048417
0 0.153125 0.694600 0.036250 0.048417
0 0.386250 0.312849 0.037500 0.044693
0 0.846250 0.118250 0.037500 0.050279
0 0.153125 0.598696 0.041250 0.046555
0 0.791250 0.497207 0.037500 0.048417
0 0.095625 0.551210 0.036250 0.044693
0 0.211250 0.502793 0.037500 0.040968
0 0.790000 0.310987 0.035000 0.044693
0 0.731250 0.358473 0.035000 0.046555
0 0.036250 0.505587 0.037500 0.054004
0 0.846250 0.310987 0.035000 0.044693
0 0.790000 0.449721 0.035000 0.046555
0 0.036250 0.598696 0.037500 0.046555
0 0.618125 0.502793 0.036250 0.048417
0 0.502500 0.404097 0.045000 0.052142
0 0.267500 0.224395 0.037500 0.046555
0 0.733750 0.454376 0.037500 0.044693
0 0.153125 0.505587 0.036250 0.046555
0 0.036250 0.364060 0.037500 0.046555
0 0.617500 0.598696 0.040000 0.054004
0 0.903750 0.212291 0.037500 0.052142
0 0.730000 0.310987 0.032500 0.044693
0 0.211875 0.694600 0.038750 0.048417
0 0.618125 0.548417 0.038750 0.046555
0 0.846250 0.262570 0.037500 0.048417
0 0.153125 0.551210 0.036250 0.044693
0 0.211875 0.644320 0.038750 0.052142
0 0.964375 0.353818 0.038750 0.052142
0 0.094375 0.595903 0.038750 0.048417
0 0.150625 0.219739 0.038750 0.055866
0 0.387500 0.831471 0.037500 0.046555
0 0.443750 0.121043 0.040000 0.052142
0 0.386250 0.548417 0.037500 0.054004
0 0.964375 0.446927 0.036250 0.048417
0 0.211875 0.878957 0.041250 0.044693
0 0.967500 0.729981 0.040000 0.048417
0 0.093125 0.361266 0.036250 0.044693
0 0.848750 0.356611 0.035000 0.042831
0 0.095000 0.692737 0.035000 0.048417
0 0.848750 0.401304 0.037500 0.046555
0 0.733750 0.500000 0.037500 0.046555
0 0.443125 0.065177 0.038750 0.055866
0 0.386875 0.783054 0.038750 0.046555
0 0.961875 0.065177 0.041250 0.052142
0 0.846250 0.212291 0.035000 0.044693
0 0.210625 0.828678 0.041250 0.052142
0 0.443125 0.783054 0.036250 0.046555
0 0.386875 0.692737 0.038750 0.048417
0 0.151875 0.740223 0.036250 0.046555
0 0.967500 0.775605 0.040000 0.046555
0 0.094375 0.644320 0.036250 0.048417
0 0.094375 0.833333 0.041250 0.054004
0 0.270000 0.454376 0.037500 0.044693
0 0.268125 0.174115 0.041250 0.054004
0 0.616250 0.449721 0.035000 0.050279
0 0.733750 0.595903 0.037500 0.048417
0 0.036250 0.457169 0.037500 0.042831
0 0.385625 0.641527 0.036250 0.046555
0 0.211875 0.268156 0.038750 0.040968
0 0.733750 0.689944 0.042500 0.054004
0 0.458125 0.262570 0.026250 0.040968
0 0.035000 0.073557 0.042500 0.050279
0 0.385625 0.595903 0.036250 0.044693
0 0.444375 0.831471 0.036250 0.046555
0 0.037500 0.550279 0.037500 0.042831
0 0.733750 0.545624 0.037500 0.048417
0 0.791875 0.638734 0.038750 0.044693
0 0.735000 0.638734 0.037500 0.044693
0 0.795625 0.921788 0.041250 0.052142
0 0.385625 0.500000 0.036250 0.042831
0 0.154375 0.881750 0.038750 0.046555
0 0.431250 0.406890 0.027500 0.039106
0 0.151875 0.312849 0.038750 0.037244
0 0.963125 0.401304 0.036250 0.046555
0 0.846250 0.169460 0.037500 0.048417
0 0.961875 0.212291 0.038750 0.044693
0 0.387500 0.878957 0.040000 0.052142
0 0.615625 0.268156 0.036250 0.048417
0 0.961875 0.259777 0.038750 0.046555
0 0.211875 0.927374 0.041250 0.044693
0 0.792500 0.545624 0.040000 0.044693
0 0.794375 0.825885 0.036250 0.046555
0 0.791875 0.594041 0.038750 0.044693
0 0.966250 0.588454 0.040000 0.052142
0 0.210625 0.740223 0.041250 0.042831
0 0.793125 0.732775 0.036250 0.046555
0 0.967500 0.821229 0.040000 0.048417
0 0.036250 0.123836 0.040000 0.050279
0 0.793125 0.780261 0.038750 0.044693
0 0.616875 0.315642 0.033750 0.042831
0 0.154375 0.833333 0.038750 0.042831
0 0.386875 0.738361 0.036250 0.042831
0 0.444375 0.921788 0.038750 0.044693
0 0.963125 0.163873 0.041250 0.052142
0 0.444375 0.877095 0.038750 0.044693
0 0.154375 0.930168 0.038750 0.046555
0 0.080000 0.308194 0.025000 0.042831
0 0.036250 0.174115 0.040000 0.050279
0 0.966250 0.540037 0.037500 0.048417
0 0.457500 0.219739 0.022500 0.033520
0 0.109375 0.219739 0.023750 0.040968
0 0.965000 0.495345 0.037500 0.044693
0 0.431250 0.449721 0.025000 0.042831
0 0.966875 0.638734 0.038750 0.044693
0 0.967500 0.682495 0.037500 0.046555
0 0.430000 0.358473 0.025000 0.039106
0 0.385625 0.454376 0.036250 0.044693
0 0.793125 0.874302 0.038750 0.046555
0 0.792500 0.687151 0.035000 0.048417
0 0.095625 0.783054 0.036250 0.046555
0 0.094375 0.457169 0.038750 0.046555
0 0.616250 0.358473 0.037500 0.046555
0 0.210625 0.783054 0.041250 0.046555
0 0.458750 0.358473 0.025000 0.042831
0 0.430625 0.216946 0.021250 0.031657
0 0.459375 0.406890 0.023750 0.042831
0 0.109375 0.265363 0.023750 0.039106
0 0.967500 0.868715 0.037500 0.050279
0 0.108750 0.312849 0.022500 0.037244
0 0.094375 0.740223 0.036250 0.042831
0 0.501250 0.169460 0.047500 0.044693
0 0.033750 0.262570 0.042500 0.052142
0 0.459375 0.641527 0.026250 0.039106
0 0.964375 0.303538 0.036250 0.044693
0 0.458750 0.455307 0.022500 0.035382
0 0.078750 0.262570 0.025000 0.040968
0 0.967500 0.919926 0.040000 0.044693
0 0.078750 0.216946 0.022500 0.039106
0 0.386250 0.268156 0.037500 0.044693
0 0.459375 0.687151 0.028750 0.040968
0 0.458125 0.310987 0.026250 0.033520
0 0.731875 0.265363 0.036250 0.042831
0 0.618125 0.404097 0.038750 0.029795
0 0.963125 0.113594 0.036250 0.044693
0 0.517500 0.737430 0.025000 0.037244
0 0.501875 0.449721 0.048750 0.031657
0 0.211875 0.548417 0.041250 0.050279
0 0.268750 0.406890 0.037500 0.046555
0 0.505000 0.317505 0.045000 0.039106
0 0.504375 0.243948 0.046250 0.044693
0 0.499375 0.057728 0.048750 0.033520
0 0.504375 0.282123 0.048750 0.035382
0 0.501250 0.092179 0.047500 0.039106
0 0.033750 0.221601 0.040000 0.048417
0 0.500625 0.127561 0.048750 0.031657
0 0.503125 0.205773 0.046250 0.031657
0 0.615625 0.174115 0.038750 0.050279
0 0.556875 0.171322 0.041250 0.048417
0 0.210625 0.411546 0.036250 0.048417
0 0.267500 0.361266 0.037500 0.044693
0 0.210625 0.312849 0.041250 0.052142
0 0.151875 0.459963 0.041250 0.044693
0 0.790000 0.262570 0.037500 0.048417
0 0.094375 0.505587 0.038750 0.050279
0 0.267500 0.268156 0.037500 0.044693
0 0.615625 0.070764 0.038750 0.055866
0 0.791250 0.353818 0.037500 0.044693
0 0.268125 0.122905 0.041250 0.048417
0 0.036250 0.412477 0.037500 0.050279
0 0.151875 0.414339 0.038750 0.046555
0 0.730000 0.216946 0.037500 0.054004
0 0.268125 0.312849 0.036250 0.044693
0 0.211250 0.459963 0.037500 0.044693
0 0.556875 0.219739 0.038750 0.044693
0 0.153125 0.364060 0.036250 0.054004
0 0.558125 0.070764 0.041250 0.052142
0 0.671250 0.171322 0.035000 0.052142
0 0.211250 0.595903 0.037500 0.048417
0 0.790625 0.401304 0.036250 0.050279
0 0.095000 0.411546 0.037500 0.048417
0 0.556875 0.123836 0.036250 0.046555
0 0.671875 0.070764 0.041250 0.052142
0 0.210625 0.364060 0.036250 0.050279
0 0.786250 0.067970 0.040000 0.054004
0 0.385625 0.406890 0.036250 0.050279
0 0.788750 0.216946 0.035000 0.046555
0 0.386250 0.219739 0.040000 0.052142
0 0.443750 0.174115 0.037500 0.050279
0 0.671875 0.121043 0.036250 0.044693
0 0.787500 0.169460 0.037500 0.052142
0 0.732500 0.405959 0.035000 0.048417
0 0.788750 0.119181 0.037500 0.048417
