0 0.610721 0.238357 0.042053 0.056499
0 0.480945 0.679618 0.041548 0.059262
0 0.617836 0.278169 0.038767 0.049285
0 0.446833 0.192810 0.048148 0.051490
0 0.440430 0.156979 0.052160 0.051585
0 0.603465 0.197748 0.038482 0.047693
0 0.753690 0.137883 0.038767 0.049285
0 0.767239 0.216922 0.041135 0.045773
0 0.469061 0.320422 0.047074 0.051068
0 0.457426 0.258525 0.048148 0.051490
0 0.481517 0.383700 0.048084 0.045542
0 0.452951 0.227049 0.049443 0.047556
0 0.718939 0.239305 0.037913 0.044508
0 0.508519 0.531591 0.037408 0.047271
0 0.476395 0.355035 0.045936 0.044698
0 0.558575 0.737746 0.025180 0.029141
0 0.569140 0.301559 0.039051 0.050878
0 0.464333 0.290749 0.045147 0.045869
0 0.501831 0.494168 0.044706 0.054580
0 0.578937 0.639420 0.039905 0.055655
0 0.625234 0.319574 0.042053 0.056499
0 0.774890 0.256524 0.042337 0.058092
0 0.494148 0.451170 0.047423 0.058609
0 0.660128 0.218948 0.040474 0.058840
0 0.712252 0.201881 0.037188 0.051626
0 0.595245 0.154961 0.042402 0.064040
0 0.553944 0.718262 0.026034 0.033918
0 0.867126 0.177684 0.039997 0.039403
0 0.472978 0.635028 0.039400 0.058418
0 0.569610 0.593659 0.040474 0.058840
0 0.561884 0.260950 0.037188 0.051626
0 0.422959 0.361540 0.043127 0.056921
0 0.704284 0.157291 0.042622 0.059684
0 0.851824 0.098481 0.045560 0.059357
0 0.718904 0.535012 0.040474 0.058840
0 0.668380 0.265131 0.042622 0.059684
0 0.860724 0.141853 0.038831 0.055233
0 0.415244 0.315146 0.037757 0.054811
0 0.554201 0.217952 0.039905 0.055655
0 0.510440 0.278602 0.041263 0.057670
0 0.728593 0.576370 0.043916 0.055750
0 0.817357 0.201495 0.043127 0.056921
0 0.742426 0.657002 0.043696 0.060106
0 0.809674 0.158498 0.039400 0.058418
0 0.734775 0.617401 0.039336 0.052470
0 0.519197 0.321178 0.036398 0.052797
0 0.759478 0.179921 0.043127 0.056921
0 0.744649 0.093715 0.041612 0.065210
