0 0.2317327117327117 0.27510128002738843 0.020554260554260552 0.05031350844158725
0 0.3839005439005439 0.27591278822805915 0.021217301217301195 0.04544445923756269
0 0.32290080290080286 0.31811121466293885 0.019891219891219912 0.038952393632196554
0 0.2619010619010619 0.27510128002738843 0.01989121989121988 0.04706747563890421
0 0.2622325822325822 0.611065675105084 0.021880341880341898 0.043821442836221164
0 0.3534006734006734 0.31811121466293885 0.019891219891219912 0.04219842643487964
0 0.4750686350686351 0.27510128002738843 0.02055426055426052 0.043821442836221164
0 0.4452318052318052 0.31892272286360956 0.020554260554260583 0.04057541003353812
0 0.2622325822325822 0.6548871179413052 0.020554260554260552 0.04057541003353812
0 0.20056980056980056 0.6938395115735017 0.021880341880341898 0.0470674756389043
0 0.3232323232323232 0.27428977182671765 0.01922817922817918 0.04544445923756269
0 0.20056980056980056 0.317299706462268 0.01922817922817921 0.04057541003353808
0 0.2317327117327117 0.6524525933392928 0.020554260554260552 0.04219842643487964
0 0.1379124579124579 0.2775358046294007 0.019891219891219912 0.04219842643487964
0 0.10807562807562808 0.6987085607775263 0.019891219891219898 0.047067475638904115
0 0.20056980056980056 0.27591278822805915 0.01922817922817921 0.04544445923756269
0 0.3852266252266252 0.611065675105084 0.01856513856513857 0.04057541003353812
0 0.35273763273763276 0.35949813289714766 0.019891219891219912 0.04382144283622121
0 0.2317327117327117 0.6086311505030718 0.020554260554260552 0.045444459237562594
0 0.47705775705775705 0.6061966259010594 0.020554260554260583 0.043821442836221074
0 0.10807562807562808 0.611065675105084 0.021217301217301227 0.047067475638904115
0 0.4750686350686351 0.31892272286360956 0.01922817922817918 0.04057541003353812
0 0.4144004144004144 0.317299706462268 0.019891219891219912 0.04057541003353808
0 0.20123284123284121 0.6086311505030717 0.01922817922817924 0.04869049204024573
0 0.16973840973840973 0.31892272286360956 0.022543382543382538 0.043821442836221164
0 0.38489510489510487 0.6508295769379512 0.01922817922817924 0.038952393632196415
0 0.2317327117327117 0.3578751164958061 0.020554260554260552 0.0503135084415873
0 0.20056980056980056 0.6524525933392928 0.020554260554260552 0.0389523936321966
0 0.4236829836829837 0.6508295769379512 0.013260813260813254 0.035706360829513374
0 0.16973840973840973 0.27834731283007147 0.021217301217301195 0.03732937723085508
0 0.5062315462315462 0.2767242964287299 0.01922817922817924 0.04057541003353812
0 0.26985754985754984 0.48365888759977427 0.01591297591297591 0.03570636082951356
0 0.07724423724423723 0.27591278822805915 0.02188034188034188 0.04544445923756269
0 0.4452318052318052 0.3586866246964769 0.01922817922817924 0.03895239363219651
0 0.3839005439005439 0.31811121466293885 0.019891219891219912 0.04219842643487964
0 0.04541828541828542 0.27428977182671765 0.021880341880341877 0.04869049204024573
0 0.2927324527324528 0.23290285359250876 0.0258585858585859 0.03732937723085508
0 0.42268842268842266 0.6897819705701479 0.012597772597772582 0.03246032802683042
0 0.1094017094017094 0.5591291502621552 0.01591297591297591 0.03083731162548881
0 0.47639471639471637 0.6548871179413052 0.01922817922817924 0.03408334442817204
0 0.2943900543900544 0.36112114929848915 0.02784770784770779 0.034083344428171944
0 0.2930639730639731 0.3367759032783664 0.025195545195545226 0.03732937723085503
0 0.2924009324009324 0.4787898383957498 0.02254338254338257 0.04219842643487964
0 0.3225692825692825 0.36112114929848915 0.02055426055426052 0.04382144283622112
0 0.20056980056980056 0.35868662469647694 0.021880341880341898 0.04544445923756269
0 0.07624967624967625 0.35868662469647694 0.022543382543382545 0.04544445923756269
0 0.13724941724941725 0.31811121466293885 0.021217301217301227 0.038952393632196554
0 0.2619010619010619 0.31729970646226807 0.01989121989121988 0.03732937723085508
0 0.10774410774410774 0.27428977182671765 0.020554260554260552 0.04544445923756269
0 0.34610722610722605 0.48284737939910355 0.013260813260813254 0.030837311625488997
0 0.32290080290080286 0.6946510197741724 0.019891219891219912 0.04869049204024582
0 0.2556021756021756 0.44146046116489474 0.012597772597772613 0.03570636082951356
0 0.10741258741258741 0.31811121466293885 0.02121730121730121 0.04219842643487964
0 0.4750686350686351 0.36112114929848915 0.01922817922817918 0.04382144283622112
0 0.5055685055685056 0.317299706462268 0.01922817922817924 0.04057541003353808
0 0.25560217560217563 0.522611281231971 0.013923853923853926 0.03570636082951356
0 0.25560217560217563 0.40088505113135653 0.013923853923853926 0.03570636082951356
0 0.42268842268842266 0.6086311505030717 0.012597772597772582 0.035706360829513464
0 0.2556021756021756 0.48365888759977427 0.012597772597772613 0.03246032802683052
0 0.47639471639471637 0.6905934787708187 0.01922817922817924 0.04057541003353822
0 0.42268842268842266 0.48203587119843283 0.013923853923853926 0.03570636082951356
0 0.40843304843304845 0.6078196423024009 0.014586894586894534 0.03732937723085499
0 0.07658119658119658 0.31811121466293885 0.020554260554260552 0.038952393632196554
0 0.04674436674436674 0.6970855443761848 0.021880341880341873 0.043821442836221074
0 0.1379124579124579 0.35868662469647694 0.02121730121730124 0.04219842643487969
0 0.3242268842268843 0.6508295769379512 0.018565138565138504 0.035706360829513374
0 0.2622325822325822 0.3562521000944646 0.021880341880341898 0.043821442836221074
0 0.4081015281015281 0.6492065605366099 0.013923853923853926 0.03246032802683033
0 0.2927324527324528 0.16879370573951857 0.0258585858585859 0.0389523936321966
0 0.06928774928774929 0.5696787568708752 0.013923853923853934 0.04219842643487964
0 0.3242268842268842 0.6078196423024009 0.017239057239057224 0.04706747563890421
0 0.10774410774410774 0.36112114929848915 0.01922817922817924 0.04382144283622112
0 0.23173271173271173 0.31729970646226807 0.01922817922817924 0.03408334442817204
0 0.06995078995078995 0.4430834775662361 0.012597772597772606 0.03570636082951356
0 0.16907536907536908 0.23533737819452105 0.021217301217301227 0.04219842643487964
0 0.10807562807562808 0.6556986261419759 0.022543382543382538 0.04219842643487964
0 0.39152551152551157 0.48365888759977427 0.013923853923853926 0.03570636082951356
0 0.40710696710696714 0.4016965593320273 0.011934731934731909 0.03408334442817204
0 0.046081326081326084 0.6118771833057547 0.021880341880341884 0.04219842643487964
0 0.08553224553224555 0.6540756097406343 0.01326081326081327 0.03246032802683033
0 0.2622325822325822 0.6954625279748433 0.021880341880341898 0.04057541003353803
0 0.2556021756021756 0.7336034134063691 0.012597772597772613 0.03246032802683052
0 0.2317327117327117 0.6914049869714893 0.020554260554260552 0.04219842643487974
0 0.3832375032375032 0.35868662469647694 0.01989121989121985 0.04219842643487969
0 0.34677026677026673 0.5696787568708752 0.013260813260813254 0.03246032802683061
0 0.34643874643874645 0.39926203473001504 0.012597772597772582 0.03246032802683052
0 0.42268842268842266 0.5656212158675213 0.012597772597772582 0.03408334442817204
0 0.5373944573944573 0.2726667554253761 0.020554260554260583 0.03570636082951356
0 0.504905464905465 0.3578751164958061 0.01922817922817924 0.04057541003353808
0 0.07061383061383061 0.6954625279748433 0.013923853923853919 0.03732937723085499
0 0.046081326081326084 0.31973423106428034 0.0232064232064232 0.0389523936321966
0 0.4144004144004144 0.3570636082951354 0.019891219891219912 0.04219842643487955
0 0.29339549339549337 0.5177422320279463 0.016576016576016553 0.035706360829513464
0 0.2556021756021756 0.5688672486702044 0.012597772597772613 0.03408334442817213
0 0.3474333074333074 0.6102541669044133 0.013260813260813254 0.03246032802683042
0 0.3911939911939912 0.40007354293068575 0.011934731934731909 0.03408334442817204
0 0.0842061642061642 0.40331957573336885 0.014586894586894583 0.03732937723085508
0 0.38489510489510487 0.6905934787708187 0.02188034188034193 0.04382144283622126
0 0.16907536907536908 0.18826990255561685 0.022543382543382538 0.055182557645611814
0 0.36301476301476304 0.5672442322688629 0.013923853923853926 0.030837311625488997
0 0.3762755762755763 0.48365888759977427 0.0112716912716913 0.03246032802683052
0 0.06995078995078995 0.774990331640578 0.013923853923853926 0.03732937723085517
0 0.04541828541828542 0.35868662469647694 0.02320642320642321 0.04544445923756269
0 0.08486920486920486 0.5242342976333124 0.011934731934731942 0.03570636082951356
0 0.3616886816886817 0.48284737939910355 0.012597772597772582 0.030837311625488997
0 0.06928774928774929 0.48365888759977427 0.012597772597772597 0.03246032802683052
0 0.2691945091945092 0.44146046116489474 0.013260813260813254 0.03570636082951356
0 0.08553224553224555 0.6102541669044133 0.01326081326081327 0.035706360829513464
0 0.36301476301476304 0.6102541669044133 0.013923853923853926 0.03246032802683042
0 0.2691945091945092 0.4016965593320273 0.013260813260813254 0.03408334442817204
0 0.07061383061383061 0.7344149216070398 0.013923853923853919 0.03408334442817204
0 0.5367314167314168 0.19070442715762911 0.02188034188034193 0.05031350844158723
0 0.06928774928774929 0.6118771833057547 0.012597772597772597 0.035706360829513464
0 0.046081326081326084 0.6540756097406345 0.021880341880341884 0.04219842643487964
0 0.34643874643874645 0.5217997730313002 0.012597772597772582 0.03408334442817204
0 0.5370629370629371 0.3164881982615973 0.021217301217301258 0.04544445923756269
0 0.0842061642061642 0.4844703958004451 0.01326081326081327 0.03408334442817204
0 0.06928774928774929 0.4025080675326981 0.013923853923853934 0.03570636082951356
0 0.06928774928774929 0.5242342976333124 0.013923853923853934 0.03570636082951356
0 0.4077700077700078 0.5672442322688629 0.014586894586894598 0.030837311625488997
0 0.361025641025641 0.4398374447635531 0.012597772597772582 0.03246032802683052
0 0.08486920486920486 0.44227196936556545 0.011934731934731942 0.03408334442817204
0 0.08486920486920486 0.6954625279748433 0.011934731934731942 0.030837311625488903
0 0.37693861693861697 0.3976390183286735 0.0112716912716913 0.029214295224147476
0 0.4223569023569024 0.4016965593320273 0.011934731934731973 0.03408334442817204
0 0.4233514633514633 0.5250458058339832 0.013923853923853926 0.03732937723085508
0 0.40843304843304845 0.5242342976333124 0.013260813260813317 0.0389523936321966
0 0.3911939911939912 0.4406489529642239 0.011934731934731909 0.03732937723085508
0 0.40710696710696714 0.43902593656288236 0.011934731934731909 0.030837311625488997
0 0.3613571613571614 0.40007354293068575 0.011934731934731909 0.030837311625488997
0 0.03812483812483812 0.4016965593320273 0.013923853923853922 0.03408334442817204
0 0.2705205905205905 0.5217997730313002 0.014586894586894598 0.030837311625488997
0 0.25560217560217563 0.7701212824365534 0.013923853923853926 0.03408334442817204
0 0.038456358456358454 0.4455180021682485 0.013260813260813254 0.03732937723085508
0 0.4223569023569024 0.4382144283622117 0.011934731934731973 0.03246032802683052
0 0.36235172235172236 0.5274803304359954 0.012597772597772644 0.03570636082951356
0 0.2705205905205905 0.5672442322688629 0.013260813260813254 0.04057541003353822
0 0.05337477337477337 0.40331957573336885 0.013923853923853926 0.03732937723085508
0 0.06995078995078995 0.6532641015399636 0.012597772597772606 0.03083731162548881
0 0.08486920486920486 0.7336034134063691 0.011934731934731942 0.03246032802683052
0 0.2701890701890702 0.7311688888043568 0.012597772597772582 0.030837311625488997
0 0.0852007252007252 0.8147542334734453 0.012597772597772597 0.03246032802683052
0 0.0852007252007252 0.774990331640578 0.012597772597772597 0.03408334442817213
0 0.40777000777000777 0.48284737939910355 0.011934731934731973 0.030837311625488997
0 0.053706293706293706 0.4430834775662361 0.013260813260813261 0.03246032802683052
0 0.2924009324009324 0.13471036131134653 0.02784770784770782 0.03246032802683049
0 0.34643874643874645 0.4406489529642239 0.012597772597772582 0.03732937723085508
0 0.3762755762755763 0.4398374447635531 0.0112716912716913 0.03246032802683052
0 0.08486920486920486 0.5680557404695337 0.011934731934731942 0.0389523936321967
0 0.07061383061383061 0.8139427252727746 0.012597772597772597 0.030837311625488997
0 0.301020461020461 0.730357380603686 0.013260813260813254 0.02596826242146443
0 0.2924009324009324 0.2028770501676906 0.02784770784770782 0.029214295224147407
0 0.2930639730639731 0.29944652604751126 0.02784770784770779 0.04057541003353812
0 0.3921885521885522 0.525857314034654 0.012597772597772582 0.03570636082951356
0 0.2705205905205905 0.7693097742358825 0.013260813260813254 0.02921429522414757
0 0.5367314167314168 0.23452586999385028 0.02188034188034193 0.03732937723085508
0 0.2924009324009324 0.2677977062213516 0.02652162652162657 0.03246032802683047
0 0.4465578865578866 0.6914049869714893 0.02055426055426052 0.04544445923756278
0 0.1379124579124579 0.23290285359250876 0.019891219891219912 0.04706747563890421
0 0.3534006734006734 0.27428977182671765 0.019891219891219912 0.04544445923756269
0 0.5062315462315462 0.23371436179317953 0.02055426055426052 0.04544445923756269
0 0.4452318052318052 0.6070081341017302 0.01922817922817924 0.045444459237562594
0 0.4449002849002849 0.27510128002738843 0.019891219891219912 0.043821442836221164
0 0.41373737373737374 0.27510128002738843 0.019891219891219912 0.043821442836221164
0 0.4458948458948459 0.6516410851386222 0.01922817922817924 0.04057541003353812
0 0.2924009324009324 0.43740292016154086 0.023869463869463883 0.043821442836221164
