0 0.16973125884016974 0.13924050632911392 0.015388967468175387 0.03127326880119134
0 0.4575954738330977 0.4884586746090842 0.024441301272984432 0.02978406552494414
0 0.37793493635077796 0.3685778108711839 0.02263083451202263 0.03127326880119134
0 0.17878359264497878 0.5145197319434103 0.020820367751060827 0.03127326880119134
0 0.1385007072135785 0.48622486969471335 0.02534653465346535 0.03127326880119134
0 0.2588967468175389 0.39612807148175727 0.02353606789250353 0.026805658972449735
0 0.37793493635077796 0.3387937453462398 0.02263083451202263 0.03127326880119134
0 0.4575954738330977 0.4601638123603873 0.024441301272984432 0.02978406552494405
0 0.4186704384724187 0.3104988830975428 0.024441301272984505 0.03127326880119143
0 0.058840169731258836 0.7550260610573343 0.027157001414427152 0.03276247207743854
0 0.5386138613861386 0.4296351451973195 0.02534653465346537 0.03127326880119152
0 0.1299009900990099 0.17200297840655251 0.01719943422913721 0.02829486224869698
0 0.4580480905233381 0.398361876396128 0.02353606789250357 0.028294862248696935
0 0.49787835926449786 0.40059568131049883 0.023536067892503496 0.02978406552494414
0 0.30008486562942005 0.3387937453462398 0.02263083451202263 0.03127326880119134
0 0.45714285714285713 0.7587490692479523 0.02534653465346537 0.03425167535368583
0 0.13895332390381895 0.577066269545793 0.024441301272984432 0.03127326880119134
0 0.16973125884016974 0.20402084884586746 0.019009900990099027 0.026805658972449735
0 0.5377086280056577 0.40059568131049883 0.02353606789250357 0.02978406552494414
0 0.3774823196605375 0.39761727475800446 0.02353606789250357 0.02978406552494414
0 0.3770297029702971 0.27848101265822783 0.024441301272984432 0.0327624720774385
0 0.4182178217821783 0.5785554728220402 0.0253465346534653 0.03127326880119125
0 0.25844413012729844 0.4281459419210723 0.02263083451202263 0.03127326880119143
0 0.3774823196605375 0.5465376023827253 0.02353606789250357 0.03276247207743863
0 0.45714285714285713 0.6381236038719287 0.02534653465346537 0.03127326880119125
0 0.4182178217821783 0.3387937453462398 0.0253465346534653 0.028294862248696935
0 0.1692786421499293 0.10796723752792256 0.018104667609618125 0.028294862248696935
0 0.1299009900990099 0.20476545048399106 0.01719943422913721 0.03127326880119134
0 0.17878359264497878 0.30677587490692476 0.026251768033946233 0.03276247207743859
0 0.49787835926449786 0.4296351451973195 0.023536067892503496 0.03127326880119152
0 0.5770862800565771 0.27848101265822783 0.024441301272984432 0.0327624720774385
0 0.3770297029702971 0.5182427401340283 0.024441301272984432 0.02978406552494414
0 0.49787835926449786 0.637379002233805 0.02534653465346537 0.03276247207743854
0 0.4186704384724187 0.3700670141474311 0.024441301272984505 0.03127326880119134
0 0.3774823196605375 0.4594192107222636 0.02353606789250357 0.03127326880119134
0 0.4575954738330977 0.2799702159344751 0.024441301272984432 0.03276247207743854
0 0.4974257425742574 0.27848101265822783 0.024441301272984432 0.0327624720774385
0 0.4575954738330977 0.3700670141474311 0.024441301272984432 0.03127326880119134
0 0.4983309759547383 0.4609084139985109 0.024441301272984432 0.03127326880119125
0 0.21861386138613859 0.3380491437081161 0.02625176803394627 0.03276247207743859
0 0.5381612446958982 0.3112434847356664 0.024441301272984505 0.03276247207743863
0 0.2996322489391796 0.36932241250930753 0.02353606789250353 0.02978406552494414
0 0.37793493635077796 0.4288905435591959 0.02263083451202263 0.03276247207743872
0 0.13895332390381895 0.3052866716306776 0.026251768033946254 0.03276247207743854
0 0.3770297029702971 0.4884586746090842 0.024441301272984432 0.026805658972449735
0 0.4983309759547383 0.5785554728220402 0.026251768033946233 0.03127326880119125
0 0.2991796322489392 0.5160089352196575 0.024441301272984432 0.02531645569620253
0 0.0583875530410184 0.6954579300074459 0.024441301272984443 0.026805658972449825
0 0.6083168316831683 0.6366344005956813 0.014483734087694487 0.022338049143708127
0 0.577991513437058 0.3700670141474311 0.024441301272984432 0.03127326880119134
0 0.05884016973125885 0.5450483991064781 0.02534653465346534 0.02978406552494414
0 0.19009900990099013 0.07446016381236037 0.014483734087694522 0.023827252419955296
0 0.6169165487977369 0.6976917349218167 0.024441301272984432 0.03127326880119143
0 0.10953323903818953 0.07222635889798956 0.01629420084865629 0.028294862248696925
0 0.3774823196605375 0.7289650037230082 0.02353606789250357 0.03127326880119134
0 0.06879773691654881 0.06999255398361877 0.014483734087694496 0.02680565897244971
0 0.4575954738330977 0.727475800446761 0.024441301272984432 0.028294862248696935
0 0.41821782178217815 0.40059568131049883 0.021725601131541695 0.02978406552494414
0 0.17923620933521925 0.45495160089352193 0.025346534653465334 0.03127326880119143
0 0.10998585572842998 0.13998510796723754 0.017199434229137188 0.026805658972449735
0 0.4182178217821783 0.5480268056589724 0.0253465346534653 0.026805658972449735
0 0.37793493635077796 0.7565152643335815 0.024441301272984432 0.03276247207743863
0 0.29872701555869874 0.637379002233805 0.02353606789250353 0.026805658972449825
0 0.058387553041018385 0.2747580044676098 0.02263083451202263 0.031273268801191384
0 0.049335219236209336 0.06999255398361877 0.0171994342291372 0.029784065524944163
0 0.6169165487977369 0.7282204020848846 0.026251768033946233 0.03276247207743854
0 0.06879773691654881 0.1705137751303053 0.016294200848656307 0.02531645569620253
0 0.6178217821782178 0.6098287416232315 0.026251768033946233 0.03127326880119143
0 0.5386138613861386 0.6656738644825019 0.02534653465346537 0.02978406552494423
0 0.05884016973125885 0.6358897989575577 0.02534653465346534 0.02978406552494414
0 0.21816124469589815 0.5740878629932986 0.02353606789250357 0.028294862248696935
0 0.10998585572842998 0.20327624720774384 0.015388967468175387 0.022338049143708127
0 0.17878359264497878 0.5457930007446017 0.02263083451202263 0.03127326880119134
0 0.19009900990099013 0.1720029784065525 0.014483734087694522 0.022338049143708127
0 0.058387553041018385 0.6641846612062547 0.026251768033946254 0.03276247207743863
0 0.37793493635077796 0.6679076693968727 0.02263083451202263 0.03127326880119125
0 0.5381612446958982 0.5189873417721519 0.026251768033946233 0.03127326880119134
0 0.05884016973125885 0.42442293373045425 0.02353606789250354 0.02978406552494414
0 0.6178217821782178 0.5189873417721519 0.026251768033946233 0.03127326880119134
0 0.057934936350777934 0.39612807148175727 0.02534653465346535 0.02978406552494414
0 0.29827439886845825 0.5465376023827253 0.026251768033946233 0.03276247207743863
0 0.577991513437058 0.759493670886076 0.024441301272984432 0.02978406552494423
0 0.10998585572842998 0.10647803425167536 0.015388967468175387 0.02531645569620253
0 0.577991513437058 0.6656738644825019 0.024441301272984432 0.02978406552494423
0 0.5788967468175389 0.33953834698436336 0.02263083451202263 0.02978406552494414
0 0.4168599717114569 0.6358897989575577 0.026251768033946233 0.03574087862993304
0 0.29736916548797737 0.6969471332836933 0.024441301272984432 0.03276247207743845
0 0.1896463932107496 0.13998510796723754 0.015388967468175458 0.03276247207743856
0 0.23038189533239037 0.13998510796723754 0.017199434229137226 0.026805658972449735
0 0.577991513437058 0.6061057334326135 0.024441301272984432 0.02978406552494423
0 0.2593493635077794 0.483246463142219 0.024441301272984432 0.022338049143708127
0 0.048429985855728434 0.20327624720774382 0.0171994342291372 0.031273268801191384
0 0.08916548797736916 0.20402084884586746 0.01719943422913721 0.026805658972449735
0 0.6182743988684583 0.4609084139985109 0.0253465346534653 0.03127326880119125
0 0.17878359264497878 0.5740878629932986 0.026251768033946233 0.03127326880119134
0 0.06879773691654881 0.10349962769918093 0.016294200848656307 0.02829486224869696
0 0.2978217821782178 0.6068503350707372 0.02353606789250353 0.03127326880119152
0 0.17878359264497878 0.727475800446761 0.026251768033946233 0.03127326880119134
0 0.2299292786421499 0.17200297840655246 0.018104667609618125 0.03127326880119132
0 0.17923620933521925 0.3655994043186895 0.025346534653465334 0.03127326880119134
0 0.5381612446958982 0.3700670141474311 0.024441301272984505 0.03127326880119134
0 0.21861386138613859 0.48771407297096053 0.024441301272984467 0.03127326880119134
0 0.6178217821782178 0.2799702159344751 0.024441301272984432 0.03276247207743854
0 0.23038189533239037 0.10722263588979895 0.019009900990099027 0.02978406552494415
0 0.058387553041018385 0.3343261355174982 0.026251768033946254 0.031273268801191384
0 0.4575954738330977 0.5785554728220402 0.024441301272984432 0.03127326880119125
0 0.09867043847241867 0.30677587490692476 0.02534653465346535 0.03276247207743859
0 0.12944837340876944 0.10796723752792256 0.016294200848656307 0.028294862248696935
0 0.4575954738330977 0.6679076693968727 0.024441301272984432 0.03127326880119125
0 0.4575954738330977 0.6090841399851079 0.024441301272984432 0.02978406552494414
0 0.4575954738330977 0.3387937453462398 0.024441301272984432 0.028294862248696935
0 0.4177652050919378 0.4601638123603873 0.024441301272984363 0.03276247207743854
0 0.1498161244695898 0.10722263588979895 0.017199434229137188 0.02978406552494415
0 0.09867043847241867 0.2472077438570365 0.027157001414427152 0.03276247207743859
0 0.13035360678925034 0.13998510796723754 0.016294200848656307 0.03276247207743856
0 0.4585007072135785 0.4288905435591959 0.024441301272984432 0.03276247207743872
0 0.33900990099009903 0.2457185405807893 0.024441301272984432 0.029784065524944184
0 0.3480622347949081 0.4929262844378257 0.015388967468175353 0.020848845867460924
0 0.348967468175389 0.5130305286671631 0.015388967468175495 0.01935964259121372
0 0.33946251768033947 0.4288905435591958 0.023536067892503496 0.020848845867460834
0 0.33946251768033947 0.3142218912881608 0.0253465346534653 0.01489203276247207
0 0.33946251768033947 0.3462397617274758 0.023536067892503496 0.01638123603871927
0 0.33946251768033947 0.2740134028294862 0.023536067892503496 0.026805658972449735
0 0.3385572842998586 0.2970960536113179 0.0253465346534653 0.01935964259121368
0 0.3476096181046677 0.7572598659717051 0.014483734087694487 0.022338049143708127
0 0.33946251768033947 0.44378257632166784 0.021725601131541764 0.008935219657483215
0 0.33946251768033947 0.3626209977661951 0.023536067892503496 0.01638123603871927
0 0.3385572842998586 0.33060312732688013 0.02353606789250357 0.01787043931496652
0 0.21861386138613859 0.4236783320923306 0.024441301272984467 0.03127326880119143
0 0.6268741159830269 0.6656738644825019 0.017199434229137153 0.02978406552494423
0 0.29827439886845825 0.6656738644825019 0.02263083451202263 0.02978406552494423
0 0.3480622347949081 0.4720774385703649 0.015388967468175353 0.020848845867460924
0 0.17923620933521925 0.4839910647803425 0.01991513437057993 0.023827252419955328
0 0.6169165487977369 0.7565152643335815 0.026251768033946233 0.03276247207743863
0 0.6087694483734087 0.6649292628443783 0.015388967468175353 0.022338049143708127
0 0.08916548797736916 0.07148175725986597 0.01719943422913721 0.026805658972449745
0 0.257991513437058 0.6976917349218167 0.02353606789250353 0.028294862248697025
0 0.4177652050919377 0.727475800446761 0.026251768033946306 0.03127326880119134
0 0.0583875530410184 0.573343261355175 0.024441301272984443 0.026805658972449735
0 0.17878359264497878 0.42293373045420696 0.026251768033946233 0.026805658972449735
0 0.1308062234794908 0.07446016381236037 0.015388967468175387 0.023827252419955296
0 0.4177652050919378 0.6098287416232318 0.024441301272984363 0.02531645569620262
0 0.33946251768033947 0.4065524944154877 0.023536067892503496 0.023827252419955373
0 0.3399151343705799 0.6738644825018615 0.02263083451202263 0.022338049143708218
0 0.6277793493635078 0.6366344005956813 0.015388967468175353 0.02531645569620262
0 0.41821782178217815 0.42889054355919576 0.021725601131541695 0.026805658972449735
0 0.3471570014144272 0.7334326135517498 0.015388967468175424 0.022338049143708037
0 0.3480622347949081 0.5517498138495905 0.015388967468175353 0.022338049143708218
0 0.21861386138613859 0.4489947877885332 0.028062234794908106 0.046165301563663365
0 0.5775388967468176 0.5197319434102755 0.02353606789250357 0.026805658972449825
0 0.25753889674681757 0.6686522710349962 0.024441301272984432 0.02978406552494405
0 0.3480622347949081 0.5309009679821295 0.015388967468175353 0.016381236038719226
0 0.17968882602545969 0.39687267311988084 0.02625176803394627 0.03127326880119134
0 0.577991513437058 0.48920327624720783 0.024441301272984432 0.03127326880119143
0 0.21816124469589815 0.5457930007446017 0.02353606789250357 0.03127326880119134
0 0.048882602545968885 0.10275502606105733 0.01629420084865629 0.02680565897244971
0 0.13850070721357852 0.7244973938942666 0.02353606789250353 0.028294862248696935
0 0.13940594059405942 0.336559940431869 0.02353606789250353 0.026805658972449735
0 0.4177652050919377 0.6976917349218167 0.026251768033946306 0.03127326880119143
0 0.5775388967468176 0.5785554728220402 0.02353606789250357 0.028294862248697025
0 0.049335219236209336 0.13626209977661952 0.0171994342291372 0.02829486224869696
0 0.059745403111739745 0.5145197319434103 0.02534653465346534 0.03127326880119134
0 0.6178217821782178 0.3700670141474311 0.024441301272984432 0.028294862248696935
0 0.6173691654879774 0.34177215189873417 0.02534653465346537 0.03127326880119134
0 0.5377086280056578 0.637379002233805 0.02534653465346537 0.03276247207743854
0 0.5381612446958982 0.7565152643335815 0.024441301272984505 0.02978406552494414
0 0.1498161244695898 0.20402084884586746 0.015388967468175387 0.026805658972449735
0 0.21861386138613859 0.7565152643335815 0.024441301272984467 0.02978406552494414
0 0.2593493635077794 0.33730454206999255 0.02263083451202263 0.028294862248696935
0 0.25753889674681757 0.7565152643335815 0.02263083451202263 0.02978406552494414
0 0.06743988684582744 0.20327624720774382 0.017199434229137216 0.031273268801191384
0 0.048429985855728434 0.17125837676842887 0.0171994342291372 0.03276247207743854
0 0.41821782178217815 0.5197319434102755 0.0271570014144271 0.03276247207743854
0 0.6182743988684583 0.4884586746090842 0.0253465346534653 0.02978406552494414
0 0.17833097595473832 0.60536113179449 0.025346534653465334 0.03127326880119143
0 0.17878359264497878 0.33730454206999255 0.024441301272984432 0.031273268801191384
0 0.21816124469589815 0.5160089352196575 0.02353606789250357 0.028294862248696935
0 0.49787835926449786 0.6693968726731198 0.02534653465346537 0.02829486224869685
0 0.257991513437058 0.637379002233805 0.025346534653465334 0.03276247207743854
0 0.0583875530410184 0.45569620253164556 0.024441301272984443 0.03276247207743863
0 0.2095615275813296 0.13924050632911392 0.015388967468175387 0.03127326880119134
0 0.2593493635077794 0.3052866716306776 0.02263083451202263 0.03276247207743854
0 0.14936350777934937 0.07520476545048399 0.018104667609618107 0.02829486224869695
0 0.257991513437058 0.727475800446761 0.025346534653465334 0.028294862248696935
0 0.06879773691654881 0.13849590469099032 0.016294200848656307 0.02978406552494414
0 0.49787835926449786 0.5182427401340283 0.023536067892503496 0.02978406552494414
0 0.1385007072135785 0.6656738644825019 0.02534653465346535 0.02978406552494423
0 0.17742574257425744 0.6381236038719287 0.02353606789250353 0.03127326880119125
0 0.1385007072135785 0.7542814594192107 0.02534653465346535 0.03127326880119134
0 0.25844413012729844 0.5472822040208488 0.026251768033946233 0.03127326880119143
0 0.49787835926449786 0.6969471332836932 0.02534653465346537 0.02978406552494423
0 0.3774823196605375 0.7006701414743113 0.02353606789250357 0.03127326880119134
0 0.13804809052333805 0.39612807148175727 0.02444130127298445 0.02978406552494414
0 0.2996322489391796 0.39761727475800446 0.02353606789250353 0.026805658972449735
0 0.059745403111739745 0.4839910647803425 0.02534653465346534 0.02978406552494414
0 0.5775388967468176 0.5472822040208488 0.02353606789250357 0.03127326880119143
0 0.09912305516265914 0.27773641102010427 0.02444130127298445 0.028294862248696935
0 0.057934936350777934 0.7237527922561429 0.02534653465346535 0.02978406552494414
0 0.4983309759547383 0.4884586746090842 0.024441301272984432 0.026805658972449735
0 0.21861386138613859 0.6366344005956813 0.024441301272984467 0.03127326880119134
0 0.08916548797736916 0.10349962769918093 0.01719943422913721 0.02829486224869696
0 0.21816124469589815 0.39687267311988084 0.02534653465346537 0.03127326880119134
0 0.2588967468175389 0.45644080416976923 0.02353606789250353 0.028294862248697025
0 0.13850070721357852 0.45569620253164556 0.02353606789250353 0.026805658972449825
0 0.2095615275813296 0.20402084884586746 0.015388967468175387 0.026805658972449735
0 0.4974257425742574 0.7282204020848846 0.024441301272984432 0.026805658972449735
0 0.5381612446958982 0.34177215189873417 0.024441301272984505 0.028294862248696935
0 0.21816124469589815 0.6656738644825019 0.02353606789250357 0.02978406552494423
0 0.17878359264497878 0.6962025316455697 0.024441301272984432 0.028294862248697025
0 0.577991513437058 0.637379002233805 0.024441301272984432 0.03276247207743854
0 0.21816124469589815 0.36932241250930753 0.02534653465346537 0.026805658972449735
0 0.577991513437058 0.727475800446761 0.024441301272984432 0.03127326880119134
0 0.4182178217821783 0.7565152643335815 0.0253465346534653 0.03276247207743863
0 0.5775388967468176 0.6976917349218167 0.0253465346534653 0.03127326880119143
0 0.08916548797736916 0.13849590469099032 0.01719943422913721 0.02978406552494414
0 0.6187270155586987 0.4296351451973195 0.026251768033946233 0.03127326880119152
0 0.13940594059405942 0.5457930007446017 0.02353606789250353 0.03127326880119134
0 0.2978217821782178 0.5785554728220402 0.02353606789250353 0.03127326880119125
0 0.1489108910891089 0.13998510796723754 0.01719943422913721 0.026805658972449735
0 0.08916548797736916 0.17125837676842892 0.01719943422913721 0.029784065524944184
0 0.058840169731258836 0.3655994043186895 0.027157001414427152 0.03127326880119134
0 0.25844413012729844 0.5137751303052868 0.026251768033946233 0.03574087862993295
0 0.2588967468175389 0.3663440059568131 0.02172560113154173 0.02978406552494414
0 0.4177652050919377 0.6679076693968727 0.026251768033946306 0.03127326880119125
0 0.2095615275813296 0.07520476545048399 0.019009900990098992 0.02829486224869695
0 0.5381612446958982 0.6962025316455697 0.026251768033946233 0.03127326880119125
0 0.17018387553041017 0.0759493670886076 0.018104667609618125 0.026805658972449735
0 0.4182178217821783 0.4884586746090842 0.0253465346534653 0.02978406552494414
0 0.49787835926449786 0.7565152643335815 0.0271570014144271 0.03276247207743863
0 0.6178217821782178 0.5785554728220402 0.024441301272984432 0.03127326880119125
0 0.2991796322489392 0.45644080416976923 0.024441301272984432 0.028294862248697025
0 0.16973125884016974 0.17200297840655251 0.015388967468175387 0.02829486224869698
0 0.4575954738330977 0.6976917349218169 0.024441301272984432 0.03425167535368566
0 0.4974257425742574 0.5472822040208488 0.024441301272984432 0.03127326880119143
0 0.5784441301272985 0.3104988830975428 0.023536067892503496 0.03127326880119143
0 0.3774823196605375 0.6366344005956813 0.02353606789250357 0.03127326880119134
0 0.5775388967468176 0.4296351451973194 0.0253465346534653 0.028294862248697025
0 0.49787835926449786 0.36932241250930753 0.023536067892503496 0.03276247207743854
0 0.21861386138613859 0.727475800446761 0.024441301272984467 0.03127326880119134
0 0.1489108910891089 0.1727475800446761 0.01719943422913721 0.02680565897244978
0 0.058387553041018385 0.6046165301563664 0.026251768033946254 0.03276247207743863
0 0.05884016973125885 0.3052866716306776 0.02534653465346534 0.02978406552494414
0 0.5381612446958982 0.2792256142963514 0.02263083451202263 0.031273268801191294
0 0.10998585572842998 0.1720029784065525 0.017199434229137188 0.02531645569620253
0 0.13895332390381895 0.637379002233805 0.024441301272984432 0.03276247207743854
0 0.3774823196605375 0.6061057334326135 0.02353606789250357 0.02978406552494423
0 0.21906647807637905 0.30454206999255395 0.02715700141442717 0.03425167535368575
0 0.1896463932107496 0.20402084884586746 0.017199434229137188 0.026805658972449735
0 0.17833097595473832 0.6656738644825019 0.025346534653465334 0.02978406552494423
0 0.5377086280056578 0.727475800446761 0.02534653465346537 0.03127326880119134
0 0.6173691654879774 0.31198808637379005 0.023536067892503496 0.031273268801191384
0 0.2996322489391796 0.4884586746090842 0.025346534653465334 0.026805658972449735
0 0.13895332390381895 0.3648548026805659 0.024441301272984432 0.03276247207743854
0 0.17833097595473832 0.7557706626954579 0.025346534653465334 0.03127326880119134
0 0.4983309759547383 0.3387937453462398 0.024441301272984432 0.02531645569620253
0 0.4575954738330977 0.31198808637379005 0.024441301272984432 0.031273268801191384
0 0.13895332390381895 0.60536113179449 0.024441301272984432 0.03127326880119143
0 0.13940594059405942 0.5160089352196575 0.02353606789250353 0.03127326880119134
0 0.5386138613861386 0.5472822040208488 0.02534653465346537 0.028294862248696935
0 0.23038189533239037 0.0744601638123604 0.019009900990099027 0.02978406552494415
0 0.1385007072135785 0.6962025316455697 0.02534653465346535 0.03127326880119125
0 0.21816124469589815 0.6962025316455697 0.02534653465346537 0.03127326880119125
0 0.5377086280056578 0.6068503350707372 0.02534653465346537 0.03127326880119152
0 0.21861386138613859 0.60536113179449 0.02625176803394627 0.03127326880119143
0 0.19009900990099005 0.10722263588979895 0.016294200848656324 0.02978406552494415
0 0.3774823196605375 0.5785554728220402 0.02353606789250357 0.028294862248697025
0 0.13804809052333805 0.42442293373045425 0.02263083451202263 0.02978406552494414
0 0.2095615275813296 0.10647803425167536 0.015388967468175387 0.02829486224869695
0 0.5381612446958982 0.48920327624720783 0.026251768033946233 0.03127326880119143
0 0.25844413012729844 0.5778108711839166 0.024441301272984432 0.02978406552494405
0 0.49787835926449786 0.6098287416232315 0.02534653465346537 0.02829486224869685
0 0.5377086280056578 0.5785554728220402 0.02534653465346537 0.03127326880119125
0 0.5381612446958982 0.4609084139985109 0.026251768033946233 0.03127326880119125
0 0.6178217821782178 0.40059568131049883 0.024441301272984432 0.03276247207743854
0 0.257991513437058 0.60536113179449 0.025346534653465334 0.03127326880119143
0 0.2095615275813296 0.17200297840655251 0.015388967468175387 0.02829486224869698
0 0.6178217821782178 0.5480268056589724 0.024441301272984432 0.02978406552494423
0 0.4580480905233381 0.5182427401340283 0.021725601131541695 0.02978406552494414
0 0.4575954738330977 0.5472822040208488 0.024441301272984432 0.03127326880119143
0 0.2299292786421499 0.20476545048399106 0.018104667609618125 0.028294862248696935
0 0.577991513437058 0.4609084139985109 0.024441301272984432 0.03127326880119125
0 0.5775388967468176 0.40134028294862245 0.0253465346534653 0.03127326880119134
0 0.3774823196605375 0.3104988830975428 0.02353606789250357 0.03127326880119143
0 0.3000848656294201 0.27550260610573346 0.02625176803394627 0.03276247207743859
0 0.2996322489391796 0.4288905435591959 0.025346534653465334 0.03276247207743872
0 0.4182178217821783 0.2792256142963515 0.0253465346534653 0.0372300819061802
0 0.2996322489391796 0.3097542814594192 0.025346534653465334 0.02978406552494423
0 0.49787835926449786 0.3112434847356664 0.02534653465346537 0.03276247207743863
