0 0.924932 0.485753 0.036531 0.047482
0 0.185688 0.406513 0.027184 0.040240
0 0.229467 0.250392 0.026697 0.044793
0 0.359245 0.283376 0.025403 0.042877
0 0.370977 0.202956 0.026092 0.039941
0 0.246039 0.547625 0.025201 0.041260
0 0.393073 0.211508 0.026982 0.038622
0 0.868633 0.511334 0.035925 0.042630
0 0.286615 0.222535 0.022208 0.034192
0 0.363238 0.455071 0.023503 0.036109
0 0.905737 0.648597 0.038514 0.046463
0 0.281366 0.264586 0.025605 0.044494
0 0.298042 0.352775 0.028075 0.038921
0 0.380542 0.112744 0.025605 0.044494
0 0.348849 0.366671 0.024797 0.038025
0 0.158778 0.187573 0.024797 0.038025
0 0.911128 0.609929 0.037422 0.046164
0 0.164307 0.568759 0.027790 0.045092
0 0.225614 0.290317 0.026495 0.043176
0 0.731389 0.769009 0.041305 0.051912
0 0.221394 0.754138 0.024999 0.039642
0 0.145700 0.735945 0.027386 0.041857
0 0.195538 0.323069 0.025890 0.038324
0 0.480194 0.359941 0.026092 0.039941
0 0.338229 0.229960 0.025486 0.035089
0 0.742374 0.690057 0.036531 0.047482
0 0.312737 0.230515 0.022410 0.035810
0 0.376941 0.331703 0.024192 0.033173
0 0.134211 0.818941 0.032362 0.047905
0 0.641211 0.323694 0.025403 0.042877
0 0.880503 0.850767 0.034144 0.045267
0 0.276662 0.515022 0.028277 0.040539
0 0.314858 0.652584 0.027873 0.037304
0 0.256679 0.466906 0.026293 0.041558
0 0.261078 0.427131 0.024999 0.039642
0 0.148965 0.691679 0.027386 0.041857
0 0.303190 0.311533 0.026092 0.039941
0 0.495233 0.239448 0.025890 0.038324
0 0.292793 0.394827 0.028882 0.045391
0 0.210695 0.839858 0.024999 0.039642
0 0.251977 0.509107 0.025201 0.041260
0 0.409099 0.508591 0.026982 0.038622
0 0.270382 0.343538 0.025201 0.041260
0 0.179447 0.447457 0.026982 0.038622
0 0.175048 0.487232 0.023906 0.039343
0 0.232095 0.460183 0.024797 0.038025
0 0.878180 0.430316 0.037422 0.046164
0 0.216372 0.160674 0.024999 0.039642
0 0.328643 0.098550 0.026293 0.041558
0 0.251290 0.297339 0.024595 0.036407
0 0.363721 0.876691 0.030866 0.044371
0 0.320006 0.611341 0.026697 0.044793
0 0.530429 0.283361 0.045355 0.042085
0 0.159059 0.610811 0.029571 0.042455
0 0.275328 0.303913 0.024192 0.033173
0 0.335348 0.488421 0.025486 0.035089
0 0.539008 0.214623 0.049524 0.041663
0 0.226785 0.068185 0.027992 0.046709
0 0.750786 0.604547 0.037136 0.052335
0 0.170548 0.527815 0.026781 0.037005
0 0.885752 0.808716 0.035355 0.054972
0 0.891689 0.770198 0.037707 0.039993
0 0.856598 0.594180 0.040616 0.054848
0 0.138569 0.774973 0.027184 0.040240
0 0.220830 0.115897 0.021804 0.030958
0 0.272262 0.554797 0.026982 0.038622
0 0.282658 0.471502 0.026781 0.037005
0 0.518620 0.377977 0.045557 0.043702
0 0.483621 0.748915 0.022291 0.026404
0 0.486346 0.727081 0.022493 0.028022
0 0.776566 0.402526 0.035640 0.048801
0 0.712194 0.931853 0.038918 0.049697
0 0.424441 0.385672 0.026175 0.032153
0 0.322889 0.144645 0.026495 0.043176
0 0.522354 0.348056 0.045355 0.042085
0 0.502001 0.493021 0.043170 0.041487
0 0.772957 0.445026 0.041507 0.053530
0 0.670898 0.416278 0.038027 0.051016
0 0.720066 0.429725 0.038027 0.051016
0 0.821923 0.460090 0.041507 0.053530
0 0.848771 0.244981 0.041911 0.056765
0 0.741161 0.260710 0.040818 0.056466
0 0.120537 0.177114 0.039524 0.054550
0 0.798511 0.231235 0.041911 0.056765
0 0.709628 0.508826 0.036531 0.047482
0 0.680991 0.335409 0.037623 0.047781
0 0.686240 0.293358 0.038431 0.054251
0 0.792757 0.277330 0.041709 0.055147
0 0.635189 0.276888 0.036044 0.052036
0 0.787307 0.320999 0.041305 0.051912
0 0.676183 0.794888 0.041507 0.053530
0 0.564338 0.428113 0.038229 0.052633
0 0.723818 0.390609 0.038027 0.051016
0 0.368019 0.837725 0.032362 0.047905
0 0.831773 0.376646 0.038027 0.051016
0 0.419537 0.429490 0.030664 0.042754
0 0.781512 0.362901 0.035438 0.047184
0 0.686075 0.715638 0.037136 0.052335
0 0.947363 0.319613 0.041827 0.064553
0 0.870847 0.470961 0.038027 0.051016
0 0.827070 0.418847 0.036531 0.047482
0 0.398905 0.590268 0.027588 0.043475
0 0.247538 0.336454 0.027588 0.043475
0 0.271881 0.132368 0.025403 0.042877
0 0.757128 0.562795 0.033740 0.042033
0 0.899032 0.258726 0.039725 0.056167
0 0.717140 0.892227 0.038716 0.048080
0 0.900791 0.688222 0.039120 0.051315
0 0.382980 0.292376 0.025605 0.044494
0 0.357544 0.496164 0.025201 0.041260
0 0.939122 0.367536 0.037623 0.047781
0 0.470447 0.234342 0.025201 0.041260
0 0.403851 0.550643 0.027386 0.041857
0 0.373979 0.373543 0.024797 0.038025
0 0.476100 0.189055 0.026008 0.047729
0 0.722389 0.850176 0.039120 0.051315
0 0.226947 0.501426 0.027588 0.043475
0 0.701375 0.588525 0.033253 0.046586
0 0.266873 0.385229 0.026495 0.043176
0 0.186354 0.835710 0.029571 0.042455
0 0.385000 0.715253 0.026092 0.039941
0 0.340293 0.448796 0.026092 0.039941
0 0.305756 0.734559 0.028882 0.045391
0 0.266632 0.174419 0.024999 0.039642
0 0.675499 0.374886 0.036733 0.049100
0 0.876044 0.895544 0.039927 0.057784
0 0.506538 0.148875 0.026293 0.041558
0 0.299415 0.776312 0.030664 0.042754
0 0.409749 0.299697 0.026293 0.041558
0 0.379265 0.752154 0.026092 0.039941
0 0.454517 0.352919 0.024999 0.039642
0 0.110342 0.258791 0.034951 0.051737
0 0.291762 0.181292 0.024999 0.039642
0 0.647486 0.187423 0.038835 0.057485
0 0.237041 0.420557 0.027588 0.043475
0 0.547184 0.149120 0.047944 0.045917
0 0.399616 0.168138 0.027386 0.041857
0 0.354543 0.325577 0.026495 0.043176
0 0.364737 0.243900 0.023705 0.037726
0 0.241925 0.594168 0.026495 0.043176
0 0.405470 0.121235 0.027790 0.045092
0 0.541751 0.183594 0.046364 0.050172
0 0.201411 0.706022 0.026982 0.038622
0 0.608454 0.174239 0.028681 0.043773
0 0.094496 0.385754 0.041305 0.051912
0 0.468604 0.443745 0.025688 0.036706
0 0.302764 0.093146 0.025605 0.044494
0 0.287848 0.434452 0.026092 0.039941
0 0.481954 0.142152 0.025605 0.044494
0 0.189541 0.366589 0.027386 0.041857
0 0.215599 0.796040 0.030462 0.041136
0 0.195961 0.749691 0.027386 0.041857
0 0.329107 0.529365 0.026092 0.039941
0 0.223094 0.541350 0.026982 0.038622
0 0.451070 0.181374 0.027992 0.046709
0 0.216248 0.587146 0.027184 0.040240
0 0.183606 0.196872 0.027184 0.040240
0 0.232336 0.670993 0.026293 0.041558
0 0.746731 0.646089 0.041709 0.055147
0 0.256236 0.257713 0.024797 0.038025
0 0.585114 0.347658 0.025605 0.044494
0 0.308438 0.269481 0.026495 0.043176
0 0.204718 0.665949 0.023503 0.036109
0 0.225449 0.712596 0.027790 0.045092
0 0.205429 0.243818 0.023705 0.037726
0 0.592002 0.306054 0.026697 0.044793
0 0.236598 0.211365 0.026495 0.043176
0 0.090642 0.425679 0.043288 0.050893
0 0.596847 0.267238 0.028075 0.038921
0 0.309063 0.694486 0.027184 0.040240
0 0.367638 0.415296 0.024797 0.038025
0 0.210375 0.204193 0.026495 0.043176
0 0.237282 0.631367 0.026092 0.039941
0 0.191015 0.789316 0.027184 0.040240
0 0.475046 0.401184 0.026697 0.044793
0 0.200483 0.283444 0.026495 0.043176
0 0.414897 0.258455 0.022125 0.041980
0 0.242289 0.378506 0.027184 0.040240
0 0.154760 0.649777 0.026293 0.041558
0 0.374890 0.158031 0.025201 0.041260
0 0.288271 0.861074 0.032362 0.047905
0 0.318532 0.188613 0.026899 0.046410
0 0.881730 0.392818 0.037422 0.046164
0 0.706198 0.974378 0.040414 0.051244
0 0.441361 0.476436 0.024999 0.039642
0 0.895340 0.731891 0.039524 0.054550
0 0.373814 0.795823 0.030866 0.044371
0 0.863141 0.550810 0.038431 0.054251
0 0.892732 0.304672 0.038431 0.054251
0 0.104892 0.302460 0.036733 0.049100
0 0.393211 0.631362 0.026293 0.041558
0 0.294024 0.814979 0.032160 0.046287
0 0.930323 0.447086 0.037623 0.047781
0 0.602095 0.225186 0.028479 0.042156
0 0.682222 0.755562 0.036531 0.047482
0 0.526392 0.315708 0.046566 0.051789
0 0.462195 0.314041 0.023705 0.037726
0 0.534324 0.247630 0.047659 0.052088
0 0.451555 0.394759 0.025605 0.044494
0 0.490085 0.280690 0.024310 0.042578
0 0.325153 0.570098 0.028681 0.043773
0 0.082906 0.469559 0.044298 0.058980
0 0.343054 0.408573 0.026697 0.044793
0 0.500784 0.194970 0.026092 0.039941
0 0.654601 0.958752 0.039120 0.051315
0 0.211849 0.626921 0.028479 0.042156
0 0.455185 0.134831 0.028882 0.045391
0 0.389220 0.251432 0.025403 0.042877
0 0.099946 0.342086 0.039120 0.051315
0 0.920229 0.527954 0.037623 0.047781
0 0.387761 0.675030 0.028882 0.045391
0 0.485140 0.320316 0.026697 0.044793
0 0.690354 0.246815 0.037540 0.055569
0 0.116381 0.219465 0.038716 0.048080
0 0.767809 0.486269 0.038716 0.048080
0 0.262577 0.215961 0.027790 0.045092
0 0.670733 0.838557 0.036733 0.049100
0 0.413499 0.468816 0.028277 0.040539
0 0.434879 0.306570 0.026293 0.041558
0 0.695580 0.630427 0.036935 0.050717
0 0.297011 0.139241 0.027588 0.043475
0 0.659446 0.919935 0.036531 0.047482
0 0.690433 0.671670 0.038918 0.049697
0 0.438732 0.266646 0.026092 0.039941
0 0.558585 0.474208 0.042801 0.055446
0 0.445519 0.225851 0.027790 0.045092
0 0.935269 0.407460 0.037825 0.049399
0 0.887525 0.350916 0.039725 0.056167
0 0.464852 0.482861 0.029084 0.047008
0 0.842169 0.293352 0.038633 0.055868
0 0.568696 0.384145 0.038633 0.055868
0 0.445214 0.436512 0.027386 0.041857
0 0.838660 0.335043 0.038716 0.048080
0 0.715120 0.469350 0.037422 0.046164
0 0.916073 0.570304 0.040212 0.051614
0 0.728520 0.348408 0.034346 0.046885
0 0.509090 0.449800 0.046281 0.057960
0 0.726687 0.811209 0.039809 0.048379
0 0.704682 0.548451 0.038918 0.049697
0 0.664556 0.458030 0.042801 0.055446
0 0.665787 0.878183 0.036935 0.050717
0 0.641732 0.233518 0.035236 0.045566
0 0.466594 0.274266 0.025403 0.042877
0 0.762863 0.525894 0.036733 0.049100
0 0.737428 0.729682 0.038918 0.049697
0 0.733668 0.307165 0.037136 0.052335
0 0.428639 0.347514 0.026495 0.043176
