0 0.245139 0.178070 0.023611 0.036842
0 0.686806 0.589474 0.037500 0.035088
0 0.564583 0.448246 0.034722 0.036842
0 0.259028 0.620175 0.031944 0.036842
0 0.197222 0.586842 0.038889 0.036842
0 0.381944 0.480702 0.036111 0.031579
0 0.564583 0.413158 0.034722 0.036842
0 0.686806 0.556140 0.037500 0.035088
0 0.627083 0.379825 0.037500 0.036842
0 0.075000 0.903509 0.041667 0.038596
0 0.811111 0.520175 0.038889 0.036842
0 0.184028 0.216667 0.026389 0.033333
0 0.687500 0.483333 0.036111 0.033333
0 0.748611 0.485965 0.036111 0.035088
0 0.445139 0.413158 0.034722 0.036842
0 0.686111 0.907895 0.038889 0.040351
0 0.197917 0.693860 0.037500 0.036842
0 0.245139 0.254386 0.029167 0.031579
0 0.809722 0.485965 0.036111 0.035088
0 0.563889 0.482456 0.036111 0.035088
0 0.563194 0.342105 0.037500 0.038596
0 0.626389 0.695614 0.038889 0.036842
0 0.381250 0.518421 0.034722 0.036842
0 0.563889 0.657895 0.036111 0.038596
0 0.686111 0.765789 0.038889 0.036842
0 0.626389 0.413158 0.038889 0.033333
0 0.244444 0.141228 0.027778 0.033333
0 0.184028 0.255263 0.026389 0.036842
0 0.259028 0.375439 0.040278 0.038596
0 0.748611 0.520175 0.036111 0.036842
0 0.870139 0.342105 0.037500 0.038596
0 0.563194 0.624561 0.037500 0.035088
0 0.748611 0.764912 0.038889 0.038596
0 0.627083 0.450000 0.037500 0.036842
0 0.563889 0.555263 0.036111 0.036842
0 0.686806 0.343860 0.037500 0.038596
0 0.747917 0.342105 0.037500 0.038596
0 0.686806 0.450000 0.037500 0.036842
0 0.749306 0.557018 0.037500 0.036842
0 0.320139 0.412281 0.040278 0.038596
0 0.810417 0.380702 0.037500 0.038596
0 0.444444 0.449123 0.036111 0.035088
0 0.564583 0.519298 0.034722 0.038596
0 0.197917 0.373684 0.040278 0.038596
0 0.563194 0.589474 0.037500 0.031579
0 0.749306 0.695614 0.040278 0.036842
0 0.443750 0.621930 0.037500 0.029825
0 0.074306 0.833333 0.037500 0.031579
0 0.918056 0.764035 0.022222 0.026316
0 0.871528 0.450000 0.037500 0.036842
0 0.075000 0.656140 0.038889 0.035088
0 0.276389 0.101754 0.022222 0.028070
0 0.931250 0.835965 0.037500 0.036842
0 0.152778 0.099123 0.025000 0.033333
0 0.563889 0.872807 0.036111 0.036842
0 0.090278 0.096491 0.022222 0.031579
0 0.686806 0.871053 0.037500 0.033333
0 0.626389 0.485965 0.033333 0.035088
0 0.259722 0.550000 0.038889 0.036842
0 0.153472 0.178947 0.026389 0.031579
0 0.626389 0.659649 0.038889 0.031579
0 0.564583 0.905263 0.037500 0.038596
0 0.443056 0.764912 0.036111 0.031579
0 0.074306 0.337719 0.034722 0.036842
0 0.060417 0.096491 0.026389 0.035088
0 0.931250 0.871930 0.040278 0.038596
0 0.090278 0.214912 0.025000 0.029825
0 0.932639 0.732456 0.040278 0.036842
0 0.811111 0.798246 0.038889 0.035088
0 0.075000 0.763158 0.038889 0.035088
0 0.319444 0.690351 0.036111 0.033333
0 0.153472 0.253509 0.023611 0.026316
0 0.259028 0.657018 0.034722 0.036842
0 0.276389 0.216667 0.022222 0.026316
0 0.074306 0.796491 0.040278 0.038596
0 0.564583 0.800877 0.034722 0.036842
0 0.810417 0.625439 0.040278 0.036842
0 0.075000 0.514035 0.036111 0.035088
0 0.932639 0.625439 0.040278 0.036842
0 0.073611 0.480702 0.038889 0.035088
0 0.442361 0.657895 0.040278 0.038596
0 0.871528 0.908772 0.037500 0.035088
0 0.153472 0.139474 0.023611 0.029825
0 0.871528 0.798246 0.037500 0.035088
0 0.872917 0.414035 0.034722 0.035088
0 0.624306 0.763158 0.040278 0.042105
0 0.440972 0.835088 0.037500 0.038596
0 0.275694 0.178947 0.023611 0.038596
0 0.338194 0.178947 0.026389 0.031579
0 0.871528 0.728070 0.037500 0.035088
0 0.382639 0.583333 0.037500 0.026316
0 0.059028 0.253509 0.026389 0.036842
0 0.121528 0.254386 0.026389 0.031579
0 0.933333 0.557018 0.038889 0.036842
0 0.259028 0.690351 0.040278 0.036842
0 0.090278 0.135965 0.025000 0.033333
0 0.441667 0.728947 0.036111 0.036842
0 0.259028 0.871053 0.040278 0.036842
0 0.337500 0.216667 0.027778 0.036842
0 0.259722 0.444737 0.038889 0.036842
0 0.810417 0.450000 0.037500 0.036842
0 0.320139 0.588596 0.037500 0.036842
0 0.932639 0.343860 0.037500 0.038596
0 0.338194 0.140351 0.029167 0.035088
0 0.074306 0.407895 0.040278 0.036842
0 0.686806 0.695614 0.037500 0.036842
0 0.136111 0.375439 0.038889 0.038596
0 0.183333 0.141228 0.025000 0.033333
0 0.686806 0.800877 0.037500 0.036842
0 0.686806 0.731579 0.037500 0.035088
0 0.686806 0.413158 0.037500 0.033333
0 0.625694 0.556140 0.037500 0.038596
0 0.214583 0.140351 0.026389 0.035088
0 0.136111 0.305263 0.041667 0.038596
0 0.184722 0.178947 0.025000 0.038596
0 0.688194 0.519298 0.037500 0.038596
0 0.504861 0.303509 0.037500 0.035088
0 0.518750 0.594737 0.023611 0.024561
0 0.520139 0.618421 0.023611 0.022807
0 0.505556 0.519298 0.036111 0.024561
0 0.505556 0.384211 0.038889 0.017544
0 0.505556 0.421930 0.036111 0.019298
0 0.505556 0.336842 0.036111 0.031579
0 0.504167 0.364035 0.038889 0.022807
0 0.518056 0.906140 0.022222 0.026316
0 0.505556 0.536842 0.033333 0.010526
0 0.505556 0.441228 0.036111 0.019298
0 0.504167 0.403509 0.036111 0.021053
0 0.320139 0.513158 0.037500 0.036842
0 0.946528 0.798246 0.026389 0.035088
0 0.442361 0.798246 0.034722 0.035088
0 0.518750 0.570175 0.023611 0.024561
0 0.259722 0.584211 0.030556 0.028070
0 0.931250 0.905263 0.040278 0.038596
0 0.918750 0.797368 0.023611 0.026316
0 0.121528 0.098246 0.026389 0.031579
0 0.380556 0.835965 0.036111 0.033333
0 0.625694 0.871053 0.040278 0.036842
0 0.074306 0.689474 0.037500 0.031579
0 0.259028 0.512281 0.040278 0.031579
0 0.185417 0.101754 0.023611 0.028070
0 0.625694 0.732456 0.037500 0.029825
0 0.505556 0.492982 0.036111 0.028070
0 0.506250 0.807895 0.034722 0.026316
0 0.947917 0.764035 0.023611 0.029825
0 0.626389 0.519298 0.033333 0.031579
0 0.517361 0.878070 0.023611 0.026316
0 0.518750 0.664035 0.023611 0.026316
0 0.320139 0.542982 0.043056 0.054386
0 0.870833 0.626316 0.036111 0.031579
0 0.379861 0.801754 0.037500 0.035088
0 0.518750 0.639474 0.023611 0.019298
0 0.260417 0.481579 0.040278 0.036842
0 0.871528 0.590351 0.037500 0.036842
0 0.319444 0.657018 0.036111 0.036842
0 0.059722 0.135088 0.025000 0.031579
0 0.197222 0.867544 0.036111 0.033333
0 0.198611 0.410526 0.036111 0.031579
0 0.625694 0.835965 0.040278 0.036842
0 0.870833 0.695614 0.036111 0.033333
0 0.060417 0.174561 0.026389 0.033333
0 0.076389 0.620175 0.038889 0.036842
0 0.932639 0.450000 0.037500 0.033333
0 0.931944 0.416667 0.038889 0.036842
0 0.809722 0.764912 0.038889 0.038596
0 0.810417 0.905263 0.037500 0.035088
0 0.214583 0.254386 0.023611 0.031579
0 0.320139 0.905263 0.037500 0.035088
0 0.382639 0.411404 0.034722 0.033333
0 0.379861 0.905263 0.034722 0.035088
0 0.088194 0.253509 0.026389 0.036842
0 0.059028 0.215789 0.026389 0.038596
0 0.626389 0.626316 0.041667 0.038596
0 0.933333 0.589474 0.038889 0.035088
0 0.258333 0.727193 0.038889 0.036842
0 0.259028 0.411404 0.037500 0.036842
0 0.319444 0.621930 0.036111 0.033333
0 0.748611 0.802632 0.038889 0.033333
0 0.380556 0.764912 0.038889 0.038596
0 0.074306 0.550877 0.037500 0.038596
0 0.306250 0.178070 0.023611 0.036842
0 0.382639 0.373684 0.034722 0.038596
0 0.213889 0.102632 0.027778 0.033333
0 0.380556 0.871053 0.038889 0.033333
0 0.090278 0.177193 0.025000 0.035088
0 0.748611 0.624561 0.036111 0.035088
0 0.197222 0.798246 0.038889 0.035088
0 0.256944 0.765789 0.036111 0.036842
0 0.197222 0.902632 0.038889 0.036842
0 0.381250 0.658772 0.040278 0.036842
0 0.748611 0.835088 0.038889 0.035088
0 0.563889 0.839474 0.036111 0.036842
0 0.196528 0.480702 0.037500 0.035088
0 0.444444 0.482456 0.036111 0.031579
0 0.076389 0.584211 0.038889 0.035088
0 0.870833 0.658772 0.036111 0.036842
0 0.136806 0.341228 0.037500 0.033333
0 0.073611 0.866667 0.038889 0.035088
0 0.749306 0.589474 0.037500 0.031579
0 0.320139 0.764035 0.037500 0.036842
0 0.121528 0.135965 0.026389 0.033333
0 0.319444 0.481579 0.038889 0.036842
0 0.381944 0.551754 0.036111 0.033333
0 0.197222 0.550877 0.036111 0.031579
0 0.306250 0.254386 0.023611 0.031579
0 0.747917 0.871930 0.037500 0.031579
0 0.810417 0.416667 0.037500 0.033333
0 0.319444 0.798246 0.036111 0.035088
0 0.259028 0.834211 0.037500 0.033333
0 0.871528 0.764912 0.037500 0.038596
0 0.319444 0.449123 0.038889 0.031579
0 0.871528 0.871053 0.037500 0.036842
0 0.626389 0.905263 0.038889 0.038596
0 0.870833 0.835965 0.038889 0.036842
0 0.121528 0.177193 0.026389 0.035088
0 0.934028 0.520175 0.040278 0.036842
0 0.198611 0.657018 0.036111 0.036842
0 0.441667 0.695614 0.036111 0.036842
0 0.213194 0.178947 0.026389 0.031579
0 0.121528 0.215789 0.026389 0.035088
0 0.075000 0.444737 0.041667 0.036842
0 0.381250 0.619298 0.040278 0.042105
0 0.381944 0.445614 0.033333 0.035088
0 0.625694 0.800877 0.040278 0.036842
0 0.306250 0.102632 0.029167 0.033333
0 0.810417 0.834211 0.040278 0.036842
0 0.245833 0.103509 0.027778 0.031579
0 0.626389 0.589474 0.038889 0.035088
0 0.748611 0.905263 0.041667 0.038596
0 0.932639 0.695614 0.037500 0.036842
0 0.443750 0.551754 0.037500 0.033333
0 0.245139 0.216667 0.023611 0.033333
0 0.686806 0.835965 0.037500 0.040351
0 0.747917 0.658772 0.037500 0.036842
0 0.872222 0.379825 0.036111 0.036842
0 0.563889 0.764035 0.036111 0.036842
0 0.870833 0.520175 0.038889 0.033333
0 0.748611 0.449123 0.036111 0.038596
0 0.320139 0.871053 0.037500 0.036842
0 0.213194 0.217544 0.026389 0.031579
0 0.074306 0.726316 0.040278 0.038596
0 0.075000 0.373684 0.038889 0.035088
0 0.810417 0.342982 0.034722 0.036842
0 0.153472 0.216667 0.026389 0.029825
0 0.197917 0.764912 0.037500 0.038596
0 0.563889 0.728070 0.036111 0.035088
0 0.320833 0.372807 0.041667 0.040351
0 0.275694 0.254386 0.026389 0.031579
0 0.258333 0.798246 0.038889 0.035088
0 0.809722 0.871053 0.038889 0.036842
0 0.931944 0.381579 0.036111 0.036842
0 0.444444 0.589474 0.038889 0.031579
0 0.197917 0.443860 0.037500 0.038596
0 0.258333 0.904386 0.038889 0.036842
0 0.749306 0.413158 0.037500 0.029825
0 0.686806 0.381579 0.037500 0.036842
0 0.197917 0.727193 0.037500 0.036842
0 0.198611 0.621930 0.036111 0.036842
0 0.811111 0.658772 0.038889 0.033333
0 0.338194 0.101754 0.029167 0.035088
0 0.197222 0.834211 0.038889 0.036842
0 0.319444 0.834211 0.038889 0.036842
0 0.809722 0.728947 0.038889 0.036842
0 0.320139 0.727193 0.040278 0.036842
0 0.276389 0.140351 0.025000 0.035088
0 0.563889 0.695614 0.036111 0.033333
0 0.196528 0.514035 0.034722 0.035088
0 0.306250 0.139474 0.023611 0.033333
0 0.810417 0.590351 0.040278 0.036842
0 0.381250 0.694737 0.037500 0.035088
0 0.748611 0.732456 0.038889 0.033333
0 0.809722 0.695614 0.038889 0.036842
0 0.810417 0.557018 0.040278 0.036842
0 0.932639 0.485965 0.037500 0.038596
0 0.380556 0.727193 0.038889 0.036842
0 0.306250 0.216667 0.023611 0.033333
0 0.932639 0.659649 0.037500 0.035088
0 0.687500 0.624561 0.033333 0.035088
0 0.686806 0.658772 0.037500 0.036842
0 0.337500 0.255263 0.027778 0.033333
0 0.871528 0.557018 0.037500 0.036842
0 0.870833 0.486842 0.038889 0.036842
0 0.563889 0.379825 0.036111 0.036842
0 0.445139 0.338596 0.040278 0.038596
0 0.444444 0.519298 0.038889 0.038596
0 0.626389 0.342982 0.038889 0.043860
0 0.444444 0.378947 0.038889 0.035088
0 0.748611 0.380702 0.038889 0.038596
