0 0.397778 0.415842 0.033333 0.042904
0 0.912222 0.578383 0.037778 0.031353
0 0.346667 0.661716 0.035556 0.023102
0 0.294444 0.330858 0.031111 0.041254
0 0.503889 0.345710 0.041111 0.031353
0 0.501111 0.179868 0.042222 0.033003
0 0.912778 0.539604 0.036667 0.042904
0 0.501667 0.210396 0.047778 0.028053
0 0.450556 0.829208 0.034444 0.037954
0 0.502778 0.499175 0.038889 0.037954
0 0.501111 0.146865 0.044444 0.033003
0 0.502778 0.278878 0.041111 0.029703
0 0.911667 0.498350 0.034444 0.039604
0 0.449444 0.867987 0.036667 0.042904
0 0.190556 0.499175 0.036667 0.041254
0 0.705556 0.331683 0.033333 0.046205
0 0.139444 0.287954 0.032222 0.037954
0 0.503889 0.311056 0.041111 0.034653
0 0.088333 0.199670 0.034444 0.042904
0 0.397778 0.455446 0.033333 0.029703
0 0.565556 0.415017 0.026667 0.037954
0 0.603333 0.788779 0.033333 0.039604
0 0.191667 0.328383 0.034444 0.039604
0 0.191667 0.287954 0.034444 0.041254
0 0.911111 0.418317 0.033333 0.037954
0 0.541667 0.152640 0.023333 0.037954
0 0.449444 0.912541 0.036667 0.046205
0 0.397778 0.330858 0.033333 0.037954
0 0.602222 0.748350 0.031111 0.041254
0 0.242778 0.705446 0.034444 0.041254
0 0.191111 0.245050 0.033333 0.044554
0 0.448333 0.787954 0.034444 0.041254
0 0.502222 0.377888 0.044444 0.036304
0 0.705556 0.159241 0.033333 0.047855
0 0.190556 0.538779 0.036667 0.041254
0 0.910556 0.333333 0.032222 0.039604
0 0.140556 0.245875 0.034444 0.046205
0 0.655556 0.376238 0.033333 0.042904
0 0.604444 0.830033 0.033333 0.042904
0 0.705556 0.372937 0.033333 0.039604
0 0.604444 0.872112 0.033333 0.041254
0 0.540000 0.370462 0.020000 0.037954
0 0.191667 0.579208 0.036667 0.039604
0 0.502778 0.245875 0.043333 0.039604
0 0.603333 0.707096 0.033333 0.044554
0 0.541667 0.201320 0.023333 0.036304
0 0.141667 0.200495 0.032222 0.041254
0 0.910556 0.249175 0.032222 0.039604
0 0.242222 0.661716 0.033333 0.042904
0 0.602222 0.580033 0.033333 0.037954
0 0.448333 0.746700 0.032222 0.041254
0 0.347222 0.869637 0.036667 0.039604
0 0.911111 0.457921 0.033333 0.041254
0 0.243889 0.456271 0.032222 0.037954
0 0.190556 0.619637 0.036667 0.041254
0 0.088333 0.288779 0.036667 0.042904
0 0.346667 0.290429 0.033333 0.042904
0 0.565556 0.330858 0.022222 0.034653
0 0.603333 0.662541 0.035556 0.041254
0 0.347222 0.829208 0.034444 0.041254
0 0.242222 0.495050 0.035556 0.039604
0 0.089444 0.242574 0.036667 0.042904
0 0.242222 0.619637 0.035556 0.041254
0 0.293333 0.287954 0.031111 0.041254
0 0.603333 0.621287 0.035556 0.044554
0 0.858333 0.332508 0.032222 0.041254
0 0.654444 0.331683 0.033333 0.046205
0 0.541667 0.246700 0.023333 0.034653
0 0.807222 0.338284 0.032222 0.042904
0 0.242222 0.535479 0.035556 0.044554
0 0.347778 0.788779 0.033333 0.039604
0 0.858333 0.248350 0.032222 0.047855
0 0.911667 0.291254 0.034444 0.044554
0 0.757778 0.331683 0.035556 0.042904
0 0.448333 0.702970 0.032222 0.042904
0 0.192778 0.156766 0.036667 0.046205
0 0.911667 0.206271 0.034444 0.046205
0 0.705556 0.290429 0.035556 0.042904
0 0.141667 0.155941 0.034444 0.047855
0 0.807222 0.379538 0.032222 0.039604
0 0.808333 0.159241 0.036667 0.051155
0 0.140556 0.371287 0.032222 0.039604
0 0.190556 0.667492 0.034444 0.047855
0 0.242222 0.746700 0.037778 0.044554
0 0.346111 0.246700 0.034444 0.044554
0 0.191667 0.201320 0.034444 0.042904
0 0.704444 0.248350 0.033333 0.041254
0 0.138333 0.411716 0.034444 0.044554
0 0.346667 0.370462 0.033333 0.037954
0 0.705556 0.206271 0.035556 0.042904
0 0.565556 0.288779 0.022222 0.039604
0 0.604444 0.915842 0.037778 0.042904
0 0.448333 0.665017 0.032222 0.039604
0 0.654444 0.418317 0.031111 0.041254
0 0.191667 0.411716 0.034444 0.041254
0 0.858333 0.291254 0.032222 0.041254
0 0.706667 0.415842 0.033333 0.042904
0 0.603333 0.499175 0.035556 0.041254
0 0.294444 0.372112 0.031111 0.037954
0 0.911667 0.158416 0.036667 0.049505
0 0.807222 0.248350 0.034444 0.041254
0 0.140556 0.328383 0.036667 0.042904
0 0.242222 0.578383 0.035556 0.041254
0 0.397222 0.495050 0.034444 0.046205
0 0.540556 0.288779 0.021111 0.033003
0 0.757778 0.375413 0.035556 0.044554
0 0.565556 0.372937 0.022222 0.033003
0 0.449444 0.158416 0.032222 0.049505
0 0.346111 0.915017 0.036667 0.047855
0 0.603333 0.335809 0.033333 0.041254
0 0.552222 0.538779 0.033333 0.041254
0 0.243333 0.157591 0.033333 0.047855
0 0.540556 0.329208 0.021111 0.037954
0 0.807222 0.207096 0.034444 0.041254
0 0.756667 0.287954 0.035556 0.047855
0 0.089444 0.152640 0.036667 0.047855
0 0.241111 0.288779 0.033333 0.039604
0 0.603333 0.159241 0.035556 0.051155
0 0.293333 0.415842 0.033333 0.046205
0 0.397778 0.541254 0.033333 0.046205
0 0.911667 0.377063 0.034444 0.044554
0 0.346667 0.538779 0.035556 0.037954
0 0.448333 0.497525 0.034444 0.037954
0 0.603333 0.540429 0.037778 0.041254
0 0.242222 0.370462 0.035556 0.041254
0 0.653333 0.290429 0.033333 0.039604
0 0.448333 0.537954 0.034444 0.042904
0 0.243333 0.202145 0.033333 0.044554
0 0.553333 0.622112 0.033333 0.042904
0 0.241667 0.329208 0.036667 0.041254
0 0.346111 0.202145 0.034444 0.041254
0 0.346111 0.701320 0.032222 0.046205
0 0.242222 0.412541 0.035556 0.046205
0 0.348333 0.156766 0.032222 0.046205
0 0.603333 0.376238 0.033333 0.039604
0 0.242778 0.246700 0.034444 0.044554
0 0.448333 0.579208 0.032222 0.039604
0 0.191667 0.370462 0.034444 0.047855
0 0.397222 0.371287 0.034444 0.039604
0 0.859444 0.377888 0.036667 0.046205
0 0.450556 0.330858 0.032222 0.037954
0 0.807222 0.292904 0.034444 0.044554
0 0.346667 0.330858 0.033333 0.041254
0 0.501111 0.450495 0.042222 0.042904
0 0.553333 0.580033 0.033333 0.041254
0 0.190556 0.456271 0.034444 0.041254
0 0.450000 0.249175 0.031111 0.039604
0 0.448333 0.620462 0.034444 0.042904
0 0.450556 0.206271 0.032222 0.042904
0 0.603333 0.457921 0.033333 0.041254
0 0.346111 0.578383 0.034444 0.041254
0 0.603333 0.205446 0.035556 0.041254
0 0.449444 0.415842 0.030000 0.039604
0 0.347222 0.747525 0.036667 0.042904
0 0.604444 0.415842 0.033333 0.039604
0 0.398333 0.289604 0.032222 0.047855
0 0.346667 0.622937 0.037778 0.047855
0 0.653333 0.248350 0.035556 0.047855
0 0.345556 0.411716 0.033333 0.044554
0 0.346667 0.456271 0.033333 0.041254
0 0.552222 0.497525 0.033333 0.041254
0 0.553333 0.455446 0.033333 0.042904
0 0.603333 0.248350 0.035556 0.047855
0 0.346667 0.498350 0.035556 0.042904
0 0.448333 0.457921 0.032222 0.041254
0 0.450556 0.372112 0.032222 0.044554
0 0.450556 0.290429 0.034444 0.042904
0 0.604444 0.292904 0.031111 0.041254
