0 0.36759371221281745 0.38235294117647056 0.024183796856106443 0.03921568627450983
0 0.3422007255139057 0.33529411764705885 0.024183796856106388 0.04313725490196074
0 0.2962515114873035 0.08725490196078431 0.03627569528415964 0.060784313725490195
0 0.07194679564691656 0.19117647058823528 0.03990326481257557 0.05686274509803921
0 0.7460701330108828 0.6803921568627451 0.03869407496977029 0.05490196078431375
0 0.12636033857315598 0.5735294117647058 0.03990326481257557 0.0607843137254902
0 0.45223700120918986 0.43333333333333335 0.024183796856106388 0.03921568627450983
0 0.07194679564691656 0.2411764705882353 0.03990326481257557 0.047058823529411764
0 0.9582829504232164 0.34019607843137256 0.025392986698911768 0.04509803921568628
0 0.8567110036275696 0.33725490196078434 0.03264812575574372 0.05098039215686273
0 0.4498186215235792 0.3852941176470588 0.021765417170495738 0.041176470588235314
0 0.4806529625151149 0.38235294117647056 0.025392986698911713 0.03921568627450983
0 0.466142684401451 0.2892156862745098 0.039903264812575556 0.04509803921568628
0 0.4087061668681983 0.5745098039215686 0.03627569528415958 0.04705882352941171
0 0.4806529625151149 0.4784313725490196 0.025392986698911713 0.03921568627450983
0 0.36698911729141476 0.2411764705882353 0.022974607013301118 0.03921568627450983
0 0.34099153567110035 0.3833333333333333 0.021765417170495738 0.03725490196078435
0 0.6336154776299878 0.24411764705882352 0.03869407496977029 0.04509803921568628
0 0.3422007255139057 0.2411764705882353 0.021765417170495738 0.0431372549019608
0 0.4806529625151149 0.4303921568627451 0.025392986698911713 0.041176470588235314
0 0.36759371221281745 0.1931372549019608 0.024183796856106443 0.04509803921568628
0 0.3422007255139057 0.19117647058823528 0.024183796856106388 0.04117647058823529
0 0.9570737605804112 0.3852941176470588 0.022974607013301118 0.03725490196078435
0 0.5229746070133011 0.14019607843137258 0.04957678355501821 0.0490196078431373
0 0.8010882708585247 0.24705882352941178 0.03748488512696502 0.047058823529411736
0 0.36698911729141476 0.3343137254901961 0.022974607013301118 0.03725490196078435
0 0.47944377267230953 0.33725490196078434 0.025392986698911713 0.0431372549019608
0 0.9709794437726723 0.19607843137254902 0.03627569528415964 0.05098039215686273
0 0.5235792019347038 0.21764705882352942 0.045949214026602236 0.047058823529411764
0 0.36759371221281745 0.2872549019607843 0.021765417170495793 0.03725490196078435
0 0.7599758162031438 0.7735294117647058 0.022974607013301118 0.045098039215686225
0 0.4226118500604595 0.919607843137255 0.022974607013301118 0.039215686274509776
0 0.9703748488512697 0.24411764705882352 0.037484885126964906 0.04901960784313725
0 0.42321644498186217 0.7254901960784313 0.021765417170495793 0.04313725490196085
0 0.06892382103990327 0.5745098039215686 0.04353083434099154 0.05882352941176472
0 0.39661426844014513 0.7254901960784315 0.024183796856106443 0.039215686274509776
0 0.42321644498186217 0.8215686274509804 0.021765417170495793 0.039215686274509776
0 0.12515114873035066 0.6803921568627451 0.039903264812575584 0.050980392156862786
0 0.7448609431680774 0.19117647058823528 0.038694074969770176 0.05686274509803921
0 0.06771463119709795 0.6803921568627451 0.04111245465538089 0.05490196078431375
0 0.45042321644498184 0.33725490196078434 0.022974607013301063 0.035294117647058865
0 0.6360338573155986 0.14313725490196078 0.03869407496977029 0.0392156862745098
0 0.4528415961305925 0.7254901960784315 0.022974607013301118 0.039215686274509776
0 0.2950423216444982 0.1901960784313726 0.03869407496977023 0.0509803921568627
0 0.39661426844014513 0.8186274509803921 0.024183796856106443 0.03725490196078429
0 0.2950423216444982 0.14313725490196078 0.03869407496977023 0.0392156862745098
0 0.9854897218863361 0.34019607843137256 0.024183796856106388 0.041176470588235314
0 0.47944377267230953 0.7235294117647059 0.022974607013301063 0.04313725490196085
0 0.5223700120918984 0.023529411764705882 0.055622732769044614 0.043137254901960784
0 0.9854897218863361 0.3852941176470588 0.02176541717049585 0.03725490196078435
0 0.06771463119709795 0.6274509803921569 0.04111245465538089 0.05490196078431375
0 0.8579201934703748 0.24411764705882355 0.03990326481257567 0.03725490196078432
0 0.5241837968561064 0.06568627450980392 0.05199516324062864 0.041176470588235294
0 0.9691656590084643 0.2892156862745098 0.037484885126964906 0.04509803921568628
0 0.3651753325272068 0.43333333333333335 0.029020556227327687 0.03921568627450983
0 0.39540507859733975 0.919607843137255 0.024183796856106443 0.039215686274509776
0 0.7599758162031438 0.7284313725490197 0.022974607013301118 0.03725490196078429
0 0.47823458282950426 0.7735294117647058 0.025392986698911713 0.04117647058823526
0 0.19649334945586455 0.776470588235294 0.02539298669891174 0.039215686274509776
0 0.4238210399032648 0.7686274509803921 0.022974607013301118 0.03529411764705881
0 0.8010882708585247 0.28921568627450983 0.035066505441354257 0.0490196078431373
0 0.7339782345828295 0.7735294117647058 0.0241837968561065 0.04117647058823526
0 0.9135429262394196 0.19411764705882353 0.03506650544135437 0.05098039215686273
0 0.7327690447400241 0.7254901960784315 0.02176541717049585 0.039215686274509776
0 0.39661426844014513 0.7686274509803921 0.026602176541717093 0.039215686274509776
0 0.19649334945586455 0.7254901960784313 0.02539298669891174 0.04313725490196085
0 0.5779927448609432 0.23823529411764705 0.038694074969770176 0.03725490196078429
0 0.12575574365175332 0.6303921568627451 0.03627569528415962 0.05294117647058827
0 0.5235792019347038 0.29509803921568634 0.05078597339782348 0.03725490196078429
0 0.5211608222490931 0.47549019607843135 0.033857315598548876 0.04901960784313725
0 0.9135429262394196 0.1480392156862745 0.037484885126964906 0.03725490196078429
0 0.5223700120918985 0.17941176470588235 0.050785973397823536 0.03725490196078429
0 0.5235792019347038 0.25980392156862747 0.05078597339782348 0.04117647058823523
0 0.9135429262394196 0.28431372549019607 0.037484885126964906 0.06274509803921569
0 0.4238210399032648 0.8715686274509804 0.025392986698911768 0.03725490196078429
0 0.5350665054413544 0.7078431372549019 0.02539298669891188 0.03137254901960784
0 0.9135429262394196 0.23921568627450981 0.03506650544135437 0.03921568627450983
0 0.5223700120918985 0.10294117647058823 0.050785973397823536 0.03333333333333334
0 0.39661426844014513 0.8696078431372549 0.024183796856106443 0.04117647058823526
0 0.5350665054413544 0.7333333333333334 0.022974607013301118 0.027450980392156876
0 0.18440145102781136 0.292156862745098 0.039903264812575584 0.0549019607843137
0 0.4087061668681983 0.19607843137254904 0.03869407496977023 0.054901960784313725
0 0.5792019347037485 0.14019607843137255 0.041112454655380826 0.05686274509803922
0 0.07134220072551391 0.292156862745098 0.04111245465538088 0.0549019607843137
0 0.8591293833131801 0.14313725490196078 0.03748488512696502 0.054901960784313725
0 0.35308343409915355 0.6294117647058823 0.03627569528415958 0.050980392156862786
0 0.18319226118500603 0.19117647058823528 0.039903264812575584 0.05686274509803921
0 0.24002418379685614 0.19313725490196076 0.039903264812575584 0.05294117647058824
0 0.46372430471584036 0.19313725490196082 0.03990326481257561 0.05686274509803915
0 0.1275695284159613 0.292156862745098 0.03990326481257557 0.0549019607843137
0 0.466142684401451 0.5735294117647058 0.039903264812575556 0.05294117647058816
0 0.35308343409915355 0.5764705882352942 0.03627569528415958 0.05882352941176472
0 0.40991535671100365 0.28921568627450983 0.03627569528415958 0.0490196078431373
0 0.3542926239419589 0.6803921568627451 0.03627569528415964 0.050980392156862786
0 0.2400241837968561 0.14313725490196078 0.03748488512696496 0.054901960784313725
0 0.80229746070133 0.6774509803921569 0.039903264812575556 0.05294117647058816
0 0.6904474002418379 0.24215686274509804 0.03627569528415964 0.052941176470588214
0 0.5229746070133011 0.37745098039215685 0.042321644498186206 0.05294117647058827
0 0.7448609431680774 0.5764705882352941 0.03627569528415964 0.05490196078431364
0 0.7460701330108828 0.6274509803921569 0.036275695284159526 0.050980392156862786
0 0.46372430471584036 0.6274509803921569 0.03748488512696496 0.04705882352941182
0 0.7448609431680774 0.24411764705882352 0.038694074969770176 0.04901960784313725
0 0.1275695284159613 0.24411764705882352 0.03990326481257557 0.04901960784313725
0 0.5785973397823458 0.2833333333333333 0.039903264812575445 0.05294117647058827
0 0.743651753325272 0.2950980392156863 0.041112454655380826 0.056862745098039236
0 0.6360338573155986 0.09019607843137255 0.03869407496977029 0.06274509803921569
0 0.2962515114873035 0.2411764705882353 0.03627569528415964 0.047058823529411764
0 0.80229746070133 0.5764705882352941 0.039903264812575556 0.05490196078431364
0 0.9135429262394197 0.09215686274509804 0.039903264812575556 0.06274509803921569
0 0.80229746070133 0.6303921568627451 0.039903264812575556 0.04901960784313719
0 0.1275695284159613 0.19117647058823528 0.03748488512696492 0.05686274509803921
0 0.1819830713422007 0.2411764705882353 0.039903264812575584 0.047058823529411764
0 0.2950423216444982 0.28921568627450983 0.03869407496977023 0.0490196078431373
0 0.5785973397823458 0.33725490196078434 0.037484885126964906 0.04705882352941171
0 0.40991535671100365 0.6784313725490196 0.03869407496977023 0.050980392156862675
0 0.5792019347037485 0.19607843137254902 0.03627569528415964 0.05098039215686273
0 0.6336154776299878 0.28921568627450983 0.03869407496977029 0.0490196078431373
0 0.46372430471584036 0.6754901960784314 0.03990326481257561 0.05294117647058816
0 0.6336154776299878 0.1901960784313726 0.03869407496977029 0.0509803921568627
0 0.8010882708585247 0.19313725490196082 0.039903264812575556 0.05686274509803915
0 0.5217654171704957 0.4274509803921569 0.042321644498186206 0.047058823529411764
0 0.46493349455864574 0.24411764705882352 0.03748488512696496 0.04901960784313725
0 0.8579201934703748 0.19607843137254902 0.03506650544135437 0.05098039215686273
0 0.18440145102781136 0.5745098039215686 0.037484885126964934 0.05490196078431364
0 0.40991535671100365 0.24411764705882355 0.03627569528415958 0.04117647058823529
0 0.1825876662636034 0.6784313725490196 0.04111245465538091 0.050980392156862675
0 0.6880290205562274 0.292156862745098 0.03869407496977029 0.047058823529411764
0 0.6904474002418379 0.19117647058823534 0.041112454655380826 0.052941176470588186
0 0.407496977025393 0.6274509803921569 0.03385731559854899 0.050980392156862786
0 0.3422007255139057 0.2872549019607843 0.024183796856106388 0.03725490196078435
0 0.8567110036275696 0.28627450980392155 0.03748488512696502 0.047058823529411764
0 0.1819830713422007 0.6274509803921569 0.039903264812575584 0.050980392156862786
