0 0.648822 0.717472 0.038149 0.047197
0 0.335858 0.404263 0.024437 0.034671
0 0.502255 0.450683 0.042588 0.047533
0 0.865811 0.361099 0.038036 0.043906
0 0.762556 0.354928 0.038149 0.047197
0 0.661022 0.347237 0.034820 0.046945
0 0.549182 0.622496 0.034934 0.050235
0 0.297109 0.318023 0.039373 0.050571
0 0.652381 0.630313 0.037153 0.050403
0 0.608868 0.343287 0.034707 0.043654
0 0.335081 0.442969 0.023384 0.036232
0 0.510419 0.213760 0.048679 0.031584
0 0.187930 0.596783 0.036044 0.050319
0 0.394469 0.608303 0.038320 0.052133
0 0.918273 0.323833 0.036044 0.050319
0 0.446538 0.614721 0.036044 0.050319
0 0.340862 0.694970 0.034877 0.048590
0 0.340643 0.652889 0.033597 0.043570
0 0.351482 0.322142 0.032488 0.043486
0 0.863370 0.399680 0.037979 0.042261
0 0.658580 0.385818 0.034650 0.042009
0 0.908714 0.649729 0.037153 0.050403
0 0.143392 0.307205 0.035760 0.042093
0 0.856616 0.644133 0.034820 0.046945
0 0.443870 0.659883 0.033541 0.041925
0 0.599061 0.627924 0.034934 0.050235
0 0.454154 0.329094 0.033427 0.038634
0 0.184926 0.683984 0.038149 0.047197
0 0.915410 0.406921 0.038093 0.045552
0 0.855085 0.688556 0.034707 0.043654
0 0.813629 0.357971 0.035873 0.045383
0 0.904713 0.733555 0.037040 0.047113
0 0.095189 0.172411 0.039486 0.053862
0 0.300304 0.273726 0.035817 0.043738
0 0.247923 0.276357 0.035817 0.043738
0 0.185290 0.641122 0.033597 0.043570
0 0.301721 0.232593 0.035703 0.040448
0 0.598445 0.710357 0.034934 0.050235
0 0.392797 0.656839 0.033597 0.043570
0 0.804624 0.683909 0.035760 0.042093
0 0.916799 0.366611 0.035817 0.043738
0 0.762248 0.396144 0.038036 0.043906
0 0.711742 0.263650 0.034820 0.046945
0 0.093238 0.261341 0.039259 0.047281
0 0.923758 0.487558 0.026826 0.039775
0 0.361381 0.406196 0.022104 0.031212
0 0.906158 0.691600 0.034650 0.042009
0 0.849495 0.479459 0.022217 0.034503
0 0.849746 0.439888 0.024323 0.031380
0 0.361685 0.445809 0.021108 0.034419
0 0.812212 0.399104 0.033654 0.045215
0 0.403523 0.329383 0.034594 0.040363
0 0.854166 0.731376 0.033711 0.046861
0 0.441315 0.701754 0.033711 0.046861
0 0.509152 0.315114 0.044524 0.039475
0 0.803037 0.729978 0.038206 0.048842
0 0.390327 0.696243 0.035930 0.047029
0 0.874406 0.482995 0.023214 0.031296
0 0.712374 0.309887 0.037153 0.050403
0 0.093574 0.219302 0.034537 0.038718
0 0.401053 0.368786 0.037153 0.050403
0 0.512658 0.148770 0.048849 0.036520
0 0.921757 0.529471 0.025433 0.031465
0 0.512577 0.183406 0.046743 0.039643
0 0.508621 0.282082 0.045407 0.032977
0 0.499194 0.539529 0.031492 0.046693
0 0.925175 0.446426 0.026713 0.036484
0 0.506997 0.377635 0.044411 0.036184
0 0.506919 0.751262 0.023044 0.026361
0 0.091962 0.298360 0.038636 0.029183
0 0.876876 0.443592 0.023214 0.031296
0 0.506688 0.725676 0.020994 0.031128
0 0.507406 0.349623 0.043188 0.032809
0 0.509313 0.245843 0.044637 0.042765
0 0.500170 0.495064 0.041478 0.047449
0 0.403389 0.284833 0.038376 0.053778
0 0.560407 0.296727 0.034820 0.046945
0 0.609345 0.297134 0.037267 0.053694
0 0.555851 0.380511 0.035930 0.047029
0 0.352956 0.279364 0.034934 0.050235
0 0.195939 0.267470 0.036044 0.050319
0 0.451599 0.370965 0.036044 0.050319
0 0.144894 0.263604 0.036044 0.050319
0 0.662496 0.304459 0.034820 0.046945
0 0.350122 0.361629 0.034820 0.046945
0 0.765196 0.310589 0.038263 0.050487
0 0.455543 0.288784 0.035930 0.047029
0 0.302142 0.188086 0.038376 0.053778
0 0.607394 0.386064 0.039259 0.047281
0 0.557880 0.337775 0.034707 0.043654
0 0.343396 0.605259 0.038376 0.053778
0 0.192991 0.353026 0.036044 0.050319
0 0.867285 0.318321 0.036044 0.050319
0 0.547595 0.668565 0.034707 0.043654
0 0.142473 0.350024 0.039543 0.055507
0 0.195546 0.311155 0.038093 0.045552
0 0.089266 0.344345 0.041649 0.052385
0 0.815131 0.314371 0.036044 0.050319
0 0.249595 0.227820 0.038433 0.055423
0 0.650794 0.676381 0.034707 0.043654
0 0.546150 0.710520 0.039316 0.048926
0 0.806126 0.640309 0.036044 0.050319
