0 0.4235281971867338 0.047157429367473344 0.021143373338495242 0.041262750696539174
0 0.014536069170215512 0.6425199751318244 0.01850045167118338 0.03536807202560497
0 0.3908220415537489 0.28957608970964105 0.019161182088011326 0.039789081028805566
0 0.3597677119628339 0.5997835547675515 0.021804103755323278 0.03831541136107209
0 0.5199948380436186 0.5202053927099404 0.021143373338495305 0.038315411361072006
0 0.23720221964124405 0.5231527320454074 0.02246483417215125 0.03831541136107209
0 0.1731113692089302 0.3721015911027194 0.019821912504839362 0.03684174169333862
0 0.17377209962575818 0.2534711828501692 0.018500451671183384 0.03536807202560506
0 0.2960072267389341 0.36768058209951876 0.019821912504839296 0.03684174169333858
0 0.04592076396954446 0.7206244675217022 0.023125564588979224 0.03831541136107209
0 0.07796618918570139 0.4133643417992585 0.019821912504839338 0.03978908102880561
0 0.23621112401600208 0.173893020792558 0.021804103755323247 0.041262750696539174
0 0.04658149438637243 0.4509429183264638 0.02180410375532327 0.03831541136107209
0 0.4235281971867338 0.32715466623684636 0.018500451671183353 0.03536807202560501
0 0.013214608336559555 0.4509429183264638 0.019821912504839334 0.03831541136107209
0 0.14238740482642923 0.2939970987128417 0.021804103755323295 0.03684174169333858
0 0.39148277197057685 0.672730203320362 0.021804103755323215 0.03978908102880561
0 0.237862950058072 0.6771512123235626 0.02246483417215125 0.03684174169333849
0 0.0773054587688734 0.4509429183264638 0.021143373338495298 0.03831541136107209
0 0.10935088398503033 0.3743120956043197 0.0204826429216673 0.0353680720256051
0 0.35910698154600595 0.6734670381542287 0.02048264292166733 0.03831541136107209
0 0.42385856239514774 0.5577839692371457 0.021804103755323278 0.03978908102880561
0 0.07796618918570138 0.6064150682723526 0.02246483417215124 0.03684174169333858
0 0.39148277197057685 0.4465219093232633 0.021804103755323215 0.041262750696539216
0 0.23555039359917407 0.09210435423334638 0.021804103755323278 0.03684174169333855
0 0.5190037424183765 0.48262681618273506 0.021804103755323278 0.03684174169333858
0 0.5193341076267906 0.3647332427640516 0.02246483417215125 0.039789081028805656
0 0.3921435023874048 0.5983098850998181 0.021804103755323215 0.041262750696539126
0 0.26660472319008904 0.3242073269013792 0.0204826429216673 0.041262750696539174
0 0.11001161440185832 0.4870478251859357 0.02180410375532326 0.042736420364272824
0 0.1103419796102723 0.05305210803840751 0.022464834172151234 0.047157429367473365
0 0.27222093173312684 0.5872573625918164 0.013214608336559575 0.02799972368693738
0 0.2732120273583688 0.6071519031062194 0.01255387791973157 0.011789357341868322
0 0.04658149438637244 0.37357526077045294 0.023125564588979235 0.03978908102880561
0 0.4876190476190477 0.5216790623776739 0.021143373338495305 0.041262750696539126
0 0.20350496838301715 0.09357802390107992 0.02246483417215125 0.04273642036427271
0 0.17377209962575818 0.09431485873494669 0.01982191250483933 0.04421009003200625
0 0.23687185443283004 0.3706279214349858 0.021804103755323247 0.03684174169333849
0 0.29699832236417606 0.08915701489787929 0.021804103755323215 0.04273642036427273
0 0.17278100400051616 0.2917865942112413 0.019161182088011357 0.03831541136107209
0 0.20647825525874308 0.5253632365470078 0.021804103755323278 0.03978908102880561
0 0.3908220415537489 0.09136751939947961 0.021804103755323278 0.04421009003200625
0 0.4872886824106336 0.44578507448939647 0.021804103755323278 0.03978908102880561
0 0.4241889276035618 0.36620691243178527 0.021143373338495305 0.039789081028805656
0 0.2963375919473481 0.3293651707384467 0.02180410375532334 0.03684174169333853
0 0.23621112401600208 0.32862833590457985 0.021804103755323247 0.041262750696539174
0 0.32706155632984896 0.2527343480163025 0.019821912504839362 0.03684174169333853
0 0.4235281971867338 0.09063068456561284 0.021143373338495242 0.04273642036427271
0 0.2963375919473481 0.40599599346059095 0.02048264292166727 0.03684174169333866
0 0.17443283004258617 0.1775771949618918 0.01982191250483933 0.03684174169333855
0 0.17443283004258617 0.13852494876695295 0.021143373338495274 0.041262750696539195
0 0.48695831720221966 0.40525915862672407 0.021143373338495305 0.041262750696539174
0 0.4241889276035618 0.48410048585046855 0.021143373338495305 0.03978908102880561
0 0.20449606400825912 0.4074696631283244 0.021804103755323278 0.03684174169333862
0 0.0773054587688734 0.29547076838057523 0.02246483417215124 0.039789081028805656
0 0.42352819718673385 0.24978700868083537 0.02246483417215125 0.03684174169333853
0 0.0773054587688734 0.37431209560431966 0.02246483417215124 0.03831541136107209
0 0.35943734675441985 0.21294526698749683 0.021143373338495305 0.03978908102880561
0 0.20515679442508714 0.4833636510166018 0.021804103755323247 0.03831541136107209
0 0.4555736224028907 0.25126067834856897 0.021804103755323278 0.03684174169333862
0 0.32904374758033295 0.5622049782403463 0.02246483417215119 0.0397890810288057
0 0.29600722673893404 0.5231527320454074 0.021143373338495305 0.03831541136107209
0 0.32838301716350493 0.5216790623776739 0.02246483417215125 0.041262750696539126
0 0.0773054587688734 0.21662944115683067 0.02246483417215124 0.03831541136107203
0 0.20449606400825912 0.3698910866011191 0.021804103755323278 0.03536807202560501
0 0.2963375919473481 0.48410048585046855 0.02048264292166727 0.03978908102880561
0 0.04658149438637243 0.5680996569112804 0.02048264292166731 0.03684174169333849
0 0.39148277197057685 0.36841741693338553 0.021804103755323215 0.03831541136107209
0 0.0773054587688734 0.25568168735176955 0.02246483417215124 0.0397890810288057
0 0.1731113692089302 0.4104170024637916 0.019821912504839362 0.03684174169333849
0 0.04592076396954446 0.25494485251790283 0.023125564588979224 0.041262750696539174
0 0.4241889276035618 0.4421009003200626 0.021143373338495305 0.041262750696539216
0 0.35910698154600595 0.3706279214349859 0.021804103755323278 0.0397890810288057
0 0.42352819718673385 0.40304865412512375 0.02246483417215125 0.03684174169333853
0 0.35910698154600595 0.17094568145709088 0.021804103755323278 0.041262750696539174
0 0.17377209962575818 0.4487324138248636 0.01982191250483933 0.03684174169333858
0 0.0773054587688734 0.5290474107163416 0.02246483417215124 0.041262750696539126
0 0.35910698154600595 0.25126067834856897 0.021804103755323278 0.03684174169333862
0 0.10935088398503033 0.25789219185336987 0.021804103755323278 0.04421009003200634
0 0.32706155632984907 0.08989384973174606 0.021143373338495242 0.041262750696539174
0 0.39148277197057685 0.24905017384696865 0.021804103755323215 0.03536807202560501
0 0.0773054587688734 0.4899951645214028 0.021143373338495298 0.03684174169333866
0 0.42352819718673385 0.28957608970964105 0.02246483417215125 0.039789081028805566
0 0.20350496838301715 0.17536669046029155 0.018500451671183353 0.03831541136107212
0 0.23621112401600208 0.21294526698749688 0.021804103755323247 0.03684174169333853
0 0.35943734675441985 0.33083884040618017 0.021143373338495305 0.039789081028805656
0 0.32706155632984896 0.3293651707384467 0.019821912504839362 0.03684174169333853
0 0.3597677119628339 0.5231527320454074 0.02048264292166733 0.03831541136107209
0 0.4549128919860627 0.08989384973174606 0.021804103755323278 0.041262750696539174
0 0.14238740482642923 0.1783140297957586 0.02048264292166733 0.03831541136107209
0 0.5190037424183765 0.44504823965552975 0.021804103755323278 0.03831541136107209
0 0.04592076396954446 0.1783140297957586 0.021804103755323267 0.041262750696539174
0 0.39148277197057685 0.5202053927099404 0.02048264292166727 0.038315411361072006
0 0.32838301716350493 0.36841741693338553 0.019821912504839362 0.03831541136107209
0 0.328383017163505 0.4465219093232633 0.021143373338495242 0.041262750696539216
0 0.39148277197057685 0.40599599346059095 0.021804103755323215 0.03684174169333866
0 0.04592076396954446 0.33525984940938086 0.021804103755323267 0.03684174169333858
0 0.20383533359143116 0.331575675240047 0.021804103755323278 0.041262750696539174
0 0.4549128919860627 0.131893435262152 0.021804103755323278 0.039789081028805635
0 0.327722286746677 0.2903129245435078 0.019821912504839296 0.041262750696539126
0 0.4549128919860627 0.36547007759791844 0.021804103755323278 0.03831541136107209
0 0.04592076396954446 0.48999516452140274 0.021804103755323267 0.03978908102880561
0 0.266935088398503 0.1937875613069608 0.02246483417215119 0.03684174169333855
0 0.20416569879984514 0.13410393976375232 0.021143373338495305 0.041262750696539174
0 0.237862950058072 0.599046719933685 0.02246483417215125 0.042736420364272734
0 0.20515679442508714 0.4443114048216629 0.019161182088011357 0.039789081028805524
0 0.48827977803587563 0.5990467199336849 0.02246483417215125 0.03978908102880561
0 0.0773054587688734 0.3345230145755141 0.021143373338495298 0.03831541136107209
0 0.01453606917021551 0.25494485251790283 0.02114337333849529 0.041262750696539174
0 0.39181313717899086 0.75304520021184 0.02246483417215119 0.041262750696539216
0 0.327722286746677 0.17315618595869117 0.019821912504839296 0.03684174169333855
0 0.5190037424183765 0.40452232379285735 0.021804103755323278 0.039789081028805746
0 0.04592076396954446 0.29547076838057523 0.021804103755323267 0.039789081028805656
0 0.0773054587688734 0.5688364917451473 0.02246483417215124 0.03831541136107209
0 0.23621112401600208 0.2497870086808354 0.0204826429216673 0.0397890810288057
0 0.014536069170215512 0.29620760321444195 0.01850045167118338 0.041262750696539174
0 0.4872886824106336 0.36547007759791844 0.02048264292166733 0.03831541136107209
0 0.3597677119628339 0.5607313085726128 0.021804103755323278 0.039789081028805524
0 0.42484965802038976 0.5209422275438071 0.021143373338495305 0.03684174169333849
0 0.4872886824106336 0.32641783140297953 0.02048264292166733 0.03684174169333853
0 0.32706155632984896 0.13336710492988557 0.02246483417215125 0.04568375969973982
0 0.39148277197057685 0.32641783140297953 0.021804103755323215 0.039789081028805656
0 0.48695831720221966 0.2527343480163025 0.021143373338495305 0.039789081028805656
0 0.14205703961801522 0.3713647562688526 0.021143373338495322 0.03536807202560492
0 0.36009807717124787 0.40673282829445756 0.02246483417215125 0.03831541136107209
0 0.14139630920118723 0.4479955789909968 0.018500451671183384 0.03831541136107209
0 0.013875338753387534 0.5658891524096802 0.019821912504839338 0.03831541136107209
0 0.35943734675441985 0.09284118906721316 0.02246483417215125 0.041262750696539174
0 0.1100116144018583 0.7235718068571692 0.023125564588979224 0.03831541136107209
0 0.35943734675441985 0.131893435262152 0.021143373338495305 0.03684174169333855
0 0.17443283004258617 0.601994059269152 0.01982191250483933 0.03978908102880561
0 0.17443283004258617 0.524626401713141 0.01982191250483933 0.03536807202560506
0 0.2963375919473481 0.4443114048216629 0.01916118208801139 0.03684174169333858
0 0.328383017163505 0.40452232379285735 0.018500451671183353 0.03684174169333849
0 0.45623435281971864 0.44504823965552975 0.01916118208801139 0.03831541136107209
0 0.32706155632984896 0.4833636510166018 0.02246483417215125 0.03536807202560506
0 0.5196644728352044 0.7125192843491676 0.02048264292166733 0.03978908102880561
0 0.48695831720221966 0.2888392548757743 0.019821912504839362 0.03536807202560501
0 0.2659439927732611 0.10020953740588086 0.025768486256291145 0.02652605401920376
0 0.14172667440960124 0.1377881139330862 0.019161182088011357 0.03684174169333855
0 0.2659439927732611 0.03905224619493885 0.025768486256291145 0.030947063022404363
0 0.14139630920118723 0.411890672131525 0.019821912504839344 0.03684174169333858
0 0.5196644728352044 0.7545188698795735 0.021804103755323278 0.041262750696539216
0 0.2960072267389341 0.2085242579842962 0.019821912504839296 0.04568375969973986
0 0.3921435023874048 0.7132561191830343 0.02048264292166727 0.03831541136107209
0 0.5193341076267906 0.5599944737387459 0.019821912504839362 0.041262750696539216
0 0.013875338753387534 0.4111538372976582 0.019821912504839338 0.03536807202560506
0 0.266604723190089 0.22694512883096543 0.02312556458897919 0.032420732690137975
0 0.2963375919473481 0.1687351769554906 0.02048264292166727 0.03684174169333855
0 0.2656136275648471 0.1628404982845564 0.023786295005807194 0.02799972368693731
0 0.17509356045941413 0.679361716825163 0.021143373338495274 0.03536807202560506
0 0.48794941282746157 0.6380989661286237 0.01916118208801139 0.03831541136107209
0 0.4889405084527036 0.7162034585185014 0.021143373338495305 0.03536807202560497
0 0.23555039359917407 0.289576089709641 0.021804103755323278 0.03684174169333858
0 0.238193315266486 0.5607313085726128 0.023125564588979224 0.03684174169333858
0 0.014205703961801522 0.6815722213267632 0.020482642921667314 0.0397890810288057
0 0.4876190476190477 0.7545188698795735 0.021143373338495305 0.041262750696539216
0 0.5203252032520325 0.6734670381542287 0.02048264292166733 0.03831541136107209
0 0.5199948380436186 0.6351516267931567 0.019821912504839362 0.03536807202560506
0 0.26594399277326103 0.07073614405121002 0.024447025422635136 0.03536807202560501
0 0.5193341076267906 0.17241935112482443 0.019821912504839362 0.03536807202560501
0 0.20779971609239903 0.7559925395473072 0.021804103755323278 0.03536807202560506
0 0.2058175248419151 0.6380989661286237 0.021804103755323247 0.03536807202560497
0 0.42418892760356175 0.7132561191830343 0.019821912504839296 0.041262750696539126
0 0.10935088398503033 0.6056782334384858 0.0204826429216673 0.03536807202560488
0 0.328383017163505 0.5983098850998181 0.017178990837527407 0.03536807202560506
0 0.11001161440185832 0.6808353864928964 0.02180410375532326 0.041262750696539216
0 0.23918441089172796 0.7162034585185014 0.02246483417215125 0.041262750696539216
0 0.26660472319008904 0.3647332427640516 0.0204826429216673 0.03094706302240437
0 0.2659439927732611 0.2564185221856363 0.023125564588979224 0.032420732690137934
0 0.5199948380436186 0.24978700868083537 0.021143373338495305 0.03684174169333853
0 0.48662795199380565 0.13410393976375232 0.021804103755323278 0.041262750696539174
0 0.04592076396954446 0.68230905616063 0.021804103755323267 0.041262750696539216
0 0.5193341076267906 0.289576089709641 0.02246483417215125 0.03684174169333858
0 0.39148277197057685 0.5592576389048793 0.021804103755323215 0.03684174169333849
0 0.39148277197057685 0.6344147919592898 0.021804103755323215 0.030947063022404412
0 0.014205703961801522 0.7213613023555688 0.020482642921667314 0.03684174169333858
0 0.20779971609239903 0.7162034585185014 0.021804103755323278 0.041262750696539216
0 0.328383017163505 0.6344147919592898 0.017178990837527407 0.03684174169333858
0 0.23918441089172796 0.7552557047134404 0.02246483417215125 0.03684174169333858
0 0.35910698154600595 0.2903129245435078 0.021804103755323278 0.041262750696539126
0 0.17476319525100015 0.7169402933523682 0.021804103755323247 0.03978908102880561
0 0.04658149438637243 0.762624053052108 0.02180410375532327 0.03978908102880561
0 0.10968124919344432 0.13926178360081973 0.02114337333849529 0.03684174169333855
0 0.5190037424183765 0.20999792765202976 0.021804103755323278 0.03684174169333862
0 0.4862975867853917 0.21220843215363008 0.019821912504839362 0.03536807202560497
0 0.5203252032520325 0.5990467199336849 0.021804103755323278 0.03684174169333858
0 0.4235281971867338 0.1687351769554906 0.019821912504839296 0.03684174169333855
0 0.2960072267389341 0.5607313085726128 0.022464834172151314 0.03684174169333858
0 0.5186733772099626 0.13410393976375232 0.019821912504839362 0.041262750696539174
0 0.4876190476190477 0.6756775426558291 0.021143373338495305 0.042736420364272734
0 0.35910698154600595 0.7132561191830343 0.01916118208801139 0.03831541136107209
0 0.32838301716350493 0.7125192843491676 0.019821912504839362 0.03978908102880561
0 0.23555039359917407 0.049367933869073656 0.023125564588979224 0.03978908102880566
0 0.42418892760356175 0.6734670381542287 0.019821912504839296 0.03536807202560506
0 0.32838301716350493 0.7537820350457068 0.02246483417215125 0.03684174169333858
0 0.014536069170215512 0.3743120956043197 0.019821912504839334 0.0353680720256051
0 0.4235281971867338 0.21147159731976328 0.019821912504839296 0.04273642036427271
0 0.20713898567557104 0.6771512123235626 0.021804103755323278 0.03684174169333849
0 0.4241889276035618 0.6344147919592898 0.021143373338495305 0.03978908102880561
0 0.23687185443283004 0.40673282829445767 0.021804103755323247 0.03536807202560519
0 0.5190037424183765 0.32641783140297953 0.021804103755323278 0.03684174169333853
0 0.04592076396954446 0.21589260632296392 0.019161182088011364 0.03684174169333855
0 0.23753258484965803 0.4443114048216629 0.0204826429216673 0.03684174169333858
0 0.4549128919860627 0.32641783140297953 0.02048264292166733 0.03684174169333853
0 0.013875338753387534 0.17684036012802506 0.019821912504839338 0.041262750696539174
0 0.04592076396954446 0.6056782334384858 0.019161182088011364 0.03536807202560488
0 0.013875338753387534 0.5261000713808746 0.019821912504839338 0.041262750696539126
0 0.04592076396954446 0.6432568099656912 0.019161182088011364 0.03684174169333849
0 0.14238740482642923 0.25715535701950315 0.02048264292166733 0.03684174169333853
0 0.11001161440185832 0.4494692486587304 0.02180410375532326 0.03536807202560506
0 0.4549128919860627 0.17094568145709088 0.02048264292166733 0.03831541136107209
0 0.17476319525100015 0.6417831402979576 0.0204826429216673 0.03684174169333866
0 0.1427177700348432 0.09431485873494669 0.022464834172151265 0.04421009003200625
0 0.07862691960252936 0.7633608878859748 0.02114337333849528 0.041262750696539216
0 0.42385856239514774 0.7515715305441065 0.021804103755323278 0.03831541136107209
0 0.2058175248419151 0.6042045637707522 0.023125564588979224 0.03536807202560506
0 0.29600722673893404 0.2888392548757743 0.021143373338495305 0.03831541136107205
0 0.07796618918570138 0.68230905616063 0.02246483417215124 0.03831541136107209
0 0.4241889276035618 0.5975730502659513 0.02246483417215125 0.03389440235787154
0 0.07796618918570138 0.7235718068571692 0.02246483417215124 0.03831541136107209
0 0.013875338753387534 0.4877846600198024 0.019821912504839338 0.03536807202560506
0 0.26594399277326103 0.13115660042828525 0.024447025422635136 0.03536807202560501
0 0.3597677119628339 0.6344147919592898 0.019161182088011326 0.03684174169333858
0 0.013544973544973546 0.33452301457551403 0.0178397212543554 0.03536807202560501
0 0.3597677119628339 0.7545188698795735 0.019161182088011326 0.041262750696539216
0 0.5193341076267906 0.09063068456561284 0.02246483417215125 0.04273642036427271
0 0.4872886824106336 0.1761035252941583 0.021804103755323278 0.039789081028805635
0 0.1754239256678281 0.7589398788827741 0.021804103755323247 0.041262750696539216
0 0.39148277197057685 0.4833636510166018 0.02048264292166727 0.03536807202560506
0 0.20416569879984517 0.2932602638789749 0.01982191250483933 0.032420732690137885
0 0.04658149438637243 0.411890672131525 0.02180410375532327 0.03684174169333858
0 0.04592076396954446 0.5290474107163416 0.021804103755323267 0.041262750696539126
0 0.35910698154600595 0.44504823965552975 0.02048264292166733 0.03536807202560506
0 0.11100271002710027 0.762624053052108 0.023786295005807194 0.03978908102880561
0 0.17377209962575818 0.5614681434064795 0.018500451671183384 0.03831541136107209
0 0.3911524067621628 0.2107347624858965 0.02246483417215125 0.041262750696539195
0 0.237862950058072 0.6395726357963573 0.021143373338495305 0.03536807202560497
0 0.4862975867853917 0.09136751939947961 0.02246483417215125 0.04421009003200625
0 0.0148664343786295 0.762624053052108 0.02180410375532327 0.03978908102880561
0 0.013875338753387534 0.604941398604619 0.019821912504839338 0.03684174169333849
0 0.10935088398503033 0.5673628220774137 0.021804103755323278 0.041262750696539216
0 0.23621112401600208 0.131893435262152 0.0204826429216673 0.039789081028805635
0 0.10968124919344432 0.5283105758824748 0.02114337333849529 0.03684174169333858
0 0.29600722673893404 0.13041976559441848 0.021143373338495305 0.039789081028805635
0 0.4235281971867338 0.13263027009601877 0.021143373338495242 0.03536807202560501
0 0.10935088398503033 0.21662944115683072 0.0204826429216673 0.03536807202560501
0 0.014536069170215512 0.21589260632296392 0.019821912504839334 0.03684174169333855
0 0.39148277197057685 0.1709456814570909 0.021804103755323215 0.03536807202560497
0 0.4549128919860627 0.2888392548757743 0.02048264292166733 0.03831541136107205
0 0.10935088398503033 0.640309470630224 0.0204826429216673 0.03978908102880561
0 0.07796618918570139 0.6447304796334247 0.019821912504839338 0.03684174169333858
0 0.20647825525874308 0.566625987243547 0.021804103755323278 0.042736420364272734
0 0.32838301716350493 0.6749407078219624 0.019821912504839362 0.03536807202560506
0 0.23654148922441606 0.48410048585046855 0.02246483417215122 0.03978908102880561
0 0.2963375919473481 0.5990467199336849 0.02180410375532334 0.03978908102880561
0 0.29600722673893404 0.2527343480163025 0.021143373338495305 0.039789081028805656
0 0.1100116144018583 0.29620760321444195 0.019161182088011357 0.03536807202560501
0 0.48827977803587563 0.5607313085726128 0.019821912504839362 0.03684174169333858
0 0.11001161440185832 0.0994727025720141 0.02180410375532326 0.04273642036427273
0 0.4876190476190477 0.4848373206843354 0.019821912504839362 0.03536807202560497
0 0.14205703961801522 0.33231251007391377 0.021143373338495322 0.03978908102880561
0 0.10968124919344432 0.17978769946349213 0.02114337333849529 0.041262750696539174
0 0.17377209962575818 0.21589260632296392 0.018500451671183384 0.039789081028805566
0 0.3597677119628339 0.4833636510166018 0.021804103755323278 0.041262750696539126
0 0.17377209962575815 0.48557415551820216 0.021143373338495305 0.0397890810288057
0 0.10935088398503033 0.33452301457551403 0.021804103755323278 0.041262750696539174
0 0.20383533359143116 0.254208017684036 0.021804103755323278 0.04568375969973982
0 0.14238740482642923 0.21810311082456424 0.021804103755323295 0.041262750696539195
0 0.20416569879984514 0.21515577148909715 0.021143373338495305 0.03536807202560499
0 0.3911524067621628 0.13410393976375232 0.02246483417215125 0.041262750696539174
0 0.45623435281971864 0.40452232379285735 0.02048264292166733 0.039789081028805746
0 0.07763582397728738 0.1783140297957586 0.023125564588979214 0.041262750696539174
0 0.32706155632984907 0.21294526698749683 0.021143373338495242 0.03978908102880561
0 0.11001161440185832 0.411890672131525 0.02180410375532326 0.03684174169333858
0 0.4549128919860627 0.2107347624858965 0.021804103755323278 0.041262750696539195
0 0.1724506387921022 0.33083884040618017 0.021143373338495305 0.042736420364272734
