0 0.800357568533969 0.08541266794625718 0.04171632896305133 0.055662188099808094
0 0.9672228843861741 0.08925143953934739 0.03933253873659115 0.05182341650671789
0 0.3063170441001192 0.03742802303262957 0.04052443384982124 0.05566218809980808
0 0.47377830750893923 0.19193857965451055 0.034564958283671066 0.046065259117082535
0 0.8039332538736591 0.8339731285988484 0.03933253873659126 0.04798464491362764
0 0.8039332538736591 0.7821497120921306 0.03933253873659126 0.051823416506717845
0 0.6901072705601907 0.03646833013435702 0.038140643623361115 0.05758157389635319
0 0.1960667461263409 0.14683301343570057 0.03933253873659118 0.051823416506717845
0 0.8587604290822408 0.8752399232245681 0.03933253873659115 0.0499040307101728
0 0.4189511323003576 0.34548944337811904 0.03933253873659115 0.04990403071017274
0 0.802145411203814 0.1401151631477927 0.035756853396901156 0.05374280230326295
0 0.7473182359952324 0.2888675623800384 0.038140643623361115 0.051823416506717845
0 0.7497020262216925 0.6324376199616123 0.038140643623361115 0.04798464491362764
0 0.41775923718712754 0.43857965451055664 0.03456495828367101 0.051823416506717845
0 0.6376638855780692 0.43953934740882916 0.035756853396901156 0.04990403071017274
0 0.7455303933253874 0.08829174664107484 0.03456495828367101 0.0575815738963532
0 0.6912991656734208 0.09309021113243764 0.035756853396901045 0.04798464491362761
0 0.7473182359952324 0.24088291746641077 0.035756853396901045 0.04798464491362772
0 0.4165673420738975 0.1967370441458733 0.03694874851013108 0.04798464491362764
0 0.7485101311084624 0.3886756238003839 0.035756853396901045 0.04798464491362764
0 0.6376638855780692 0.390595009596929 0.035756853396901156 0.04798464491362764
0 0.7485101311084624 0.43666026871401153 0.038140643623361115 0.05566218809980805
0 0.4165673420738975 0.09309021113243762 0.03933253873659115 0.05566218809980804
0 0.9123957091775924 0.33877159309021115 0.03933253873659126 0.051823416506717845
0 0.8575685339690107 0.2936660268714012 0.03456495828367101 0.04990403071017269
0 0.9106078665077473 0.2418426103646833 0.035756853396901045 0.04990403071017277
0 0.8569725864123957 0.1928982725527831 0.035756853396901045 0.04798464491362764
0 0.7497020262216925 0.5854126679462572 0.038140643623361115 0.04990403071017269
0 0.7485101311084624 0.4865642994241843 0.035756853396901045 0.051823416506717845
0 0.47497020262216927 0.2927063339731286 0.036948748510131135 0.04798464491362758
0 0.8033373063170441 0.3877159309021113 0.035756853396901156 0.04990403071017274
0 0.8587604290822408 0.7303262955854126 0.03933253873659115 0.04798464491362764
0 0.30750893921334926 0.09213051823416508 0.035756853396901045 0.049904030710172714
0 0.8039332538736591 0.6343570057581575 0.03933253873659126 0.051823416506717956
0 0.8039332538736591 0.5844529750479847 0.03933253873659126 0.04798464491362764
0 0.3087008343265793 0.14299424184261036 0.035756853396901045 0.05566218809980805
0 0.5816448152562576 0.1948176583493282 0.035756853396901045 0.05566218809980805
0 0.41835518474374256 0.03646833013435702 0.040524433849821184 0.06142034548944341
0 0.6376638855780692 0.09309021113243764 0.035756853396901156 0.04798464491362761
0 0.19725864123957093 0.08829174664107484 0.03933253873659118 0.061420345489443404
0 0.6376638855780692 0.1948176583493282 0.035756853396901156 0.051823416506717845
0 0.8039332538736592 0.43474088291746643 0.03456495828367101 0.04798464491362764
0 0.8575685339690107 0.783109404990403 0.03933253873659115 0.04990403071017291
0 0.2520858164481526 0.08925143953934739 0.03456495828367104 0.05182341650671789
0 0.25148986889153757 0.14299424184261036 0.03575685339690107 0.051823416506717845
0 0.5828367103694876 0.03742802303262957 0.038140643623361004 0.05566218809980808
0 0.7473182359952324 0.34069097888675626 0.033373063170440975 0.051823416506717845
0 0.5280095351609059 0.3838771593090211 0.045292014302741324 0.053742802303263004
0 0.6376638855780692 0.24472168905950098 0.038140643623361226 0.04798464491362772
0 0.8039332538736591 0.7341650671785027 0.03933253873659126 0.04798464491362753
0 0.6912991656734208 0.1928982725527831 0.035756853396901045 0.04414587332053743
0 0.3635280095351609 0.24664107485604608 0.035756853396901045 0.05566218809980808
0 0.47497020262216927 0.24088291746641077 0.036948748510131135 0.05182341650671787
0 0.3635280095351609 0.08925143953934739 0.035756853396901045 0.05182341650671789
0 0.7497020262216925 0.6833013435700576 0.038140643623361115 0.0499040307101728
0 0.9112038140643623 0.3886756238003839 0.03933253873659126 0.051823416506717845
0 0.25148986889153757 0.19193857965451055 0.03575685339690107 0.04990403071017274
0 0.802145411203814 0.24088291746641077 0.035756853396901156 0.05182341650671787
0 0.8563766388557807 0.34261036468330136 0.03694874851013108 0.04798464491362764
0 0.8575685339690107 0.24472168905950098 0.03456495828367101 0.04798464491362772
0 0.9100119189511322 0.14587332053742802 0.03694874851013108 0.046065259117082535
0 0.8569725864123957 0.14299424184261036 0.035756853396901045 0.051823416506717845
0 0.47377830750893923 0.09213051823416504 0.036948748510131135 0.0575815738963532
0 0.8039332538736592 0.4846449136276391 0.03456495828367101 0.04798464491362753
0 0.47377830750893923 0.14395393474088292 0.036948748510131135 0.046065259117082535
0 0.9112038140643623 0.2888675623800384 0.03456495828367101 0.04798464491362758
0 0.8027413587604291 0.6833013435700577 0.03933253873659126 0.04606525911708237
0 0.8033373063170441 0.2927063339731286 0.038140643623361226 0.051823416506717845
0 0.8587604290822408 0.6333973128598849 0.03933253873659115 0.053742802303263226
0 0.9100119189511322 0.09213051823416504 0.03694874851013108 0.061420345489443404
0 0.36174016686531585 0.1948176583493282 0.03456495828367101 0.04798464491362764
0 0.41775923718712754 0.14587332053742802 0.03933253873659115 0.04990403071017274
0 0.636471990464839 0.03742802303262958 0.038140643623361226 0.05950095969289831
0 0.3635280095351609 0.14395393474088292 0.033373063170440975 0.04990403071017274
0 0.6924910607866508 0.34069097888675626 0.035756853396901045 0.051823416506717845
0 0.5822407628128725 0.1401151631477927 0.03933253873659115 0.05374280230326295
0 0.6376638855780692 0.34261036468330136 0.035756853396901156 0.051823416506717845
0 0.8563766388557807 0.08925143953934739 0.03694874851013108 0.055662188099808094
0 0.6376638855780692 0.289827255278311 0.035756853396901156 0.04990403071017269
0 0.6912991656734208 0.14299424184261036 0.035756853396901045 0.05566218809980805
0 0.6376638855780692 0.14107485604606526 0.040524433849821295 0.05566218809980805
0 0.5816448152562576 0.09213051823416508 0.035756853396901045 0.049904030710172714
0 0.5292014302741359 0.2955854126679463 0.04767580452920139 0.03838771593090207
0 0.5292014302741359 0.2610364683301344 0.045292014302741324 0.034548944337811915
0 0.5411203814064363 0.7428023032629558 0.028605482717520725 0.030710172744721542
0 0.5423122765196662 0.7159309021113244 0.030989272943980795 0.030710172744721653
0 0.968414779499404 0.5364683301343569 0.03694874851013108 0.051823416506717845
0 0.5280095351609059 0.43282149712092133 0.042908224076281254 0.03646833013435696
0 0.41775923718712754 0.8339731285988484 0.03456495828367101 0.04798464491362764
0 0.6936829558998808 0.24088291746641077 0.035756853396901045 0.055662188099808135
0 0.41775923718712754 0.8809980806142035 0.03456495828367101 0.0499040307101728
0 0.08522050059594756 0.19193857965451055 0.03694874851013111 0.04222648752399233
0 0.41775923718712754 0.6871401151631478 0.03694874851013108 0.038387715930901956
0 0.968414779499404 0.5844529750479847 0.03933253873659115 0.04798464491362764
0 0.4189511323003576 0.7879078694817658 0.03933253873659115 0.051823416506717845
0 0.08402860548271752 0.2927063339731286 0.04171632896305125 0.051823416506717845
0 0.08402860548271752 0.23896353166986567 0.03933253873659118 0.05182341650671793
0 0.5292014302741359 0.10172744721689059 0.04767580452920139 0.030710172744721695
0 0.968414779499404 0.6362763915547025 0.03933253873659115 0.051823416506717845
0 0.1960667461263409 0.44049904030710174 0.03933253873659118 0.04798464491362764
0 0.9123957091775924 0.7303262955854126 0.03933253873659126 0.04798464491362764
0 0.8587604290822408 0.6852207293666027 0.03933253873659115 0.049904030710172576
0 0.9672228843861741 0.24472168905950098 0.03933253873659115 0.05182341650671787
0 0.9112038140643623 0.43474088291746643 0.03694874851013119 0.04798464491362764
0 0.4725864123957092 0.34165067178502884 0.034564958283671066 0.046065259117082535
0 0.7485101311084624 0.7802303262955854 0.035756853396901045 0.05566218809980805
0 0.9672228843861741 0.1928982725527831 0.03933253873659115 0.04798464491362764
0 0.25029797377830754 0.7850287907869482 0.03814064362336117 0.0499040307101728
0 0.25029797377830754 0.34069097888675626 0.03575685339690107 0.051823416506717845
0 0.8009535160905841 0.190978886756238 0.035756853396901156 0.04798464491362764
0 0.14243146603098927 0.19577735124760076 0.03694874851013112 0.04990403071017274
0 0.8039332538736591 0.5345489443378119 0.03933253873659126 0.05566218809980805
0 0.7461263408820024 0.1928982725527831 0.035756853396901045 0.04798464491362764
0 0.5303933253873659 0.21976967370441458 0.045292014302741324 0.04798464491362764
0 0.8575685339690107 0.44049904030710174 0.03456495828367101 0.051823416506717845
0 0.25148986889153757 0.3886756238003839 0.03575685339690107 0.051823416506717845
0 0.9123957091775924 0.4846449136276392 0.03933253873659126 0.05182341650671779
0 0.9123957091775924 0.7802303262955854 0.03933253873659126 0.051823416506717845
0 0.9672228843861741 0.14107485604606526 0.03456495828367101 0.051823416506717845
0 0.25029797377830754 0.24088291746641077 0.03575685339690107 0.04798464491362772
0 0.30631704410011923 0.19193857965451055 0.033373063170440975 0.046065259117082535
0 0.529797377830751 0.1401151631477927 0.04648390941597136 0.046065259117082535
0 0.4725864123957092 0.03550863723608444 0.034564958283671066 0.05566218809980803
0 0.4189511323003576 0.5403071017274472 0.04171632896305122 0.051823416506717845
0 0.6376638855780692 0.4875239923224568 0.038140643623361226 0.04606525911708248
0 0.25148986889153757 0.03646833013435699 0.03814064362336114 0.05374280230326292
0 0.41775923718712754 0.7341650671785029 0.03933253873659115 0.051823416506717845
0 0.8563766388557807 0.3896353166986565 0.03694874851013108 0.04990403071017274
0 0.25208581644815253 0.7341650671785029 0.04171632896305122 0.051823416506717845
0 0.25148986889153757 0.637236084452975 0.04052443384982124 0.04990403071017269
0 0.1960667461263409 0.24472168905950098 0.03694874851013111 0.04798464491362772
0 0.25029797377830754 0.2869481765834933 0.03575685339690107 0.051823416506717845
0 0.25148986889153757 0.4875239923224568 0.03575685339690107 0.04990403071017274
0 0.41775923718712754 0.4865642994241842 0.03933253873659115 0.04798464491362758
0 0.25148986889153757 0.5355086372360844 0.03814064362336114 0.0499040307101728
0 0.7449344457687723 0.14779270633397312 0.035756853396901045 0.04990403071017274
0 0.6924910607866508 0.29174664107485604 0.035756853396901045 0.04222648752399233
0 0.7485101311084624 0.536468330134357 0.035756853396901045 0.04798464491362764
0 0.8027413587604291 0.3397312859884837 0.03456495828367112 0.04222648752399233
0 0.968414779499404 0.48944337811900196 0.03933253873659115 0.046065259117082535
0 0.0864123957091776 0.03742802303262954 0.03933253873659118 0.05182341650671782
0 0.08522050059594756 0.390595009596929 0.03694874851013111 0.04414587332053743
0 0.08522050059594756 0.14395393474088292 0.04171632896305125 0.04990403071017274
0 0.08522050059594756 0.09213051823416504 0.03933253873659118 0.0575815738963532
0 0.9678188319427891 0.7341650671785029 0.040524433849821184 0.051823416506717845
0 0.08760429082240763 0.3435700575815739 0.04171632896305125 0.046065259117082535
0 0.9672228843861741 0.289827255278311 0.03933253873659115 0.04222648752399227
0 0.8039332538736591 0.8829174664107486 0.03933253873659126 0.04990403071017269
0 0.9696066746126342 0.682341650671785 0.03933253873659115 0.051823416506717845
0 0.41775923718712754 0.9337811900191939 0.03933253873659115 0.05566218809980805
0 0.25148986889153757 0.9347408829174664 0.04052443384982124 0.04990403071017269
0 0.9690107270560191 0.783109404990403 0.040524433849821184 0.04606525911708248
0 0.9672228843861741 0.3886756238003839 0.03694874851013108 0.04414587332053743
0 0.9123957091775924 0.8291746641074855 0.03456495828367112 0.04222648752399227
0 0.5292014302741359 0.022072936660268713 0.05005959475566146 0.044145873320537425
0 0.529797377830751 0.06525911708253358 0.04648390941597136 0.04222648752399232
0 0.41775923718712754 0.5863723608445297 0.03933253873659115 0.04798464491362764
0 0.9135876042908224 0.536468330134357 0.03933253873659126 0.04798464491362764
0 0.4189511323003576 0.2946257197696738 0.03933253873659115 0.05182341650671779
0 0.14064362336114422 0.03742802303262957 0.040524433849821226 0.05566218809980808
0 0.9690107270560191 0.8809980806142035 0.040524433849821184 0.04606525911708248
0 0.6376638855780692 0.6343570057581575 0.035756853396901156 0.051823416506717956
0 0.08522050059594756 0.44241842610364684 0.03933253873659118 0.051823416506717845
0 0.7479141835518475 0.9318618042226487 0.03933253873659115 0.051823416506717845
0 0.529797377830751 0.18138195777351246 0.04648390941597136 0.03646833013435699
0 0.9702026221692491 0.8301343570057582 0.040524433849821184 0.051823416506717734
0 0.9696066746126342 0.9309021113243763 0.04171632896305122 0.053742802303263004
0 0.6376638855780692 0.5316698656429942 0.038140643623361226 0.0460652591170827
0 0.6376638855780692 0.6833013435700576 0.038140643623361226 0.0499040307101728
0 0.25029797377830754 0.8829174664107486 0.04052443384982124 0.04990403071017269
0 0.6376638855780692 0.7303262955854126 0.038140643623361226 0.051823416506717845
0 0.9672228843861741 0.3387715930902111 0.03933253873659115 0.059500959692898314
0 0.25148986889153757 0.834932821497121 0.03575685339690107 0.04606525911708248
0 0.1960667461263409 0.3944337811900192 0.03933253873659118 0.04798464491362764
0 0.8039332538736591 0.9318618042226487 0.03933253873659126 0.051823416506717845
0 0.1960667461263409 0.491362763915547 0.03694874851013111 0.04990403071017263
0 0.8575685339690107 0.9309021113243762 0.03933253873659115 0.05758157389635321
0 0.41775923718712754 0.390595009596929 0.03694874851013108 0.04414587332053743
0 0.9135876042908224 0.9318618042226487 0.03933253873659126 0.05566218809980805
0 0.968414779499404 0.43666026871401153 0.03933253873659115 0.05566218809980805
0 0.4165673420738975 0.24472168905950098 0.03456495828367101 0.04798464491362772
0 0.7485101311084624 0.8790786948176583 0.035756853396901045 0.0499040307101728
0 0.14123957091775924 0.14587332053742802 0.03933253873659119 0.04990403071017274
0 0.41775923718712754 0.6401151631477928 0.03933253873659115 0.05566218809980816
0 0.7485101311084624 0.7303262955854126 0.035756853396901045 0.04798464491362764
0 0.9135876042908224 0.6833013435700576 0.03694874851013119 0.042226487523992384
0 0.9123957091775924 0.5844529750479845 0.03933253873659126 0.051823416506717845
0 0.14064362336114422 0.09309021113243764 0.040524433849821226 0.05182341650671782
0 0.1960667461263409 0.2888675623800384 0.03933253873659118 0.04798464491362758
0 0.8575685339690107 0.5326295585412668 0.03933253873659115 0.051823416506717845
0 0.19725864123957093 0.34165067178502884 0.03933253873659118 0.05374280230326295
0 0.25029797377830754 0.6842610364683301 0.03814064362336117 0.04798464491362753
0 0.7491060786650774 0.8301343570057581 0.03694874851013108 0.04798464491362764
0 0.8587604290822408 0.8291746641074855 0.03456495828367101 0.04222648752399227
0 0.9123957091775924 0.6343570057581575 0.03456495828367112 0.051823416506717956
0 0.966030989272944 0.03550863723608444 0.03933253873659115 0.05566218809980803
0 0.9135876042908224 0.8752399232245681 0.03933253873659126 0.0499040307101728
0 0.8575685339690107 0.4865642994241842 0.03694874851013108 0.04798464491362758
0 0.25148986889153757 0.5844529750479847 0.03575685339690107 0.04798464491362764
0 0.25148986889153757 0.43953934740882916 0.03575685339690107 0.04990403071017274
0 0.6388557806912991 0.5825335892514396 0.040524433849821295 0.05566218809980794
0 0.1960667461263409 0.19577735124760076 0.03694874851013111 0.046065259117082535
0 0.8575685339690107 0.5844529750479847 0.03694874851013108 0.04798464491362764
0 0.9100119189511322 0.1928982725527831 0.03456495828367101 0.04414587332053743
