0 0.190556 0.789951 0.036667 0.044481
0 0.702222 0.193575 0.035556 0.044481
0 0.088333 0.920099 0.036667 0.044481
0 0.087222 0.872323 0.036667 0.044481
0 0.707778 0.785008 0.035556 0.041186
0 0.810556 0.869852 0.036667 0.039539
0 0.501667 0.204283 0.045556 0.029654
0 0.910556 0.327842 0.036667 0.039539
0 0.858333 0.490939 0.036667 0.042834
0 0.859444 0.453048 0.036667 0.042834
0 0.139444 0.795717 0.036667 0.039539
0 0.707222 0.870675 0.036667 0.044481
0 0.811667 0.911862 0.034444 0.037891
0 0.707222 0.914333 0.036667 0.042834
0 0.292222 0.283361 0.035556 0.042834
0 0.860556 0.576606 0.036667 0.039539
0 0.450556 0.872323 0.032222 0.041186
0 0.501667 0.137562 0.041111 0.034596
0 0.191667 0.916804 0.036667 0.037891
0 0.706667 0.699341 0.033333 0.041186
0 0.910556 0.196870 0.036667 0.044481
0 0.190556 0.875618 0.036667 0.044481
0 0.450556 0.915157 0.036667 0.044481
0 0.087222 0.833608 0.038889 0.039539
0 0.860556 0.532949 0.036667 0.044481
0 0.860556 0.702636 0.036667 0.041186
0 0.450556 0.702636 0.034444 0.041186
0 0.857222 0.324547 0.036667 0.036244
0 0.861667 0.785008 0.036667 0.041186
0 0.450556 0.785832 0.032222 0.039539
0 0.503889 0.370675 0.041111 0.032949
0 0.450556 0.827842 0.034444 0.044481
0 0.706667 0.743822 0.033333 0.047776
0 0.086111 0.747941 0.036667 0.042834
0 0.190556 0.702636 0.034444 0.044481
0 0.809444 0.616969 0.032222 0.037891
0 0.705556 0.368204 0.033333 0.041186
0 0.086111 0.199341 0.036667 0.046129
0 0.450556 0.745470 0.032222 0.041186
0 0.757778 0.322900 0.031111 0.042834
0 0.502778 0.303954 0.041111 0.041186
0 0.397222 0.195222 0.034444 0.047776
0 0.552222 0.659802 0.035556 0.044481
0 0.811667 0.786656 0.034444 0.041186
0 0.860556 0.616969 0.034444 0.037891
0 0.707222 0.827842 0.036667 0.044481
0 0.292222 0.496705 0.035556 0.047776
0 0.087778 0.790774 0.037778 0.049423
0 0.553333 0.618616 0.033333 0.041186
0 0.189444 0.328666 0.030000 0.037891
0 0.910556 0.286656 0.036667 0.042834
0 0.706667 0.615321 0.033333 0.041186
0 0.807222 0.448929 0.034444 0.041186
0 0.242778 0.620264 0.030000 0.037891
0 0.858333 0.364909 0.036667 0.047776
0 0.450556 0.663097 0.034444 0.041186
0 0.807222 0.198517 0.034444 0.047776
0 0.086111 0.328666 0.032222 0.041186
0 0.501667 0.173806 0.041111 0.037891
0 0.087222 0.664745 0.038889 0.044481
0 0.086667 0.453048 0.033333 0.039539
0 0.086667 0.411038 0.035556 0.044481
0 0.087222 0.707578 0.036667 0.041186
0 0.810556 0.828666 0.036667 0.042834
0 0.861111 0.745470 0.037778 0.041186
0 0.551667 0.287479 0.036667 0.047776
0 0.241667 0.707578 0.036667 0.047776
0 0.088333 0.538715 0.036667 0.042834
0 0.292222 0.242998 0.037778 0.041186
0 0.190556 0.664745 0.032222 0.037891
0 0.807778 0.241351 0.031111 0.041186
0 0.705556 0.576606 0.033333 0.039539
0 0.861111 0.829489 0.037778 0.047776
0 0.085556 0.369028 0.033333 0.042834
0 0.552222 0.451400 0.033333 0.036244
0 0.190556 0.150741 0.034444 0.047776
0 0.138333 0.706755 0.036667 0.042834
0 0.704444 0.238056 0.033333 0.044481
0 0.909444 0.241351 0.036667 0.044481
0 0.706111 0.658155 0.036667 0.044481
0 0.191111 0.831137 0.037778 0.041186
0 0.502778 0.339374 0.043333 0.032949
0 0.501667 0.275124 0.041111 0.029654
0 0.757778 0.280066 0.035556 0.029654
0 0.514444 0.752059 0.020000 0.021417
0 0.501667 0.485173 0.038889 0.031301
0 0.513333 0.727348 0.020000 0.028007
0 0.242778 0.285832 0.032222 0.041186
0 0.552778 0.577430 0.034444 0.041186
0 0.706667 0.453048 0.035556 0.042834
0 0.138333 0.580725 0.036667 0.041186
0 0.500000 0.443987 0.040000 0.044481
0 0.705556 0.495058 0.037778 0.041186
0 0.397222 0.327018 0.034444 0.047776
0 0.346111 0.149094 0.034444 0.047776
0 0.190556 0.494234 0.032222 0.039539
0 0.808333 0.407743 0.034444 0.041186
0 0.397778 0.242998 0.035556 0.044481
0 0.138333 0.498353 0.034444 0.044481
0 0.189444 0.197694 0.036667 0.042834
0 0.138333 0.327842 0.034444 0.042834
0 0.449444 0.537068 0.032222 0.039539
0 0.808333 0.366557 0.034444 0.041186
0 0.241111 0.661450 0.033333 0.044481
0 0.138333 0.198517 0.036667 0.044481
0 0.293333 0.411038 0.037778 0.044481
0 0.138333 0.242998 0.036667 0.047776
0 0.140556 0.152389 0.036667 0.047776
0 0.500556 0.238880 0.041111 0.039539
0 0.189444 0.622735 0.032222 0.039539
0 0.293333 0.200165 0.037778 0.044481
0 0.448333 0.196870 0.032222 0.037891
0 0.756667 0.451400 0.033333 0.039539
0 0.295556 0.152389 0.037778 0.051071
0 0.705556 0.407743 0.035556 0.044481
0 0.757778 0.367381 0.035556 0.046129
0 0.292778 0.325371 0.038889 0.041186
0 0.602222 0.200165 0.033333 0.044481
0 0.811667 0.746293 0.032222 0.039539
0 0.190556 0.746293 0.036667 0.039539
0 0.138333 0.538715 0.034444 0.042834
0 0.345556 0.196870 0.031111 0.044481
0 0.552778 0.536244 0.034444 0.044481
0 0.292222 0.368204 0.033333 0.041186
0 0.807222 0.149094 0.034444 0.051071
0 0.551667 0.704283 0.036667 0.047776
0 0.242778 0.326194 0.034444 0.036244
0 0.551667 0.329489 0.032222 0.036244
0 0.652222 0.330313 0.033333 0.041186
0 0.449444 0.408567 0.032222 0.039539
0 0.808333 0.577430 0.034444 0.044481
0 0.241667 0.152389 0.036667 0.051071
0 0.241667 0.241351 0.034444 0.044481
0 0.241667 0.366557 0.036667 0.044481
0 0.188333 0.536244 0.034444 0.044481
0 0.856111 0.150741 0.036667 0.047776
0 0.241667 0.411038 0.036667 0.041186
0 0.242778 0.453048 0.036667 0.042834
0 0.910556 0.150741 0.038889 0.047776
0 0.551667 0.198517 0.034444 0.047776
0 0.138333 0.371499 0.032222 0.044481
0 0.857222 0.200165 0.036667 0.044481
0 0.138333 0.455519 0.036667 0.044481
0 0.450556 0.620264 0.036667 0.044481
0 0.242778 0.198517 0.036667 0.044481
0 0.346667 0.242998 0.033333 0.044481
0 0.857222 0.244646 0.034444 0.044481
0 0.138333 0.411038 0.034444 0.041186
0 0.703333 0.149094 0.035556 0.047776
0 0.242778 0.495058 0.036667 0.041186
0 0.553889 0.491763 0.032222 0.041186
0 0.603333 0.285008 0.033333 0.039539
0 0.447222 0.495058 0.034444 0.041186
0 0.602222 0.149094 0.035556 0.051071
0 0.757778 0.495058 0.035556 0.044481
0 0.242778 0.578254 0.034444 0.042834
0 0.448333 0.284185 0.034444 0.041186
0 0.449444 0.324547 0.036667 0.042834
0 0.551667 0.152389 0.032222 0.047776
0 0.602222 0.242998 0.033333 0.044481
0 0.810556 0.661450 0.036667 0.047776
0 0.190556 0.580725 0.036667 0.044481
0 0.345556 0.287479 0.035556 0.047776
0 0.448333 0.150741 0.036667 0.047776
0 0.449444 0.367381 0.036667 0.042834
0 0.449444 0.578254 0.036667 0.042834
0 0.188333 0.369852 0.034444 0.044481
0 0.190556 0.285832 0.036667 0.044481
0 0.705556 0.324547 0.035556 0.046129
0 0.189444 0.454695 0.032222 0.039539
0 0.653333 0.285832 0.033333 0.047776
0 0.190556 0.242175 0.036667 0.046129
0 0.552778 0.411038 0.034444 0.041186
0 0.551667 0.241351 0.034444 0.041186
0 0.448333 0.238056 0.036667 0.044481
0 0.189444 0.412685 0.032222 0.044481
0 0.552778 0.369028 0.032222 0.042834
0 0.604444 0.328666 0.037778 0.044481
0 0.703333 0.283361 0.031111 0.039539
0 0.448333 0.449753 0.036667 0.046129
0 0.808333 0.490939 0.036667 0.042834
0 0.138333 0.287479 0.032222 0.044481
0 0.807222 0.325371 0.034444 0.044481
0 0.397778 0.283361 0.033333 0.039539
0 0.087778 0.622735 0.037778 0.042834
0 0.139444 0.621911 0.036667 0.044481
0 0.858333 0.289127 0.032222 0.041186
0 0.138333 0.750412 0.038889 0.047776
0 0.808333 0.536244 0.034444 0.044481
0 0.087222 0.578254 0.036667 0.039539
0 0.241111 0.537068 0.033333 0.039539
0 0.087222 0.286656 0.036667 0.042834
0 0.808333 0.284185 0.032222 0.041186
0 0.757778 0.411038 0.037778 0.041186
0 0.706667 0.536244 0.035556 0.044481
0 0.086111 0.149094 0.036667 0.047776
0 0.087222 0.241351 0.036667 0.041186
0 0.858333 0.409390 0.036667 0.044481
0 0.138333 0.664745 0.036667 0.041186
0 0.086111 0.496705 0.036667 0.044481
0 0.293333 0.453048 0.035556 0.039539
0 0.810556 0.704283 0.032222 0.044481
0 0.861667 0.658979 0.036667 0.049423
