0 0.752934 0.336380 0.036385 0.051188
0 0.754108 0.712066 0.038732 0.049360
0 0.086268 0.847349 0.022300 0.038391
0 0.876761 0.337294 0.023474 0.038391
0 0.905516 0.944241 0.024648 0.038391
0 0.768192 0.946069 0.022300 0.038391
0 0.112676 0.800731 0.023474 0.036563
0 0.088028 0.755027 0.023474 0.036563
0 0.768779 0.897623 0.023474 0.040219
0 0.113850 0.850091 0.023474 0.043876
0 0.822183 0.756856 0.022300 0.036563
0 0.741197 0.944241 0.024648 0.038391
0 0.483568 0.303473 0.046948 0.036563
0 0.931925 0.946984 0.023474 0.040219
0 0.820423 0.801645 0.021127 0.034735
0 0.928991 0.383912 0.022300 0.036563
0 0.822183 0.382084 0.019953 0.040219
0 0.930164 0.896709 0.024648 0.042048
0 0.646714 0.712066 0.039906 0.049360
0 0.086268 0.799817 0.024648 0.042048
0 0.769953 0.848263 0.021127 0.040219
0 0.930751 0.804388 0.023474 0.036563
0 0.483568 0.339122 0.049296 0.042048
0 0.686033 0.800731 0.022300 0.036563
0 0.766432 0.382084 0.023474 0.040219
0 0.139085 0.428702 0.024648 0.034735
0 0.742958 0.801645 0.023474 0.034735
0 0.930164 0.849177 0.024648 0.038391
0 0.820423 0.427788 0.018779 0.032907
0 0.929577 0.426874 0.023474 0.042048
0 0.741784 0.893967 0.023474 0.043876
0 0.482394 0.520110 0.030516 0.042048
0 0.767019 0.428702 0.024648 0.042048
0 0.874413 0.240402 0.023474 0.038391
0 0.904343 0.896709 0.024648 0.042048
0 0.862089 0.712980 0.036385 0.054845
0 0.930751 0.759598 0.023474 0.038391
0 0.875587 0.476234 0.021127 0.038391
0 0.767019 0.758684 0.024648 0.036563
0 0.168427 0.569470 0.022300 0.034735
0 0.428991 0.336380 0.038732 0.047532
0 0.044014 0.338208 0.036385 0.051188
0 0.713028 0.803473 0.024648 0.038391
0 0.264085 0.713894 0.035211 0.056673
0 0.876761 0.429616 0.021127 0.040219
0 0.741784 0.848263 0.023474 0.040219
0 0.742958 0.756856 0.021127 0.036563
0 0.903756 0.849177 0.023474 0.038391
0 0.142606 0.570384 0.022300 0.032907
0 0.483568 0.075868 0.049296 0.042048
0 0.767606 0.800731 0.023474 0.036563
0 0.658451 0.430530 0.023474 0.038391
0 0.713028 0.379342 0.022300 0.038391
0 0.905516 0.758684 0.024648 0.036563
0 0.140258 0.476234 0.022300 0.042048
0 0.483568 0.115174 0.049296 0.040219
0 0.168427 0.428702 0.022300 0.034735
0 0.687793 0.473492 0.021127 0.036563
0 0.850352 0.476234 0.022300 0.038391
0 0.904930 0.802559 0.023474 0.036563
0 0.155516 0.336380 0.038732 0.051188
0 0.632629 0.429616 0.021127 0.040219
0 0.154343 0.712066 0.034038 0.049360
0 0.822770 0.566728 0.021127 0.032907
0 0.848592 0.240402 0.021127 0.038391
0 0.797535 0.475320 0.022300 0.036563
0 0.045188 0.289762 0.038732 0.045704
0 0.713615 0.475320 0.023474 0.036563
0 0.874413 0.384826 0.023474 0.038391
0 0.170188 0.522852 0.023474 0.036563
0 0.167840 0.385740 0.021127 0.040219
0 0.101526 0.712066 0.041080 0.049360
0 0.170188 0.478062 0.025822 0.045704
0 0.484742 0.266910 0.049296 0.043876
0 0.849178 0.334552 0.022300 0.036563
0 0.686033 0.378428 0.022300 0.032907
0 0.686620 0.239488 0.021127 0.036563
0 0.713028 0.759598 0.024648 0.038391
0 0.318075 0.713894 0.037559 0.056673
0 0.848005 0.382084 0.022300 0.040219
0 0.046362 0.661792 0.041080 0.043876
0 0.538732 0.191042 0.037559 0.042048
0 0.155516 0.240402 0.036385 0.049360
0 0.796948 0.567642 0.021127 0.034735
0 0.797535 0.380256 0.024648 0.036563
0 0.100352 0.337294 0.034038 0.049360
0 0.823944 0.521024 0.018779 0.032907
0 0.265258 0.666362 0.035211 0.045704
0 0.686033 0.757770 0.022300 0.042048
0 0.100352 0.666362 0.036385 0.045704
0 0.848005 0.287934 0.024648 0.038391
0 0.372653 0.712066 0.038732 0.049360
0 0.046362 0.611517 0.041080 0.053016
0 0.797535 0.519196 0.022300 0.032907
0 0.798709 0.427788 0.022300 0.036563
0 0.713028 0.240402 0.022300 0.038391
0 0.916667 0.711152 0.037559 0.047532
0 0.714202 0.332724 0.022300 0.036563
0 0.862089 0.617002 0.034038 0.053016
0 0.264085 0.617002 0.035211 0.053016
0 0.208920 0.661792 0.035211 0.043876
0 0.916667 0.666362 0.035211 0.045704
0 0.631455 0.382998 0.021127 0.042048
0 0.140258 0.382998 0.024648 0.042048
0 0.713615 0.428702 0.023474 0.034735
0 0.686033 0.333638 0.019953 0.038391
0 0.875587 0.289762 0.021127 0.042048
0 0.755282 0.612431 0.036385 0.051188
0 0.100352 0.290676 0.036385 0.047532
0 0.656690 0.383912 0.024648 0.040219
0 0.208920 0.708410 0.035211 0.053016
0 0.153169 0.616088 0.038732 0.051188
0 0.686620 0.287020 0.023474 0.036563
0 0.862089 0.666362 0.034038 0.045704
0 0.687207 0.427788 0.022300 0.036563
0 0.536385 0.237660 0.035211 0.043876
0 0.372653 0.667276 0.036385 0.047532
0 0.713028 0.287020 0.022300 0.040219
0 0.754108 0.290676 0.034038 0.043876
0 0.317488 0.663620 0.036385 0.047532
0 0.210094 0.287020 0.035211 0.047532
0 0.155516 0.287934 0.036385 0.045704
0 0.100352 0.240402 0.038732 0.049360
0 0.100352 0.613346 0.038732 0.056673
0 0.698944 0.611517 0.036385 0.049360
0 0.208920 0.336380 0.037559 0.051188
0 0.808099 0.711152 0.034038 0.047532
0 0.208920 0.233090 0.037559 0.063985
0 0.265258 0.239488 0.035211 0.051188
0 0.428991 0.239488 0.034038 0.043876
0 0.915493 0.289762 0.032864 0.045704
0 0.644953 0.616088 0.038732 0.054845
0 0.427817 0.285192 0.038732 0.051188
0 0.318662 0.616088 0.038732 0.054845
0 0.044014 0.241316 0.041080 0.051188
0 0.752934 0.241316 0.038732 0.054845
0 0.430164 0.188300 0.036385 0.054845
0 0.808099 0.663620 0.034038 0.047532
0 0.264085 0.288848 0.035211 0.047532
0 0.916667 0.616088 0.037559 0.051188
0 0.700117 0.711152 0.038732 0.051188
0 0.645540 0.668190 0.035211 0.045704
0 0.154343 0.666362 0.036385 0.045704
0 0.482394 0.424132 0.044601 0.051188
0 0.208920 0.613346 0.035211 0.053016
0 0.317488 0.337294 0.038732 0.053016
0 0.755282 0.663620 0.036385 0.047532
0 0.850352 0.428702 0.026995 0.042048
0 0.697770 0.660878 0.034038 0.049360
0 0.536385 0.286106 0.037559 0.049360
0 0.372653 0.287020 0.036385 0.047532
0 0.646714 0.336380 0.037559 0.051188
0 0.318662 0.287934 0.038732 0.045704
0 0.591549 0.286106 0.035211 0.049360
0 0.482981 0.474406 0.041080 0.049360
0 0.809272 0.616088 0.034038 0.051188
0 0.591549 0.336380 0.035211 0.051188
0 0.917254 0.336380 0.034038 0.051188
0 0.644953 0.235832 0.034038 0.047532
0 0.375000 0.613346 0.038732 0.056673
0 0.537559 0.140768 0.035211 0.058501
0 0.808099 0.336380 0.038732 0.047532
0 0.591549 0.235832 0.035211 0.051188
0 0.319836 0.238574 0.034038 0.053016
0 0.916667 0.239488 0.035211 0.051188
0 0.645540 0.285192 0.035211 0.051188
0 0.375000 0.236746 0.036385 0.053016
0 0.808099 0.289762 0.034038 0.045704
0 0.805751 0.239488 0.036385 0.058501
0 0.372653 0.336380 0.038732 0.051188
0 0.481221 0.191042 0.046948 0.042048
0 0.482394 0.153565 0.049296 0.036563
0 0.113263 0.757770 0.022300 0.034735
0 0.112676 0.897623 0.025822 0.040219
0 0.482394 0.228519 0.046948 0.036563
0 0.264085 0.339122 0.037559 0.056673
0 0.496479 0.755027 0.025822 0.036563
0 0.142606 0.526508 0.024648 0.040219
0 0.047535 0.709324 0.038732 0.054845
