0 0.138333 0.868637 0.034444 0.042693
0 0.500556 0.493432 0.038889 0.037767
0 0.552778 0.284893 0.034444 0.041051
0 0.552778 0.243842 0.036667 0.041051
0 0.189444 0.662562 0.032222 0.044335
0 0.241667 0.536946 0.036667 0.042693
0 0.552222 0.152709 0.035556 0.045977
0 0.240556 0.702791 0.036667 0.042693
0 0.552778 0.201149 0.036667 0.044335
0 0.240556 0.409688 0.036667 0.044335
0 0.858333 0.454844 0.034444 0.042693
0 0.240556 0.743842 0.036667 0.042693
0 0.241667 0.284072 0.036667 0.045977
0 0.190556 0.495895 0.036667 0.042693
0 0.447222 0.410509 0.036667 0.045977
0 0.551667 0.327586 0.036667 0.044335
0 0.343333 0.578818 0.035556 0.041051
0 0.652222 0.411330 0.035556 0.041051
0 0.603333 0.200328 0.033333 0.049261
0 0.137222 0.661741 0.032222 0.042693
0 0.137222 0.578818 0.034444 0.044335
0 0.138333 0.827586 0.034444 0.042693
0 0.652222 0.370279 0.035556 0.041051
0 0.807778 0.371100 0.035556 0.042693
0 0.653333 0.705255 0.035556 0.044335
0 0.653333 0.660920 0.035556 0.044335
0 0.653333 0.198686 0.037778 0.045977
0 0.344444 0.326765 0.033333 0.042693
0 0.138333 0.743842 0.036667 0.042693
0 0.551667 0.451560 0.036667 0.045977
0 0.189444 0.327586 0.036667 0.041051
0 0.343333 0.412151 0.035556 0.045977
0 0.552778 0.369458 0.032222 0.039409
0 0.188333 0.370279 0.034444 0.044335
0 0.190556 0.744663 0.034444 0.044335
0 0.293333 0.824302 0.033333 0.042693
0 0.241667 0.578818 0.032222 0.041051
0 0.857222 0.412151 0.034444 0.042693
0 0.241667 0.825944 0.036667 0.042693
0 0.137222 0.285714 0.034444 0.049261
0 0.757222 0.155172 0.036667 0.047619
0 0.293333 0.782430 0.033333 0.041051
0 0.188333 0.412972 0.032222 0.041051
0 0.551667 0.495895 0.036667 0.042693
0 0.240556 0.660920 0.032222 0.044335
0 0.653333 0.243842 0.037778 0.047619
0 0.652222 0.329228 0.037778 0.041051
0 0.343333 0.660099 0.035556 0.042693
0 0.448333 0.197865 0.036667 0.044335
0 0.189444 0.786535 0.036667 0.039409
0 0.345556 0.536946 0.035556 0.042693
0 0.240556 0.327586 0.032222 0.041051
0 0.190556 0.454023 0.034444 0.041051
0 0.602222 0.286535 0.033333 0.041051
0 0.808333 0.455665 0.036667 0.044335
0 0.705556 0.577997 0.037778 0.042693
0 0.808333 0.289819 0.036667 0.041051
0 0.808333 0.412972 0.036667 0.041051
0 0.190556 0.536125 0.034444 0.037767
0 0.396667 0.577176 0.033333 0.041051
0 0.756667 0.374384 0.035556 0.045977
0 0.705556 0.370279 0.035556 0.044335
0 0.911667 0.155172 0.034444 0.044335
0 0.447222 0.245484 0.034444 0.047619
0 0.189444 0.576355 0.032222 0.042693
0 0.500556 0.373563 0.045556 0.034483
0 0.500556 0.343186 0.043333 0.026273
0 0.344444 0.495074 0.033333 0.041051
0 0.293889 0.663383 0.032222 0.042693
0 0.756667 0.201149 0.033333 0.044335
0 0.858333 0.201970 0.034444 0.042693
0 0.397778 0.287356 0.035556 0.042693
0 0.602222 0.412151 0.033333 0.042693
0 0.705556 0.494253 0.035556 0.042693
0 0.241111 0.784893 0.033333 0.039409
0 0.189444 0.283251 0.036667 0.047619
0 0.396667 0.454844 0.033333 0.042693
0 0.911667 0.497537 0.036667 0.042693
0 0.857222 0.328407 0.034444 0.042693
0 0.859444 0.619048 0.038889 0.045977
0 0.807778 0.247126 0.035556 0.044335
0 0.652222 0.827586 0.035556 0.045977
0 0.858333 0.155172 0.036667 0.047619
0 0.704444 0.413793 0.037778 0.042693
0 0.138333 0.785714 0.036667 0.041051
0 0.189444 0.618227 0.032222 0.041051
0 0.293333 0.368637 0.037778 0.044335
0 0.703333 0.743021 0.035556 0.044335
0 0.189444 0.701970 0.032222 0.037767
0 0.704444 0.246305 0.033333 0.042693
0 0.396667 0.371100 0.035556 0.042693
0 0.446667 0.366995 0.033333 0.041051
0 0.293333 0.495895 0.033333 0.039409
0 0.137222 0.496716 0.034444 0.041051
0 0.241111 0.454023 0.033333 0.044335
0 0.345556 0.743021 0.033333 0.041051
0 0.756111 0.327586 0.038889 0.044335
0 0.910556 0.288998 0.034444 0.042693
0 0.704444 0.199507 0.040000 0.047619
0 0.086667 0.284072 0.035556 0.042693
0 0.653333 0.536125 0.033333 0.044335
0 0.910556 0.454844 0.034444 0.042693
0 0.704444 0.287356 0.031111 0.039409
0 0.345556 0.784893 0.035556 0.042693
0 0.551667 0.783251 0.034444 0.042693
0 0.653333 0.454023 0.033333 0.044335
0 0.910556 0.243021 0.034444 0.045977
0 0.653333 0.578818 0.033333 0.041051
0 0.396667 0.412972 0.033333 0.041051
0 0.293333 0.619869 0.035556 0.044335
0 0.343333 0.282430 0.033333 0.045977
0 0.705556 0.659278 0.033333 0.044335
0 0.447778 0.326765 0.028889 0.039409
0 0.343333 0.454844 0.033333 0.039409
0 0.397778 0.908046 0.037778 0.045977
0 0.344444 0.700328 0.033333 0.041051
0 0.293333 0.702791 0.033333 0.039409
0 0.552778 0.408867 0.032222 0.039409
0 0.086667 0.539409 0.035556 0.041051
0 0.499444 0.446634 0.041111 0.045977
0 0.137222 0.536946 0.034444 0.039409
0 0.396667 0.660099 0.031111 0.042693
0 0.756111 0.284072 0.036667 0.042693
0 0.859444 0.577176 0.038889 0.041051
0 0.242222 0.909688 0.035556 0.042693
0 0.807222 0.199507 0.034444 0.050903
0 0.397778 0.243021 0.035556 0.042693
0 0.293333 0.741379 0.031111 0.037767
0 0.652222 0.913793 0.035556 0.047619
0 0.396667 0.153530 0.033333 0.047619
0 0.705556 0.153530 0.037778 0.044335
0 0.137222 0.619869 0.032222 0.041051
0 0.550556 0.537767 0.036667 0.044335
0 0.240000 0.368637 0.031111 0.037767
0 0.137778 0.454844 0.033333 0.042693
0 0.858333 0.246305 0.034444 0.045977
0 0.396667 0.536946 0.031111 0.042693
0 0.858333 0.495074 0.034444 0.041051
0 0.345556 0.910509 0.037778 0.044335
0 0.653333 0.288177 0.035556 0.041051
0 0.191111 0.909688 0.037778 0.045977
0 0.550556 0.577997 0.036667 0.039409
0 0.602222 0.245484 0.033333 0.041051
0 0.189444 0.827586 0.032222 0.039409
0 0.137222 0.411330 0.034444 0.044335
0 0.857222 0.371100 0.034444 0.042693
0 0.295556 0.324302 0.037778 0.041051
0 0.705556 0.825944 0.033333 0.042693
0 0.910556 0.411330 0.034444 0.041051
0 0.653333 0.782430 0.033333 0.041051
0 0.396667 0.618227 0.033333 0.041051
0 0.447778 0.288177 0.031111 0.037767
0 0.345556 0.866995 0.035556 0.042693
0 0.550556 0.619869 0.036667 0.044335
0 0.293333 0.910509 0.035556 0.044335
0 0.859444 0.663383 0.036667 0.042693
0 0.293333 0.577176 0.035556 0.041051
0 0.653333 0.617406 0.035556 0.039409
0 0.395556 0.740558 0.033333 0.039409
0 0.705556 0.784893 0.033333 0.039409
0 0.242778 0.868637 0.034444 0.039409
0 0.602778 0.371100 0.032222 0.036125
0 0.293333 0.454844 0.033333 0.042693
0 0.293333 0.410509 0.033333 0.042693
0 0.087222 0.411330 0.036667 0.041051
0 0.343333 0.369458 0.035556 0.042693
0 0.705556 0.536946 0.035556 0.042693
0 0.137222 0.329228 0.034444 0.041051
0 0.550556 0.660099 0.034444 0.039409
0 0.858333 0.536125 0.036667 0.041051
0 0.137222 0.370279 0.032222 0.041051
0 0.858333 0.287356 0.032222 0.039409
0 0.653333 0.495895 0.033333 0.039409
0 0.550556 0.699507 0.036667 0.042693
0 0.910556 0.369458 0.036667 0.042693
0 0.396667 0.494253 0.031111 0.039409
0 0.807222 0.330049 0.036667 0.042693
0 0.240000 0.619048 0.031111 0.039409
0 0.293333 0.536125 0.033333 0.041051
0 0.086111 0.454023 0.034444 0.044335
0 0.550556 0.826765 0.032222 0.041051
0 0.757778 0.243842 0.033333 0.037767
0 0.137222 0.701970 0.034444 0.041051
0 0.242778 0.496716 0.034444 0.037767
0 0.703333 0.328407 0.033333 0.042693
0 0.396667 0.199507 0.035556 0.044335
0 0.859444 0.826765 0.036667 0.044335
0 0.396667 0.865353 0.035556 0.042693
0 0.087222 0.579639 0.036667 0.042693
0 0.910556 0.330049 0.036667 0.039409
0 0.501111 0.311166 0.046667 0.041051
0 0.086111 0.370279 0.036667 0.044335
0 0.653889 0.743842 0.032222 0.036125
0 0.344444 0.619048 0.031111 0.039409
0 0.703333 0.454023 0.033333 0.037767
0 0.653333 0.871100 0.033333 0.037767
0 0.858333 0.702791 0.036667 0.042693
0 0.345556 0.826765 0.033333 0.041051
0 0.705556 0.618227 0.033333 0.037767
0 0.395556 0.781609 0.033333 0.042693
0 0.293333 0.283251 0.033333 0.041051
0 0.395556 0.823481 0.031111 0.041051
0 0.086111 0.497537 0.036667 0.042693
0 0.858333 0.910509 0.036667 0.044335
0 0.551667 0.742200 0.034444 0.039409
0 0.086667 0.326765 0.035556 0.042693
0 0.910556 0.199507 0.034444 0.044335
0 0.858333 0.745484 0.034444 0.039409
0 0.602222 0.331691 0.035556 0.045977
0 0.550556 0.868637 0.032222 0.042693
0 0.500556 0.240558 0.045556 0.041051
0 0.139444 0.910509 0.032222 0.041051
0 0.293333 0.866995 0.033333 0.042693
0 0.859444 0.869458 0.036667 0.041051
0 0.705556 0.910509 0.031111 0.044335
0 0.099444 0.662562 0.021111 0.037767
0 0.858333 0.784893 0.034444 0.039409
0 0.395556 0.701970 0.033333 0.041051
0 0.500556 0.141215 0.047778 0.032841
0 0.073333 0.742200 0.022222 0.036125
0 0.073333 0.700328 0.024444 0.034483
0 0.190556 0.866174 0.032222 0.037767
0 0.100556 0.827586 0.023333 0.032841
0 0.551667 0.910509 0.032222 0.041051
0 0.099444 0.623153 0.021111 0.034483
0 0.500556 0.177340 0.043333 0.039409
0 0.099444 0.785714 0.021111 0.037767
0 0.073333 0.785714 0.022222 0.034483
0 0.073889 0.866174 0.021111 0.037767
0 0.705556 0.866995 0.037778 0.042693
0 0.072222 0.621511 0.022222 0.034483
0 0.099444 0.743021 0.021111 0.031199
0 0.074444 0.912151 0.022222 0.037767
0 0.073889 0.825944 0.021111 0.032841
0 0.101667 0.912151 0.023333 0.037767
0 0.396667 0.329228 0.033333 0.041051
0 0.100556 0.866174 0.023333 0.034483
0 0.099444 0.698686 0.021111 0.031199
0 0.073889 0.660099 0.021111 0.032841
0 0.511111 0.741379 0.022222 0.031199
0 0.501667 0.276683 0.045556 0.034483
0 0.704444 0.701970 0.033333 0.041051
0 0.501667 0.209360 0.047778 0.027915
