0 0.4334560582423297 0.464110197733837 0.021300052002080065 0.030333999851884747
0 0.5415538221528862 0.5323616974005777 0.020235049401976086 0.030333999851884747
0 0.6182340093603744 0.4277093979115752 0.02875507020280808 0.03640079982226189
0 0.45422360894435776 0.6074383470339925 0.022365054602184044 0.02881729985929055
0 0.43239105564222574 0.426951047915278 0.019170046801872103 0.03488409982966761
0 0.24814560582423298 0.24949714878175222 0.02769006760270414 0.03185069984447899
0 0.5729713988559543 0.7120906465229949 0.03195007800312017 0.03488409982966752
0 0.2034154966198648 0.4277093979115752 0.0276900676027041 0.030333999851884834
0 0.5420863234529382 0.5702791972154336 0.021300052002080065 0.03336739983707323
0 0.3338783151326053 0.5338783973931719 0.028755070202808118 0.036400799822261624
0 0.520253770150806 0.3913085980893135 0.02236505460218412 0.030333999851884792
0 0.3322808112324493 0.4246759979263867 0.027690067602704063 0.03336739983707323
0 0.11448777951118044 0.5369117973783605 0.028755070202808118 0.036400799822261715
0 0.06975767030681228 0.17745389913352588 0.028755070202808108 0.03336739983707325
0 0.6608341133645346 0.28438124861141967 0.028755070202808156 0.034884099829667475
0 0.43239105564222563 0.6392890468784714 0.0234300572022881 0.03185069984447903
0 0.4015059802392095 0.5316033474042805 0.02556006240249614 0.03488409982966761
0 0.2028829953198128 0.3200236984373844 0.02875507020280808 0.03033399985188488
0 0.24814560582423298 0.5710375472117307 0.02769006760270414 0.03185069984447894
0 0.15815288611544462 0.5702791972154336 0.02662506500260008 0.030333999851884747
0 0.6597691107644307 0.2146130489520847 0.028755070202808156 0.034884099829667475
0 0.247613104524181 0.28438124861141967 0.028755070202808118 0.037917499814855954
0 0.541553822152886 0.6074383470339925 0.02236505460218412 0.03185069984447894
0 0.45422360894435776 0.5005109975560986 0.022365054602184044 0.030333999851884834
0 0.4009734789391576 0.13953639931866993 0.026625065002600045 0.03336739983707325
0 0.49788871554862196 0.17972894912241724 0.022365054602184044 0.034884099829667496
0 0.4771211648465939 0.1425697993038584 0.019170046801872103 0.030333999851884768
0 0.5740364014560583 0.6787232466859218 0.0276900676027041 0.03488409982966752
0 0.6182340093603744 0.2138546989557876 0.02875507020280808 0.03336739983707323
0 0.24814560582423298 0.5005109975560986 0.02769006760270414 0.030333999851884834
0 0.15921788871554865 0.32154039842997856 0.028755070202808156 0.030333999851884792
0 0.5719063962558503 0.6415640968673628 0.027690067602704177 0.03336739983707323
0 0.487238689547582 0.2130963489594905 0.028755070202808156 0.03185069984447899
0 0.24867810712428498 0.14181144930756126 0.028755070202808118 0.034884099829667496
0 0.43239105564222574 0.5346367473894691 0.019170046801872103 0.03185069984447894
0 0.49842121684867396 0.14484484929274977 0.02130005200208014 0.03185069984447894
0 0.4446385855434217 0.2502554987780493 0.026625065002600045 0.030333999851884747
0 0.3338783151326053 0.6059216470413982 0.028755070202808118 0.03488409982966743
0 0.11555278211128446 0.32154039842997856 0.0287550702028081 0.030333999851884792
0 0.6597691107644307 0.5353950973857661 0.028755070202808156 0.036400799822261715
0 0.3322808112324493 0.5710375472117307 0.029820072802912136 0.03488409982966752
0 0.2918107124284971 0.5733125972006221 0.0255600624024961 0.030333999851884747
0 0.45422360894435776 0.35566614826334886 0.022365054602184044 0.02881729985929055
0 0.06816016640665627 0.21082129897059912 0.027690067602704108 0.036400799822261715
0 0.4009734789391575 0.17745389913352588 0.02449505980239216 0.030333999851884768
0 0.15815288611544462 0.426192697918981 0.028755070202808118 0.030333999851884657
0 0.6608341133645346 0.3913085980893135 0.028755070202808156 0.03640079982226149
0 0.11342277691107644 0.6392890468784715 0.028755070202808118 0.03791749981485591
0 0.6608341133645346 0.35566614826334886 0.028755070202808156 0.037917499814855954
0 0.48617368694747787 0.674173146708139 0.026625065002600045 0.02881729985929046
0 0.06975767030681228 0.4656268977264311 0.028755070202808108 0.036400799822261805
0 0.24654810192407695 0.6787232466859218 0.028755070202808118 0.03488409982966752
0 0.11342277691107644 0.6756898467007332 0.028755070202808118 0.03488409982966752
0 0.5735039001560063 0.14332814930015553 0.02875507020280808 0.034884099829667475
0 0.06869266770670826 0.5717958972080278 0.0287550702028081 0.036400799822261624
0 0.11555278211128446 0.17669554913722876 0.0287550702028081 0.034884099829667475
0 0.48564118564742587 0.6430807968599571 0.027690067602704024 0.030333999851884747
0 0.6608341133645346 0.46259349774124264 0.028755070202808156 0.030333999851884834
0 0.43239105564222563 0.6059216470413982 0.0234300572022881 0.03488409982966743
0 0.06975767030681228 0.5020276975486928 0.028755070202808108 0.036400799822261715
0 0.36742589703588147 0.09403539954084275 0.025560062402496062 0.030333999851884726
0 0.6608341133645346 0.17897059912612012 0.028755070202808156 0.036400799822261735
0 0.11555278211128446 0.21233799896319333 0.02662506500260008 0.030333999851884702
0 0.15815288611544462 0.7151240465081833 0.028755070202808118 0.03488409982966752
0 0.24867810712428498 0.17745389913352588 0.026625065002600118 0.03336739983707325
0 0.37115340613624537 0.6021298970599126 0.018105044201768047 0.027300599866696265
0 0.20288299531981283 0.6430807968599571 0.030885075403016157 0.036400799822261715
0 0.15868538741549665 0.46107679774864846 0.029820072802912174 0.0394341998074502
0 0.6603016120644826 0.7098155965341035 0.027690067602704177 0.036400799822261715
0 0.24974310972438896 0.10692734947789383 0.028755070202808118 0.022750499888913537
0 0.39884347373894957 0.7098155965341035 0.02875507020280808 0.021233799896319384
0 0.3663608944357774 0.26769754869288304 0.021300052002080065 0.03185069984447899
0 0.4031034841393656 0.10616899948159671 0.026625065002600118 0.021233799896319298
0 0.36742589703588147 0.12588609938532178 0.025560062402496062 0.030333999851884747
0 0.5303712948517941 0.2502554987780493 0.029820072802912136 0.036400799822261715
0 0.487238689547582 0.4292260979041694 0.028755070202808156 0.036400799822261534
0 0.2907457098283931 0.24949714878175222 0.029820072802912097 0.037917499814855954
0 0.3344108164326573 0.18048729911871436 0.0276900676027041 0.036400799822261735
0 0.44304108164326567 0.2146130489520847 0.02982007280291206 0.034884099829667475
0 0.36742589703588147 0.07583499962971191 0.025560062402496062 0.006066799970376956
0 0.24814560582423298 0.7143656965118862 0.029820072802912097 0.0394341998074502
0 0.4009734789391576 0.2115796489668962 0.028755070202808156 0.037917499814855954
0 0.20288299531981277 0.7173990964970747 0.02662506500260008 0.0394341998074502
0 0.36742589703588147 0.19944604902614238 0.025560062402496062 0.04095089980004444
0 0.36689339573582946 0.2335717988595127 0.02236505460218412 0.030333999851884792
0 0.5745689027561102 0.3928252980819077 0.028755070202808156 0.0333673998370731
0 0.29234321372854916 0.5384284973709547 0.028755070202808118 0.036400799822261715
0 0.45369110764430576 0.4656268977264311 0.023430057202288027 0.036400799822261805
0 0.29287571502860116 0.39206694808561054 0.029820072802912097 0.03488409982966734
0 0.48777119084763393 0.35566614826334886 0.02982007280291206 0.037917499814855954
0 0.11555278211128446 0.24949714878175222 0.030885075403016136 0.04095089980004444
0 0.487238689547582 0.3200236984373844 0.028755070202808156 0.03033399985188488
0 0.48670618824752987 0.49747759757091026 0.025560062402496062 0.036400799822261715
0 0.4009734789391576 0.24949714878175222 0.028755070202808156 0.034884099829667475
0 0.24708060322412898 0.4656268977264311 0.029820072802912136 0.036400799822261805
0 0.5735039001560063 0.24949714878175222 0.02875507020280808 0.034884099829667475
0 0.11448777951118044 0.4292260979041694 0.028755070202808118 0.036400799822261534
0 0.5740364014560583 0.35566614826334897 0.0276900676027041 0.03488409982966756
0 0.2028829953198128 0.24873879878545507 0.02875507020280808 0.036400799822261715
0 0.541553822152886 0.4292260979041694 0.02236505460218412 0.03336739983707332
0 0.4446385855434217 0.1425697993038584 0.02875507020280808 0.036400799822261715
0 0.5420863234529382 0.38979189809671927 0.021300052002080065 0.03336739983707319
0 0.487238689547582 0.28438124861141967 0.028755070202808156 0.03185069984447903
0 0.5740364014560583 0.31926534844108717 0.0276900676027041 0.03488409982966752
0 0.39937597503900146 0.6074383470339924 0.027690067602704177 0.03488409982966761
0 0.5309037961518461 0.2146130489520847 0.028755070202808156 0.034884099829667475
0 0.6187665106604264 0.3549077982670518 0.0276900676027041 0.036400799822261805
0 0.48564118564742587 0.6074383470339924 0.025560062402496062 0.03488409982966761
0 0.15815288611544462 0.5353950973857661 0.028755070202808118 0.036400799822261715
0 0.3322808112324493 0.2502554987780493 0.027690067602704063 0.036400799822261715
0 0.40044097763910563 0.49520254758201887 0.025560062402496062 0.03488409982966752
0 0.20341549661986483 0.39206694808561054 0.029820072802912136 0.03488409982966734
0 0.48564118564742587 0.7082988965415093 0.027690067602704024 0.036400799822261715
0 0.4009734789391576 0.3928252980819077 0.028755070202808156 0.0333673998370731
0 0.5735039001560063 0.49823594756720724 0.02875507020280808 0.03488409982966752
0 0.4552886115444618 0.4292260979041694 0.02236505460218412 0.03336739983707332
0 0.2907457098283931 0.32154039842997856 0.029820072802912097 0.036400799822261756
0 0.48670618824752987 0.5702791972154336 0.025560062402496062 0.03336739983707323
0 0.29234321372854916 0.1425697993038584 0.028755070202808118 0.036400799822261715
0 0.4435735829433177 0.17821224912982297 0.028755070202808004 0.034884099829667496
0 0.48670618824752987 0.24949714878175222 0.031950078003120094 0.034884099829667475
0 0.24814560582423298 0.3928252980819077 0.029820072802912097 0.0333673998370731
0 0.530371294851794 0.14029474931496702 0.0276900676027041 0.034884099829667496
0 0.45369110764430576 0.5369117973783604 0.023430057202288027 0.03336739983707323
0 0.4015059802392096 0.5687624972228393 0.029820072802912136 0.036400799822261715
0 0.2912782111284451 0.4292260979041694 0.028755070202808118 0.03336739983707332
0 0.3322808112324493 0.2858979486040139 0.027690067602704063 0.034884099829667475
0 0.48564118564742587 0.39434199807450204 0.027690067602704024 0.03336739983707332
0 0.3344108164326573 0.46259349774124264 0.029820072802912097 0.036400799822261715
0 0.2912782111284451 0.464110197733837 0.028755070202808118 0.036400799822261715
0 0.4552886115444618 0.6408057468710657 0.02236505460218412 0.03488409982966752
0 0.3338783151326053 0.14332814930015553 0.026625065002600118 0.034884099829667475
0 0.15815288611544462 0.21233799896319336 0.028755070202808118 0.036400799822261715
0 0.5735039001560063 0.5717958972080278 0.02875507020280808 0.036400799822261624
0 0.6182340093603744 0.49975264755980153 0.02875507020280808 0.03488409982966743
0 0.5745689027561102 0.2146130489520847 0.028755070202808156 0.034884099829667475
0 0.45422360894435776 0.3207820484336814 0.022365054602184044 0.03488409982966752
0 0.20235049401976077 0.5717958972080278 0.029820072802912097 0.030333999851884747
0 0.15815288611544462 0.6059216470413982 0.028755070202808118 0.03488409982966743
0 0.5745689027561102 0.5338783973931719 0.028755070202808156 0.03336739983707323
0 0.6608341133645346 0.24949714878175222 0.028755070202808156 0.034884099829667475
0 0.4009734789391576 0.4618351477449456 0.028755070202808156 0.022750499888913582
0 0.20341549661986483 0.464110197733837 0.029820072802912136 0.036400799822261715
0 0.6608341133645346 0.6764481966970304 0.028755070202808156 0.036400799822261715
0 0.530371294851794 0.17972894912241724 0.0276900676027041 0.037917499814855975
0 0.3338783151326053 0.674173146708139 0.028755070202808118 0.03488409982966743
0 0.36742589703588147 0.060667999703769536 0.025560062402496062 0.02730059986669629
0 0.5420863234529382 0.35794119825224024 0.021300052002080065 0.02730059986669613
0 0.520253770150806 0.46107679774864846 0.02236505460218412 0.03336739983707323
0 0.06816016640665627 0.2858979486040139 0.03195007800312013 0.034884099829667475
0 0.06869266770670826 0.6423224468636599 0.0287550702028081 0.02881729985929055
0 0.2028829953198128 0.6794815966822187 0.02875507020280808 0.030333999851884747
0 0.06975767030681228 0.3905502480930164 0.028755070202808108 0.03185069984447903
0 0.36742589703588147 0.031850699844479 0.025560062402496062 0.027300599866696307
0 0.5207862714508581 0.3571828482559431 0.019170046801871954 0.02881729985929046
0 0.06869266770670827 0.7136073465155891 0.03088507540301612 0.02881729985929055
0 0.20394799791991683 0.17669554913722876 0.028755070202808156 0.034884099829667475
0 0.15815288611544462 0.680239946678516 0.028755070202808118 0.03488409982966752
0 0.06975767030681228 0.3200236984373844 0.028755070202808108 0.03033399985188488
0 0.6166365054602183 0.7113322965266977 0.029820072802912136 0.03336739983707323
0 0.6608341133645346 0.6377723468858773 0.028755070202808156 0.03488409982966743
0 0.15921788871554865 0.17669554913722874 0.028755070202808156 0.03185069984447901
0 0.43239105564222574 0.32154039842997856 0.019170046801872103 0.03336739983707328
0 0.06869266770670827 0.3549077982670518 0.03088507540301612 0.036400799822261805
0 0.519721268850754 0.6059216470413981 0.021300052002080065 0.03185069984447912
0 0.45422360894435776 0.28438124861141967 0.022365054602184044 0.02881729985929055
0 0.06975767030681228 0.5369117973783604 0.028755070202808108 0.03336739983707323
0 0.6166365054602183 0.6756898467007332 0.029820072802912136 0.03488409982966752
0 0.06975767030681228 0.6772065466933275 0.028755070202808108 0.037917499814856
0 0.24654810192407695 0.6415640968673628 0.02662506500260008 0.036400799822261805
0 0.3999084763390536 0.6787232466859217 0.026625065002600118 0.03185069984447903
0 0.11448777951118044 0.13953639931866993 0.028755070202808118 0.03336739983707325
0 0.47818616744669784 0.17669554913722874 0.019170046801871954 0.03185069984447901
0 0.06922516900676026 0.6066799970376953 0.02982007280291212 0.03336739983707332
0 0.3344108164326573 0.7113322965266977 0.0276900676027041 0.036400799822261715
0 0.5420863234529382 0.6392890468784714 0.021300052002080065 0.03185069984447903
0 0.11342277691107644 0.4625934977412427 0.026625065002600118 0.03336739983707323
0 0.5197212688507541 0.7105739465304006 0.023430057202288027 0.03185069984447903
0 0.541553822152886 0.7098155965341035 0.02236505460218412 0.030333999851884747
0 0.11342277691107644 0.6044049470488039 0.028755070202808118 0.028817299859290726
0 0.11555278211128446 0.28665629860031105 0.02662506500260008 0.030333999851884747
0 0.6182340093603744 0.17821224912982297 0.02875507020280808 0.034884099829667496
0 0.5735039001560063 0.17897059912612012 0.02875507020280808 0.036400799822261735
0 0.6608341133645346 0.6044049470488039 0.028755070202808156 0.03488409982966752
0 0.2028829953198128 0.2851395986077168 0.02875507020280808 0.03336739983707323
0 0.4558211128445138 0.39282529808190775 0.021300052002080065 0.030333999851884747
0 0.541553822152886 0.6764481966970304 0.02236505460218412 0.030333999851884747
0 0.5740364014560583 0.46107679774864846 0.0276900676027041 0.030333999851884657
0 0.519188767550702 0.4261926979189809 0.020235049401976086 0.03336739983707341
0 0.519721268850754 0.6772065466933275 0.021300052002080065 0.03488409982966743
0 0.6608341133645346 0.5687624972228393 0.028755070202808156 0.036400799822261715
0 0.3333458138325533 0.39282529808190775 0.025560062402496062 0.030333999851884747
0 0.519188767550702 0.6408057468710657 0.024495059802392083 0.03488409982966752
0 0.06922516900676026 0.24798044878915793 0.02982007280291212 0.037917499814855954
0 0.541553822152886 0.46259349774124264 0.02236505460218412 0.030333999851884834
0 0.6182340093603744 0.6059216470413981 0.02875507020280808 0.03185069984447912
0 0.1565553822152886 0.6423224468636599 0.029820072802912097 0.037917499814856
0 0.6187665106604264 0.14332814930015553 0.0276900676027041 0.037917499814855954
0 0.4329235569422777 0.28438124861141967 0.018105044201768124 0.02881729985929055
0 0.3344108164326573 0.6415640968673628 0.0276900676027041 0.03336739983707323
0 0.43239105564222574 0.35794119825224024 0.019170046801872103 0.03033399985188488
0 0.3333458138325533 0.35794119825224024 0.025560062402496062 0.03336739983707328
0 0.11448777951118044 0.35490779826705177 0.0266250650026001 0.030333999851884747
0 0.6608341133645346 0.1425697993038584 0.028755070202808156 0.036400799822261715
0 0.520253770150806 0.5346367473894691 0.02236505460218412 0.03185069984447894
0 0.530371294851794 0.3185069984447901 0.0276900676027041 0.030333999851884792
0 0.24761310452418098 0.2146130489520847 0.026625065002600118 0.034884099829667475
0 0.6187665106604264 0.3913085980893135 0.0276900676027041 0.03640079982226149
0 0.06975767030681228 0.42467599792638683 0.028755070202808108 0.036400799822261715
0 0.4313260530421217 0.49899429756350444 0.02130005200208014 0.03336739983707323
0 0.48670618824752987 0.4625934977412427 0.025560062402496062 0.03336739983707323
0 0.6182340093603744 0.5338783973931719 0.02875507020280808 0.036400799822261624
0 0.6171690067602703 0.6400473968747685 0.03088507540301612 0.036400799822261715
0 0.15815288611544462 0.35642449825964606 0.028755070202808118 0.03336739983707332
0 0.29287571502860116 0.17972894912241724 0.029820072802912097 0.034884099829667496
0 0.5735039001560063 0.6074383470339924 0.02875507020280808 0.03488409982966761
0 0.5420863234529382 0.49899429756350433 0.021300052002080065 0.030333999851884657
0 0.11342277691107643 0.7120906465229949 0.030885075403016136 0.03791749981485591
0 0.4334560582423297 0.38979189809671927 0.021300052002080065 0.03336739983707319
0 0.519188767550702 0.49975264755980153 0.022365054602183968 0.03488409982966743
0 0.15921788871554865 0.28438124861141967 0.028755070202808156 0.034884099829667475
0 0.3993759750390016 0.6415640968673628 0.02982007280291206 0.036400799822261805
0 0.4552886115444618 0.5702791972154336 0.02236505460218412 0.03336739983707323
0 0.24708060322412898 0.6059216470413982 0.029820072802912136 0.03488409982966743
0 0.24708060322412898 0.35566614826334897 0.029820072802912136 0.03488409982966756
0 0.6618991159646386 0.32154039842997856 0.02875507020280808 0.03336739983707328
0 0.3344108164326573 0.21537139894838184 0.02556006240249614 0.030333999851884747
0 0.15921788871554865 0.13953639931866993 0.028755070202808156 0.04246759979263866
0 0.2907457098283931 0.49975264755980153 0.0276900676027041 0.03488409982966743
0 0.06975767030681228 0.13953639931866993 0.028755070202808108 0.04246759979263866
0 0.15815288611544462 0.3928252980819078 0.028755070202808118 0.03943419980745007
0 0.11555278211128446 0.3928252980819077 0.02662506500260008 0.0333673998370731
0 0.11342277691107644 0.49747759757091026 0.028755070202808118 0.036400799822261715
0 0.29287571502860116 0.6104717470191808 0.029820072802912097 0.03791749981485591
0 0.3338783151326053 0.49899429756350444 0.028755070202808118 0.03336739983707323
0 0.39937597503900146 0.4261926979189809 0.027690067602704177 0.03336739983707341
0 0.11342277691107643 0.5733125972006221 0.030885075403016136 0.036400799822261715
0 0.4015059802392096 0.32154039842997856 0.0276900676027041 0.030333999851884792
0 0.6597691107644307 0.49823594756720724 0.028755070202808156 0.03791749981485591
0 0.3322808112324493 0.3207820484336814 0.027690067602704063 0.03185069984447903
0 0.5729713988559543 0.4292260979041694 0.02556006240249614 0.036400799822261534
0 0.15868538741549662 0.5005109975560986 0.0276900676027041 0.030333999851884834
0 0.24814560582423298 0.5338783973931719 0.02769006760270414 0.03336739983707323
0 0.20341549661986483 0.6074383470339924 0.029820072802912136 0.03488409982966761
0 0.6182340093603744 0.46335184773753985 0.02875507020280808 0.03488409982966743
0 0.6166365054602184 0.24798044878915793 0.0276900676027041 0.034884099829667475
0 0.6171690067602704 0.28438124861141967 0.026625065002600118 0.034884099829667475
0 0.520253770150806 0.5710375472117307 0.02236505460218412 0.03488409982966752
0 0.20341549661986483 0.3549077982670518 0.029820072802912136 0.036400799822261805
0 0.48617368694747787 0.5338783973931719 0.026625065002600045 0.036400799822261624
0 0.5309037961518461 0.28438124861141967 0.028755070202808156 0.03185069984447903
0 0.15815288611544462 0.24798044878915793 0.028755070202808118 0.034884099829667475
0 0.20394799791991683 0.21233799896319336 0.028755070202808156 0.03336739983707323
0 0.4009734789391576 0.35566614826334897 0.028755070202808156 0.03488409982966756
0 0.43239105564222563 0.5695208472191364 0.0234300572022881 0.03488409982966752
0 0.4015059802392096 0.28665629860031105 0.0276900676027041 0.036400799822261715
0 0.2912782111284451 0.2858979486040139 0.028755070202808118 0.03185069984447899
0 0.247613104524181 0.3207820484336814 0.028755070202808118 0.03488409982966752
0 0.24708060322412898 0.4261926979189809 0.029820072802912136 0.03336739983707341
0 0.6187665106604264 0.32154039842997856 0.029820072802912136 0.03336739983707328
0 0.2907457098283931 0.35794119825224024 0.029820072802912097 0.03336739983707328
0 0.5735039001560063 0.2851395986077168 0.02875507020280808 0.03336739983707323
0 0.6608341133645346 0.426192697918981 0.028755070202808156 0.036400799822261715
0 0.6177015080603224 0.5702791972154336 0.03195007800312017 0.036400799822261805
0 0.20341549661986483 0.49975264755980153 0.029820072802912136 0.03488409982966743
0 0.20394799791991683 0.14105309931126417 0.028755070202808156 0.036400799822261735
0 0.2907457098283931 0.2138546989557876 0.0276900676027041 0.03336739983707323
0 0.20341549661986483 0.5361534473820633 0.029820072802912136 0.03488409982966743
