0 0.24769938650306747 0.8339350180505416 0.038343558282208534 0.03971119133574008
0 0.18788343558282208 0.4115523465703971 0.04141104294478526 0.043321299638989175
0 0.8466257668711656 0.703971119133574 0.039877300613496924 0.03971119133574008
0 0.8458588957055215 0.7436823104693141 0.04141104294478526 0.04332129963898912
0 0.1219325153374233 0.8700361010830324 0.0414110429447853 0.03971119133574008
0 0.8466257668711656 0.7888086642599278 0.042944785276073594 0.03971119133573997
0 0.5943251533742331 0.9485559566787003 0.04141104294478515 0.03429602888086636
0 0.48849693251533743 0.3935018050541516 0.032208588957055195 0.032490974729241895
0 0.9072085889570551 0.703971119133574 0.04141104294478526 0.03971119133574008
0 0.18481595092024541 0.8736462093862816 0.041411042944785315 0.036101083032491044
0 0.5943251533742331 0.8727436823104693 0.04141104294478515 0.03790613718411551
0 0.49003067484662577 0.19133574007220217 0.038343558282208534 0.032490974729241895
0 0.8443251533742331 0.9557761732851986 0.04447852760736193 0.041516245487364656
0 0.5981595092024539 0.2084837545126354 0.042944785276073594 0.04151624548736463
0 0.48926380368098155 0.26985559566787004 0.0368098159509202 0.03429602888086647
0 0.8458588957055215 0.8700361010830324 0.04141104294478526 0.04332129963898923
0 0.5950920245398772 0.5812274368231047 0.03987730061349681 0.032490974729241895
0 0.5230061349693251 0.37545126353790614 0.027607361963190247 0.03610108303249093
0 0.5973926380368098 0.16606498194945848 0.04141104294478537 0.03971119133574008
0 0.7200920245398773 0.9124548736462095 0.04141104294478537 0.03790613718411551
0 0.05904907975460122 0.41425992779783394 0.04141104294478526 0.045126353790613694
0 0.7200920245398773 0.8700361010830324 0.04141104294478537 0.03971119133574008
0 0.43788343558282206 0.7057761732851986 0.041411042944785315 0.03610108303249093
0 0.5943251533742331 0.9097472924187726 0.04141104294478515 0.03971119133574008
0 0.057515337423312884 0.5379061371841156 0.04141104294478528 0.03971119133574008
0 0.5375766871165645 0.2851985559566787 0.04141104294478537 0.04693140794223827
0 0.49003067484662577 0.157942238267148 0.038343558282208534 0.034296028880866414
0 0.059815950920245387 0.4548736462093863 0.03987730061349692 0.03249097472924184
0 0.055981595092024536 0.9133574007220218 0.04141104294478528 0.03971119133574008
0 0.5322085889570553 0.9133574007220217 0.036809815950920255 0.032490974729241895
0 0.7193251533742331 0.8285198555956679 0.042944785276073705 0.03971119133574008
0 0.12039877300613497 0.9124548736462095 0.04141104294478527 0.03790613718411551
0 0.5513803680981595 0.33212996389891697 0.03220858895705514 0.032490974729241895
0 0.9095092024539877 0.5018050541516246 0.036809815950920255 0.039711191335740026
0 0.05828220858895706 0.6624548736462095 0.03987730061349694 0.03971119133574008
0 0.31288343558282206 0.9124548736462094 0.03987730061349698 0.03429602888086647
0 0.12039877300613497 0.9521660649819494 0.04141104294478527 0.03790613718411551
0 0.43788343558282206 0.9133574007220217 0.041411042944785315 0.04332129963898912
0 0.43711656441717794 0.7897111913357401 0.04294478527607365 0.045126353790613694
0 0.8466257668711656 0.6642599277978339 0.039877300613496924 0.03971119133573997
0 0.24846625766871167 0.9557761732851986 0.042944785276073566 0.03790613718411551
0 0.24923312883435583 0.8736462093862816 0.04141104294478526 0.03971119133574008
0 0.598159509202454 0.2518050541516246 0.036809815950920255 0.0415162454873646
0 0.12116564417177914 0.743682310469314 0.03987730061349694 0.03610108303249093
0 0.7837423312883436 0.5812274368231047 0.039877300613496924 0.03971119133574008
0 0.18328220858895705 0.9530685920577617 0.04141104294478526 0.03971119133573997
0 0.43941717791411045 0.5379061371841155 0.03834355828220859 0.036101083032491044
0 0.31288343558282206 0.8736462093862816 0.04294478527607365 0.03971119133574008
0 0.5513803680981595 0.45758122743682306 0.03220858895705514 0.034296028880866414
0 0.9118098159509203 0.29151624548736466 0.04141104294478526 0.0415162454873646
0 0.43711656441717794 0.6209386281588447 0.0368098159509202 0.03971119133574008
0 0.9072085889570551 0.5884476534296028 0.04141104294478526 0.03971119133574008
0 0.3151840490797546 0.4548736462093863 0.03834355828220859 0.03610108303249099
0 0.7200920245398773 0.7463898916967509 0.04141104294478537 0.041516245487364656
0 0.4363496932515337 0.6642599277978339 0.041411042944785315 0.03971119133573997
0 0.05674846625766872 0.7003610108303249 0.03987730061349693 0.03610108303249093
0 0.718558282208589 0.9530685920577617 0.04141104294478526 0.03971119133573997
0 0.43788343558282206 0.7463898916967509 0.041411042944785315 0.041516245487364656
0 0.5498466257668712 0.5803249097472925 0.03527607361963181 0.041516245487364656
0 0.5214723926380368 0.41425992779783394 0.027607361963190247 0.03429602888086647
0 0.5329754601226995 0.8736462093862816 0.04141104294478537 0.04332129963898912
0 0.5199386503067485 0.5370036101083033 0.030674846625766916 0.041516245487364656
0 0.7216257668711656 0.7075812274368232 0.04141104294478537 0.03971119133574008
0 0.12346625766871167 0.5379061371841156 0.04141104294478527 0.03971119133574008
0 0.5927914110429449 0.7490974729241877 0.03834355828220859 0.03971119133574008
0 0.5230061349693251 0.33212996389891697 0.027607361963190247 0.03971119133574008
0 0.5322085889570553 0.7463898916967509 0.036809815950920255 0.041516245487364656
0 0.24923312883435583 0.7897111913357401 0.04141104294478526 0.045126353790613694
0 0.911042944785276 0.37545126353790614 0.042944785276073594 0.043321299638989175
0 0.5927914110429447 0.7906137184115524 0.04141104294478537 0.04332129963898912
0 0.8473926380368098 0.29061371841155237 0.04141104294478526 0.043321299638989175
0 0.12039877300613497 0.8303249097472925 0.04141104294478527 0.04332129963898923
0 0.3151840490797546 0.4945848375451264 0.04141104294478526 0.043321299638989175
0 0.18634969325153372 0.7870036101083032 0.04141104294478529 0.04332129963898912
0 0.24846625766871167 0.7490974729241877 0.042944785276073566 0.03971119133574008
0 0.057515337423312884 0.8303249097472925 0.04141104294478528 0.04332129963898923
0 0.18634969325153372 0.6642599277978339 0.04141104294478529 0.03971119133573997
0 0.7223926380368099 0.5379061371841156 0.039877300613496924 0.03971119133574008
0 0.5513803680981595 0.37454873646209386 0.03220858895705514 0.041516245487364656
0 0.5337423312883436 0.6606498194945849 0.039877300613497035 0.03971119133574008
0 0.1219325153374233 0.7066787003610109 0.0414110429447853 0.041516245487364656
0 0.6587423312883436 0.5812274368231047 0.04141104294478526 0.03971119133574008
0 0.18328220858895705 0.5794223826714802 0.04141104294478526 0.04332129963898912
0 0.25076687116564417 0.5803249097472925 0.04447852760736193 0.03790613718411551
0 0.8458588957055215 0.5415162454873645 0.04141104294478526 0.04332129963898923
0 0.25153374233128833 0.37093862815884476 0.042944785276073594 0.03790613718411551
0 0.12346625766871164 0.3267148014440433 0.04447852760736197 0.03971119133574008
0 0.7852760736196319 0.4584837545126354 0.036809815950920255 0.03971119133574008
0 0.5950920245398772 0.6200361010830325 0.03987730061349681 0.045126353790613694
0 0.43941717791411045 0.41064981949458484 0.03834355828220859 0.03790613718411551
0 0.05828220858895706 0.7436823104693141 0.03987730061349694 0.04332129963898912
0 0.18634969325153372 0.743682310469314 0.04141104294478529 0.03971119133574008
0 0.12423312883435583 0.36732851985559567 0.04294478527607361 0.041516245487364656
0 0.5513803680981595 0.4169675090252708 0.03220858895705514 0.03610108303249099
0 0.5966257668711656 0.4981949458483755 0.036809815950920144 0.03971119133574008
0 0.6587423312883436 0.4981949458483755 0.04141104294478526 0.03971119133574008
0 0.6602760736196319 0.4548736462093863 0.04141104294478515 0.039711191335740026
0 0.8473926380368098 0.37545126353790614 0.04141104294478526 0.03971119133574008
0 0.5337423312883436 0.7897111913357401 0.039877300613497035 0.041516245487364545
0 0.2507668711656441 0.6642599277978339 0.041411042944785204 0.03971119133573997
0 0.25076687116564417 0.5379061371841156 0.04447852760736193 0.03971119133574008
0 0.6602760736196319 0.3285198555956679 0.04141104294478515 0.03971119133574008
0 0.2507668711656441 0.6209386281588447 0.041411042944785204 0.04332129963898923
0 0.2507668711656441 0.41155234657039713 0.041411042944785204 0.03971119133574008
0 0.24923312883435583 0.7066787003610109 0.047546012269938626 0.041516245487364656
0 0.12653374233128833 0.2815884476534296 0.04141104294478529 0.04693140794223827
0 0.43941717791411045 0.453971119133574 0.03834355828220859 0.045126353790613694
0 0.18634969325153372 0.4548736462093863 0.04141104294478529 0.039711191335740026
0 0.18481595092024541 0.6209386281588447 0.041411042944785315 0.04332129963898923
0 0.125 0.453971119133574 0.04141104294478527 0.045126353790613694
0 0.18558282208588958 0.37093862815884476 0.03987730061349698 0.041516245487364656
0 0.4363496932515337 0.8330324909747293 0.041411042944785315 0.041516245487364656
0 0.0598159509202454 0.36823104693140796 0.04294478527607362 0.03971119133574008
0 0.4386503067484663 0.37093862815884476 0.036809815950920255 0.03790613718411551
0 0.7223926380368099 0.4566787003610108 0.039877300613496924 0.03971119133574008
0 0.5950920245398773 0.4151624548736462 0.042944785276073594 0.03971119133574008
0 0.5521472392638037 0.4981949458483755 0.033742331288343586 0.03971119133574008
0 0.18558282208588958 0.4963898916967509 0.03987730061349698 0.03971119133574008
0 0.5927914110429447 0.7066787003610109 0.04141104294478537 0.041516245487364656
0 0.5329754601226995 0.8303249097472925 0.04141104294478537 0.03971119133574008
0 0.598159509202454 0.4566787003610108 0.039877300613496924 0.03971119133574008
0 0.05904907975460122 0.2815884476534296 0.04141104294478526 0.043321299638989175
0 0.24923312883435583 0.4548736462093863 0.04141104294478526 0.043321299638989175
0 0.12116564417177914 0.6200361010830325 0.042944785276073635 0.045126353790613694
0 0.4409509202453988 0.2842960288808664 0.04141104294478526 0.045126353790613694
0 0.7216257668711656 0.6660649819494585 0.04141104294478537 0.04332129963898912
0 0.3144171779141104 0.37184115523465705 0.04294478527607365 0.03971119133574008
0 0.31671779141104295 0.3285198555956679 0.04141104294478526 0.043321299638989175
0 0.18634969325153372 0.8330324909747292 0.04141104294478529 0.045126353790613694
0 0.5966257668711656 0.33122743682310474 0.036809815950920144 0.0415162454873646
0 0.7246932515337423 0.24548736462093862 0.03834355828220859 0.02527075812274368
0 0.32055214723926384 0.24097472924187724 0.04294478527607365 0.03068592057761732
0 0.9118098159509203 0.24909747292418774 0.04141104294478526 0.0288808664259928
0 0.9056748466257669 0.9097472924187726 0.04141104294478526 0.03610108303249093
0 0.4915644171779141 0.8339350180505415 0.0260736196319018 0.032490974729241895
0 0.48926380368098155 0.3537906137184116 0.0368098159509202 0.043321299638989175
0 0.12346625766871167 0.5740072202166064 0.04141104294478527 0.028880866425992857
0 0.06211656441717791 0.23826714801444043 0.04141104294478527 0.028880866425992774
0 0.9079754601226994 0.7472924187725631 0.042944785276073594 0.04332129963898923
0 0.9087423312883436 0.8700361010830324 0.04447852760736193 0.04332129963898923
0 0.9056748466257669 0.78971119133574 0.03834355828220859 0.03790613718411551
0 0.9079754601226994 0.6263537906137184 0.039877300613496924 0.03971119133574008
0 0.9072085889570551 0.9494584837545126 0.04141104294478526 0.03971119133574008
0 0.4869631901840491 0.4368231046931408 0.035276073619631865 0.043321299638989175
0 0.9072085889570551 0.8267148014440433 0.04141104294478526 0.036101083032491044
0 0.8466257668711656 0.8267148014440433 0.042944785276073594 0.036101083032491044
0 0.4363496932515337 0.8727436823104693 0.03834355828220859 0.03790613718411551
0 0.843558282208589 0.9133574007220218 0.039877300613496924 0.03971119133574008
0 0.9087423312883436 0.6642599277978339 0.03834355828220859 0.03971119133573997
0 0.055981595092024536 0.8700361010830324 0.04141104294478528 0.03971119133574008
0 0.05674846625766872 0.7888086642599278 0.03987730061349693 0.03971119133573997
0 0.6587423312883436 0.7472924187725631 0.04141104294478526 0.03971119133574008
0 0.7216257668711656 0.4972924187725632 0.03527607361963181 0.03790613718411551
0 0.522239263803681 0.4548736462093863 0.02914110429447858 0.039711191335740026
0 0.6618098159509203 0.2888086642599278 0.04141104294478537 0.03971119133574008
0 0.7216257668711656 0.2851985559566787 0.04141104294478537 0.04332129963898912
0 0.9102760736196318 0.5451263537906137 0.04141104294478526 0.04332129963898912
0 0.6572085889570551 0.7897111913357401 0.04141104294478526 0.041516245487364545
0 0.31288343558282206 0.9521660649819494 0.04294478527607365 0.041516245487364545
0 0.3136503067484663 0.5812274368231047 0.041411042944785315 0.03971119133574008
0 0.18634969325153378 0.5370036101083033 0.03834355828220862 0.041516245487364656
0 0.0544478527607362 0.9530685920577617 0.04447852760736196 0.04332129963898912
0 0.593558282208589 0.8339350180505416 0.039877300613496924 0.03610108303249093
0 0.7223926380368098 0.4151624548736462 0.033742331288343475 0.03971119133574008
0 0.12039877300613497 0.7870036101083032 0.04141104294478527 0.04332129963898912
0 0.3136503067484663 0.6209386281588447 0.041411042944785315 0.03971119133574008
0 0.05828220858895706 0.4936823104693141 0.03987730061349694 0.0415162454873646
0 0.05828220858895706 0.6209386281588447 0.03987730061349694 0.03971119133574008
0 0.8466257668711656 0.41696750902527074 0.039877300613496924 0.03971119133574008
0 0.8466257668711656 0.6245487364620939 0.039877300613496924 0.03971119133574008
0 0.5973926380368098 0.29061371841155237 0.03834355828220859 0.03610108303249099
0 0.31288343558282206 0.8330324909747293 0.04294478527607365 0.041516245487364656
0 0.18634969325153372 0.9097472924187726 0.04141104294478529 0.03971119133574008
0 0.9102760736196318 0.4187725631768953 0.04141104294478526 0.03971119133574008
0 0.522239263803681 0.4963898916967509 0.03220858895705514 0.03610108303249093
0 0.3788343558282209 0.2851985559566787 0.04294478527607365 0.03971119133574008
0 0.7200920245398773 0.7897111913357401 0.04141104294478537 0.041516245487364545
0 0.6602760736196319 0.4151624548736462 0.04141104294478515 0.03971119133574008
0 0.656441717791411 0.8330324909747292 0.04601226993865026 0.045126353790613694
0 0.6572085889570551 0.6642599277978339 0.03834355828220848 0.036101083032491044
0 0.5360429447852761 0.6209386281588447 0.03834355828220859 0.03971119133574008
0 0.7223926380368099 0.5812274368231047 0.039877300613496924 0.04332129963898923
0 0.7845092024539877 0.5406137184115523 0.04141104294478526 0.03790613718411551
0 0.5958588957055213 0.6642599277978339 0.03834355828220859 0.036101083032491044
0 0.7223926380368099 0.6236462093862816 0.039877300613496924 0.03790613718411551
0 0.31288343558282206 0.7472924187725631 0.04294478527607365 0.03971119133574008
0 0.12423312883435583 0.41064981949458484 0.04294478527607361 0.041516245487364656
0 0.3182515337423313 0.2851985559566787 0.04141104294478526 0.03971119133574008
0 0.12116564417177914 0.6633574007220217 0.042944785276073635 0.045126353790613694
0 0.6572085889570551 0.7057761732851986 0.03834355828220848 0.03610108303249093
0 0.49003067484662577 0.23375451263537905 0.041411042944785315 0.04151624548736463
0 0.05828220858895705 0.5803249097472925 0.04601226993865031 0.041516245487364656
0 0.31288343558282206 0.7057761732851986 0.04294478527607365 0.03971119133574008
0 0.3803680981595092 0.41696750902527074 0.0368098159509202 0.04693140794223827
0 0.8458588957055215 0.4575812274368231 0.03834355828220859 0.041516245487364656
0 0.18634969325153378 0.7057761732851986 0.03834355828220862 0.03610108303249093
0 0.9102760736196318 0.4602888086642599 0.04141104294478526 0.043321299638989175
0 0.7860429447852761 0.2888086642599278 0.04141104294478526 0.03971119133574008
0 0.4363496932515337 0.5812274368231047 0.041411042944785315 0.04332129963898923
0 0.059815950920245387 0.3267148014440433 0.03987730061349692 0.03971119133574008
0 0.8458588957055215 0.4981949458483755 0.04141104294478526 0.03971119133574008
0 0.7208588957055215 0.37545126353790614 0.036809815950920144 0.03971119133574008
0 0.911042944785276 0.3348375451263538 0.042944785276073594 0.0415162454873646
0 0.43941717791411045 0.4981949458483754 0.04141104294478526 0.04332129963898912
0 0.3136503067484663 0.6633574007220217 0.041411042944785315 0.041516245487364545
0 0.12423312883435583 0.4981949458483755 0.03987730061349694 0.03971119133574008
0 0.6579754601226994 0.5397111913357401 0.042944785276073594 0.04332129963898912
0 0.5337423312883436 0.7021660649819494 0.039877300613497035 0.03971119133574008
0 0.5337423312883436 0.9530685920577617 0.039877300613497035 0.04332129963898912
0 0.2476993865030675 0.9151624548736461 0.04141104294478523 0.03971119133574008
0 0.2507668711656442 0.4981949458483755 0.038343558282208534 0.03971119133574008
0 0.31288343558282206 0.7906137184115523 0.04294478527607365 0.03971119133574008
0 0.43711656441717794 0.9557761732851986 0.03987730061349698 0.041516245487364656
0 0.8466257668711656 0.5848375451263539 0.042944785276073594 0.03971119133574008
0 0.31211656441717794 0.5379061371841155 0.044478527607361984 0.04332129963898912
0 0.6579754601226994 0.6245487364620939 0.042944785276073594 0.04332129963898912
0 0.5950920245398772 0.37454873646209386 0.03987730061349681 0.041516245487364656
0 0.4386503067484663 0.33032490974729245 0.036809815950920255 0.039711191335740026
0 0.5958588957055215 0.5415162454873645 0.04141104294478526 0.050541516245487306
0 0.6602760736196319 0.37454873646209386 0.04141104294478515 0.041516245487364656
0 0.7837423312883436 0.37545126353790614 0.039877300613496924 0.03971119133574008
0 0.5490797546012269 0.5406137184115523 0.033742331288343475 0.03790613718411551
0 0.7837423312883436 0.4981949458483755 0.039877300613496924 0.03971119133574008
0 0.3136503067484663 0.41425992779783394 0.041411042944785315 0.041516245487364656
0 0.7845092024539877 0.33212996389891697 0.04141104294478526 0.03971119133574008
0 0.18865030674846628 0.3267148014440433 0.04294478527607365 0.04693140794223827
0 0.7837423312883436 0.41787003610108303 0.039877300613496924 0.041516245487364656
0 0.8473926380368098 0.33212996389891697 0.04141104294478526 0.04332129963898912
0 0.18788343558282208 0.2815884476534296 0.04141104294478526 0.043321299638989175
0 0.37883435582822084 0.37184115523465705 0.039877300613496924 0.03971119133574008
0 0.2530674846625767 0.2851985559566787 0.042944785276073594 0.04332129963898912
0 0.3788343558282209 0.33122743682310474 0.04294478527607365 0.0415162454873646
0 0.7223926380368099 0.33212996389891697 0.039877300613496924 0.03971119133574008
0 0.25153374233128833 0.33122743682310474 0.04601226993865032 0.0415162454873646
