0 0.21944035346097202 0.2737104825291181 0.04418262150220917 0.028286189683860263
0 0.09720176730486009 0.27454242928452577 0.04123711340206185 0.026622296173044957
0 0.5073637702503682 0.3036605657237937 0.03092783505154645 0.021630615640598982
0 0.8519882179675995 0.27287853577371046 0.03976435935198819 0.026622296173044957
0 0.5544918998527245 0.27454242928452577 0.0397643593519883 0.026622296173044957
0 0.4027982326951399 0.27454242928452577 0.03976435935198819 0.026622296173044957
0 0.5132547864506627 0.8186356073211314 0.022091310751104598 0.029950083194675625
0 0.21796759941089838 0.8569051580698835 0.041237113402061876 0.03660565723793674
0 0.15979381443298968 0.8569051580698835 0.039764359351988215 0.03660565723793674
0 0.7459499263622975 0.5474209650582362 0.027982326951399128 0.03327787021630624
0 0.1561119293078056 0.43094841930116473 0.041237113402061876 0.03993344425956735
0 0.7488954344624448 0.697171381031614 0.027982326951399017 0.029950083194675625
0 0.09720176730486008 0.8560732113144759 0.038291605301914555 0.04159733777038266
0 0.7459499263622975 0.4334442595673877 0.030927835051546393 0.038269550748752046
0 0.15905743740795286 0.740432612312812 0.04123711340206185 0.03660565723793674
0 0.6737849779086893 0.8535773710482529 0.03976435935198808 0.03660565723793674
0 0.7459499263622975 0.3144758735440932 0.027982326951399128 0.029950083194675514
0 0.34167893961708395 0.8569051580698835 0.038291605301914555 0.029950083194675514
0 0.22017673048600883 0.935108153078203 0.039764359351988215 0.03660565723793685
0 0.670839469808542 0.4334442595673877 0.03976435935198819 0.03494176372712143
0 0.8078055964653903 0.8535773710482529 0.027982326951399128 0.029950083194675514
0 0.7790868924889544 0.8527454242928453 0.026509572901325384 0.03494176372712143
0 0.09499263622974963 0.5873544093178037 0.039764359351988215 0.03327787021630613
0 0.09425625920471281 0.740432612312812 0.03829160530191458 0.03660565723793674
0 0.9131075110456555 0.5440931780366056 0.044182621502209085 0.03993344425956746
0 0.8078055964653903 0.9259567387687189 0.030927835051546393 0.034941763727121544
0 0.1568483063328424 0.5465890183028286 0.03976435935198824 0.03826955074875216
0 0.15832106038291605 0.7795341098169717 0.039764359351988215 0.038269550748752046
0 0.6141384388807068 0.8868552412645591 0.04123711340206193 0.03660565723793674
0 0.4027982326951399 0.8951747088186356 0.03976435935198819 0.03660565723793674
0 0.6737849779086893 0.8901830282861897 0.03976435935198808 0.03660565723793674
0 0.5537555228276877 0.9301164725457571 0.038291605301914666 0.03327787021630624
0 0.34241531664212077 0.9326123128119801 0.03976435935198819 0.03826955074875216
0 0.21796759941089838 0.7803660565723793 0.041237113402061876 0.03660565723793674
0 0.5073637702503682 0.22462562396006658 0.03092783505154645 0.029950083194675542
0 0.09572901325478644 0.9334442595673877 0.035346097201767304 0.03660565723793685
0 0.7172312223858615 0.5074875207986689 0.02945508100147276 0.029950083194675514
0 0.21796759941089838 0.8960066555740432 0.041237113402061876 0.038269550748752046
0 0.21723122238586157 0.3544093178036606 0.03681885125184095 0.036605657237936795
0 0.61340206185567 0.9267886855241265 0.0397643593519883 0.03660565723793685
0 0.2187039764359352 0.740432612312812 0.04270986745213551 0.03660565723793674
0 0.5544918998527246 0.8926788685524126 0.042709867452135564 0.04159733777038266
0 0.8070692194403535 0.8901830282861897 0.026509572901325495 0.03327787021630613
0 0.7923416789396172 0.6605657237936772 0.038291605301914555 0.03660565723793674
0 0.7466863033873343 0.7362728785357737 0.03534609720176729 0.038269550748752046
0 0.4020618556701031 0.8560732113144759 0.038291605301914555 0.038269550748752046
0 0.7179675994108984 0.35357737104825293 0.027982326951399017 0.031613976705490876
0 0.5544918998527246 0.8136439267886855 0.03681885125184092 0.03327787021630624
0 0.09425625920471281 0.8935108153078203 0.03829160530191458 0.03660565723793674
0 0.508100147275405 0.194675540765391 0.02945508100147276 0.02662229617304493
0 0.6126656848306332 0.8161397670549084 0.03534609720176718 0.034941763727121544
0 0.7798232695139912 0.8901830282861897 0.027982326951399017 0.03327787021630613
0 0.7488954344624448 0.6605657237936772 0.030927835051546393 0.03660565723793674
0 0.9116347569955818 0.5840266222961731 0.04123711340206182 0.03660565723793674
0 0.6126656848306332 0.7795341098169717 0.03534609720176718 0.038269550748752046
0 0.0942562592047128 0.5474209650582362 0.04418262150220911 0.043261231281198076
0 0.280559646539028 0.5856905158069884 0.03681885125184087 0.03327787021630613
0 0.553019145802651 0.43094841930116473 0.03976435935198819 0.03660565723793674
0 0.09425625920471281 0.7795341098169717 0.04123711340206185 0.038269550748752046
0 0.6737849779086893 0.9284525790349418 0.03976435935198808 0.03327787021630624
0 0.21796759941089838 0.819467554076539 0.041237113402061876 0.034941763727121544
0 0.6723122238586157 0.5474209650582362 0.03976435935198819 0.03660565723793685
0 0.5544918998527246 0.5074875207986689 0.03681885125184092 0.03327787021630613
0 0.5537555228276878 0.8527454242928453 0.04123711340206182 0.038269550748752046
0 0.1561119293078056 0.47088186356073214 0.041237113402061876 0.036605657237936795
0 0.280559646539028 0.5474209650582362 0.03976435935198813 0.03660565723793685
0 0.7790868924889542 0.9267886855241265 0.02945508100147276 0.03660565723793685
0 0.5544918998527245 0.7004991680532446 0.0397643593519883 0.03660565723793685
0 0.8541973490427099 0.9267886855241265 0.04123711340206182 0.03660565723793685
0 0.6111929307805596 0.6239600665557404 0.038291605301914444 0.03660565723793674
0 0.1561119293078056 0.6239600665557404 0.03829160530191458 0.03660565723793674
0 0.614138438880707 0.7396006655574043 0.038291605301914555 0.04159733777038266
0 0.8527245949926363 0.7396006655574043 0.04123711340206182 0.04159733777038266
0 0.4013254786450663 0.6239600665557404 0.03681885125184092 0.03660565723793674
0 0.6126656848306333 0.7021630615640599 0.04123711340206182 0.03660565723793685
0 0.7187039764359352 0.6239600665557404 0.032400589101620136 0.03993344425956735
0 0.7179675994108983 0.5465890183028286 0.030927835051546393 0.034941763727121544
0 0.280559646539028 0.5108153078202995 0.03976435935198813 0.03660565723793674
0 0.15832106038291605 0.5091514143094842 0.039764359351988215 0.03660565723793674
0 0.6723122238586157 0.6630615640599001 0.03976435935198819 0.038269550748752046
0 0.8512518409425627 0.35357737104825293 0.03534609720176729 0.03494176372712149
0 0.34094256259204714 0.5898502495840267 0.03976435935198824 0.038269550748752046
0 0.8534609720176731 0.8535773710482529 0.03976435935198819 0.03660565723793674
0 0.21723122238586157 0.3910149750415973 0.03976435935198827 0.036605657237936795
0 0.22017673048600883 0.5099833610648918 0.039764359351988215 0.03494176372712143
0 0.6111929307805596 0.31114808652246256 0.038291605301914444 0.03993344425956735
0 0.4027982326951399 0.5873544093178037 0.03976435935198819 0.03660565723793674
0 0.5544918998527245 0.6622296173044925 0.0397643593519883 0.03993344425956735
0 0.553019145802651 0.5856905158069884 0.03976435935198819 0.03660565723793674
0 0.459499263622975 0.35357737104825293 0.03829160530191461 0.0382695507487521
0 0.09499263622974963 0.3144758735440932 0.04270986745213547 0.03993344425956735
0 0.6723122238586157 0.5840266222961731 0.03976435935198819 0.03660565723793674
0 0.09499263622974963 0.39018302828618967 0.04270986745213547 0.03494176372712149
0 0.8519882179675995 0.43094841930116473 0.03976435935198819 0.03660565723793674
0 0.6723122238586157 0.8169717138103161 0.03976435935198819 0.03660565723793685
0 0.46170839469808544 0.47088186356073214 0.03681885125184098 0.036605657237936795
0 0.8519882179675995 0.5074875207986689 0.03976435935198819 0.03660565723793674
0 0.4027982326951399 0.7803660565723793 0.03976435935198819 0.03660565723793674
0 0.910898379970545 0.3910149750415973 0.03976435935198819 0.036605657237936795
0 0.4013254786450663 0.742928452579035 0.03976435935198824 0.038269550748752046
0 0.8512518409425627 0.6206322795341098 0.03534609720176729 0.03993344425956735
0 0.7172312223858615 0.3910149750415973 0.02945508100147276 0.036605657237936795
0 0.553019145802651 0.3544093178036606 0.03976435935198819 0.036605657237936795
0 0.6089837997054491 0.3544093178036606 0.0397643593519883 0.03993344425956741
0 0.670839469808542 0.7004991680532446 0.03976435935198819 0.03660565723793685
0 0.34167893961708395 0.3144758735440932 0.038291605301914555 0.03993344425956735
0 0.8527245949926363 0.4675540765391015 0.04123711340206182 0.036605657237936795
0 0.4602356406480118 0.5091514143094842 0.03976435935198824 0.03993344425956735
0 0.4020618556701031 0.39434276206322794 0.038291605301914555 0.036605657237936795
0 0.2187039764359352 0.6239600665557404 0.03976435935198824 0.03660565723793674
0 0.7923416789396172 0.7362728785357737 0.038291605301914555 0.038269550748752046
0 0.2187039764359352 0.47088186356073214 0.04270986745213551 0.036605657237936795
0 0.27908689248895435 0.35690515806988354 0.03976435935198819 0.0382695507487521
0 0.21796759941089838 0.5873544093178037 0.041237113402061876 0.03660565723793674
0 0.1568483063328424 0.586522462562396 0.03976435935198824 0.038269550748752046
0 0.5544918998527245 0.4700499168053245 0.0397643593519883 0.03494176372712149
0 0.7916053019145803 0.43094841930116473 0.03976435935198819 0.03660565723793674
0 0.6715758468335788 0.47088186356073214 0.038291605301914555 0.036605657237936795
0 0.1568483063328424 0.3910149750415973 0.03976435935198824 0.036605657237936795
0 0.27908689248895435 0.43094841930116473 0.03976435935198819 0.03993344425956735
0 0.4602356406480118 0.43427620632279534 0.03976435935198824 0.03660565723793674
0 0.27908689248895435 0.39434276206322794 0.03976435935198819 0.036605657237936795
0 0.6111929307805597 0.5099833610648918 0.04123711340206182 0.038269550748752046
0 0.6111929307805596 0.5840266222961731 0.038291605301914444 0.03993344425956735
0 0.6111929307805596 0.47088186356073214 0.038291605301914444 0.036605657237936795
0 0.7901325478645067 0.3144758735440932 0.04270986745213545 0.03993344425956735
0 0.7908689248895435 0.35357737104825293 0.038291605301914555 0.0382695507487521
0 0.8519882179675995 0.6605657237936772 0.03976435935198819 0.03660565723793674
0 0.5073637702503682 0.2637271214642263 0.03092783505154645 0.03494176372712143
0 0.5066273932253313 0.41680532445923457 0.03240058910162008 0.031613976705490876
0 0.5058910162002945 0.45507487520798673 0.03387334315169371 0.0382695507487521
0 0.5066273932253313 0.3768718801996672 0.035346097201767346 0.04159733777038266
0 0.5073637702503682 0.2878535773710482 0.03092783505154645 0.01663893510815312
0 0.670839469808542 0.27454242928452577 0.03976435935198819 0.026622296173044957
0 0.46097201767304863 0.5873544093178037 0.03829160530191461 0.03660565723793674
0 0.4013254786450663 0.6605657237936772 0.03681885125184092 0.03660565723793674
0 0.21870397643593523 0.3144758735440932 0.03681885125184098 0.03660565723793674
0 0.9123711340206186 0.35357737104825293 0.03976435935198819 0.0382695507487521
0 0.40427098674521356 0.9326123128119801 0.04270986745213545 0.03826955074875216
0 0.7474226804123711 0.6206322795341098 0.030927835051546393 0.03327787021630613
0 0.09499263622974963 0.5074875207986689 0.039764359351988215 0.03660565723793674
0 0.8527245949926363 0.6988352745424293 0.038291605301914555 0.03660565723793685
0 0.4602356406480118 0.5490848585690515 0.03976435935198824 0.03660565723793685
0 0.748159057437408 0.47088186356073214 0.026509572901325384 0.03327787021630618
0 0.4013254786450663 0.819467554076539 0.03976435935198824 0.034941763727121544
0 0.34167893961708395 0.8935108153078203 0.041237113402061876 0.03660565723793674
0 0.6111929307805596 0.5465890183028286 0.038291605301914444 0.034941763727121544
0 0.5544918998527245 0.7770382695507487 0.0397643593519883 0.03993344425956735
0 0.614138438880707 0.8519134775374376 0.038291605301914555 0.03660565723793674
0 0.15905743740795286 0.819467554076539 0.04123711340206185 0.03826955074875216
0 0.7172312223858615 0.6638935108153078 0.02945508100147276 0.03327787021630613
0 0.8534609720176731 0.778702163061564 0.03976435935198819 0.03660565723793674
0 0.7179675994108984 0.5840266222961731 0.027982326951399017 0.03660565723793674
0 0.7923416789396172 0.699667221297837 0.038291605301914555 0.034941763727121544
0 0.7466863033873343 0.3935108153078203 0.02945508100147276 0.03494176372712149
0 0.2187039764359352 0.4301164725457571 0.04270986745213551 0.04159733777038266
0 0.09572901325478644 0.6638935108153078 0.03829160530191457 0.03993344425956735
0 0.34241531664212077 0.7803660565723793 0.03976435935198819 0.03993344425956735
0 0.15832106038291605 0.6638935108153078 0.039764359351988215 0.03993344425956735
0 0.7916053019145803 0.8136439267886855 0.03976435935198819 0.03660565723793685
0 0.09572901325478644 0.8186356073211314 0.03829160530191457 0.03660565723793685
0 0.7187039764359352 0.7004991680532446 0.032400589101620136 0.03660565723793685
0 0.910898379970545 0.4675540765391015 0.03976435935198819 0.036605657237936795
0 0.7172312223858615 0.3144758735440932 0.02945508100147276 0.03660565723793674
0 0.5537555228276877 0.7371048252911814 0.038291605301914666 0.03327787021630613
0 0.1561119293078056 0.7021630615640599 0.041237113402061876 0.03660565723793685
0 0.670839469808542 0.7770382695507487 0.04270986745213534 0.03993344425956735
0 0.09572901325478644 0.6239600665557404 0.03829160530191457 0.03993344425956735
0 0.7923416789396172 0.6206322795341098 0.038291605301914555 0.03660565723793674
0 0.459499263622975 0.3144758735440932 0.03829160530191461 0.03993344425956735
0 0.7164948453608246 0.4301164725457571 0.030927835051546393 0.03494176372712143
0 0.09572901325478644 0.7038269550748752 0.03829160530191457 0.03660565723793685
0 0.09499263622974963 0.4700499168053245 0.039764359351988215 0.0382695507487521
0 0.9116347569955817 0.5066555740432612 0.044182621502209196 0.03494176372712143
0 0.7459499263622975 0.5074875207986689 0.030927835051546393 0.03660565723793674
0 0.7923416789396172 0.7762063227953411 0.04123711340206182 0.038269550748752046
0 0.8519882179675995 0.8169717138103161 0.03976435935198819 0.03660565723793685
0 0.09425625920471281 0.4276206322795341 0.04123711340206185 0.03993344425956735
0 0.670839469808542 0.7371048252911814 0.03976435935198819 0.03660565723793674
0 0.8549337260677468 0.8901830282861897 0.03976435935198819 0.03660565723793674
0 0.21796759941089838 0.5474209650582362 0.041237113402061876 0.03993344425956746
0 0.7459499263622975 0.35357737104825293 0.030927835051546393 0.0382695507487521
0 0.34167893961708395 0.8202995008319467 0.041237113402061876 0.03993344425956746
0 0.1561119293078056 0.31114808652246256 0.041237113402061876 0.03660565723793674
0 0.15832106038291605 0.3527454242928453 0.039764359351988215 0.03993344425956741
0 0.7172312223858615 0.4700499168053245 0.032400589101620025 0.0382695507487521
0 0.4013254786450663 0.5524126455906821 0.03976435935198824 0.03660565723793685
0 0.9116347569955818 0.4276206322795341 0.04123711340206182 0.03660565723793674
0 0.34094256259204714 0.6638935108153078 0.03976435935198824 0.03660565723793674
0 0.7916053019145803 0.5465890183028286 0.03976435935198819 0.03826955074875216
0 0.8519882179675995 0.5840266222961731 0.03976435935198819 0.03660565723793674
0 0.7459499263622975 0.5840266222961731 0.03387334315169366 0.03660565723793674
0 0.2187039764359352 0.7029950083194676 0.04270986745213551 0.03826955074875216
0 0.09499263622974963 0.35357737104825293 0.04270986745213547 0.0382695507487521
0 0.9123711340206186 0.31114808652246256 0.03976435935198819 0.043261231281197965
0 0.21796759941089838 0.6638935108153078 0.041237113402061876 0.03660565723793674
0 0.3394698085419735 0.7420965058236273 0.03976435935198824 0.03993344425956735
0 0.670839469808542 0.6222961730449251 0.03976435935198819 0.03993344425956735
0 0.6126656848306333 0.4334442595673877 0.04123711340206182 0.038269550748752046
0 0.6715758468335788 0.3144758735440932 0.044182621502208974 0.03660565723793674
0 0.4020618556701031 0.4733777038269551 0.041237113402061876 0.0382695507487521
0 0.6723122238586157 0.5099833610648918 0.03976435935198819 0.038269550748752046
0 0.34094256259204714 0.7029950083194676 0.03976435935198824 0.03826955074875216
0 0.4587628865979382 0.39434276206322794 0.03681885125184098 0.03993344425956741
0 0.7916053019145803 0.46921797004991683 0.03976435935198819 0.036605657237936795
0 0.4013254786450663 0.3144758735440932 0.03976435935198824 0.03660565723793674
0 0.6708394698085419 0.39434276206322794 0.03681885125184081 0.036605657237936795
0 0.5544918998527245 0.6231281198003328 0.0397643593519883 0.038269550748752046
0 0.4013254786450663 0.5133111480865225 0.04270986745213551 0.04159733777038266
0 0.7908689248895435 0.3935108153078203 0.038291605301914555 0.0382695507487521
0 0.8534609720176731 0.5465890183028286 0.03976435935198819 0.04159733777038277
0 0.7916053019145803 0.5840266222961731 0.03976435935198819 0.03660565723793674
0 0.34094256259204714 0.5507487520798668 0.03976435935198824 0.03660565723793685
0 0.5544918998527245 0.39434276206322794 0.0397643593519883 0.03993344425956741
0 0.280559646539028 0.47088186356073214 0.03976435935198813 0.036605657237936795
0 0.6111929307805597 0.6630615640599001 0.04123711340206182 0.038269550748752046
0 0.34167893961708395 0.39434276206322794 0.041237113402061876 0.03993344425956741
0 0.8512518409425627 0.3910149750415973 0.044182621502209085 0.03993344425956741
0 0.6701030927835052 0.3544093178036606 0.03534609720176729 0.03993344425956741
0 0.34094256259204714 0.5108153078202995 0.03976435935198824 0.03660565723793674
0 0.4020618556701031 0.7021630615640599 0.041237113402061876 0.043261231281198076
0 0.27982326951399117 0.3144758735440932 0.044182621502209085 0.04658901830282858
0 0.849779086892489 0.31114808652246256 0.04123711340206182 0.03993344425956735
0 0.4013254786450663 0.3544093178036606 0.03976435935198824 0.03993344425956741
0 0.6119293078055965 0.39434276206322794 0.03976435935198819 0.03993344425956741
0 0.34241531664212077 0.35357737104825293 0.03976435935198819 0.0382695507487521
0 0.7916053019145803 0.5074875207986689 0.03976435935198819 0.03660565723793674
0 0.34094256259204714 0.627287853577371 0.03976435935198824 0.03660565723793674
0 0.553019145802651 0.3136439267886855 0.03976435935198819 0.04159733777038266
0 0.5544918998527245 0.5465890183028286 0.0397643593519883 0.04159733777038277
0 0.4020618556701031 0.4334442595673877 0.04418262150220914 0.04159733777038266
