0 0.772055 0.448360 0.037858 0.044365
0 0.514832 0.416636 0.031276 0.035441
0 0.517745 0.392609 0.026216 0.021037
0 0.540060 0.267181 0.037313 0.041305
0 0.704617 0.838888 0.041229 0.042262
0 0.732362 0.365241 0.040468 0.045002
0 0.799946 0.930812 0.041229 0.042262
0 0.127805 0.436994 0.041501 0.043792
0 0.747806 0.588478 0.033126 0.038819
0 0.735941 0.658999 0.036497 0.036716
0 0.088809 0.648525 0.041229 0.042262
0 0.349335 0.787994 0.043895 0.050229
0 0.476241 0.851721 0.041229 0.042262
0 0.533420 0.300673 0.032309 0.034230
0 0.729301 0.692491 0.038891 0.043154
0 0.829801 0.755353 0.033126 0.038819
0 0.806070 0.896396 0.041501 0.043792
0 0.355350 0.750360 0.041229 0.042262
0 0.747736 0.918055 0.041229 0.042262
0 0.817527 0.828169 0.037858 0.044365
0 0.759329 0.849064 0.039924 0.041943
0 0.898381 0.369892 0.040957 0.040732
0 0.201540 0.344080 0.042318 0.048380
0 0.491370 0.781997 0.037530 0.035506
0 0.872038 0.510297 0.037802 0.037035
0 0.793551 0.966758 0.041501 0.043792
0 0.765181 0.816177 0.039652 0.040414
0 0.836197 0.719407 0.041774 0.045321
0 0.521849 0.610681 0.041229 0.042262
0 0.739899 0.954447 0.043840 0.042900
0 0.711012 0.802942 0.041501 0.043792
0 0.753859 0.883639 0.041501 0.043792
0 0.525183 0.901986 0.041446 0.036463
0 0.452816 0.516403 0.038347 0.040095
0 0.077595 0.719206 0.041229 0.042262
0 0.186585 0.745836 0.039380 0.038884
0 0.339117 0.527728 0.041774 0.045321
0 0.741031 0.622735 0.037858 0.044365
0 0.767373 0.482330 0.036769 0.038246
0 0.753277 0.553902 0.037313 0.041305
0 0.548915 0.760943 0.042535 0.042581
0 0.811404 0.862585 0.039652 0.040414
0 0.493930 0.752297 0.041229 0.042262
0 0.515590 0.645862 0.038619 0.041624
0 0.593001 0.513146 0.037313 0.041305
0 0.502039 0.714375 0.041774 0.045321
0 0.108239 0.543142 0.043079 0.045640
0 0.891605 0.404149 0.039924 0.041943
0 0.536396 0.831305 0.043079 0.045640
0 0.587911 0.549411 0.040740 0.046532
0 0.471015 0.888751 0.041774 0.045321
0 0.132553 0.731836 0.040957 0.040732
0 0.419943 0.693519 0.040957 0.040732
0 0.342015 0.825310 0.041229 0.042262
0 0.691609 0.904342 0.041774 0.045321
0 0.717407 0.766996 0.041229 0.042262
0 0.783986 0.706651 0.041229 0.042262
0 0.310530 0.370710 0.039924 0.041943
0 0.904015 0.330568 0.042862 0.051440
0 0.413820 0.727935 0.041229 0.042262
0 0.143630 0.661920 0.041229 0.042262
0 0.509331 0.681043 0.041229 0.042262
0 0.529593 0.869545 0.042535 0.042581
0 0.265518 0.619876 0.040685 0.039203
0 0.242059 0.759390 0.041229 0.042262
0 0.162135 0.557907 0.038619 0.041624
0 0.256361 0.357475 0.038619 0.041624
0 0.777182 0.744891 0.041229 0.042262
0 0.380251 0.610400 0.041501 0.043792
0 0.218398 0.570855 0.040957 0.040732
0 0.819828 0.497540 0.041501 0.043792
0 0.725244 0.730605 0.041774 0.045321
0 0.392769 0.540039 0.041501 0.043792
0 0.794546 0.635810 0.037313 0.041305
0 0.398620 0.507152 0.041229 0.042262
0 0.306380 0.704079 0.042046 0.046851
0 0.133140 0.403183 0.040196 0.043473
0 0.598988 0.479495 0.037313 0.041305
0 0.384401 0.277032 0.037313 0.041305
0 0.063608 0.793998 0.043079 0.045640
0 0.160162 0.258954 0.037313 0.041305
0 0.230916 0.500493 0.038347 0.040095
0 0.210969 0.604952 0.041229 0.042262
0 0.208860 0.306764 0.037586 0.042835
0 0.553448 0.203416 0.032309 0.034230
0 0.445116 0.552030 0.041774 0.045321
0 0.249177 0.394026 0.043079 0.045640
0 0.082549 0.683706 0.041774 0.045321
0 0.324354 0.300667 0.043079 0.045640
0 0.784573 0.377998 0.037858 0.044365
0 0.137643 0.695571 0.041229 0.042262
0 0.297087 0.442442 0.041229 0.042262
0 0.203677 0.638285 0.041774 0.045321
0 0.848715 0.649045 0.041229 0.042262
0 0.407762 0.471079 0.038619 0.041624
0 0.275303 0.247184 0.037858 0.044365
0 0.885209 0.440094 0.040196 0.043473
0 0.457906 0.480139 0.041774 0.045321
0 0.270608 0.583612 0.042046 0.046851
0 0.176095 0.487099 0.041501 0.043792
0 0.169972 0.521515 0.041774 0.045321
0 0.187961 0.416577 0.040196 0.043473
0 0.541552 0.503768 0.037313 0.041305
0 0.645033 0.232177 0.041774 0.045321
0 0.867493 0.543502 0.041774 0.045321
0 0.371991 0.350612 0.038619 0.041624
0 0.439222 0.290426 0.037858 0.044365
0 0.534368 0.540319 0.039163 0.044683
0 0.278309 0.547985 0.041229 0.042262
0 0.553662 0.435700 0.037586 0.042835
0 0.417670 0.400079 0.041229 0.042262
0 0.365459 0.387323 0.038619 0.041624
0 0.624025 0.338771 0.037313 0.041305
0 0.222031 0.236562 0.038891 0.043154
0 0.316517 0.337058 0.039924 0.041943
0 0.285601 0.514652 0.041774 0.045321
0 0.269669 0.286507 0.037586 0.042835
0 0.216289 0.272667 0.040468 0.045002
0 0.878434 0.474351 0.041229 0.042262
0 0.359472 0.420974 0.038619 0.041624
0 0.303482 0.406496 0.041501 0.043792
0 0.115287 0.507356 0.042046 0.046851
0 0.558752 0.399436 0.037313 0.041305
0 0.631318 0.305439 0.039924 0.041943
0 0.154039 0.293370 0.040196 0.043473
0 0.241993 0.430577 0.038619 0.041624
0 0.337008 0.229540 0.042262 0.041051
0 0.824918 0.461276 0.041229 0.042262
0 0.414021 0.435898 0.039163 0.044683
0 0.547539 0.470117 0.037313 0.041305
0 0.262240 0.320605 0.039924 0.041943
0 0.352288 0.457525 0.040468 0.045002
0 0.521555 0.371194 0.037313 0.041305
0 0.697733 0.869926 0.038347 0.040095
0 0.115032 0.581512 0.027849 0.030214
0 0.454006 0.777656 0.024478 0.032317
0 0.465335 0.446041 0.039324 0.031555
0 0.332478 0.561220 0.039924 0.041943
0 0.147508 0.330081 0.040740 0.046532
0 0.485110 0.817178 0.041774 0.045321
0 0.254577 0.689028 0.041229 0.042262
0 0.182627 0.450388 0.041501 0.043792
0 0.235011 0.795176 0.042807 0.044111
0 0.125369 0.768387 0.040740 0.046532
0 0.573952 0.620219 0.043079 0.045640
0 0.337469 0.858516 0.041501 0.043792
0 0.199892 0.674868 0.040957 0.040732
0 0.554902 0.727291 0.045145 0.043219
0 0.180842 0.781941 0.041501 0.043792
0 0.432461 0.623157 0.042046 0.046851
0 0.374128 0.644817 0.041229 0.042262
0 0.690957 0.284098 0.037586 0.042835
0 0.771168 0.782526 0.042807 0.044111
0 0.853533 0.614310 0.041501 0.043792
0 0.544369 0.794148 0.040196 0.043473
0 0.842320 0.684991 0.040957 0.040732
0 0.345757 0.494236 0.036769 0.038246
0 0.401301 0.798297 0.041774 0.045321
0 0.395559 0.834402 0.040196 0.043473
0 0.248046 0.725738 0.041229 0.042262
0 0.120007 0.806181 0.037313 0.041305
0 0.859656 0.579894 0.041229 0.042262
0 0.343948 0.190535 0.043079 0.045640
0 0.165661 0.220395 0.037858 0.044365
0 0.096129 0.611210 0.043895 0.050229
0 0.361201 0.717473 0.040957 0.040732
0 0.578906 0.584719 0.039924 0.041943
0 0.527320 0.576105 0.039652 0.040414
0 0.174203 0.815433 0.042262 0.041051
0 0.779619 0.413497 0.036769 0.038246
0 0.149753 0.627504 0.041501 0.043792
0 0.229540 0.829752 0.043840 0.042900
0 0.823678 0.789769 0.041774 0.045321
0 0.193116 0.709125 0.041013 0.048062
0 0.367977 0.683216 0.043079 0.045640
0 0.788015 0.672521 0.039924 0.041943
0 0.409138 0.761905 0.038619 0.041624
0 0.566115 0.656611 0.043079 0.045640
0 0.325946 0.597930 0.042535 0.042581
0 0.387543 0.577068 0.040957 0.040732
0 0.312775 0.668133 0.041229 0.042262
0 0.389435 0.868819 0.039924 0.041943
0 0.698549 0.245252 0.041774 0.045321
0 0.121682 0.471410 0.038619 0.041624
0 0.319034 0.632952 0.041229 0.042262
0 0.760733 0.515822 0.041774 0.045321
0 0.604976 0.445844 0.037313 0.041305
0 0.806793 0.566978 0.039924 0.041943
0 0.139263 0.368767 0.039924 0.041943
0 0.560889 0.693640 0.045145 0.043219
0 0.156148 0.591558 0.041229 0.042262
0 0.292269 0.477177 0.041501 0.043792
0 0.686383 0.941372 0.041229 0.042262
0 0.813052 0.531797 0.039924 0.041943
0 0.070411 0.755757 0.043079 0.045640
0 0.237312 0.464547 0.038619 0.041624
0 0.194601 0.383085 0.038347 0.040095
0 0.426066 0.659103 0.041229 0.042262
0 0.801975 0.601713 0.037586 0.042835
0 0.838878 0.390468 0.039435 0.046213
0 0.545939 0.230311 0.032309 0.034230
0 0.260701 0.654611 0.041501 0.043792
0 0.440162 0.587530 0.041229 0.042262
0 0.471322 0.412390 0.038347 0.040095
0 0.330885 0.263956 0.042535 0.042581
0 0.224793 0.534909 0.041229 0.042262
0 0.564875 0.365020 0.037586 0.042835
0 0.491324 0.299964 0.038619 0.041624
0 0.483732 0.338809 0.040740 0.046532
0 0.832210 0.427943 0.041229 0.042262
0 0.477717 0.376444 0.039163 0.044683
0 0.612268 0.412511 0.039924 0.041943
0 0.377597 0.315272 0.040468 0.045002
0 0.431766 0.328507 0.041229 0.042262
0 0.636924 0.270098 0.041774 0.045321
0 0.424201 0.363369 0.041229 0.042262
0 0.571407 0.328309 0.040740 0.046532
0 0.617630 0.374717 0.043351 0.047170
