0 0.24831763122476447 0.9135687732342008 0.03903095558546432 0.03903345724907059
0 0.5013458950201883 0.699814126394052 0.025572005383580065 0.02044609665427488
0 0.5006729475100942 0.9265799256505576 0.021534320323014722 0.020446096654275103
0 0.5026917900403769 0.6152416356877324 0.02288021534320317 0.022304832713754608
0 0.5013458950201883 0.6617100371747211 0.025572005383580065 0.022304832713754608
0 0.4878869448183042 0.37732342007434944 0.0309555854643338 0.022304832713754608
0 0.48923283983849253 0.3996282527881041 0.033647375504710586 0.022304832713754663
0 0.48721399730820997 0.4312267657992565 0.032301480484522194 0.03717472118959109
0 0.4878869448183042 0.45817843866171004 0.022880215343203225 0.020446096654275103
0 0.5006729475100942 0.6821561338289963 0.02422611036339173 0.022304832713754608
0 0.5020188425302827 0.9526022304832713 0.021534320323014833 0.03159851301115235
0 0.42462987886944814 0.9182156133828996 0.0309555854643338 0.040892193308550207
0 0.4253028263795424 0.9563197026022305 0.03768506056527593 0.03531598513011158
0 0.05720053835800808 0.31691449814126393 0.020188425302826385 0.027881040892193343
0 0.48721399730820997 0.3094795539033457 0.03499327052489909 0.024163568773234168
0 0.4899057873485868 0.33271375464684017 0.029609690444145353 0.022304832713754663
0 0.4885598923283984 0.3559479553903346 0.037685060565275985 0.024163568773234223
0 0.5013458950201884 0.7193308550185873 0.02288021534320328 0.01858736059479571
0 0.3075370121130552 0.8392193308550185 0.03903095558546432 0.03903345724907048
0 0.7234185733512786 0.8076208178438662 0.036339165545087426 0.0390334572490707
0 0.3674293405114401 0.8029739776951672 0.03499327052489909 0.0371747211895912
0 0.6662180349932705 0.395910780669145 0.03499327052489909 0.03345724907063197
0 0.9199192462987886 0.508364312267658 0.025572005383580065 0.03531598513011147
0 0.13055181695827725 0.4265799256505576 0.034993270524899076 0.03903345724907065
0 0.08613728129205922 0.4256505576208178 0.026917900403768513 0.040892193308550207
0 0.6655450874831763 0.6524163568773234 0.03633916554508754 0.040892193308550095
0 0.6655450874831763 0.6198884758364311 0.03364737550471064 0.03531598513011136
0 0.8028263795423958 0.22676579925650558 0.02288021534320317 0.03345724907063197
0 0.9037685060565276 0.39869888475836435 0.03633916554508754 0.03903345724907065
0 0.24831763122476447 0.687732342007435 0.03903095558546432 0.04089219330855032
0 0.7846567967698519 0.6208178438661709 0.037685060565275985 0.033457249070631856
0 0.7113055181695828 0.2676579925650558 0.02826379542395685 0.03345724907063197
0 0.24831763122476447 0.4628252788104089 0.03903095558546432 0.044609665427509326
0 0.7261103633916555 0.4349442379182156 0.03633916554508754 0.03717472118959109
0 0.544414535666218 0.8410780669144982 0.036339165545087315 0.0390334572490707
0 0.7261103633916555 0.47304832713754646 0.03633916554508754 0.03903345724907059
0 0.9192462987886945 0.4739776951672863 0.024226110363391617 0.03345724907063202
0 0.8903095558546433 0.4730483271375465 0.02288021534320328 0.03531598513011153
0 0.3075370121130552 0.949814126394052 0.03903095558546432 0.03717472118959109
0 0.05450874831763122 0.5399628252788105 0.025572005383580086 0.03903345724907059
0 0.7240915208613729 0.7685873605947955 0.037685060565275874 0.03903345724907059
0 0.6628532974427994 0.921003717472119 0.036339165545087426 0.03531598513011147
0 0.24764468371467024 0.8754646840148699 0.037685060565275874 0.040892193308550095
0 0.7261103633916555 0.39869888475836435 0.03903095558546432 0.03903345724907065
0 0.7254374158815613 0.6552044609665426 0.03499327052489909 0.03531598513011158
0 0.3075370121130552 0.6496282527881041 0.03903095558546432 0.04275092936802971
0 0.5464333781965006 0.6895910780669146 0.0349932705248992 0.0371747211895912
0 0.6837146702557201 0.10223048327137546 0.026917900403768513 0.03717472118959107
0 0.0847913862718708 0.5743494423791822 0.02422611036339166 0.03345724907063197
0 0.24899057873485866 0.4265799256505576 0.03768506056527593 0.03531598513011153
0 0.3075370121130552 0.8745353159851301 0.03903095558546432 0.03903345724907059
0 0.9192462987886945 0.43587360594795543 0.026917900403768513 0.03903345724907065
0 0.7846567967698519 0.5483271375464684 0.03499327052489909 0.03717472118959109
0 0.42462987886944814 0.8020446096654276 0.03633916554508748 0.03903345724907048
0 0.5437415881561238 0.8801115241635689 0.03499327052489898 0.03903345724907059
0 0.7833109017496636 0.8856877323420074 0.03499327052489909 0.03531598513011158
0 0.9037685060565276 0.36059479553903345 0.03633916554508754 0.03345724907063197
0 0.7254374158815613 0.5074349442379182 0.037685060565275985 0.03345724907063197
0 0.7126514131897712 0.14219330855018586 0.030955585464333746 0.03531598513011151
0 0.9037685060565276 0.6217472118959108 0.03633916554508754 0.03531598513011147
0 0.7853297442799462 0.39869888475836435 0.03633916554508754 0.03531598513011153
0 0.607671601615074 0.43308550185873607 0.036339165545087426 0.03717472118959109
0 0.7833109017496636 0.8076208178438662 0.03499327052489909 0.0390334572490707
0 0.9024226110363391 0.6951672862453531 0.03633916554508754 0.03717472118959109
0 0.7234185733512786 0.9219330855018587 0.036339165545087426 0.03345724907063197
0 0.05518169582772544 0.4219330855018587 0.02422611036339166 0.03345724907063202
0 0.7839838492597577 0.4340148698884758 0.03633916554508754 0.03531598513011153
0 0.13189771197846567 0.3828996282527881 0.037685060565275916 0.044609665427509215
0 0.5430686406460297 0.9544609665427509 0.036339165545087426 0.0390334572490707
0 0.7833109017496636 0.7685873605947955 0.037685060565275874 0.03903345724907059
0 0.9037685060565276 0.5864312267657992 0.03633916554508754 0.03903345724907059
0 0.7711978465679677 0.2676579925650558 0.026917900403768513 0.03345724907063197
0 0.24831763122476447 0.5752788104089219 0.03364737550471064 0.0390334572490707
0 0.24764468371467024 0.8364312267657993 0.037685060565275874 0.0371747211895912
0 0.24764468371467024 0.949814126394052 0.037685060565275874 0.03717472118959109
0 0.6628532974427994 0.8420074349442379 0.036339165545087426 0.03717472118959109
0 0.7839838492597577 0.6589219330855018 0.03633916554508754 0.0390334572490707
0 0.7839838492597577 0.733271375464684 0.03903095558546432 0.0390334572490707
0 0.36810228802153433 0.8410780669144982 0.03633916554508748 0.0390334572490707
0 0.0847913862718708 0.46096654275092935 0.02422611036339166 0.03345724907063197
0 0.05585464333781965 0.5 0.02557200538358008 0.03345724907063197
0 0.08411843876177658 0.3131970260223048 0.02557200538358008 0.03531598513011153
0 0.9205921938088829 0.32063197026022305 0.021534320323014722 0.027881040892193343
0 0.3095558546433378 0.6868029739776951 0.03768506056527593 0.020446096654275103
0 0.3667563930013459 0.9479553903345725 0.03633916554508748 0.048327137546468335
0 0.4872139973082099 0.5520446096654275 0.03768506056527582 0.03717472118959109
0 0.5477792732166891 0.38197026022304836 0.03499327052489909 0.03903345724907065
0 0.3660834454912517 0.9163568773234201 0.034993270524899034 0.044609665427509215
0 0.5020188425302827 0.6403345724907064 0.021534320323014833 0.024163568773234223
0 0.5484522207267832 0.4228624535315985 0.036339165545087426 0.03903345724907059
0 0.48654104979811574 0.5195167286245354 0.04172274562584127 0.042750929368029766
0 0.7261103633916555 0.5855018587360595 0.03633916554508754 0.03345724907063197
0 0.2489905787348587 0.5009293680297398 0.04037685060565277 0.03903345724907065
0 0.5020188425302827 0.741635687732342 0.021534320323014833 0.026022304832713727
0 0.3095558546433378 0.4265799256505576 0.03768506056527593 0.03903345724907065
0 0.6641991924629879 0.8029739776951674 0.03633916554508754 0.040892193308550095
0 0.7725437415881561 0.14684014869888476 0.026917900403768513 0.03345724907063197
0 0.3095558546433378 0.5018587360594795 0.03768506056527593 0.03345724907063191
0 0.06998654104979811 0.38661710037174724 0.034993270524899055 0.03717472118959103
0 0.5464333781965007 0.766728624535316 0.037685060565275985 0.03531598513011136
0 0.5013458950201884 0.5938661710037174 0.02288021534320328 0.024163568773234112
0 0.5471063257065949 0.7286245353159853 0.03633916554508765 0.040892193308550095
0 0.7254374158815613 0.6198884758364311 0.03499327052489909 0.03903345724907059
0 0.4286675639300135 0.5808550185873605 0.033647375504710586 0.03159851301115246
0 0.8903095558546433 0.4340148698884758 0.02288021534320328 0.027881040892193287
0 0.8916554508748318 0.3252788104089219 0.02288021534320328 0.03345724907063197
0 0.4845222072678331 0.854089219330855 0.03768506056527593 0.0390334572490707
0 0.6628532974427994 0.9591078066914498 0.036339165545087426 0.03717472118959109
0 0.892328398384926 0.5065055762081785 0.024226110363391617 0.03159851301115235
0 0.7839838492597577 0.5864312267657992 0.03633916554508754 0.03903345724907059
0 0.07133243606998654 0.34944237918215615 0.03499327052489906 0.03345724907063197
0 0.6655450874831763 0.7676579925650557 0.03633916554508754 0.040892193308550207
0 0.3082099596231494 0.4656133828996283 0.03499327052489909 0.03903345724907065
0 0.6662180349932705 0.4321561338289963 0.037685060565275985 0.03903345724907065
0 0.7819650067294751 0.921003717472119 0.037685060565275874 0.0390334572490707
0 0.7826379542395694 0.9600371747211895 0.036339165545087426 0.03903345724907059
0 0.3674293405114401 0.766728624535316 0.03499327052489909 0.04275092936802971
0 0.36810228802153433 0.6877323420074349 0.03364737550471064 0.03345724907063197
0 0.7839838492597577 0.6942379182156133 0.03903095558546432 0.03903345724907059
0 0.8041722745625841 0.10594795539033458 0.02826379542395685 0.03717472118959107
0 0.08546433378196501 0.533457249070632 0.022880215343203225 0.03345724907063197
0 0.7240915208613729 0.8429368029739777 0.037685060565275874 0.03903345724907059
0 0.3095558546433378 0.38847583643122674 0.040376850605652714 0.04089219330855015
0 0.3075370121130552 0.7221189591078067 0.03903095558546432 0.04275092936802971
0 0.7422611036339166 0.22862453531598514 0.025572005383580065 0.03717472118959106
0 0.36810228802153433 0.879182156133829 0.03633916554508748 0.037174721189590976
0 0.905114401076716 0.5473977695167287 0.03903095558546432 0.03903345724907059
0 0.05450874831763122 0.46096654275092935 0.022880215343203225 0.03345724907063197
0 0.4253028263795424 0.8401486988847583 0.03768506056527593 0.037174721189590976
0 0.7839838492597577 0.8475836431226766 0.03633916554508754 0.040892193308550095
0 0.9030955585464333 0.6607806691449813 0.03499327052489909 0.03903345724907059
0 0.24899057873485866 0.5399628252788105 0.03768506056527593 0.03903345724907059
0 0.5437415881561238 0.9191449814126393 0.03499327052489898 0.03903345724907059
0 0.3082099596231494 0.6143122676579926 0.03499327052489909 0.03531598513011158
0 0.845222072678331 0.3996282527881041 0.03499327052489909 0.03717472118959109
0 0.42732166890982504 0.6496282527881041 0.03633916554508748 0.03159851301115246
0 0.24831763122476447 0.6133828996282529 0.03903095558546432 0.03717472118959109
0 0.7738896366083445 0.10687732342007435 0.026917900403768513 0.03903345724907062
0 0.3075370121130552 0.9135687732342007 0.03903095558546432 0.04275092936802971
0 0.24831763122476447 0.7258364312267658 0.03903095558546432 0.03531598513011136
0 0.724764468371467 0.733271375464684 0.03633916554508754 0.0390334572490707
0 0.8028263795423958 0.18680297397769519 0.025572005383580065 0.03903345724907062
0 0.08546433378196501 0.5 0.022880215343203225 0.03345724907063197
0 0.7711978465679676 0.22769516728624536 0.029609690444145298 0.03531598513011153
0 0.607671601615074 0.47211895910780666 0.036339165545087426 0.04089219330855015
0 0.4259757738896366 0.7276951672862454 0.03364737550471064 0.03903345724907048
0 0.37012113055181695 0.4275092936802974 0.03768506056527593 0.040892193308550207
0 0.743606998654105 0.1050185873605948 0.025572005383580065 0.03531598513011153
0 0.6668909825033648 0.3559479553903346 0.03364737550471064 0.04275092936802971
0 0.8458950201884253 0.36152416356877326 0.03633916554508754 0.03903345724907065
0 0.8028263795423958 0.2685873605947955 0.025572005383580065 0.03903345724907056
0 0.7725437415881561 0.18773234200743494 0.026917900403768513 0.03345724907063197
0 0.7113055181695828 0.22676579925650558 0.02826379542395685 0.03345724907063197
0 0.3687752355316285 0.4628252788104089 0.03768506056527593 0.03717472118959109
0 0.24764468371467024 0.6486988847583643 0.037685060565275874 0.03717472118959109
0 0.3082099596231494 0.5752788104089219 0.03499327052489909 0.03531598513011147
0 0.5444145356662181 0.8011152416356877 0.04172274562584111 0.040892193308550207
0 0.4253028263795424 0.766728624535316 0.03768506056527593 0.0390334572490707
0 0.24764468371467024 0.800185873605948 0.0403768506056528 0.0390334572490707
0 0.8458950201884252 0.3215613382899628 0.03903095558546432 0.04089219330855015
0 0.6641991924629879 0.8810408921933086 0.03633916554508754 0.040892193308550095
0 0.8041722745625841 0.14591078066914498 0.02826379542395685 0.03903345724907065
0 0.7429340511440108 0.18680297397769519 0.024226110363391617 0.03903345724907062
0 0.4259757738896366 0.8791821561338289 0.03903095558546432 0.04089219330855032
0 0.544414535666218 0.6198884758364311 0.03364737550471064 0.03531598513011136
0 0.5464333781965006 0.5464684014869888 0.0349932705248992 0.037174721189590976
0 0.13055181695827725 0.4628252788104089 0.037685060565275916 0.040892193308550207
0 0.6648721399730821 0.728624535315985 0.037685060565275985 0.0371747211895912
0 0.3075370121130552 0.8011152416356877 0.03903095558546432 0.040892193308550207
0 0.9030955585464333 0.7342007434944238 0.037685060565275985 0.040892193308550207
0 0.4279946164199192 0.5027881040892193 0.03768506056527593 0.03903345724907059
0 0.3075370121130552 0.762081784386617 0.03903095558546432 0.03717472118959109
0 0.4279946164199192 0.4674721189591078 0.03768506056527593 0.03903345724907065
0 0.7422611036339166 0.2676579925650558 0.025572005383580065 0.03345724907063197
0 0.7240915208613729 0.8828996282527881 0.037685060565275874 0.040892193308550207
0 0.5450874831763122 0.654275092936803 0.03499327052489898 0.040892193308550207
0 0.7846567967698519 0.4693308550185874 0.037685060565275985 0.03903345724907065
0 0.3674293405114401 0.6524163568773234 0.03499327052489909 0.03717472118959109
0 0.06864064602960969 0.7258364312267658 0.0376850605652759 0.03531598513011136
0 0.37079407806191117 0.387546468401487 0.03903095558546432 0.03903345724907059
0 0.6083445491251682 0.3550185873605948 0.037685060565275874 0.04089219330855015
0 0.36810228802153433 0.54182156133829 0.03633916554508748 0.03531598513011147
0 0.5471063257065949 0.508364312267658 0.03364737550471064 0.03903345724907065
0 0.13055181695827725 0.6133828996282528 0.034993270524899076 0.040892193308550207
0 0.24831763122476447 0.7611524163568772 0.03364737550471064 0.03903345724907059
0 0.6655450874831763 0.5074349442379182 0.03633916554508754 0.03345724907063197
0 0.845222072678331 0.4340148698884758 0.03499327052489909 0.03903345724907065
0 0.6063257065948856 0.3949814126394052 0.03633916554508754 0.03903345724907065
0 0.7240915208613729 0.6942379182156133 0.037685060565275874 0.03903345724907059
0 0.7234185733512786 0.9591078066914498 0.03903095558546432 0.040892193308550207
0 0.6655450874831763 0.6923791821561338 0.03633916554508754 0.03903345724907059
0 0.6668909825033648 0.4693308550185874 0.03633916554508754 0.03903345724907065
0 0.4259757738896366 0.6895910780669144 0.03364737550471064 0.040892193308549984
0 0.12987886944818305 0.5390334572490706 0.036339165545087496 0.040892193308550207
0 0.19044414535666218 0.4265799256505576 0.03633916554508748 0.03903345724907065
0 0.13055181695827725 0.5018587360594795 0.037685060565275916 0.03345724907063191
0 0.7106325706594885 0.18866171003717472 0.029609690444145298 0.03531598513011153
0 0.0693135935397039 0.7620817843866172 0.039030955585464336 0.04089219330855032
0 0.6662180349932705 0.5817843866171003 0.03499327052489909 0.0371747211895912
0 0.5464333781965007 0.5808550185873607 0.037685060565275985 0.03903345724907048
0 0.3687752355316285 0.5762081784386617 0.03768506056527593 0.03717472118959109
0 0.12920592193808883 0.5743494423791822 0.03499327052489905 0.03345724907063197
0 0.7860026917900403 0.35966542750929364 0.037685060565275874 0.042750929368029766
0 0.0693135935397039 0.687732342007435 0.039030955585464336 0.04089219330855032
0 0.7422611036339166 0.14591078066914498 0.025572005383580065 0.03903345724907065
0 0.19111709286675638 0.38661710037174724 0.03499327052489906 0.04089219330855015
0 0.3075370121130552 0.5408921933085502 0.03903095558546432 0.04089219330855032
0 0.36810228802153433 0.6143122676579926 0.03633916554508748 0.03903345724907059
0 0.6668909825033648 0.5464684014869888 0.03633916554508754 0.037174721189590976
0 0.06864064602960969 0.6477695167286246 0.0376850605652759 0.03903345724907059
0 0.7853297442799462 0.508364312267658 0.03633916554508754 0.03903345724907065
0 0.6816958277254375 0.14591078066914498 0.02826379542395696 0.03903345724907065
0 0.07065948855989232 0.6078066914498141 0.039030955585464336 0.040892193308550095
0 0.7146702557200538 0.1050185873605948 0.026917900403768513 0.03903345724907063
0 0.7261103633916555 0.5464684014869888 0.03633916554508754 0.040892193308550207
0 0.2503364737550471 0.38661710037174724 0.03768506056527593 0.04089219330855015
0 0.4279946164199192 0.6143122676579926 0.03768506056527593 0.03903345724907059
0 0.8445491251682369 0.4739776951672863 0.03633916554508754 0.04089219330855015
0 0.7267833109017496 0.3559479553903346 0.037685060565275874 0.04275092936802971
0 0.19044414535666218 0.46654275092936803 0.03903095558546432 0.040892193308550207
0 0.4279946164199192 0.5427509293680297 0.03768506056527593 0.040892193308550095
0 0.3674293405114401 0.7267657992565055 0.03499327052489909 0.040892193308550095
0 0.4286675639300135 0.4284386617100372 0.03903095558546438 0.03903345724907065
0 0.3694481830417228 0.5055762081784386 0.03633916554508748 0.04089219330855015
0 0.5471063257065949 0.4674721189591078 0.03633916554508765 0.03903345724907065
0 0.4286675639300135 0.387546468401487 0.03903095558546438 0.04646840148698883
