0 0.5087116249197174 0.5366374066518182 0.01907257546563907 0.038331243332272724
0 0.3936184971098266 0.3345998115879641 0.012495825305073822 0.03673410819342801
0 0.5399511881824021 0.5358388390823959 0.021045600513808597 0.03992837847111744
0 0.3640231213872832 0.295470000686269 0.013811175337186923 0.03194270277689397
0 0.173626204238921 0.25793732492341864 0.01973025048169556 0.043122648748806815
0 0.36303660886319844 0.17568486527291668 0.013153500321130373 0.03194270277689395
0 0.3643519588953115 0.33859264943507583 0.013153500321130373 0.03194270277689397
0 0.5087116249197174 0.5781629202617804 0.021703275529865146 0.044719783887651576
0 0.4482055234425177 0.4951118930418562 0.01907257546563907 0.044719783887651486
0 0.38013615928066796 0.295470000686269 0.013153500321130373 0.03194270277689397
0 0.3495542710340398 0.33859264943507583 0.015126525369299896 0.0351369730545833
0 0.173626204238921 0.17808056798118377 0.022360950545921632 0.039928378471117416
0 0.365009633911368 0.4184494063773107 0.013153500321130373 0.035136973054583395
0 0.34889659601798334 0.17568486527291668 0.01381117533718686 0.03513697305458328
0 0.3495542710340398 0.4192479739467331 0.012495825305073822 0.030345567638049444
0 0.5087116249197174 0.4959104606112786 0.01907257546563907 0.04631691902649629
0 0.365009633911368 0.3777224603367709 0.013153500321130373 0.030345567638049256
0 0.3807938342967245 0.698746623244555 0.01578420038535651 0.03673410819342801
0 0.5383070006422608 0.17488629770349434 0.021703275529865146 0.04631691902649622
0 0.42387154784842646 0.3338012440185417 0.013811175337186923 0.0351369730545833
0 0.44689017341040466 0.21561324374403412 0.021703275529865146 0.038331243332272724
0 0.3794784842646114 0.33619694672680883 0.011838150289017335 0.033539837915738634
0 0.3252202954399487 0.13495791923237693 0.019072575465639008 0.033539837915738634
0 0.5478432883750803 0.6556239744957483 0.015784200385356446 0.03353983791573859
0 0.34823892100192677 0.21561324374403412 0.013811175337186923 0.03194270277689395
0 0.3643519588953115 0.4567806497095835 0.013153500321130373 0.03194270277689397
0 0.34889659601798334 0.2946714331168467 0.01381117533718686 0.030345567638049256
0 0.20387925497752088 0.13655505437122162 0.01973025048169556 0.03353983791573861
0 0.3640231213872832 0.2555416222151516 0.013811175337186923 0.028748432499204547
0 0.5337032755298651 0.6140984608857861 0.01381117533718686 0.03673410819342811
0 0.5330456005138086 0.654825406926326 0.013811175337186923 0.035136973054583395
0 0.04274887604367372 0.3018585412416478 0.01315350032113038 0.03513697305458335
0 0.2045369299935774 0.2164118113134565 0.021045600513808597 0.030345567638049256
0 0.5406088631984586 0.5749686499840911 0.022360950545921632 0.04152551360996196
0 0.547514450867052 0.6148970284552085 0.013811175337186923 0.035136973054583395
0 0.3495542710340398 0.3793195954756156 0.013811175337186923 0.03673410819342801
0 0.3807938342967245 0.6196884338717425 0.011838150289017335 0.0351369730545833
0 0.3643519588953115 0.2164118113134565 0.013153500321130373 0.030345567638049256
0 0.3936184971098266 0.29706713582511374 0.012495825305073822 0.03513697305458335
0 0.3975645472061657 0.7809990828950569 0.013811175337186923 0.03833124333227282
0 0.11213359023763647 0.2180089464523012 0.02170327552986513 0.03673410819342804
0 0.42321387283236994 0.29626856825569137 0.012495825305073885 0.033539837915738634
0 0.11213359023763647 0.1381521895100663 0.023018625561978166 0.03034556763804921
0 0.04274887604367372 0.3401897845739205 0.014468850353243417 0.03513697305458335
0 0.39624919717405266 0.620487001441165 0.012495825305073822 0.030345567638049256
0 0.4771432241490045 0.2164118113134565 0.020387925497752046 0.03992837847111744
0 0.08253821451509313 0.21800894645230115 0.02170327552986513 0.030345567638049235
0 0.381451509312781 0.7386750017156726 0.015784200385356446 0.03673410819342801
0 0.5383070006422608 0.2164118113134565 0.020387925497752046 0.03992837847111744
0 0.39690687219010923 0.698746623244555 0.01512652536929996 0.03353983791573859
0 0.42452922286448297 0.4128594333913543 0.01381117533718686 0.033539837915738634
0 0.381451509312781 0.7809990828950569 0.015784200385356446 0.035136973054583395
0 0.05886191393705845 0.3018585412416478 0.013811175337186898 0.02874843249920459
0 0.23511881824020553 0.2180089464523012 0.021703275529865115 0.039928378471117465
0 0.39657803468208097 0.7394735692850949 0.013153500321130373 0.038331243332272724
0 0.29595375722543354 0.41365800096077665 0.017099550417469484 0.038331243332272634
0 0.04274887604367372 0.3809167306144604 0.014468850353243417 0.03673410819342816
0 0.2956249197174053 0.03433840548516099 0.028280025690430394 0.03673410819342804
0 0.32587797045600514 0.21561324374403412 0.021703275529865146 0.022359891943825764
0 0.173626204238921 0.21481467617461178 0.01973025048169556 0.03673410819342801
0 0.2956249197174053 0.07187108124801139 0.02564932562620432 0.03833124333227274
0 0.29628259473346186 0.26193016277053033 0.02696467565831736 0.03513697305458335
0 0.39624919717405266 0.6580196772040153 0.013811175337186923 0.0351369730545833
0 0.30318818240205525 0.6140984608857861 0.013153500321130435 0.030345567638049162
0 0.04406422607578677 0.419247973946733 0.01446885035324341 0.03673410819342801
0 0.1499499036608863 0.3002614061028031 0.013153500321130373 0.028748432499204547
0 0.2949672447013487 0.13096508138526516 0.025649325626204224 0.044719783887651486
0 0.29628259473346186 0.2283903248547917 0.02696467565831736 0.035136973054583395
0 0.2956249197174053 0.09982094617779358 0.028280025690430394 0.030345567638049246
0 0.2959537572254335 0.20523186534154364 0.026307000642260745 0.03353983791573861
0 0.2962825947334618 0.17648343284233906 0.025649325626204224 0.03992837847111744
0 0.29562491971740523 0.3330026764491194 0.02433397559409119 0.03992837847111744
0 0.2653718689788054 0.26193016277053033 0.023018625561978152 0.0415255136099621
0 0.47845857418111754 0.5366374066518182 0.021703275529865146 0.038331243332272724
0 0.5383070006422608 0.2563401897845739 0.021703275529865146 0.03992837847111744
0 0.26471419396274887 0.2164118113134565 0.020387925497752077 0.03992837847111744
0 0.5399511881824021 0.4911190551947445 0.022360950545921632 0.046316919026496386
0 0.41729479768786126 0.5749686499840911 0.021703275529865146 0.047914054165341
0 0.5073962748876043 0.21721037888287884 0.01907257546563907 0.03833124333227275
0 0.38671290944123315 0.5765657851229358 0.022360950545921698 0.047914054165340905
0 0.32587797045600514 0.17568486527291668 0.021703275529865146 0.04152551360996213
0 0.20387925497752088 0.17568486527291668 0.022360950545921632 0.04152551360996213
0 0.3571175337186898 0.5813571905394698 0.022360950545921632 0.047914054165340905
0 0.3880282594733462 0.49591046061127847 0.021045600513808597 0.05589972985956438
0 0.416965960179833 0.17648343284233906 0.022360950545921632 0.04631691902649627
0 0.41630828516377644 0.2555416222151516 0.022360950545921632 0.047914054165340905
0 0.23446114322414902 0.17648343284233906 0.020387925497752077 0.04631691902649627
0 0.4768143866409763 0.17169202742580497 0.01973025048169556 0.04631691902649619
0 0.08122286448298009 0.2571387573539963 0.02170327552986513 0.04471978388765153
0 0.47845857418111754 0.4959104606112786 0.021703275529865146 0.04631691902649629
0 0.3571175337186898 0.4991047308889679 0.01973025048169556 0.04631691902649619
0 0.4472190109184329 0.17488629770349434 0.02104560051380866 0.04631691902649622
0 0.2653718689788054 0.17808056798118377 0.01907257546563904 0.039928378471117416
0 0.5067385998715478 0.2571387573539963 0.020387925497752108 0.0415255136099621
0 0.5067385998715478 0.17568486527291668 0.020387925497752108 0.044719783887651555
0 0.11279126525369298 0.2571387573539963 0.023018625561978166 0.04471978388765153
0 0.051298651252408484 0.21960608159114586 0.022360950545921642 0.039928378471117416
0 0.4791162491971741 0.5765657851229357 0.021703275529865083 0.04152551360996215
0 0.4472190109184329 0.2563401897845739 0.02104560051380866 0.04631691902649624
0 0.11213359023763647 0.1772820004117614 0.02170327552986513 0.04152551360996213
0 0.3252202954399487 0.08943956777530304 0.021703275529865083 0.05110832444303031
0 0.44886319845857414 0.5813571905394698 0.021703275529865146 0.047914054165340905
0 0.38605523442517664 0.2547430546457292 0.022360950545921632 0.04631691902649619
0 0.2042080924855491 0.2571387573539963 0.021703275529865115 0.047914054165340954
0 0.1729685292228645 0.13256221652410988 0.021045600513808597 0.047914054165340905
0 0.41828131021194603 0.4991047308889679 0.021045600513808597 0.04951118930418543
0 0.05096981374438023 0.258735892492841 0.02301862556197816 0.0415255136099621
0 0.32587797045600514 0.2555416222151516 0.021703275529865146 0.047914054165340905
0 0.4482055234425177 0.5366374066518182 0.021703275529865146 0.04152551360996215
0 0.47747206165703276 0.258735892492841 0.021045600513808597 0.04471978388765153
0 0.20387925497752088 0.0902381353447254 0.021045600513808597 0.055899729859564415
0 0.29529608220937703 0.37692389276734856 0.0236763005780347 0.04152551360996215
0 0.11213359023763647 0.0934324056224148 0.02170327552986513 0.05270545958187501
0 0.08253821451509313 0.1788791355506061 0.020387925497752094 0.04152551360996213
0 0.14238664097623635 0.17728200041176137 0.021703275529865115 0.047914054165340954
0 0.26471419396274887 0.13575648680179925 0.020387925497752077 0.04791405416534093
0 0.1427154784842646 0.258735892492841 0.021045600513808597 0.0415255136099621
0 0.08253821451509313 0.13256221652410988 0.020387925497752094 0.047914054165340905
0 0.05096981374438023 0.17728200041176137 0.02301862556197816 0.047914054165340954
0 0.23511881824020553 0.26113159520110796 0.021703275529865115 0.043122648748806815
0 0.3853975594091201 0.17728200041176137 0.019730250481695622 0.047914054165340954
0 0.34889659601798334 0.2555416222151516 0.01381117533718686 0.038331243332272724
0 0.3807938342967245 0.6556239744957483 0.013153500321130435 0.03673410819342801
0 0.14238664097623635 0.21960608159114592 0.021703275529865115 0.03673410819342806
