0 0.912170 0.242497 0.034557 0.047955
0 0.862648 0.913270 0.036780 0.047967
0 0.137667 0.454111 0.033431 0.041360
0 0.449471 0.745734 0.031209 0.041348
0 0.551691 0.744378 0.033427 0.039712
0 0.705343 0.409968 0.035653 0.041371
0 0.240350 0.414038 0.032320 0.041354
0 0.395949 0.197410 0.033454 0.051244
0 0.291911 0.369288 0.033431 0.041360
0 0.291611 0.242435 0.033439 0.044654
0 0.707446 0.828411 0.033431 0.041360
0 0.859851 0.201583 0.032327 0.044649
0 0.759109 0.826494 0.036764 0.041377
0 0.706598 0.704856 0.036764 0.041377
0 0.500431 0.447279 0.043431 0.041412
0 0.242248 0.745990 0.036768 0.043024
0 0.756098 0.493723 0.032320 0.041354
0 0.188121 0.411015 0.034550 0.044660
0 0.860245 0.367974 0.034550 0.044660
0 0.757504 0.618099 0.032316 0.039706
0 0.240247 0.370380 0.032324 0.043001
0 0.190743 0.579865 0.034546 0.043013
0 0.137016 0.413752 0.034546 0.043013
0 0.136912 0.370095 0.034550 0.044660
0 0.398268 0.707286 0.033442 0.046302
0 0.705055 0.288057 0.037883 0.044678
0 0.708760 0.914071 0.037883 0.044678
0 0.136811 0.327262 0.034542 0.041365
0 0.241754 0.537589 0.036764 0.041377
0 0.188625 0.154833 0.036784 0.049614
0 0.188324 0.496681 0.036764 0.041377
0 0.859434 0.494832 0.032327 0.044649
0 0.552346 0.786385 0.034542 0.041365
0 0.449113 0.828933 0.036768 0.043024
0 0.190938 0.662237 0.034546 0.043013
0 0.553059 0.618340 0.034542 0.041365
0 0.293417 0.535673 0.037891 0.047972
0 0.189729 0.621057 0.036768 0.043024
0 0.552443 0.827571 0.034542 0.041365
0 0.293715 0.661702 0.035665 0.046313
0 0.910842 0.151070 0.034561 0.049603
0 0.394943 0.241897 0.033423 0.038065
0 0.807824 0.284227 0.032320 0.041354
0 0.758217 0.450055 0.032316 0.039706
0 0.758714 0.660103 0.036772 0.044672
0 0.809035 0.326231 0.032331 0.046296
0 0.448816 0.703728 0.034546 0.043013
0 0.912564 0.408888 0.034550 0.044660
0 0.240748 0.582076 0.036772 0.044672
0 0.398551 0.826725 0.031216 0.044643
0 0.187726 0.244624 0.036772 0.044672
0 0.343727 0.197682 0.033454 0.051244
0 0.186810 0.327001 0.036764 0.041377
0 0.397767 0.495590 0.033431 0.041360
0 0.603480 0.327302 0.032316 0.039706
0 0.188023 0.369829 0.036772 0.044672
0 0.601515 0.201281 0.033439 0.044654
0 0.756721 0.287788 0.034542 0.041365
0 0.861043 0.704875 0.032324 0.043001
0 0.859331 0.451175 0.032324 0.043001
0 0.551595 0.704016 0.031216 0.044643
0 0.396460 0.413224 0.033439 0.044654
0 0.187826 0.286633 0.034538 0.039718
0 0.706654 0.493981 0.033439 0.044654
0 0.861955 0.620850 0.034546 0.043013
0 0.707544 0.869596 0.033439 0.044654
0 0.500532 0.490112 0.041201 0.038105
0 0.514484 0.751162 0.021166 0.023174
0 0.512763 0.728106 0.022292 0.029770
0 0.293319 0.494487 0.037836 0.024908
0 0.396984 0.868743 0.032316 0.039706
0 0.500740 0.343488 0.044518 0.031533
0 0.293817 0.704535 0.033419 0.036417
0 0.500578 0.275119 0.044514 0.029885
0 0.500418 0.207574 0.046737 0.029897
0 0.137066 0.200406 0.035653 0.041371
0 0.191539 0.915942 0.036768 0.043024
0 0.137910 0.791015 0.034554 0.046308
0 0.138009 0.833025 0.034542 0.041365
0 0.294309 0.912112 0.035665 0.046313
0 0.139220 0.875029 0.036768 0.043024
0 0.500899 0.176270 0.043411 0.033174
0 0.705146 0.326772 0.033427 0.039712
0 0.085347 0.413198 0.033423 0.038065
0 0.191442 0.874756 0.036776 0.046319
0 0.293092 0.867637 0.033427 0.039712
0 0.085158 0.333297 0.033427 0.039712
0 0.913552 0.825689 0.032312 0.038059
0 0.499706 0.141680 0.047856 0.033198
0 0.499941 0.240526 0.043419 0.036469
0 0.138824 0.707814 0.036764 0.041377
0 0.294006 0.784436 0.031201 0.038053
0 0.861428 0.867147 0.032320 0.041354
0 0.191338 0.831099 0.034542 0.041365
0 0.759206 0.867680 0.036764 0.041377
0 0.137812 0.749829 0.036768 0.043024
0 0.292405 0.577688 0.031197 0.036406
0 0.913263 0.703779 0.032320 0.041354
0 0.912897 0.783683 0.033435 0.043007
0 0.502475 0.372309 0.043419 0.036469
0 0.084844 0.200678 0.033439 0.044654
0 0.707048 0.660372 0.035669 0.047961
0 0.912244 0.742500 0.032316 0.039706
0 0.450319 0.869289 0.032312 0.038059
0 0.189930 0.705900 0.032327 0.044649
0 0.398360 0.746001 0.033415 0.034770
0 0.911750 0.534099 0.036764 0.041377
0 0.861239 0.787247 0.032316 0.039706
0 0.243466 0.791289 0.036780 0.047967
0 0.084947 0.244335 0.037879 0.043030
0 0.759467 0.743296 0.031212 0.042995
0 0.552541 0.868757 0.034542 0.041365
0 0.137274 0.288544 0.033427 0.039712
0 0.859948 0.242769 0.032312 0.038059
0 0.912473 0.370173 0.034530 0.036423
0 0.242152 0.705628 0.032320 0.041354
0 0.911650 0.492089 0.036768 0.043024
0 0.137611 0.664986 0.036772 0.044672
0 0.085051 0.287992 0.037891 0.047972
0 0.913156 0.658475 0.032316 0.039706
0 0.911561 0.454198 0.036760 0.039729
0 0.191143 0.748728 0.036772 0.044672
0 0.705244 0.367958 0.035657 0.043019
0 0.912061 0.196369 0.034550 0.044660
0 0.705640 0.535173 0.033431 0.041360
0 0.295223 0.828911 0.033431 0.041360
0 0.860149 0.327612 0.034530 0.036423
0 0.551860 0.581279 0.036760 0.039729
0 0.085290 0.154547 0.034557 0.047955
0 0.398450 0.783892 0.033431 0.041360
0 0.708456 0.785571 0.035653 0.041371
0 0.860739 0.576375 0.032324 0.043001
0 0.760427 0.913802 0.036780 0.047967
0 0.138621 0.622147 0.036772 0.044672
0 0.706948 0.618362 0.035657 0.043019
0 0.913652 0.867699 0.034546 0.043013
0 0.189022 0.791573 0.036764 0.041377
0 0.449314 0.913776 0.034557 0.047955
0 0.398762 0.915687 0.035669 0.047961
0 0.860639 0.534365 0.034534 0.038070
0 0.911848 0.575285 0.032320 0.041354
0 0.241955 0.622432 0.036760 0.039729
0 0.138425 0.539775 0.036764 0.041377
0 0.914315 0.913001 0.033446 0.047949
0 0.757727 0.243302 0.036772 0.044672
0 0.086365 0.373653 0.035661 0.044666
0 0.292501 0.618050 0.033431 0.041360
0 0.396397 0.620804 0.032320 0.041354
0 0.862441 0.825956 0.034542 0.041365
0 0.759015 0.786955 0.036772 0.044672
0 0.139075 0.579311 0.037883 0.044678
0 0.242059 0.666089 0.036772 0.044672
0 0.447902 0.786929 0.034542 0.041365
0 0.910708 0.328996 0.033442 0.046302
0 0.137167 0.243240 0.035669 0.047961
0 0.291505 0.197954 0.033439 0.044654
0 0.293909 0.743250 0.033439 0.044654
0 0.910605 0.285339 0.033431 0.041360
0 0.860350 0.412455 0.034534 0.038070
0 0.552646 0.913237 0.036780 0.047967
0 0.911394 0.618121 0.033439 0.044654
0 0.137211 0.496124 0.034554 0.046308
0 0.757862 0.534901 0.033431 0.041360
0 0.500654 0.307244 0.042320 0.041406
0 0.706554 0.451971 0.033427 0.039712
0 0.239835 0.196576 0.032335 0.047944
0 0.705949 0.196619 0.035665 0.046313
0 0.396753 0.536782 0.033423 0.038065
0 0.189532 0.537862 0.032320 0.041354
0 0.862055 0.662859 0.034542 0.041365
0 0.448619 0.620532 0.032320 0.041354
0 0.860050 0.285602 0.034550 0.044660
0 0.757709 0.704589 0.032320 0.041354
0 0.861143 0.746884 0.036772 0.044672
0 0.757621 0.198821 0.036772 0.044672
0 0.707249 0.745215 0.035649 0.039724
0 0.705740 0.577182 0.035657 0.043019
0 0.757514 0.153516 0.036776 0.046319
0 0.187625 0.201790 0.036772 0.044672
0 0.704941 0.240282 0.037883 0.044678
0 0.756910 0.367689 0.034538 0.039718
0 0.188222 0.453848 0.034557 0.047955
0 0.757404 0.576089 0.034550 0.044660
0 0.291396 0.151826 0.035669 0.047961
0 0.239946 0.243528 0.036776 0.046319
0 0.652622 0.199368 0.033446 0.047949
0 0.291817 0.329749 0.035653 0.041371
0 0.241557 0.454394 0.034546 0.043013
0 0.240052 0.288009 0.032316 0.039706
0 0.653125 0.411887 0.035653 0.041371
0 0.602315 0.539006 0.035661 0.044666
0 0.602517 0.155147 0.037891 0.047972
0 0.396156 0.284724 0.035661 0.044666
0 0.551489 0.659535 0.033439 0.044654
0 0.602208 0.493701 0.033435 0.043007
0 0.808732 0.198554 0.032327 0.044649
0 0.447597 0.658429 0.034542 0.041365
0 0.653024 0.369054 0.033431 0.041360
0 0.551655 0.494789 0.036764 0.041377
0 0.808130 0.413551 0.034546 0.043013
0 0.652924 0.327044 0.033435 0.043007
0 0.241258 0.328365 0.034550 0.044660
0 0.756815 0.327327 0.036764 0.041377
0 0.808031 0.371541 0.034542 0.041365
0 0.448322 0.495327 0.032320 0.041354
0 0.447462 0.366830 0.031209 0.041348
0 0.292829 0.287734 0.033435 0.043007
0 0.448416 0.534865 0.036772 0.044672
0 0.292564 0.410471 0.034550 0.044660
0 0.551752 0.535974 0.036772 0.044672
0 0.396259 0.328381 0.035649 0.039724
0 0.396297 0.578794 0.032324 0.043001
0 0.396556 0.453586 0.033427 0.039712
0 0.397050 0.661987 0.033431 0.041360
0 0.602825 0.285295 0.033439 0.044654
0 0.447615 0.197141 0.034550 0.044660
0 0.552172 0.244372 0.034542 0.041365
0 0.293221 0.453301 0.037883 0.044678
0 0.602724 0.242462 0.033439 0.044654
0 0.241657 0.496404 0.034550 0.044660
0 0.807726 0.243041 0.034550 0.044660
0 0.758121 0.409693 0.036764 0.041377
0 0.396359 0.370391 0.035661 0.044666
0 0.446709 0.283637 0.032324 0.043001
0 0.550845 0.152945 0.036791 0.052909
0 0.601913 0.369320 0.033431 0.041360
0 0.447364 0.325644 0.031209 0.041348
0 0.652729 0.244672 0.033435 0.043007
0 0.602015 0.412153 0.035661 0.044666
0 0.551356 0.368760 0.034546 0.043013
0 0.551000 0.452782 0.033435 0.043007
0 0.447723 0.242445 0.032324 0.043001
0 0.603225 0.454157 0.033427 0.039712
0 0.653940 0.286676 0.033431 0.041360
0 0.448119 0.409660 0.032335 0.047944
0 0.552071 0.201539 0.034550 0.044660
0 0.447111 0.453323 0.034546 0.043013
0 0.448519 0.578522 0.034546 0.043013
0 0.550900 0.410772 0.033431 0.041360
0 0.552371 0.328392 0.032320 0.041354
0 0.551716 0.286385 0.033435 0.043007
0 0.653223 0.453073 0.037891 0.047972
