0 0.3305982905982906 0.6207122130097257 0.01435897435897434 0.03380116011439097
0 0.043076923076923075 0.6967648232671054 0.013675213675213673 0.03226474374555508
0 0.11658119658119659 0.26426361543978416 0.02393162393162394 0.027655494639047214
0 0.2823931623931624 0.6176393802720537 0.012307692307692358 0.02458266190137533
0 0.043076923076923075 0.6176393802720537 0.013675213675213673 0.030728327376719093
0 0.027008547008547008 0.6176393802720537 0.012991452991452993 0.030728327376719093
0 0.27623931623931625 0.2727139054683819 0.025982905982905986 0.03226474374555503
0 0.27623931623931625 0.24505841082933472 0.024615384615384654 0.03533757648322701
0 0.05982905982905983 0.7344070243035863 0.014358974358974355 0.03380116011439097
0 0.05982905982905984 0.6545133731241166 0.012991452991452985 0.030728327376719093
0 0.33128205128205135 0.6575862058617886 0.014358974358974402 0.030728327376719093
0 0.05948717948717949 0.6184075884564716 0.013675213675213673 0.032264743745554984
0 0.027008547008547008 0.6537451649396987 0.014358974358974359 0.03226474374555508
0 0.2765811965811966 0.11676764403153254 0.0266666666666667 0.027655494639047165
0 0.18769230769230769 0.6967648232671054 0.012991452991453009 0.03226474374555508
0 0.2765811965811966 0.1797607151538067 0.025299145299145304 0.02765549463904719
0 0.011623931623931624 0.6184075884564716 0.015042735042735041 0.032264743745554984
0 0.011623931623931624 0.6545133731241166 0.015042735042735041 0.030728327376719093
0 0.17299145299145297 0.6967648232671054 0.013675213675213658 0.03226474374555508
0 0.05948717948717949 0.6959966150826874 0.013675213675213673 0.03687399285206286
0 0.04376068376068376 0.6537451649396987 0.013675213675213682 0.03533757648322706
0 0.3145299145299145 0.31035610650486284 0.012307692307692391 0.030728327376719093
0 0.14905982905982906 0.14672776322383366 0.020512820512820502 0.03841040922089887
0 0.33811965811965805 0.5823018037888268 0.019829059829059855 0.03994682558973474
0 0.34598290598290593 0.6598908304150425 0.013675213675213689 0.032264743745554984
0 0.18700854700854702 0.6545133731241166 0.012991452991453009 0.03380116011439107
0 0.1863247863247863 0.6176393802720537 0.012991452991453009 0.030728327376719093
0 0.05094017094017094 0.5799971792355728 0.023931623931623926 0.03841040922089884
0 0.1716239316239316 0.6176393802720537 0.013675213675213658 0.030728327376719093
0 0.019145299145299145 0.5377457290925841 0.024615384615384615 0.03687399285206314
0 0.019145299145299145 0.576924346497901 0.024615384615384615 0.0445560746962427
0 0.02769230769230769 0.3817994676557347 0.014358974358974359 0.029191911007883153
0 0.011623931623931624 0.38256767584015267 0.013675213675213679 0.030728327376719093
0 0.2755555555555556 0.08603931665481344 0.025982905982906018 0.03380116011439101
0 0.02769230769230769 0.42097808506105155 0.014358974358974359 0.03380116011439102
0 0.011623931623931624 0.30574685739835494 0.015042735042735041 0.030728327376719093
0 0.17230769230769233 0.6545133731241166 0.013675213675213658 0.03380116011439107
0 0.34564102564102567 0.6222486293785615 0.012991452991452978 0.03380116011439107
0 0.011623931623931624 0.3426208502504179 0.015042735042735041 0.027655494639047165
0 0.5285470085470086 0.18974742155124039 0.021880341880341866 0.03841040922089887
0 0.23658119658119656 0.6598908304150425 0.013675213675213658 0.032264743745554984
0 0.02837606837606838 0.30574685739835494 0.012991452991452988 0.030728327376719093
0 0.2765811965811966 0.05223815654042245 0.0266666666666667 0.03380116011439099
0 0.05128205128205128 0.540818561830256 0.02188034188034188 0.03994682558973483
0 0.5285470085470086 0.15440984506801342 0.021880341880341866 0.03841040922089887
0 0.2512820512820513 0.6207122130097257 0.012991452991452978 0.030728327376719093
0 0.1483760683760684 0.18513817244473252 0.019145299145299142 0.03533757648322694
0 0.25094017094017096 0.6598908304150425 0.013675213675213689 0.032264743745554984
0 0.23555555555555555 0.6214804211941436 0.01435897435897434 0.03226474374555508
0 0.402051282051282 0.5846064283420807 0.021880341880341866 0.04148324195857073
0 0.08307692307692308 0.5792289710511548 0.022564102564102562 0.043019658327406805
0 0.31384615384615383 0.34646189117250775 0.015042735042735053 0.03533757648322691
0 0.27555555555555555 0.4156006277701257 0.017777777777777778 0.03226474374555503
0 0.40136752136752135 0.27117748909954603 0.023247863247863227 0.0384104092208988
0 0.027692307692307693 0.34262085025041783 0.015726495726495725 0.030728327376719093
0 0.49675213675213675 0.19128383792007633 0.019829059829059855 0.03841040922089884
0 0.05299145299145299 0.1859063806291505 0.022564102564102562 0.043019658327406715
0 0.2755555555555556 0.14672776322383366 0.025982905982906018 0.03841040922089887
0 0.17982905982905986 0.580765387419991 0.02324786324786326 0.03994682558973483
0 0.02051282051282051 0.22662141440330333 0.02188034188034188 0.03841040922089889
0 0.08307692307692308 0.540050353645838 0.021196581196581202 0.03841040922089884
0 0.01982905982905983 0.4985671116872672 0.023247863247863244 0.04762890743391458
0 0.43316239316239313 0.5830700119732447 0.021196581196581153 0.04148324195857073
0 0.08512820512820513 0.18513817244473255 0.022564102564102562 0.04148324195857077
0 0.020854700854700856 0.1859063806291505 0.022564102564102562 0.043019658327406715
0 0.49675213675213675 0.2312306635098112 0.021196581196581216 0.041483241958570845
0 0.4652991452991453 0.5016399444249392 0.022564102564102517 0.0445560746962427
0 0.4652991452991453 0.5815335956044089 0.01982905982905979 0.03841040922089884
0 0.4652991452991453 0.54312318638351 0.01982905982905979 0.03841040922089894
0 0.27623931623931625 0.21048904253052578 0.024615384615384654 0.0368739928520629
0 0.17982905982905986 0.540050353645838 0.02324786324786326 0.041483241958570914
0 0.43316239316239313 0.18821100518240444 0.021196581196581153 0.044556074696242676
0 0.4338461538461538 0.5024081526093571 0.02256410256410258 0.043019658327406715
0 0.020512820512820516 0.2650318236242022 0.023247863247863244 0.03841040922089884
0 0.2112820512820513 0.5792289710511548 0.020512820512820502 0.03687399285206286
0 0.11623931623931624 0.22508499803446735 0.02188034188034188 0.041483241958570796
0 0.1805128205128205 0.49933531987168517 0.020512820512820502 0.03994682558973474
0 0.43316239316239313 0.5446596027523459 0.021196581196581153 0.04148324195857082
0 0.40136752136752135 0.5461960191211818 0.020512820512820502 0.03841040922089894
0 0.1476923076923077 0.22662141440330333 0.02188034188034188 0.04148324195857077
0 0.14905982905982906 0.10370810489642693 0.020512820512820502 0.04455607469624271
0 0.3388034188034188 0.54312318638351 0.019829059829059855 0.03841040922089894
0 0.11726495726495728 0.1866745888135685 0.019829059829059838 0.03841040922089887
0 0.3699145299145299 0.23046245532539317 0.019145299145299142 0.03380116011439102
0 0.5288888888888889 0.23123066350981114 0.022564102564102517 0.044556074696242676
0 0.051965811965811966 0.4985671116872672 0.02188034188034188 0.04762890743391458
0 0.21162393162393162 0.2658000318086201 0.021196581196581184 0.03994682558973479
0 0.3699145299145299 0.54312318638351 0.020512820512820502 0.03841040922089894
0 0.40136752136752135 0.5016399444249392 0.02188034188034193 0.0445560746962427
0 0.18017094017094015 0.22662141440330333 0.021196581196581184 0.03841040922089889
0 0.24444444444444444 0.2650318236242022 0.021196581196581216 0.04148324195857077
0 0.3705982905982906 0.5024081526093571 0.021880341880341866 0.043019658327406715
0 0.4338461538461538 0.2304624553253932 0.01982905982905979 0.03687399285206295
0 0.5288888888888889 0.11062197855618873 0.022564102564102517 0.04916532380275052
0 0.4006837606837607 0.23046245532539317 0.020512820512820565 0.03994682558973481
0 0.40136752136752135 0.18974742155124039 0.020512820512820502 0.044556074696242676
0 0.33811965811965805 0.18974742155124039 0.019829059829059855 0.044556074696242676
0 0.3384615384615385 0.5016399444249392 0.021880341880341866 0.0445560746962427
0 0.30666666666666664 0.5823018037888268 0.022564102564102517 0.03994682558973474
0 0.27555555555555555 0.34108443388158194 0.024615384615384622 0.043019658327406715
0 0.30666666666666664 0.54312318638351 0.022564102564102517 0.03841040922089894
0 0.49675213675213675 0.14980059596150558 0.02256410256410258 0.0445560746962427
0 0.21196581196581196 0.54312318638351 0.020512820512820502 0.03841040922089894
0 0.1805128205128205 0.2650318236242022 0.020512820512820502 0.04148324195857077
0 0.3699145299145299 0.5846064283420807 0.023247863247863227 0.04148324195857073
0 0.11692307692307692 0.14365493048616174 0.02051282051282052 0.044556074696242676
0 0.46461538461538465 0.18821100518240444 0.02256410256410258 0.044556074696242676
0 0.24444444444444444 0.22738962258772127 0.02256410256410258 0.03687399285206293
0 0.24307692307692308 0.580765387419991 0.021196581196581216 0.03687399285206286
0 0.3699145299145299 0.26964107273071003 0.020512820512820502 0.044556074696242655
0 0.24376068376068377 0.541586770014674 0.019829059829059855 0.04148324195857082
0 0.21162393162393162 0.22815783077213928 0.021196581196581184 0.03841040922089887
0 0.21299145299145297 0.18821100518240444 0.02256410256410255 0.044556074696242676
0 0.21196581196581196 0.4985671116872672 0.021880341880341866 0.0445560746962427
0 0.3377777777777778 0.22969424714097522 0.020512820512820502 0.03841040922089892
0 0.05230769230769231 0.26195899088653024 0.02256410256410257 0.04762890743391458
0 0.2458119658119658 0.18821100518240444 0.021196581196581216 0.04148324195857077
0 0.43350427350427356 0.27117748909954603 0.021880341880341866 0.044556074696242655
0 0.3699145299145299 0.18744279699798644 0.020512820512820502 0.046092491065078615
0 0.3063247863247864 0.27194569728396395 0.023247863247863165 0.04301965832740676
0 0.3073504273504274 0.23123066350981114 0.021196581196581153 0.03841040922089884
0 0.18017094017094015 0.18513817244473252 0.021196581196581184 0.044556074696242676
0 0.3384615384615385 0.27194569728396395 0.020512820512820565 0.04301965832740676
0 0.24444444444444444 0.5001035280561033 0.02256410256410258 0.044556074696242516
0 0.4652991452991453 0.26964107273071003 0.022564102564102517 0.044556074696242655
0 0.46461538461538465 0.2312306635098112 0.021196581196581153 0.041483241958570845
0 0.307008547008547 0.18821100518240444 0.021880341880341804 0.044556074696242676
0 0.08376068376068377 0.4985671116872672 0.02393162393162394 0.04762890743391458
0 0.30666666666666664 0.5001035280561033 0.022564102564102517 0.044556074696242516
0 0.08444444444444445 0.2604225745176943 0.02256410256410258 0.04762890743391463
0 0.27623931623931625 0.3810312594713167 0.02324786324786326 0.0368739928520629
