0 0.9389261744966443 0.531372549019608 0.03624161073825505 0.043137254901960964
0 0.8791946308724832 0.6098039215686275 0.03489932885906033 0.039215686274509776
0 0.938255033557047 0.884313725490196 0.03489932885906044 0.03921568627450989
0 0.8805369127516779 0.6431372549019607 0.037583892617449655 0.050980392156862675
0 0.5375838926174497 0.6147058823529412 0.02281879194630876 0.02941176470588236
0 0.8194630872483222 0.4941176470588235 0.03624161073825505 0.03529411764705881
0 0.9389261744966443 0.6088235294117648 0.03624161073825505 0.04117647058823526
0 0.5389261744966443 0.7352941176470589 0.020134228187919434 0.027450980392156876
0 0.5395973154362417 0.9598039215686274 0.021476510067114152 0.02941176470588236
0 0.8791946308724832 0.7686274509803921 0.03489932885906033 0.039215686274509665
0 0.938255033557047 0.6862745098039216 0.037583892617449655 0.043137254901960964
0 0.8798657718120806 0.803921568627451 0.03355704697986572 0.039215686274509776
0 0.40604026845637586 0.4588235294117647 0.03624161073825499 0.03529411764705881
0 0.10738255033557048 0.37745098039215685 0.0348993288590604 0.04117647058823526
0 0.8791946308724832 0.453921568627451 0.03489932885906033 0.04117647058823526
0 0.9389261744966443 0.9656862745098039 0.03624161073825505 0.04117647058823537
0 0.5375838926174497 0.7088235294117646 0.02281879194630876 0.025490196078431393
0 0.9395973154362416 0.6450980392156862 0.037583892617449655 0.039215686274509776
0 0.536241610738255 0.588235294117647 0.025503355704697972 0.02352941176470591
0 0.938255033557047 0.8421568627450982 0.037583892617449655 0.04117647058823548
0 0.9369127516778524 0.9245098039215687 0.037583892617449655 0.045098039215686225
0 0.9395973154362416 0.8058823529411764 0.037583892617449655 0.03529411764705892
0 0.7604026845637584 0.307843137254902 0.03892617449664426 0.0549019607843137
0 0.8194630872483222 0.41274509803921566 0.03624161073825505 0.041176470588235314
0 0.8201342281879195 0.45882352941176474 0.037583892617449655 0.047058823529411764
0 0.938255033557047 0.7274509803921569 0.037583892617449655 0.039215686274509665
0 0.10805369127516778 0.41862745098039217 0.03087248322147651 0.033333333333333326
0 0.8812080536912752 0.8431372549019607 0.03624161073825505 0.04313725490196074
0 0.10805369127516778 0.6509803921568627 0.036241610738255034 0.03529411764705892
0 0.9389261744966443 0.4519607843137255 0.033557046979865834 0.03725490196078429
0 0.40536912751677856 0.4892156862745098 0.034899328859060386 0.04117647058823526
0 0.28859060402684567 0.6098039215686275 0.034899328859060386 0.039215686274509776
0 0.22751677852348992 0.7284313725490197 0.03087248322147651 0.02941176470588236
0 0.5389261744966443 0.9303921568627451 0.02281879194630887 0.02941176470588236
0 0.8791946308724832 0.884313725490196 0.03489932885906033 0.03921568627450989
0 0.938255033557047 0.7656862745098039 0.037583892617449655 0.045098039215686114
0 0.10939597315436242 0.6872549019607843 0.03624161073825505 0.04117647058823548
0 0.28590604026845634 0.7696078431372548 0.034899328859060386 0.04117647058823526
0 0.9389261744966443 0.41274509803921566 0.033557046979865834 0.03725490196078435
0 0.1087248322147651 0.9245098039215687 0.03489932885906041 0.04117647058823526
0 0.22818791946308725 0.6519607843137254 0.034899328859060386 0.02941176470588236
0 0.10805369127516778 0.888235294117647 0.03355704697986578 0.039215686274509776
0 0.8805369127516778 0.49019607843137253 0.03489932885906033 0.039215686274509776
0 0.7013422818791947 0.884313725490196 0.03624161073825505 0.03137254901960784
0 0.9389261744966443 0.3715686274509804 0.03892617449664426 0.04509803921568628
0 0.1691275167785235 0.37745098039215685 0.032214765100671144 0.033333333333333326
0 0.8785234899328859 0.9627450980392156 0.03624161073825505 0.039215686274509776
0 0.8791946308724832 0.7284313725490197 0.037583892617449655 0.04117647058823515
0 0.8785234899328859 0.6872549019607843 0.03624161073825505 0.04117647058823548
0 0.8201342281879195 0.6098039215686275 0.03489932885906044 0.03529411764705881
0 0.46442953020134226 0.884313725490196 0.03221476510067117 0.03137254901960784
0 0.8785234899328859 0.9245098039215687 0.03624161073825505 0.04117647058823526
0 0.702013422818792 0.33529411764705885 0.03221476510067112 0.0431372549019608
0 0.761744966442953 0.4941176470588235 0.03355704697986572 0.03529411764705881
0 0.2865771812080537 0.7303921568627452 0.03624161073825505 0.045098039215686114
0 0.4651006711409396 0.453921568627451 0.03624161073825505 0.04117647058823526
0 0.28859060402684567 0.49607843137254903 0.03221476510067117 0.035294117647058754
0 0.10805369127516778 0.8480392156862745 0.03355704697986578 0.04117647058823537
0 0.28791946308724836 0.884313725490196 0.03355704697986578 0.03921568627450989
0 0.28859060402684567 0.8480392156862745 0.03221476510067117 0.04117647058823537
0 0.761744966442953 0.4549019607843137 0.03355704697986572 0.039215686274509776
0 0.7026845637583893 0.49019607843137253 0.03624161073825505 0.03529411764705881
0 0.1087248322147651 0.8078431372549019 0.03489932885906041 0.03921568627450989
0 0.1691275167785235 0.8470588235294116 0.03489932885906041 0.039215686274509776
0 0.28791946308724836 0.573529411764706 0.03355704697986578 0.04117647058823515
0 0.40536912751677856 0.9245098039215687 0.034899328859060386 0.04117647058823526
0 0.34630872483221475 0.6872549019607843 0.034899328859060386 0.04117647058823548
0 0.34630872483221475 0.9666666666666667 0.040268456375838924 0.03921568627450989
0 0.702013422818792 0.4549019607843137 0.03489932885906044 0.039215686274509776
0 0.287248322147651 0.6882352941176471 0.037583892617449655 0.04313725490196074
0 0.40604026845637586 0.41960784313725485 0.03892617449664432 0.0431372549019608
0 0.3476510067114094 0.8833333333333334 0.037583892617449655 0.04117647058823515
0 0.7013422818791947 0.8460784313725489 0.03624161073825505 0.03725490196078429
0 0.6429530201342282 0.6499999999999999 0.03489932885906044 0.04117647058823526
0 0.34765100671140936 0.7647058823529411 0.03489932885906044 0.039215686274509776
0 0.287248322147651 0.9666666666666667 0.037583892617449655 0.04313725490196085
0 0.22885906040268456 0.7686274509803921 0.03624161073825502 0.04705882352941171
0 0.6436241610738256 0.3764705882352941 0.03355704697986572 0.03529411764705881
0 0.6429530201342282 0.884313725490196 0.03489932885906044 0.03921568627450989
0 0.5838926174496644 0.6499999999999999 0.03221476510067112 0.04117647058823526
0 0.10805369127516778 0.5333333333333334 0.036241610738255034 0.03921568627451
0 0.16845637583892617 0.4970588235294118 0.03624161073825505 0.03725490196078435
0 0.40604026845637586 0.9656862745098039 0.03624161073825499 0.04117647058823537
0 0.22818791946308725 0.8852941176470588 0.034899328859060386 0.04117647058823537
0 0.22751677852348995 0.5725490196078431 0.03624161073825502 0.03529411764705892
0 0.7013422818791947 0.8049019607843138 0.03624161073825505 0.04117647058823526
0 0.34630872483221475 0.4549019607843137 0.034899328859060386 0.03529411764705881
0 0.6429530201342282 0.6088235294117648 0.03489932885906044 0.04117647058823526
0 0.34630872483221475 0.49019607843137253 0.034899328859060386 0.039215686274509776
0 0.7610738255033557 0.5686274509803921 0.037583892617449655 0.04705882352941182
0 0.702013422818792 0.9235294117647059 0.037583892617449655 0.04313725490196074
0 0.40536912751677856 0.8058823529411765 0.034899328859060386 0.04313725490196074
0 0.4657718120805369 0.7294117647058823 0.03489932885906044 0.03529411764705892
0 0.22751677852348995 0.4950980392156863 0.03624161073825502 0.04117647058823537
0 0.4651006711409396 0.7656862745098039 0.03624161073825505 0.03725490196078429
0 0.16845637583892617 0.8068627450980392 0.03624161073825505 0.04117647058823515
0 0.34630872483221475 0.7284313725490197 0.034899328859060386 0.04117647058823515
0 0.34630872483221475 0.9254901960784314 0.034899328859060386 0.04313725490196074
0 0.10738255033557048 0.49607843137254903 0.0348993288590604 0.04313725490196085
0 0.8201342281879195 0.5725490196078431 0.037583892617449655 0.04313725490196074
0 0.34563758389261745 0.573529411764706 0.03892617449664426 0.04117647058823515
0 0.40604026845637586 0.6872549019607843 0.03355704697986578 0.0372549019607844
0 0.287248322147651 0.41862745098039217 0.037583892617449655 0.03725490196078429
0 0.34630872483221475 0.37745098039215685 0.034899328859060386 0.04117647058823526
0 0.702013422818792 0.65 0.03489932885906044 0.03725490196078418
0 0.40671140939597317 0.33529411764705885 0.034899328859060386 0.03921568627450972
0 0.5825503355704698 0.9274509803921569 0.03489932885906033 0.04313725490196074
0 0.702013422818792 0.5294117647058824 0.037583892617449655 0.04313725490196085
0 0.28791946308724836 0.3784313725490196 0.03355704697986578 0.039215686274509776
0 0.34630872483221475 0.33529411764705885 0.040268456375838924 0.0431372549019608
0 0.40604026845637586 0.6509803921568628 0.03355704697986578 0.04313725490196085
0 0.22751677852348995 0.45588235294117646 0.03624161073825502 0.03725490196078429
0 0.10872483221476512 0.7696078431372548 0.03758389261744967 0.045098039215686225
0 0.702013422818792 0.6872549019607843 0.03489932885906044 0.04117647058823548
0 0.5825503355704698 0.8470588235294118 0.03489932885906033 0.04705882352941182
0 0.6429530201342282 0.45294117647058824 0.03489932885906044 0.039215686274509776
0 0.5825503355704698 0.8892156862745098 0.03489932885906033 0.04117647058823526
0 0.16845637583892617 0.765686274509804 0.03624161073825505 0.04117647058823537
0 0.16778523489932884 0.46176470588235297 0.03489932885906041 0.041176470588235314
0 0.6436241610738255 0.6872549019607843 0.03624161073825505 0.04117647058823548
0 0.22751677852348995 0.6911764705882353 0.03624161073825502 0.045098039215686336
0 0.4657718120805369 0.3764705882352941 0.03221476510067112 0.03529411764705881
0 0.34563758389261745 0.41764705882352937 0.0362416107382551 0.03921568627450983
0 0.6429530201342282 0.7284313725490197 0.03489932885906044 0.04117647058823515
0 0.5838926174496644 0.5303921568627451 0.03221476510067112 0.0372549019607844
0 0.4053691275167785 0.3764705882352941 0.037583892617449655 0.0431372549019608
0 0.5818791946308726 0.6088235294117648 0.03355704697986572 0.04117647058823526
0 0.40536912751677856 0.7284313725490197 0.034899328859060386 0.04117647058823515
0 0.6429530201342282 0.49411764705882355 0.03489932885906044 0.04313725490196085
0 0.4657718120805369 0.5715686274509804 0.03489932885906044 0.04117647058823526
0 0.34630872483221475 0.5323529411764707 0.034899328859060386 0.04117647058823548
0 0.16845637583892617 0.41960784313725485 0.03624161073825505 0.047058823529411764
0 0.5838926174496644 0.5676470588235294 0.03489932885906044 0.04117647058823526
0 0.6436241610738255 0.33529411764705885 0.03624161073825505 0.0431372549019608
0 0.22751677852348995 0.6137254901960785 0.03892617449664429 0.04705882352941171
0 0.5825503355704698 0.3362745098039216 0.037583892617449655 0.04509803921568628
0 0.40604026845637586 0.6088235294117648 0.03624161073825499 0.04117647058823526
0 0.5375838926174497 0.6862745098039216 0.02281879194630876 0.0235294117647058
0 0.5241610738255034 0.49901960784313726 0.041610738255033586 0.03333333333333338
0 0.5375838926174497 0.6392156862745098 0.02281879194630876 0.027450980392156876
0 0.5241610738255034 0.33725490196078434 0.03624161073825505 0.019607843137254888
0 0.5241610738255034 0.8490196078431372 0.033557046979865834 0.03137254901960773
0 0.5234899328859061 0.3019607843137255 0.037583892617449655 0.047058823529411764
0 0.5241610738255034 0.4343137254901961 0.033557046979865834 0.041176470588235314
0 0.5375838926174497 0.6647058823529413 0.02281879194630876 0.02352941176470591
0 0.5241610738255034 0.3931372549019608 0.03624161073825505 0.04117647058823526
0 0.9395973154362416 0.49117647058823527 0.037583892617449655 0.03725490196078429
0 0.938255033557047 0.5705882352941177 0.03221476510067123 0.0352941176470587
0 0.5241610738255034 0.35980392156862745 0.03087248322147662 0.025490196078431393
0 0.5248322147651007 0.5284313725490196 0.03221476510067123 0.025490196078431282
0 0.5248322147651008 0.5480392156862746 0.029530201342281903 0.009803921568627638
0 0.5228187919463088 0.8686274509803922 0.033557046979865834 0.007843137254902044
0 0.4657718120805369 0.8480392156862745 0.03489932885906044 0.04117647058823537
0 0.10872483221476512 0.9676470588235294 0.03758389261744967 0.04117647058823537
0 0.46442953020134226 0.4941176470588235 0.034899328859060386 0.039215686274509776
0 0.6429530201342282 0.5686274509803921 0.03489932885906044 0.039215686274509776
0 0.28590604026845634 0.8068627450980391 0.034899328859060386 0.0372549019607844
0 0.22818791946308725 0.37745098039215685 0.034899328859060386 0.02941176470588236
0 0.7624161073825504 0.5313725490196078 0.03489932885906033 0.03529411764705892
0 0.16845637583892617 0.8852941176470588 0.03624161073825505 0.0372549019607844
0 0.40604026845637586 0.8833333333333334 0.03624161073825499 0.04117647058823515
0 0.8201342281879195 0.646078431372549 0.037583892617449655 0.04901960784313719
0 0.8798657718120806 0.4137254901960784 0.03355704697986572 0.03921568627450983
0 0.10805369127516778 0.7264705882352942 0.03355704697986578 0.03725490196078418
0 0.46375838926174495 0.8058823529411765 0.03355704697986578 0.04313725490196074
0 0.46510067114093956 0.6499999999999999 0.03355704697986578 0.04117647058823526
0 0.287248322147651 0.9245098039215687 0.03221476510067112 0.04117647058823526
0 0.8805369127516778 0.3764705882352941 0.03489932885906033 0.0431372549019608
0 0.8208053691275168 0.3764705882352941 0.03624161073825505 0.0431372549019608
0 0.8208053691275168 0.5303921568627451 0.03624161073825505 0.04117647058823537
0 0.22885906040268456 0.8107843137254902 0.03624161073825502 0.0372549019607844
0 0.22885906040268456 0.9676470588235294 0.03892617449664429 0.04117647058823537
0 0.10738255033557048 0.4549019607843137 0.0348993288590604 0.039215686274509776
0 0.40604026845637586 0.8431372549019609 0.03624161073825499 0.03921568627451
0 0.46375838926174495 0.9666666666666667 0.03892617449664432 0.03921568627450989
0 0.34630872483221475 0.6509803921568627 0.034899328859060386 0.03529411764705892
0 0.5825503355704698 0.7647058823529411 0.03489932885906033 0.039215686274509776
0 0.5825503355704698 0.9676470588235293 0.03489932885906033 0.033333333333333326
0 0.7604026845637584 0.41862745098039217 0.03624161073825505 0.03725490196078429
0 0.34630872483221475 0.8431372549019609 0.034899328859060386 0.03921568627451
0 0.16845637583892617 0.6098039215686275 0.03355704697986578 0.039215686274509776
0 0.5818791946308725 0.8058823529411764 0.03087248322147662 0.03529411764705892
0 0.7026845637583893 0.4196078431372549 0.033557046979865834 0.03529411764705881
0 0.5845637583892618 0.49019607843137253 0.03355704697986572 0.039215686274509776
0 0.6436241610738256 0.5323529411764707 0.03355704697986572 0.04117647058823548
0 0.287248322147651 0.531372549019608 0.037583892617449655 0.043137254901960964
0 0.1087248322147651 0.5715686274509805 0.03489932885906041 0.03725490196078418
0 0.22818791946308725 0.9264705882352942 0.034899328859060386 0.04117647058823526
0 0.40536912751677856 0.5676470588235294 0.034899328859060386 0.033333333333333326
0 0.5845637583892618 0.453921568627451 0.03624161073825516 0.04117647058823526
0 0.7006711409395974 0.7647058823529411 0.03489932885906033 0.039215686274509776
0 0.34765100671140936 0.8058823529411765 0.03489932885906044 0.04313725490196074
0 0.22818791946308725 0.8480392156862745 0.034899328859060386 0.04117647058823537
0 0.46510067114093956 0.5323529411764707 0.03355704697986578 0.04117647058823548
0 0.16845637583892617 0.9264705882352942 0.03624161073825505 0.045098039215686225
0 0.16845637583892617 0.5735294117647058 0.03087248322147651 0.0372549019607844
0 0.16778523489932884 0.6499999999999999 0.03489932885906041 0.04117647058823526
0 0.8791946308724832 0.5303921568627451 0.03489932885906033 0.04117647058823537
0 0.6429530201342282 0.9666666666666667 0.03489932885906044 0.03921568627450989
0 0.5838926174496645 0.3764705882352941 0.037583892617449655 0.03529411764705881
0 0.10805369127516778 0.6107843137254902 0.036241610738255034 0.04117647058823537
0 0.287248322147651 0.6499999999999999 0.03489932885906044 0.04117647058823526
0 0.5825503355704698 0.7303921568627451 0.03489932885906033 0.0372549019607844
0 0.4664429530201342 0.33529411764705885 0.03892617449664426 0.0431372549019608
0 0.6436241610738256 0.41274509803921566 0.03355704697986572 0.03725490196078435
0 0.46375838926174495 0.9254901960784314 0.03624161073825505 0.04313725490196074
0 0.5838926174496644 0.6882352941176471 0.03489932885906044 0.04313725490196074
0 0.8791946308724832 0.5725490196078431 0.03489932885906033 0.04313725490196074
0 0.7013422818791946 0.7284313725490197 0.03355704697986572 0.04117647058823515
0 0.1691275167785235 0.7294117647058823 0.032214765100671144 0.03529411764705892
0 0.40536912751677856 0.7696078431372548 0.034899328859060386 0.03725490196078418
0 0.7013422818791947 0.9666666666666667 0.03624161073825505 0.03921568627450989
0 0.6422818791946309 0.7656862745098039 0.033557046979865834 0.03725490196078429
0 0.6422818791946309 0.8480392156862745 0.03624161073825505 0.04117647058823537
0 0.6429530201342282 0.9254901960784314 0.03489932885906044 0.04313725490196074
0 0.16778523489932884 0.34215686274509804 0.03489932885906041 0.04117647058823526
0 0.46510067114093956 0.4137254901960784 0.03355704697986578 0.03921568627450983
0 0.16845637583892617 0.6911764705882353 0.03355704697986578 0.04117647058823526
0 0.7026845637583893 0.5686274509803921 0.03624161073825505 0.039215686274509776
0 0.7604026845637584 0.37745098039215685 0.03624161073825505 0.04901960784313725
0 0.22751677852348995 0.5323529411764707 0.03624161073825502 0.04117647058823548
0 0.4657718120805369 0.692156862745098 0.03489932885906044 0.04313725490196085
0 0.702013422818792 0.3764705882352941 0.03489932885906044 0.0431372549019608
0 0.287248322147651 0.45588235294117646 0.037583892617449655 0.04117647058823526
0 0.702013422818792 0.6088235294117648 0.03489932885906044 0.04117647058823526
0 0.5838926174496645 0.41666666666666663 0.037583892617449655 0.041176470588235314
0 0.22885906040268456 0.3392156862745098 0.03624161073825502 0.04705882352941171
0 0.40536912751677856 0.531372549019608 0.034899328859060386 0.043137254901960964
0 0.34563758389261745 0.6107843137254902 0.03892617449664426 0.04117647058823537
0 0.6422818791946309 0.8058823529411765 0.033557046979865834 0.04313725490196074
0 0.28859060402684567 0.33529411764705885 0.03758389261744971 0.0431372549019608
0 0.22818791946308725 0.41764705882352937 0.034899328859060386 0.0431372549019608
0 0.4651006711409396 0.6098039215686275 0.03624161073825505 0.039215686274509776
0 0.16778523489932884 0.5333333333333334 0.03489932885906041 0.03921568627451
