0 0.225150 0.858481 0.040927 0.052475
0 0.667214 0.150245 0.039830 0.052216
0 0.138000 0.992301 0.040927 0.015397
0 0.131837 0.963918 0.040927 0.052475
0 0.735416 0.733027 0.039481 0.048963
0 0.845912 0.792856 0.040403 0.047595
0 0.470288 0.207573 0.048133 0.039905
0 0.887194 0.234275 0.040403 0.047595
0 0.852916 0.407518 0.040753 0.050849
0 0.849995 0.369839 0.040753 0.050849
0 0.175286 0.876090 0.040403 0.047595
0 0.743951 0.817758 0.040927 0.052475
0 0.851464 0.834084 0.038034 0.045450
0 0.748580 0.860873 0.040753 0.050849
0 0.271834 0.334492 0.039655 0.050589
0 0.864195 0.491602 0.040403 0.047595
0 0.490651 0.879219 0.036189 0.048185
0 0.463213 0.141681 0.044268 0.043750
0 0.239699 0.980257 0.040229 0.039486
0 0.725234 0.648684 0.037286 0.048444
0 0.873306 0.104932 0.040927 0.052475
0 0.234234 0.943083 0.040927 0.052475
0 0.495193 0.921520 0.040927 0.052475
0 0.127731 0.925684 0.042598 0.048113
0 0.859565 0.448487 0.040927 0.052475
0 0.877559 0.616064 0.040578 0.049222
0 0.472658 0.711642 0.038383 0.048704
0 0.834175 0.243454 0.040054 0.044341
0 0.887391 0.697153 0.040578 0.049222
0 0.481480 0.793803 0.036014 0.046559
0 0.490127 0.371377 0.044094 0.042123
0 0.485935 0.835291 0.038733 0.051957
0 0.729951 0.692612 0.037985 0.054952
0 0.117550 0.841342 0.040753 0.050849
0 0.215891 0.772252 0.038733 0.051957
0 0.817999 0.543377 0.035839 0.044932
0 0.689024 0.321925 0.037286 0.048444
0 0.059377 0.299565 0.041102 0.054102
0 0.477200 0.753943 0.036189 0.048185
0 0.735792 0.265010 0.035266 0.049553
0 0.481955 0.305745 0.044967 0.050258
0 0.366182 0.222972 0.039082 0.055211
0 0.568518 0.645641 0.039830 0.052216
0 0.838187 0.710436 0.038383 0.048704
0 0.868475 0.531462 0.038034 0.045450
0 0.739409 0.775457 0.040927 0.052475
0 0.294457 0.545183 0.040179 0.055470
0 0.123738 0.883254 0.042549 0.057615
0 0.565248 0.604708 0.037286 0.048444
0 0.175139 0.403192 0.033645 0.044414
0 0.882827 0.193602 0.040753 0.050849
0 0.716325 0.565709 0.037286 0.048444
0 0.797986 0.377946 0.038383 0.048704
0 0.258730 0.678731 0.033645 0.044414
0 0.839552 0.283056 0.041277 0.055729
0 0.468465 0.672595 0.038383 0.048704
0 0.771432 0.130648 0.039082 0.055211
0 0.073091 0.427281 0.036189 0.048185
0 0.467057 0.177474 0.044618 0.047004
0 0.109825 0.758921 0.043122 0.052994
0 0.086829 0.549987 0.037111 0.046818
0 0.082374 0.508499 0.039830 0.052216
0 0.114367 0.801222 0.040578 0.049222
0 0.841545 0.752182 0.040753 0.050849
0 0.882649 0.658235 0.041675 0.049481
0 0.528489 0.278078 0.041277 0.055729
0 0.266891 0.765218 0.041277 0.055729
0 0.097559 0.634200 0.040753 0.050849
0 0.267554 0.294631 0.041675 0.049481
0 0.211874 0.734832 0.035839 0.044932
0 0.776523 0.172820 0.035092 0.047926
0 0.711122 0.527735 0.037111 0.046818
0 0.891559 0.741210 0.042374 0.055988
0 0.076822 0.467271 0.037461 0.050071
0 0.546419 0.439831 0.036762 0.043564
0 0.157369 0.227222 0.039082 0.055211
0 0.164756 0.788494 0.040753 0.050849
0 0.674125 0.193654 0.037635 0.051698
0 0.876925 0.149119 0.040927 0.052475
0 0.720318 0.608140 0.040927 0.052475
0 0.230066 0.899026 0.041675 0.049481
0 0.485711 0.340724 0.046288 0.042641
0 0.477800 0.277532 0.043744 0.038869
0 0.731250 0.222709 0.038258 0.037574
0 0.540993 0.745557 0.022022 0.025813
0 0.500074 0.484969 0.041724 0.039978
0 0.537275 0.721412 0.022721 0.032321
0 0.223267 0.348458 0.036189 0.048185
0 0.560332 0.564164 0.038383 0.048704
0 0.699118 0.405454 0.039655 0.050589
0 0.151391 0.664032 0.040578 0.049222
0 0.494060 0.444683 0.044219 0.053253
0 0.702475 0.447201 0.041675 0.049481
0 0.380158 0.353129 0.039082 0.055211
0 0.310815 0.189332 0.039082 0.055211
0 0.193793 0.566442 0.036014 0.046559
0 0.794716 0.337013 0.038383 0.048704
0 0.371797 0.270024 0.039830 0.052216
0 0.142657 0.582684 0.038733 0.051957
0 0.161251 0.273849 0.040753 0.050849
0 0.124576 0.414294 0.038558 0.050330
0 0.454004 0.548392 0.036014 0.046559
0 0.790348 0.296339 0.038383 0.048704
0 0.261451 0.719793 0.037635 0.051698
0 0.110862 0.286578 0.040927 0.052475
0 0.286470 0.460322 0.042025 0.052734
0 0.115579 0.330505 0.041277 0.055729
0 0.108166 0.240505 0.041277 0.055729
0 0.472860 0.241998 0.044792 0.048631
0 0.206322 0.693604 0.036014 0.046559
0 0.264109 0.252071 0.042025 0.052734
0 0.416832 0.212684 0.035839 0.044932
0 0.748321 0.392171 0.037111 0.046818
0 0.261238 0.204372 0.042723 0.059242
0 0.693216 0.360972 0.039830 0.052216
0 0.740509 0.308938 0.040005 0.053843
0 0.276837 0.375850 0.042773 0.049740
0 0.569157 0.180064 0.037635 0.051698
0 0.833907 0.670575 0.036014 0.046559
0 0.220521 0.815367 0.040403 0.047595
0 0.146937 0.622544 0.038558 0.050330
0 0.315333 0.236644 0.035441 0.051180
0 0.555965 0.523490 0.038733 0.051957
0 0.280831 0.418280 0.037286 0.048444
0 0.766191 0.081839 0.039432 0.058465
0 0.572686 0.689698 0.041277 0.055729
0 0.227547 0.388319 0.037859 0.043823
0 0.532943 0.319566 0.035665 0.043305
0 0.632336 0.296938 0.037286 0.048444
0 0.440378 0.421489 0.036014 0.046559
0 0.812709 0.504589 0.038733 0.051957
0 0.208019 0.216934 0.041626 0.058983
0 0.217453 0.304790 0.038733 0.051957
0 0.230729 0.428438 0.040927 0.052475
0 0.196053 0.608448 0.038733 0.051957
0 0.814647 0.072070 0.041277 0.055729
0 0.235446 0.472366 0.040578 0.049222
0 0.240998 0.513595 0.040753 0.050849
0 0.868414 0.059378 0.043471 0.056247
0 0.519055 0.190222 0.039082 0.055211
0 0.129205 0.457408 0.036538 0.051439
0 0.820985 0.120619 0.040927 0.052475
0 0.138115 0.540383 0.040927 0.052475
0 0.463923 0.630294 0.040927 0.052475
0 0.214008 0.262230 0.040927 0.052475
0 0.321321 0.281939 0.037635 0.051698
0 0.825702 0.164547 0.038733 0.051957
0 0.133398 0.496455 0.038383 0.048704
0 0.663595 0.106058 0.040179 0.055470
0 0.245453 0.555082 0.040578 0.049222
0 0.552345 0.479303 0.036189 0.048185
0 0.579251 0.263593 0.037111 0.046818
0 0.447355 0.507423 0.038383 0.048704
0 0.563741 0.129628 0.040529 0.058724
0 0.754048 0.435027 0.039830 0.052216
0 0.254275 0.637243 0.038558 0.050330
0 0.426091 0.298913 0.038383 0.048704
0 0.431468 0.338514 0.040753 0.050849
0 0.514164 0.144668 0.036888 0.054693
0 0.573699 0.222365 0.037635 0.051698
0 0.823813 0.587046 0.041277 0.055729
0 0.202964 0.651858 0.040927 0.052475
0 0.324941 0.326126 0.040179 0.055470
0 0.411941 0.167130 0.041277 0.055729
0 0.436010 0.380815 0.040753 0.050849
0 0.458371 0.589066 0.040753 0.050849
0 0.178409 0.444125 0.038733 0.051957
0 0.171694 0.360632 0.040927 0.052475
0 0.684394 0.278811 0.040005 0.053843
0 0.188503 0.527654 0.036014 0.046559
0 0.628716 0.252751 0.037985 0.054952
0 0.167065 0.317518 0.041102 0.054102
0 0.542688 0.399841 0.038383 0.048704
0 0.523597 0.232523 0.038383 0.048704
0 0.421200 0.253358 0.040927 0.052475
0 0.184048 0.486167 0.036538 0.051439
0 0.538233 0.358354 0.036364 0.049812
0 0.584977 0.306449 0.042025 0.052734
0 0.677832 0.238655 0.034917 0.046299
0 0.443648 0.462422 0.041102 0.054102
0 0.803538 0.419174 0.040753 0.050849
0 0.120296 0.374433 0.036538 0.051439
0 0.784884 0.255924 0.038733 0.051957
0 0.376077 0.309885 0.037111 0.046818
0 0.105919 0.717304 0.041850 0.051108
0 0.156856 0.704446 0.040927 0.052475
0 0.831516 0.208216 0.036189 0.048185
0 0.169385 0.831608 0.043471 0.056247
0 0.808342 0.463915 0.038733 0.051957
0 0.100654 0.673506 0.040403 0.047595
0 0.248262 0.596958 0.037111 0.046818
0 0.069733 0.385535 0.040753 0.050849
0 0.781614 0.214991 0.036189 0.048185
0 0.745138 0.352052 0.041675 0.049481
0 0.707940 0.487616 0.039830 0.052216
0 0.054049 0.249943 0.041277 0.055729
0 0.064929 0.340793 0.040578 0.049222
0 0.844269 0.326984 0.040927 0.052475
0 0.160301 0.747006 0.040578 0.049222
0 0.090909 0.593231 0.040927 0.052475
0 0.290925 0.501809 0.039306 0.047336
0 0.828355 0.629347 0.036538 0.051439
0 0.874027 0.572691 0.041451 0.057356
