0 0.472744 0.295394 0.032417 0.033960
0 0.484968 0.379395 0.028895 0.025804
0 0.481227 0.364215 0.030920 0.032205
0 0.534635 0.781481 0.026603 0.028490
0 0.469626 0.261990 0.033915 0.035715
0 0.486107 0.401285 0.025900 0.022294
0 0.219776 0.786418 0.036910 0.039225
0 0.489141 0.422091 0.030392 0.027559
0 0.275287 0.777766 0.031623 0.038401
0 0.166599 0.797858 0.030301 0.038195
0 0.307962 0.668640 0.035236 0.035921
0 0.290117 0.523253 0.042815 0.034059
0 0.285104 0.490933 0.040875 0.039843
0 0.724235 0.200241 0.039286 0.048724
0 0.277721 0.894030 0.040608 0.048930
0 0.293014 0.560632 0.041929 0.049136
0 0.276843 0.418137 0.040523 0.036745
0 0.853356 0.366115 0.043518 0.040255
0 0.849489 0.332040 0.043518 0.040255
0 0.223180 0.899378 0.044840 0.040461
0 0.464746 0.224921 0.032241 0.032411
0 0.280358 0.449114 0.040523 0.036745
0 0.213994 0.824361 0.041402 0.044489
0 0.218873 0.861431 0.045015 0.042010
0 0.298158 0.600025 0.042021 0.038500
0 0.795960 0.340383 0.039553 0.039637
0 0.461582 0.197041 0.031890 0.029314
0 0.270254 0.816381 0.037613 0.045420
0 0.302773 0.634771 0.043518 0.040255
0 0.273063 0.852985 0.039729 0.041186
0 0.166920 0.907358 0.047392 0.051509
0 0.842285 0.256715 0.041402 0.044489
0 0.858235 0.403185 0.039553 0.039637
0 0.172682 0.472201 0.040875 0.039843
0 0.158922 0.836885 0.044221 0.046450
0 0.846282 0.297862 0.039553 0.039637
0 0.788447 0.268258 0.041050 0.041392
0 0.310684 0.704470 0.043870 0.043352
0 0.792005 0.305534 0.039729 0.041186
0 0.154750 0.326039 0.043342 0.038706
0 0.168464 0.435028 0.040875 0.039843
0 0.783304 0.228865 0.039904 0.042734
0 0.214743 0.356884 0.044573 0.049548
0 0.158968 0.363212 0.043694 0.041804
0 0.151589 0.286337 0.044221 0.046450
0 0.163760 0.399507 0.042548 0.043146
0 0.273549 0.383184 0.045367 0.045107
0 0.268317 0.343017 0.044045 0.044901
0 0.468265 0.244075 0.027313 0.011864
