0 0.330946 0.686667 0.040115 0.036667
0 0.755731 0.353333 0.024355 0.030000
0 0.518625 0.344167 0.040115 0.021667
0 0.520774 0.385000 0.041547 0.023333
0 0.537249 0.638333 0.020057 0.023333
0 0.535817 0.597500 0.022923 0.018333
0 0.521490 0.365000 0.025788 0.020000
0 0.520057 0.405000 0.031519 0.020000
0 0.519341 0.431667 0.038682 0.033333
0 0.535817 0.617500 0.022923 0.021667
0 0.537249 0.660000 0.020057 0.016667
0 0.535100 0.677500 0.024355 0.018333
0 0.534384 0.693333 0.022923 0.010000
0 0.533668 0.707500 0.021490 0.015000
0 0.534384 0.723333 0.022923 0.023333
0 0.643983 0.885833 0.035817 0.028333
0 0.456304 0.919167 0.041547 0.038333
0 0.203438 0.853333 0.040115 0.036667
0 0.266476 0.483333 0.042980 0.036667
0 0.204871 0.550000 0.037249 0.033333
0 0.897564 0.487500 0.038682 0.035000
0 0.646132 0.721667 0.040115 0.033333
0 0.786533 0.487500 0.025788 0.028333
0 0.457020 0.519167 0.037249 0.035000
0 0.266476 0.381667 0.037249 0.036667
0 0.204871 0.417500 0.037249 0.035000
0 0.707736 0.550833 0.037249 0.028333
0 0.962034 0.422500 0.038682 0.041667
0 0.204155 0.519167 0.035817 0.035000
0 0.202722 0.652500 0.041547 0.035000
0 0.457020 0.483333 0.040115 0.036667
0 0.265759 0.919167 0.038682 0.035000
0 0.646132 0.687500 0.040115 0.035000
0 0.708453 0.419167 0.035817 0.035000
0 0.265759 0.885833 0.038682 0.031667
0 0.266476 0.616667 0.042980 0.036667
0 0.581662 0.550833 0.037249 0.031667
0 0.265759 0.553333 0.041547 0.030000
0 0.393983 0.549167 0.040115 0.031667
0 0.773639 0.752500 0.037249 0.035000
0 0.709169 0.385833 0.040115 0.035000
0 0.897564 0.652500 0.038682 0.031667
0 0.582378 0.482500 0.035817 0.035000
0 0.265759 0.685833 0.041547 0.035000
0 0.834527 0.519167 0.038682 0.035000
0 0.393983 0.448333 0.037249 0.033333
0 0.834527 0.454167 0.038682 0.035000
0 0.265759 0.651667 0.038682 0.033333
0 0.709885 0.686667 0.038682 0.036667
0 0.772923 0.655000 0.038682 0.033333
0 0.203438 0.716667 0.040115 0.036667
0 0.141834 0.383333 0.042980 0.043333
0 0.960602 0.586667 0.038682 0.036667
0 0.203438 0.752500 0.040115 0.035000
0 0.708453 0.651667 0.041547 0.033333
0 0.330946 0.585833 0.037249 0.035000
0 0.203438 0.585000 0.040115 0.036667
0 0.708453 0.753333 0.038682 0.036667
0 0.330946 0.616667 0.037249 0.033333
0 0.834527 0.554167 0.038682 0.035000
0 0.330946 0.452500 0.040115 0.035000
0 0.394699 0.518333 0.041547 0.033333
0 0.772206 0.585000 0.037249 0.030000
0 0.896848 0.520000 0.040115 0.033333
0 0.204155 0.452500 0.038682 0.035000
0 0.836676 0.585833 0.040115 0.035000
0 0.265759 0.854167 0.041547 0.035000
0 0.646132 0.416667 0.042980 0.043333
0 0.204155 0.485000 0.041547 0.033333
0 0.330946 0.650833 0.040115 0.035000
0 0.707020 0.519167 0.038682 0.035000
0 0.204155 0.619167 0.041547 0.035000
0 0.897564 0.586667 0.038682 0.033333
0 0.075931 0.752500 0.042980 0.041667
0 0.267908 0.418333 0.040115 0.036667
0 0.772923 0.553333 0.038682 0.036667
0 0.646132 0.554167 0.042980 0.041667
0 0.646132 0.655833 0.042980 0.035000
0 0.707736 0.453333 0.037249 0.030000
0 0.582378 0.655000 0.038682 0.036667
0 0.535100 0.915833 0.024355 0.031667
0 0.962751 0.750833 0.040115 0.041667
0 0.962034 0.720833 0.038682 0.031667
0 0.646132 0.590833 0.040115 0.035000
0 0.836676 0.650000 0.040115 0.040000
0 0.772206 0.715000 0.037249 0.043333
0 0.898997 0.885833 0.038682 0.035000
0 0.534384 0.890000 0.025788 0.023333
0 0.582378 0.717500 0.035817 0.035000
0 0.898281 0.752500 0.037249 0.035000
0 0.898997 0.919167 0.041547 0.038333
0 0.835244 0.620833 0.037249 0.035000
0 0.898997 0.819167 0.041547 0.035000
0 0.773639 0.918333 0.040115 0.033333
0 0.643266 0.908333 0.045845 0.060000
0 0.520057 0.825833 0.034384 0.028333
0 0.771490 0.385833 0.038682 0.028333
0 0.786533 0.350833 0.025788 0.035000
0 0.962751 0.885000 0.040115 0.030000
0 0.961318 0.455000 0.037249 0.030000
0 0.521490 0.560833 0.040115 0.025000
0 0.899713 0.854167 0.040115 0.035000
0 0.898997 0.723333 0.038682 0.036667
0 0.060888 0.351667 0.024355 0.030000
0 0.581662 0.819167 0.037249 0.035000
0 0.456304 0.685000 0.035817 0.033333
0 0.090974 0.350833 0.027221 0.028333
0 0.835244 0.687500 0.040115 0.035000
0 0.646132 0.615000 0.042980 0.043333
0 0.772923 0.888333 0.038682 0.033333
0 0.075931 0.417500 0.040115 0.035000
0 0.581662 0.849167 0.040115 0.035000
0 0.058739 0.451667 0.025788 0.030000
0 0.075931 0.383333 0.040115 0.033333
0 0.058739 0.484167 0.022923 0.028333
0 0.772923 0.686667 0.035817 0.030000
0 0.089542 0.517500 0.027221 0.031667
0 0.203438 0.889167 0.037249 0.035000
0 0.963467 0.650833 0.041547 0.035000
0 0.786533 0.518333 0.025788 0.030000
0 0.755014 0.485000 0.022923 0.030000
0 0.962034 0.784167 0.041547 0.035000
0 0.962751 0.853333 0.042980 0.033333
0 0.457020 0.650833 0.037249 0.035000
0 0.645415 0.483333 0.035817 0.030000
0 0.457736 0.455000 0.041547 0.026667
0 0.962751 0.918333 0.042980 0.036667
0 0.643983 0.452500 0.035817 0.031667
0 0.520774 0.529167 0.041547 0.038333
0 0.898997 0.787500 0.038682 0.035000
0 0.959885 0.818333 0.040115 0.036667
0 0.643983 0.854167 0.044413 0.035000
0 0.267908 0.752500 0.037249 0.035000
0 0.204155 0.920000 0.038682 0.036667
0 0.454871 0.819167 0.041547 0.035000
0 0.643266 0.820000 0.040115 0.036667
0 0.581662 0.452500 0.037249 0.028333
0 0.962034 0.620833 0.038682 0.035000
0 0.582378 0.752500 0.038682 0.035000
0 0.456304 0.885000 0.038682 0.030000
0 0.454871 0.854167 0.041547 0.035000
0 0.770774 0.417500 0.040115 0.035000
0 0.582378 0.787500 0.038682 0.035000
0 0.330946 0.385833 0.040115 0.035000
0 0.266476 0.453333 0.037249 0.030000
0 0.075215 0.584167 0.041547 0.035000
0 0.772923 0.854167 0.038682 0.035000
0 0.329513 0.351667 0.042980 0.036667
0 0.265759 0.787500 0.041547 0.035000
0 0.962034 0.520000 0.038682 0.030000
0 0.457020 0.550000 0.037249 0.033333
0 0.075931 0.650000 0.040115 0.030000
0 0.457736 0.616667 0.035817 0.033333
0 0.075215 0.550000 0.041547 0.036667
0 0.646132 0.519167 0.037249 0.035000
0 0.457736 0.585000 0.038682 0.036667
0 0.836676 0.753333 0.037249 0.036667
0 0.835244 0.720833 0.037249 0.031667
0 0.090258 0.483333 0.025788 0.030000
0 0.456304 0.786667 0.038682 0.036667
0 0.582378 0.884167 0.038682 0.035000
0 0.393983 0.585833 0.040115 0.035000
0 0.708453 0.823333 0.041547 0.036667
0 0.961318 0.484167 0.037249 0.035000
0 0.074499 0.716667 0.040115 0.030000
0 0.583095 0.620000 0.037249 0.036667
0 0.787249 0.453333 0.027221 0.036667
0 0.898997 0.686667 0.041547 0.036667
0 0.772923 0.820000 0.035817 0.033333
0 0.707736 0.788333 0.040115 0.036667
0 0.834527 0.487500 0.038682 0.031667
0 0.331662 0.485000 0.038682 0.033333
0 0.646848 0.752500 0.038682 0.035000
0 0.583095 0.585000 0.037249 0.030000
0 0.457020 0.720833 0.040115 0.038333
0 0.833095 0.417500 0.035817 0.035000
0 0.897564 0.454167 0.038682 0.031667
0 0.709169 0.718333 0.037249 0.030000
0 0.091691 0.448333 0.031519 0.036667
0 0.203438 0.786667 0.037249 0.033333
0 0.203438 0.685000 0.040115 0.030000
0 0.456304 0.753333 0.038682 0.030000
0 0.960602 0.686667 0.044413 0.036667
0 0.583095 0.686667 0.037249 0.030000
0 0.961318 0.553333 0.037249 0.030000
0 0.204155 0.381667 0.038682 0.036667
0 0.772206 0.787500 0.037249 0.035000
0 0.520057 0.470000 0.040115 0.040000
0 0.707020 0.351667 0.038682 0.036667
0 0.643266 0.787500 0.040115 0.035000
0 0.583095 0.920000 0.037249 0.036667
0 0.202722 0.819167 0.038682 0.035000
0 0.267908 0.718333 0.037249 0.033333
0 0.265759 0.820000 0.038682 0.033333
0 0.266476 0.584167 0.037249 0.035000
0 0.075931 0.619167 0.040115 0.035000
0 0.330946 0.417500 0.040115 0.035000
0 0.755731 0.452500 0.024355 0.025000
0 0.395415 0.413333 0.042980 0.036667
0 0.330946 0.519167 0.040115 0.035000
0 0.075215 0.685000 0.044413 0.036667
0 0.898997 0.620833 0.038682 0.035000
0 0.582378 0.518333 0.038682 0.033333
0 0.898281 0.421667 0.040115 0.036667
0 0.771490 0.620833 0.038682 0.035000
0 0.458453 0.419167 0.042980 0.048333
0 0.896848 0.554167 0.040115 0.035000
0 0.329513 0.550000 0.040115 0.033333
0 0.707020 0.487500 0.038682 0.035000
0 0.708453 0.620833 0.038682 0.035000
0 0.266476 0.519167 0.042980 0.035000
0 0.393983 0.483333 0.040115 0.036667
0 0.709169 0.585000 0.040115 0.036667
0 0.580946 0.417500 0.038682 0.041667
