0 0.5379493177387914 0.19627984927860087 0.02062638076673169 0.04232056229798831
0 0.5073424301494477 0.7902270511848503 0.021957115009746595 0.042320562297988286
0 0.07385575048732942 0.38015539581468794 0.019961013645224162 0.03648324336033473
0 0.2601585445094217 0.6399160885402713 0.0186302794022092 0.03648324336033473
0 0.32137231968810914 0.6391864236730646 0.01996101364522417 0.035023913625921416
0 0.41385834957764783 0.34367215245435323 0.02129174788823914 0.03648324336033473
0 0.13540220922677063 0.3451314821887666 0.0192956465237167 0.03648324336033473
0 0.2288862897985705 0.1539592869806126 0.01996101364522417 0.04523922176681504
0 0.1663417803768681 0.3057295793596051 0.01996101364522417 0.03648324336033473
0 0.1663417803768681 0.19336118980977407 0.01996101364522417 0.039401902829161506
0 0.4145237166991553 0.7143419049953541 0.01996101364522417 0.036483243360334636
0 0.5066770630279402 0.15979660591826614 0.019295646523716653 0.039401902829161534
0 0.4454632878492527 0.7128825752609407 0.021957115009746595 0.03648324336033473
0 0.4141910331384016 0.6048921749143499 0.021957115009746595 0.036483243360334636
0 0.29109811565951915 0.37577740661144776 0.025949317738791472 0.03648324336033473
0 0.1360675763482781 0.6391864236730646 0.021957115009746595 0.03794257309474805
0 0.4441325536062378 0.418097968909436 0.019295646523716715 0.036483243360334774
0 0.10412995451591943 0.3422128227199398 0.02062638076673164 0.039401902829161554
0 0.5066770630279402 0.3071889090940184 0.02062638076673169 0.039401902829161506
0 0.4447979207277453 0.5282773638576469 0.019295646523716653 0.03502391362592132
0 0.13540220922677063 0.30645924422681176 0.0192956465237167 0.03794257309474814
0 0.10546068875893437 0.49179412049731214 0.02062638076673164 0.03794257309474805
0 0.07352306692657569 0.34440181732155994 0.02062638076673164 0.0379425730947481
0 0.07352306692657569 0.3057295793596051 0.02062638076673164 0.039401902829161506
0 0.22955165692007795 0.6056218397815566 0.01996101364522417 0.04086123256357497
0 0.41385834957764783 0.23568175210776238 0.02262248213125405 0.039401902829161506
0 0.4151890838206628 0.7902270511848503 0.02262248213125411 0.03940190282916146
0 0.07352306692657569 0.26778700626485696 0.02062638076673164 0.036483243360334774
0 0.1360675763482781 0.4545812122697709 0.021957115009746595 0.03648324336033473
0 0.10479532163742691 0.11528704901865774 0.021957115009746578 0.04377989203240167
0 0.10412995451591943 0.418097968909436 0.021957115009746595 0.036483243360334774
0 0.5060116959064327 0.41955729864384944 0.019295646523716715 0.039401902829161506
0 0.3217050032488629 0.6763993319006059 0.020626380766731622 0.03648324336033473
0 0.259825860948668 0.7136122401281474 0.021957115009746595 0.03794257309474814
0 0.10546068875893437 0.5647606072179816 0.02062638076673164 0.03794257309474814
0 0.32237037037037036 0.5275476989904402 0.020626380766731622 0.036483243360334636
0 0.16700714749837559 0.45312188253535735 0.02262248213125405 0.042320562297988286
0 0.10479532163742691 0.528277363857647 0.021957115009746578 0.03794257309474805
0 0.3217050032488629 0.7128825752609407 0.020626380766731622 0.03648324336033473
0 0.16700714749837559 0.5647606072179816 0.02129174788823914 0.04086123256357487
0 0.537283950617284 0.11528704901865774 0.020626380766731622 0.04377989203240167
0 0.228220922677063 0.19336118980977407 0.01996101364522417 0.03356458389150795
0 0.475404808317089 0.2327630926389356 0.019295646523716715 0.03648324336033473
0 0.44546328784925276 0.3794257309474812 0.019295646523716715 0.03502391362592132
0 0.4454632878492527 0.5654902720851883 0.021957115009746595 0.039401902829161554
0 0.4760701754385965 0.26997600086647705 0.019295646523716653 0.04086123256357492
0 0.259825860948668 0.6027031803127297 0.020626380766731657 0.03794257309474814
0 0.5379493177387914 0.3436721524543532 0.02062638076673169 0.039401902829161506
0 0.13540220922677063 0.49398311509893233 0.021957115009746578 0.039401902829161554
0 0.22955165692007798 0.7114232455265272 0.01863027940220923 0.03940190282916146
0 0.10412995451591943 0.19482051954418747 0.021957115009746595 0.039401902829161534
0 0.19761403508771933 0.1539592869806126 0.01996101364522417 0.04523922176681504
0 0.10346458739441196 0.26778700626485696 0.021957115009746595 0.036483243360334774
0 0.22955165692007795 0.418097968909436 0.01996101364522417 0.036483243360334774
0 0.35297725795971413 0.26997600086647705 0.019295646523716715 0.03502391362592137
0 0.10412995451591943 0.3057295793596051 0.021957115009746595 0.039401902829161506
0 0.3519792072774529 0.15833727618385274 0.01996101364522417 0.039401902829161506
0 0.4447979207277453 0.23568175210776238 0.02062638076673169 0.03648324336033473
0 0.5066770630279402 0.6056218397815566 0.019295646523716653 0.03794257309474805
0 0.5060116959064327 0.38088506068189465 0.019295646523716715 0.0379425730947481
0 0.32137231968810914 0.6034328451799365 0.0186302794022092 0.039401902829161554
0 0.2288862897985705 0.3451314821887666 0.01996101364522417 0.039401902829161506
0 0.10412995451591943 0.2320334277717289 0.02062638076673164 0.03502391362592132
0 0.4145237166991553 0.418097968909436 0.01996101364522417 0.03940190282916146
0 0.5073424301494477 0.5311960233264738 0.020626380766731622 0.03794257309474814
0 0.4145237166991553 0.7508251483556888 0.01996101364522417 0.039401902829161554
0 0.29109811565951915 0.4137199797061959 0.02461858349577647 0.033564583891508
0 0.29908252111760886 0.645023742610718 0.012641975308642056 0.02043061628178739
0 0.2980844704353476 0.6245931263289307 0.01330734243014951 0.026267935219441037
0 0.16700714749837559 0.41663863917502264 0.02262248213125405 0.021889946016200847
0 0.2285536062378168 0.7486361537540687 0.019295646523716684 0.035023913625921416
0 0.29143079922027293 0.28383963334340423 0.026614684860298925 0.0277272649538544
0 0.16700714749837559 0.6027031803127298 0.01996101364522417 0.0321052541570945
0 0.29143079922027293 0.22327744936524857 0.026614684860298925 0.026267935219441037
0 0.29143079922027293 0.1634449302542996 0.027945419103313895 0.02626793521944099
0 0.07385575048732944 0.15541861671502596 0.021291747888239124 0.03648324336033473
0 0.10546068875893437 0.7894973863176437 0.021957115009746578 0.03794257309474814
0 0.07352306692657569 0.678588326502226 0.02062638076673164 0.04086123256357497
0 0.07352306692657569 0.7158012347297675 0.02062638076673164 0.03648324336033473
0 0.16700714749837559 0.7865787268488168 0.02129174788823914 0.04086123256357487
0 0.07418843404808317 0.753014142957309 0.021957115009746595 0.03794257309474814
0 0.2917634827810266 0.1357176653004452 0.02594931773879144 0.029186594688267814
0 0.4138583495776478 0.26997600086647705 0.01996101364522417 0.03502391362592137
0 0.042583495776478235 0.3436721524543532 0.01996101364522417 0.03356458389150795
0 0.10546068875893437 0.7530141429573088 0.021957115009746578 0.04086123256357487
0 0.1663417803768681 0.7471768240196554 0.01996101364522417 0.03502391362592132
0 0.042583495776478235 0.2728946603353038 0.01996101364522417 0.03502391362592137
0 0.5379493177387914 0.7128825752609407 0.019295646523716653 0.033564583891507904
0 0.2910981156595192 0.10507174087776402 0.02861078622482138 0.029186594688267765
0 0.29109811565951915 0.19263152494256738 0.025949317738791472 0.032105254157094566
0 0.07418843404808317 0.6048921749143499 0.021957115009746595 0.036483243360334636
0 0.16700714749837553 0.6734806724317792 0.01863027940220923 0.033564583891508
0 0.5066770630279402 0.7493658186212754 0.019295646523716653 0.03648324336033473
0 0.10546068875893437 0.7143419049953541 0.02062638076673164 0.036483243360334636
0 0.4454632878492527 0.7493658186212754 0.021957115009746595 0.03648324336033473
0 0.0735230669265757 0.6421050831418912 0.021957115009746595 0.03794257309474805
0 0.1663417803768681 0.4903347907628988 0.01863027940220923 0.03210525415709459
0 0.5379493177387914 0.6048921749143499 0.019295646523716653 0.036483243360334636
0 0.5376166341780376 0.6756696670333993 0.01996101364522417 0.03794257309474805
0 0.29242884990253415 0.30937790369563856 0.025949317738791503 0.03210525415709459
0 0.042583495776478235 0.15541861671502596 0.01996101364522417 0.039401902829161506
0 0.4145237166991553 0.5654902720851884 0.02129174788823914 0.042320562297988376
0 0.537283950617284 0.6391864236730646 0.019295646523716715 0.035023913625921416
0 0.26049122807017544 0.7493658186212755 0.019295646523716684 0.033564583891508
0 0.10479532163742691 0.6034328451799365 0.0192956465237167 0.039401902829161554
0 0.22955165692007795 0.6399160885402713 0.01996101364522417 0.030645924422681083
0 0.537283950617284 0.4545812122697709 0.021957115009746595 0.03648324336033473
0 0.5066770630279402 0.678588326502226 0.019295646523716653 0.035023913625921506
0 0.1367329434697856 0.6793179913694327 0.02195711500974661 0.042320562297988286
0 0.042583495776478235 0.19409085467698076 0.022622482131254062 0.03794257309474812
0 0.44579597141000654 0.6391864236730646 0.018630279402209262 0.03794257309474805
0 0.3217050032488629 0.7493658186212754 0.020626380766731622 0.03648324336033473
0 0.07385575048732942 0.23349275750614232 0.019961013645224162 0.03502391362592137
0 0.5066770630279402 0.19627984927860087 0.019295646523716653 0.03356458389150793
0 0.5379493177387914 0.30937790369563856 0.02062638076673169 0.03210525415709459
0 0.1360675763482781 0.6034328451799365 0.019295646523716715 0.03648324336033473
0 0.537283950617284 0.41736830404222935 0.021957115009746595 0.03794257309474814
0 0.0735230669265757 0.5669496018196017 0.021957115009746595 0.039401902829161645
0 0.042583495776478235 0.2327630926389356 0.022622482131254062 0.042320562297988286
0 0.5379493177387914 0.5647606072179816 0.019295646523716653 0.035023913625921416
0 0.537283950617284 0.3838037201507214 0.021957115009746595 0.03502391362592137
0 0.10546068875893437 0.6413754182746846 0.021957115009746578 0.03940190282916146
0 0.41385834957764783 0.30645924422681176 0.02129174788823914 0.03794257309474814
0 0.5379493177387914 0.15541861671502596 0.02062638076673169 0.039401902829161506
0 0.4138583495776478 0.4545812122697709 0.01996101364522417 0.03648324336033473
0 0.16767251461988306 0.7128825752609407 0.019961013645224204 0.03648324336033473
0 0.5066770630279402 0.2714353306008904 0.02062638076673169 0.03210525415709459
0 0.32170500324886286 0.494712779966139 0.021957115009746595 0.03502391362592123
0 0.04291617933723197 0.11455738415145106 0.02062638076673164 0.042320562297988286
0 0.22955165692007795 0.6734806724317791 0.01996101364522417 0.03648324336033482
0 0.4151890838206628 0.6763993319006059 0.021291747888239076 0.03648324336033473
0 0.5066770630279402 0.49179412049731214 0.019295646523716653 0.03794257309474805
0 0.4461286549707602 0.7902270511848503 0.021957115009746595 0.042320562297988286
0 0.07418843404808317 0.5290070287248536 0.021957115009746595 0.03940190282916146
0 0.4145237166991553 0.528277363857647 0.02129174788823914 0.03794257309474805
0 0.5379493177387914 0.7500954834884821 0.02062638076673169 0.03794257309474814
0 0.10412995451591943 0.6793179913694327 0.021957115009746595 0.03648324336033482
0 0.259825860948668 0.7887677214504369 0.020626380766731657 0.042320562297988286
0 0.22955165692007798 0.7902270511848503 0.02129174788823911 0.042320562297988286
0 0.5066770630279402 0.45458121226977066 0.02062638076673169 0.033564583891507904
0 0.537283950617284 0.4910644556301055 0.019295646523716715 0.03648324336033473
0 0.1360675763482781 0.5297366935920603 0.021957115009746595 0.03502391362592132
0 0.07418843404808317 0.4560405420041842 0.021957115009746595 0.03648324336033473
0 0.5382820012995452 0.7902270511848503 0.01996101364522417 0.042320562297988286
0 0.4454632878492527 0.19627984927860084 0.021957115009746595 0.039401902829161506
0 0.043248862897985706 0.30864823882843184 0.021291747888239117 0.039401902829161506
0 0.1663417803768681 0.5260883692560269 0.01996101364522417 0.03648324336033473
0 0.2285536062378168 0.5290070287248536 0.019295646523716684 0.03648324336033473
0 0.5073424301494477 0.7128825752609407 0.020626380766731622 0.03648324336033473
0 0.4454632878492527 0.6778586616350194 0.021957115009746595 0.039401902829161554
0 0.0745211176088369 0.4910644556301055 0.022622482131254062 0.039401902829161554
0 0.1360675763482781 0.5684089315540151 0.021957115009746595 0.039401902829161554
0 0.2591604938271605 0.6763993319006059 0.020626380766731622 0.03648324336033473
0 0.5369512670565303 0.2728946603353038 0.01996101364522417 0.04086123256357492
0 0.07385575048732944 0.1933611898097741 0.021291747888239124 0.04232056229798831
0 0.1663417803768681 0.1539592869806126 0.01996101364522417 0.039401902829161485
0 0.16700714749837559 0.6369974290714444 0.01996101364522417 0.039401902829161554
0 0.5369512670565303 0.23422242237334898 0.01996101364522417 0.03648324336033473
0 0.5066770630279402 0.34659081192318 0.02062638076673169 0.03356458389150795
0 0.32170500324886286 0.7887677214504369 0.021957115009746595 0.042320562297988286
0 0.5369512670565303 0.5290070287248536 0.01996101364522417 0.03940190282916146
0 0.07352306692657569 0.41736830404222935 0.02062638076673164 0.04086123256357487
0 0.44513060428849904 0.4545812122697709 0.01996101364522417 0.03648324336033473
0 0.29143079922027293 0.2517343791863097 0.025283950617283987 0.03648324336033473
0 0.4145237166991553 0.38088506068189465 0.01996101364522417 0.03502391362592137
0 0.13540220922677063 0.1524999572461992 0.0192956465237167 0.04232056229798826
0 0.4145237166991553 0.15468895184781928 0.02129174788823914 0.04086123256357487
0 0.2288862897985705 0.45458121226977066 0.01996101364522417 0.033564583891507904
0 0.10479532163742691 0.4545812122697709 0.0192956465237167 0.03648324336033473
0 0.5073424301494477 0.5684089315540152 0.020626380766731622 0.03648324336033482
0 0.259825860948668 0.5290070287248536 0.019295646523716684 0.03648324336033473
0 0.5066770630279402 0.23422242237334898 0.02062638076673169 0.039401902829161506
0 0.4447979207277453 0.6048921749143499 0.019295646523716653 0.036483243360334636
0 0.5066770630279402 0.6428347480090981 0.021957115009746595 0.039401902829161554
0 0.4454632878492527 0.15687794644943934 0.021957115009746595 0.039401902829161506
0 0.4145237166991553 0.6406457534074779 0.02129174788823914 0.03502391362592132
0 0.41385834957764783 0.49179412049731214 0.02129174788823914 0.03794257309474805
0 0.4454632878492527 0.11674637875307116 0.021957115009746595 0.04086123256357489
0 0.10412995451591943 0.15687794644943934 0.021957115009746595 0.039401902829161506
0 0.41385834957764783 0.19336118980977407 0.02262248213125405 0.039401902829161506
0 0.4447979207277453 0.30645924422681176 0.02062638076673169 0.03502391362592132
0 0.10412995451591943 0.38015539581468794 0.02062638076673164 0.042320562297988286
0 0.4447979207277453 0.4910644556301055 0.02062638076673169 0.039401902829161554
0 0.1663417803768681 0.11309805441703767 0.02129174788823911 0.04232056229798831
0 0.13540220922677063 0.19409085467698078 0.021957115009746578 0.04086123256357492
0 0.3825860948667966 0.15687794644943934 0.01996101364522417 0.042320562297988286
0 0.1663417803768681 0.2707056657336837 0.02129174788823911 0.036483243360334774
0 0.1360675763482781 0.38088506068189465 0.02062638076673164 0.0379425730947481
0 0.13540220922677063 0.23349275750614232 0.0192956465237167 0.03502391362592137
0 0.3825860948667966 0.3451314821887666 0.02129174788823914 0.03648324336033473
0 0.3519792072774529 0.4574998717385976 0.02129174788823914 0.039401902829161645
0 0.35264457439896035 0.11747604362027785 0.02262248213125405 0.042320562297988286
0 0.22888628979857048 0.23130376290452223 0.02129174788823911 0.039401902829161506
0 0.32137231968810914 0.564030942350775 0.01996101364522417 0.03940190282916146
0 0.3519792072774529 0.41736830404222935 0.01996101364522417 0.03794257309474814
0 0.4760701754385965 0.15687794644943934 0.019295646523716653 0.039401902829161506
0 0.2591604938271605 0.5625716126163617 0.020626380766731622 0.03648324336033482
0 0.3825860948667966 0.30718890909401847 0.01996101364522417 0.03648324336033473
0 0.32170500324886286 0.418097968909436 0.021957115009746595 0.036483243360334774
0 0.475404808317089 0.34732047679038663 0.020626380766731622 0.0379425730947481
0 0.3825860948667966 0.26997600086647705 0.01996101364522417 0.03794257309474814
0 0.1360675763482781 0.26924633599927034 0.02062638076673164 0.039401902829161554
0 0.4447979207277453 0.2707056657336837 0.021957115009746595 0.036483243360334774
0 0.475404808317089 0.31010756856284527 0.020626380766731622 0.036483243360334774
0 0.259825860948668 0.418097968909436 0.019295646523716684 0.036483243360334774
0 0.2594931773879142 0.3042702496251917 0.01863027940220923 0.036483243360334684
0 0.16700714749837559 0.23349275750614232 0.01996101364522417 0.0379425730947481
0 0.259825860948668 0.45312188253535735 0.021957115009746595 0.039401902829161554
0 0.16667446393762184 0.3422128227199398 0.020626380766731657 0.039401902829161554
0 0.32170500324886286 0.4545812122697708 0.021957115009746595 0.03940190282916146
0 0.22888628979857048 0.26997600086647705 0.02129174788823911 0.03502391362592137
0 0.2285536062378168 0.49179412049731214 0.019295646523716684 0.03794257309474805
0 0.2288862897985705 0.38088506068189465 0.01996101364522417 0.03502391362592137
0 0.2288862897985705 0.5654902720851883 0.01996101364522417 0.03648324336033473
0 0.3526445743989604 0.23276309263893558 0.01996101364522417 0.039401902829161506
0 0.259825860948668 0.1539592869806126 0.020626380766731657 0.039401902829161485
0 0.32237037037037036 0.19627984927860087 0.020626380766731622 0.036483243360334754
0 0.16700714749837559 0.3801553958146879 0.02262248213125405 0.039401902829161506
0 0.3526445743989604 0.19482051954418747 0.01996101364522417 0.039401902829161534
0 0.1360675763482781 0.418097968909436 0.02062638076673164 0.03940190282916146
0 0.475404808317089 0.19627984927860084 0.020626380766731622 0.039401902829161506
0 0.4454632878492527 0.34367215245435323 0.021957115009746595 0.03648324336033473
0 0.22888628979857048 0.3071889090940184 0.02129174788823911 0.039401902829161506
0 0.2591604938271605 0.2305740980373155 0.019295646523716715 0.0379425730947481
0 0.32170500324886286 0.11528704901865774 0.021957115009746595 0.046698551501228446
0 0.3519792072774529 0.30718890909401847 0.01996101364522417 0.03648324336033473
0 0.2594931773879142 0.26778700626485696 0.01863027940220923 0.036483243360334774
0 0.3825860948667966 0.19700951414580753 0.01996101364522417 0.03794257309474812
0 0.3519792072774529 0.3451314821887666 0.02129174788823914 0.039401902829161506
0 0.3217050032488629 0.30645924422681176 0.020626380766731622 0.03794257309474814
0 0.32137231968810914 0.38088506068189465 0.01996101364522417 0.0379425730947481
0 0.259825860948668 0.19409085467698076 0.019295646523716684 0.03794257309474812
0 0.3526445743989604 0.382344390416308 0.01996101364522417 0.03502391362592132
0 0.3832514619883041 0.23422242237334898 0.01996101364522417 0.03648324336033473
0 0.259825860948668 0.3422128227199398 0.019295646523716684 0.042320562297988286
0 0.32237037037037036 0.15833727618385274 0.020626380766731622 0.039401902829161506
0 0.2591604938271605 0.38088506068189465 0.020626380766731622 0.0379425730947481
0 0.259825860948668 0.49179412049731214 0.020626380766731657 0.03794257309474805
0 0.32137231968810914 0.34367215245435323 0.01996101364522417 0.03648324336033473
0 0.32237037037037036 0.2707056657336837 0.019295646523716715 0.036483243360334774
0 0.32203768680961664 0.23349275750614232 0.01996101364522417 0.0379425730947481
0 0.3825860948667966 0.3816147255491013 0.02262248213125405 0.042320562297988286
