0 0.266613 0.836452 0.035370 0.045253
0 0.485674 0.348508 0.049127 0.041465
0 0.481924 0.311911 0.046247 0.045727
0 0.487825 0.379606 0.045821 0.040833
0 0.496605 0.493186 0.045394 0.035939
0 0.904905 0.421832 0.037432 0.044043
0 0.467776 0.149605 0.043617 0.040412
0 0.890401 0.255449 0.039636 0.044464
0 0.802972 0.441302 0.034410 0.046674
0 0.478049 0.280312 0.043333 0.037150
0 0.239312 0.548963 0.035228 0.043622
0 0.531798 0.742682 0.025701 0.033782
0 0.229607 0.424781 0.038498 0.031414
0 0.470548 0.181414 0.044044 0.045306
0 0.473392 0.214038 0.045394 0.035939
0 0.943012 0.833293 0.035939 0.051778
0 0.262027 0.796697 0.037716 0.047305
0 0.836352 0.811377 0.036330 0.043832
0 0.278735 0.962660 0.040489 0.054251
0 0.275180 0.921880 0.037432 0.044043
0 0.828958 0.726554 0.036898 0.050357
0 0.940417 0.790671 0.037289 0.042412
0 0.734899 0.829926 0.034268 0.045043
0 0.390656 0.479426 0.039529 0.055672
0 0.585154 0.313752 0.040489 0.054251
0 0.825474 0.686589 0.036472 0.045464
0 0.092571 0.664885 0.035796 0.050147
0 0.592477 0.397760 0.035086 0.041991
0 0.683106 0.839818 0.036187 0.042201
0 0.911872 0.501762 0.037432 0.044043
0 0.475756 0.247583 0.045288 0.047147
0 0.788682 0.277365 0.036756 0.048726
0 0.916458 0.541516 0.035654 0.048516
0 0.919870 0.580665 0.033166 0.044832
0 0.145804 0.652230 0.036756 0.048726
0 0.255806 0.712479 0.035370 0.045253
0 0.822061 0.647440 0.036756 0.048726
0 0.271554 0.880284 0.040631 0.055882
0 0.672371 0.716662 0.036330 0.043832
0 0.068363 0.374319 0.037432 0.044043
0 0.900319 0.382078 0.037858 0.048936
0 0.838662 0.850736 0.036614 0.047095
0 0.247594 0.631129 0.037574 0.045674
0 0.059725 0.288075 0.040489 0.054251
0 0.928509 0.666909 0.039493 0.042833
0 0.210713 0.214459 0.037467 0.056882
0 0.107874 0.229956 0.036756 0.048726
0 0.569265 0.735526 0.033166 0.044832
0 0.716432 0.624498 0.035370 0.045253
0 0.701039 0.460771 0.035796 0.050147
0 0.931992 0.706874 0.038285 0.053830
0 0.811041 0.521021 0.036614 0.047095
0 0.063778 0.334564 0.042266 0.049778
0 0.251220 0.672725 0.037716 0.047305
0 0.897582 0.337825 0.035370 0.045253
0 0.814881 0.565064 0.036614 0.047095
0 0.771157 0.654675 0.038818 0.047516
0 0.381911 0.353402 0.034268 0.045043
0 0.908388 0.461797 0.037574 0.045674
0 0.832868 0.771412 0.036756 0.048726
0 0.137592 0.570880 0.036472 0.045464
0 0.785590 0.820243 0.036472 0.045464
0 0.875613 0.085802 0.040204 0.050989
0 0.817262 0.605239 0.036756 0.048726
0 0.260747 0.756312 0.038143 0.052199
0 0.779582 0.738472 0.037041 0.051988
0 0.583911 0.903541 0.040062 0.049357
0 0.654383 0.510313 0.033699 0.038518
0 0.142320 0.612265 0.034410 0.046674
0 0.078406 0.495949 0.038960 0.049147
0 0.738596 0.872337 0.036756 0.048726
0 0.772365 0.103036 0.034837 0.051567
0 0.710211 0.540280 0.033308 0.046463
0 0.730384 0.790987 0.038676 0.045885
0 0.724306 0.708400 0.036614 0.047095
0 0.534321 0.321803 0.035228 0.043622
0 0.169603 0.353323 0.033593 0.049726
0 0.934801 0.751942 0.039778 0.046095
0 0.055122 0.241691 0.041449 0.052830
0 0.646172 0.428963 0.035903 0.038939
0 0.686607 0.295203 0.037574 0.045674
0 0.089639 0.624815 0.036472 0.045464
0 0.668674 0.674250 0.037183 0.053620
0 0.214410 0.256871 0.033841 0.040149
0 0.387030 0.437830 0.034410 0.046674
0 0.110611 0.274209 0.041449 0.052830
0 0.679693 0.800669 0.038676 0.045885
0 0.807558 0.481056 0.036472 0.045464
0 0.924883 0.625313 0.040489 0.054251
0 0.130483 0.489319 0.036756 0.048726
0 0.520351 0.148684 0.038285 0.053830
0 0.782177 0.781094 0.036472 0.045464
0 0.526038 0.239637 0.035939 0.051778
0 0.826895 0.137396 0.039245 0.052409
0 0.564537 0.694141 0.035512 0.046884
0 0.576445 0.817902 0.039636 0.044464
0 0.579040 0.860524 0.038000 0.050568
0 0.762875 0.572509 0.036756 0.048726
0 0.793267 0.317119 0.034410 0.046674
0 0.794547 0.357505 0.036472 0.045464
0 0.315046 0.190386 0.037041 0.051988
0 0.835533 0.223640 0.034268 0.045043
0 0.126786 0.446908 0.034268 0.045043
0 0.384772 0.392656 0.033450 0.048095
0 0.790389 0.862444 0.041449 0.052830
0 0.225572 0.384921 0.036756 0.048726
0 0.887131 0.217931 0.039920 0.047726
0 0.665190 0.634285 0.036472 0.045464
0 0.639542 0.346481 0.037716 0.047305
0 0.740586 0.329669 0.036472 0.045464
0 0.243897 0.588718 0.035654 0.048516
0 0.233091 0.464745 0.040347 0.052620
0 0.755765 0.490949 0.036756 0.048726
0 0.760351 0.530703 0.036614 0.047095
0 0.719578 0.667015 0.036472 0.045464
0 0.595818 0.436093 0.033308 0.046463
0 0.781359 0.193357 0.038818 0.047516
0 0.765470 0.615131 0.038960 0.049147
0 0.082867 0.540702 0.038000 0.050568
0 0.263804 0.200173 0.040347 0.052620
0 0.366838 0.180493 0.039245 0.052409
0 0.085942 0.582404 0.038960 0.049147
0 0.135211 0.530705 0.038818 0.047516
0 0.531193 0.285916 0.035512 0.046884
0 0.326972 0.320777 0.035370 0.045253
0 0.831836 0.181228 0.038676 0.045885
0 0.822985 0.092538 0.036898 0.050357
0 0.492908 0.450774 0.042693 0.054672
0 0.846696 0.351690 0.037183 0.053620
0 0.785056 0.235769 0.038818 0.047516
0 0.705074 0.500631 0.036187 0.042201
0 0.114664 0.320699 0.039102 0.050778
0 0.676547 0.758152 0.040347 0.052620
0 0.712735 0.582086 0.035654 0.048516
0 0.123089 0.404496 0.036472 0.045464
0 0.799275 0.398890 0.034694 0.049936
0 0.321835 0.281128 0.036614 0.047095
0 0.070816 0.415310 0.040204 0.050989
0 0.879666 0.132292 0.040062 0.049357
0 0.630904 0.260238 0.036081 0.053409
0 0.560875 0.613580 0.037716 0.047305
0 0.727789 0.748365 0.036756 0.048726
0 0.882883 0.175624 0.039102 0.050778
0 0.686803 0.882230 0.041733 0.056093
0 0.697342 0.418360 0.035228 0.043622
0 0.893885 0.295413 0.040062 0.049357
0 0.563257 0.653755 0.035654 0.048516
0 0.431713 0.346377 0.034694 0.049936
0 0.747340 0.407152 0.038818 0.047516
0 0.218107 0.299283 0.036898 0.050357
0 0.075544 0.456695 0.037858 0.048936
0 0.773681 0.696482 0.041164 0.049568
0 0.119605 0.364531 0.036614 0.047095
0 0.581315 0.269709 0.036081 0.053409
0 0.777733 0.151762 0.036756 0.048726
0 0.545483 0.449853 0.035370 0.045253
0 0.743856 0.367187 0.038676 0.045885
0 0.572962 0.777938 0.040347 0.052620
0 0.281400 0.414888 0.038000 0.050568
0 0.328803 0.361058 0.036898 0.050357
0 0.839230 0.266052 0.036756 0.048726
0 0.552451 0.529783 0.035370 0.045253
0 0.661706 0.594321 0.036898 0.050357
0 0.370820 0.226167 0.038960 0.049147
0 0.524403 0.195173 0.038143 0.052199
0 0.690019 0.334352 0.035370 0.045253
0 0.752068 0.448537 0.036472 0.045464
0 0.547865 0.490028 0.037716 0.047305
0 0.842643 0.305201 0.036756 0.048726
0 0.235899 0.509814 0.038000 0.050568
0 0.635916 0.304885 0.037858 0.048936
0 0.555046 0.572405 0.037858 0.048936
0 0.267856 0.246663 0.040204 0.050989
0 0.733050 0.243215 0.034837 0.051567
0 0.372313 0.268999 0.038960 0.049147
0 0.736960 0.288073 0.036898 0.050357
0 0.692064 0.377080 0.037041 0.051988
0 0.656694 0.549673 0.038960 0.049147
0 0.428905 0.301308 0.037041 0.051988
0 0.332642 0.405101 0.036614 0.047095
0 0.590166 0.358400 0.040347 0.052620
0 0.682697 0.250345 0.036081 0.053409
0 0.537947 0.363399 0.033450 0.048095
0 0.271695 0.290705 0.039920 0.047726
0 0.277916 0.374923 0.040062 0.049357
0 0.221733 0.340878 0.036756 0.048726
0 0.317996 0.237086 0.039387 0.054041
0 0.649798 0.470559 0.039387 0.054041
0 0.337441 0.447302 0.037183 0.053620
0 0.274841 0.333222 0.041306 0.051199
0 0.378214 0.310990 0.036756 0.048726
0 0.643239 0.388893 0.038000 0.050568
0 0.540684 0.407652 0.035654 0.048516
