0 0.5166270783847982 0.243614931237721 0.04513064133016631 0.035363457760314326
0 0.680522565320665 0.25343811394891946 0.03562945368171022 0.03143418467583495
0 0.5166270783847982 0.32612966601178783 0.04750593824228033 0.03929273084479373
0 0.517814726840855 0.36051080550098236 0.049881235154394354 0.041257367387033395
0 0.5279097387173397 0.8005893909626719 0.02256532066508321 0.037328094302554016
0 0.8586698337292162 0.40962671905697445 0.02375296912114011 0.041257367387033395
0 0.516627078384798 0.16110019646365423 0.04988123515439424 0.035363457760314354
0 0.12767220902612827 0.30157170923379173 0.034441805225653224 0.04911591355599215
0 0.8574821852731591 0.8074656188605108 0.02375296912114011 0.03929273084479368
0 0.29334916864608074 0.7524557956777996 0.03562945368171022 0.047151277013752324
0 0.9002375296912114 0.3113948919449902 0.03562945368171011 0.04911591355599221
0 0.7903800475059383 0.7573673870333988 0.03444180522565321 0.05304518664047153
0 0.515439429928741 0.20333988212180748 0.04750593824228033 0.0530451866404715
0 0.8586698337292162 0.8536345776031434 0.028503562945368155 0.045186640471512884
0 0.40439429928741094 0.25343811394891946 0.03681710213776723 0.04322200392927311
0 0.13954869358669836 0.8035363457760314 0.02494061757719715 0.04322200392927311
0 0.29572446555819476 0.35461689587426326 0.03800475059382419 0.056974459724950854
0 0.07304038004750595 0.3506876227897839 0.03919239904988123 0.056974459724950854
0 0.14014251781472686 0.8516699410609037 0.02612826603325416 0.045186640471512884
0 0.5166270783847982 0.12180746561886051 0.04750593824228033 0.04715127701375246
0 0.517814726840855 0.2819253438113949 0.04513064133016631 0.0491159135559921
0 0.5160332541567696 0.5491159135559922 0.0344418052256531 0.04518664047151277
0 0.07304038004750593 0.29862475442043224 0.0344418052256532 0.04322200392927311
0 0.516627078384798 0.07956777996070727 0.04988123515439424 0.04518664047151277
0 0.6258907363420427 0.30844793713163066 0.0332541567695962 0.04322200392927311
0 0.5724465558194773 0.3575638506876228 0.03562945368171022 0.05108055009823176
0 0.12885985748218526 0.35363457760314343 0.034441805225653196 0.05108055009823176
0 0.4067695961995249 0.20530451866404714 0.03681710213776718 0.0530451866404715
0 0.6817102137767221 0.20530451866404714 0.03562945368171022 0.0530451866404715
0 0.5700712589073633 0.7554027504911591 0.03562945368171022 0.05304518664047142
0 0.07185273159144893 0.6473477406679764 0.039192399049881234 0.05304518664047131
0 0.3503562945368171 0.3045186640471513 0.0332541567695962 0.05108055009823187
0 0.6817102137767221 0.1512770137524558 0.03562945368171022 0.05893909626719056
0 0.7903800475059383 0.7072691552062869 0.03444180522565321 0.047151277013752435
0 0.8450118764845606 0.7573673870333988 0.03444180522565321 0.0491159135559921
0 0.5724465558194773 0.306483300589391 0.03562945368171022 0.04715127701375249
0 0.9560570071258907 0.2111984282907662 0.0332541567695962 0.04911591355599215
0 0.5724465558194775 0.2544204322200393 0.03325415676959609 0.05697445972495088
0 0.7903800475059383 0.6532416502946954 0.03444180522565321 0.05697445972495074
0 0.9572446555819478 0.26227897838899805 0.03562945368171022 0.05304518664047153
0 0.07422802850356294 0.24656188605108054 0.03919239904988123 0.0530451866404715
0 0.2921615201900237 0.7023575638506876 0.035629453681710166 0.05304518664047164
0 0.7915676959619953 0.3595284872298625 0.03444180522565321 0.05500982318271114
0 0.29572446555819476 0.30353634577603145 0.035629453681710166 0.04518664047151277
0 0.12648456057007126 0.7013752455795678 0.03444180522565321 0.05108055009823187
0 0.5712589073634204 0.7043222003929273 0.03562945368171022 0.05304518664047142
0 0.9008313539192399 0.2612966601178782 0.03444180522565321 0.051080550098231814
0 0.23752969121140144 0.7023575638506876 0.038004750593824244 0.05304518664047164
0 0.1823040380047506 0.7524557956777996 0.03681710213776723 0.047151277013752324
0 0.832541567695962 0.5058939096267191 0.02375296912114022 0.041257367387033395
0 0.8610451306413303 0.4577603143418467 0.02375296912114011 0.03929273084479373
0 0.8331353919239906 0.4577603143418467 0.02256532066508321 0.03929273084479373
0 0.8450118764845606 0.7043222003929273 0.03444180522565321 0.05304518664047142
0 0.3497624703087886 0.2524557956777996 0.03444180522565321 0.0530451866404715
0 0.6270783847980999 0.2583497053045187 0.03562945368171022 0.05304518664047153
0 0.8610451306413303 0.5078585461689588 0.02375296912114011 0.04518664047151272
0 0.23752969121140144 0.7534381139489195 0.038004750593824244 0.05304518664047153
0 0.5700712589073633 0.6493123772102162 0.03562945368171022 0.056974459724950854
0 0.29572446555819476 0.6483300589390963 0.035629453681710166 0.05893909626719063
0 0.9572446555819478 0.15422396856581533 0.03562945368171022 0.06090373280943022
0 0.07185273159144893 0.7003929273084479 0.039192399049881234 0.05304518664047164
0 0.7915676959619953 0.3074656188605108 0.03681710213776723 0.04911591355599221
0 0.12648456057007126 0.6483300589390963 0.03681710213776723 0.05500982318271108
0 0.07244655581947744 0.7524557956777996 0.040380047505938245 0.05108055009823187
0 0.23990498812351546 0.30353634577603145 0.03325415676959623 0.04911591355599221
0 0.12648456057007124 0.7544204322200393 0.03919239904988123 0.05500982318271119
0 0.1828978622327791 0.3526522593320236 0.03562945368171022 0.053045186640471476
0 0.46140142517814725 0.30451866404715133 0.03681710213776723 0.04715127701375249
0 0.7333729216152018 0.25343811394891946 0.0344418052256531 0.05500982318271122
0 0.46080760095011875 0.25245579567779963 0.03562945368171022 0.05697445972495088
0 0.46140142517814725 0.35461689587426326 0.03681710213776723 0.056974459724950854
0 0.9002375296912113 0.2082514734774067 0.0332541567695962 0.05500982318271119
0 0.7339667458432304 0.36051080550098236 0.03562945368171011 0.056974459724950854
0 0.8450118764845606 0.2583497053045187 0.03444180522565321 0.05304518664047153
0 0.23871733966745845 0.35363457760314343 0.03562945368171025 0.05108055009823176
0 0.3509501187648456 0.20039292730844793 0.03444180522565321 0.05500982318271119
0 0.8461995249406176 0.6512770137524558 0.03444180522565321 0.05304518664047153
0 0.7333729216152018 0.306483300589391 0.0344418052256531 0.05108055009823187
0 0.1846793349168646 0.2504911591355599 0.03681710213776723 0.0530451866404715
0 0.29453681710213775 0.24852652259332025 0.035629453681710166 0.05697445972495088
0 0.6811163895486936 0.3035363457760315 0.03681710213776723 0.05697445972495091
0 0.845605700712589 0.362475442043222 0.0332541567695962 0.053045186640471476
0 0.1823040380047506 0.6473477406679764 0.03681710213776723 0.05304518664047131
0 0.4067695961995249 0.1473477406679764 0.03681710213776718 0.06286836935166998
0 0.7915676959619953 0.25638506876227896 0.03681710213776723 0.05697445972495091
0 0.1823040380047506 0.7003929273084479 0.03681710213776723 0.05304518664047164
0 0.40439429928741094 0.3035363457760315 0.039192399049881255 0.05697445972495091
0 0.23752969121140144 0.6473477406679764 0.038004750593824244 0.05304518664047131
0 0.5154394299287411 0.5019646365422397 0.0427553444180524 0.04911591355599215
0 0.1828978622327791 0.3015717092337918 0.03562945368171022 0.05304518664047153
0 0.5160332541567696 0.449901768172888 0.0439429928741093 0.05500982318271119
0 0.12885985748218526 0.24852652259332025 0.03919239904988123 0.05697445972495088
0 0.23990498812351546 0.24950884086444008 0.03562945368171025 0.05500982318271119
0 0.6270783847980999 0.20235756385068762 0.03562945368171022 0.05893909626719057
0 0.8450118764845606 0.3094302554027505 0.03444180522565321 0.05304518664047159
