0 0.923740 0.367089 0.035809 0.055696
0 0.864721 0.468354 0.034483 0.050633
0 0.923077 0.822785 0.034483 0.050633
0 0.866048 0.511392 0.037135 0.065823
0 0.527188 0.474684 0.022546 0.037975
0 0.805703 0.318987 0.035809 0.045570
0 0.923740 0.467089 0.035809 0.053165
0 0.528515 0.630380 0.019894 0.035443
0 0.529178 0.920253 0.021220 0.037975
0 0.864721 0.673418 0.034483 0.050633
0 0.923077 0.567089 0.037135 0.055696
0 0.865385 0.718987 0.033156 0.050633
0 0.397215 0.273418 0.035809 0.045570
0 0.102122 0.168354 0.034483 0.053165
0 0.864721 0.267089 0.034483 0.053165
0 0.923740 0.927848 0.035809 0.053165
0 0.527188 0.596203 0.022546 0.032911
0 0.924403 0.513924 0.037135 0.050633
0 0.525862 0.440506 0.025199 0.030380
0 0.923077 0.768354 0.037135 0.053165
0 0.921751 0.874684 0.037135 0.058228
0 0.924403 0.721519 0.037135 0.045570
0 0.747347 0.078481 0.038462 0.070886
0 0.805703 0.213924 0.035809 0.053165
0 0.806366 0.273418 0.037135 0.060759
0 0.923077 0.620253 0.037135 0.050633
0 0.102785 0.221519 0.030504 0.043038
0 0.866711 0.769620 0.035809 0.055696
0 0.102785 0.521519 0.035809 0.045570
0 0.923740 0.264557 0.033156 0.048101
0 0.396552 0.312658 0.034483 0.053165
0 0.281167 0.468354 0.034483 0.050633
0 0.220822 0.621519 0.030504 0.037975
0 0.528515 0.882278 0.022546 0.037975
0 0.864721 0.822785 0.034483 0.050633
0 0.923077 0.669620 0.037135 0.058228
0 0.104111 0.568354 0.035809 0.053165
0 0.278515 0.674684 0.034483 0.053165
0 0.923740 0.213924 0.033156 0.048101
0 0.103448 0.874684 0.034483 0.053165
0 0.221485 0.522785 0.034483 0.037975
0 0.102785 0.827848 0.033156 0.050633
0 0.866048 0.313924 0.034483 0.050633
0 0.688992 0.822785 0.035809 0.040506
0 0.923740 0.160759 0.038462 0.058228
0 0.163130 0.168354 0.031830 0.043038
0 0.864058 0.924051 0.035809 0.050633
0 0.864721 0.621519 0.037135 0.053165
0 0.864058 0.568354 0.035809 0.053165
0 0.806366 0.468354 0.034483 0.045570
0 0.454907 0.822785 0.031830 0.040506
0 0.864058 0.874684 0.035809 0.053165
0 0.689655 0.113924 0.031830 0.055696
0 0.748674 0.318987 0.033156 0.045570
0 0.279178 0.624051 0.035809 0.058228
0 0.455570 0.267089 0.035809 0.053165
0 0.281167 0.321519 0.031830 0.045570
0 0.102785 0.775949 0.033156 0.053165
0 0.280504 0.822785 0.033156 0.050633
0 0.281167 0.775949 0.031830 0.053165
0 0.748674 0.268354 0.033156 0.050633
0 0.690318 0.313924 0.035809 0.045570
0 0.103448 0.724051 0.034483 0.050633
0 0.163130 0.774684 0.034483 0.050633
0 0.280504 0.421519 0.033156 0.053165
0 0.396552 0.874684 0.034483 0.053165
0 0.338196 0.568354 0.034483 0.053165
0 0.338196 0.929114 0.039788 0.050633
0 0.689655 0.268354 0.034483 0.050633
0 0.279841 0.569620 0.037135 0.055696
0 0.397215 0.222785 0.038462 0.055696
0 0.339523 0.821519 0.037135 0.053165
0 0.688992 0.773418 0.035809 0.048101
0 0.631300 0.520253 0.034483 0.053165
0 0.339523 0.668354 0.034483 0.050633
0 0.279841 0.929114 0.037135 0.055696
0 0.222149 0.673418 0.035809 0.060759
0 0.631963 0.167089 0.033156 0.045570
0 0.631300 0.822785 0.034483 0.050633
0 0.572944 0.520253 0.031830 0.053165
0 0.102785 0.369620 0.035809 0.050633
0 0.162467 0.322785 0.035809 0.048101
0 0.397215 0.927848 0.035809 0.053165
0 0.221485 0.824051 0.034483 0.053165
0 0.220822 0.420253 0.035809 0.045570
0 0.688992 0.720253 0.035809 0.053165
0 0.338196 0.268354 0.034483 0.045570
0 0.631300 0.467089 0.034483 0.053165
0 0.338196 0.313924 0.034483 0.050633
0 0.748011 0.415190 0.037135 0.060759
0 0.689655 0.873418 0.037135 0.055696
0 0.396552 0.721519 0.034483 0.055696
0 0.456233 0.622785 0.034483 0.045570
0 0.220822 0.320253 0.035809 0.053165
0 0.455570 0.669620 0.035809 0.048101
0 0.162467 0.722785 0.035809 0.053165
0 0.338196 0.621519 0.034483 0.053165
0 0.338196 0.875949 0.034483 0.055696
0 0.102122 0.321519 0.034483 0.055696
0 0.806366 0.420253 0.037135 0.055696
0 0.337533 0.421519 0.038462 0.053165
0 0.397215 0.568354 0.033156 0.048101
0 0.279841 0.221519 0.037135 0.048101
0 0.338196 0.168354 0.034483 0.053165
0 0.689655 0.520253 0.034483 0.048101
0 0.397878 0.113924 0.034483 0.050633
0 0.571618 0.878481 0.034483 0.055696
0 0.689655 0.364557 0.037135 0.055696
0 0.280504 0.169620 0.033156 0.050633
0 0.338196 0.113924 0.039788 0.055696
0 0.397215 0.521519 0.033156 0.055696
0 0.220822 0.269620 0.035809 0.048101
0 0.103448 0.674684 0.037135 0.058228
0 0.689655 0.568354 0.034483 0.053165
0 0.571618 0.774684 0.034483 0.060759
0 0.631300 0.265823 0.034483 0.050633
0 0.571618 0.829114 0.034483 0.053165
0 0.162467 0.669620 0.035809 0.053165
0 0.161804 0.277215 0.034483 0.053165
0 0.631963 0.568354 0.035809 0.053165
0 0.220822 0.573418 0.035809 0.058228
0 0.456233 0.167089 0.031830 0.045570
0 0.337533 0.220253 0.035809 0.050633
0 0.631300 0.621519 0.034483 0.053165
0 0.572944 0.365823 0.031830 0.048101
0 0.396552 0.167089 0.037135 0.055696
0 0.570955 0.467089 0.033156 0.053165
0 0.396552 0.621519 0.034483 0.053165
0 0.631300 0.318987 0.034483 0.055696
0 0.456233 0.418987 0.034483 0.053165
0 0.338196 0.368354 0.034483 0.053165
0 0.162467 0.222785 0.035809 0.060759
0 0.572944 0.413924 0.034483 0.053165
0 0.631963 0.113924 0.035809 0.055696
0 0.220822 0.473418 0.038462 0.060759
0 0.571618 0.115190 0.037135 0.058228
0 0.397215 0.467089 0.035809 0.053165
0 0.527188 0.567089 0.022546 0.030380
0 0.513926 0.325316 0.041114 0.043038
0 0.527188 0.506329 0.022546 0.035443
0 0.513926 0.116456 0.035809 0.025316
0 0.513926 0.777215 0.033156 0.040506
0 0.513263 0.070886 0.037135 0.060759
0 0.513926 0.241772 0.033156 0.053165
0 0.527188 0.539241 0.022546 0.030380
0 0.513926 0.188608 0.035809 0.053165
0 0.924403 0.315190 0.037135 0.048101
0 0.923077 0.417722 0.031830 0.045570
0 0.513926 0.145570 0.030504 0.032911
0 0.514589 0.363291 0.031830 0.032911
0 0.514589 0.388608 0.029178 0.012658
0 0.512599 0.802532 0.033156 0.010127
0 0.456233 0.775949 0.034483 0.053165
0 0.103448 0.930380 0.037135 0.053165
0 0.454907 0.318987 0.034483 0.050633
0 0.631300 0.415190 0.034483 0.050633
0 0.278515 0.722785 0.034483 0.048101
0 0.221485 0.168354 0.034483 0.037975
0 0.749337 0.367089 0.034483 0.045570
0 0.162467 0.824051 0.035809 0.048101
0 0.397215 0.821519 0.035809 0.053165
0 0.806366 0.515190 0.037135 0.063291
0 0.865385 0.215190 0.033156 0.050633
0 0.102785 0.618987 0.033156 0.048101
0 0.454244 0.721519 0.033156 0.055696
0 0.455570 0.520253 0.033156 0.053165
0 0.279841 0.874684 0.031830 0.053165
0 0.866048 0.167089 0.034483 0.055696
0 0.807029 0.167089 0.035809 0.055696
0 0.807029 0.365823 0.035809 0.053165
0 0.222149 0.727848 0.035809 0.048101
0 0.222149 0.930380 0.038462 0.053165
0 0.102122 0.268354 0.034483 0.050633
0 0.397215 0.769620 0.035809 0.050633
0 0.454244 0.929114 0.038462 0.050633
0 0.338196 0.521519 0.034483 0.045570
0 0.571618 0.668354 0.034483 0.050633
0 0.571618 0.930380 0.034483 0.043038
0 0.747347 0.221519 0.035809 0.048101
0 0.338196 0.769620 0.034483 0.050633
0 0.162467 0.468354 0.033156 0.050633
0 0.570955 0.721519 0.030504 0.045570
0 0.690318 0.222785 0.033156 0.045570
0 0.573607 0.313924 0.033156 0.050633
0 0.631963 0.368354 0.033156 0.053165
0 0.279841 0.367089 0.037135 0.055696
0 0.103448 0.418987 0.034483 0.048101
0 0.221485 0.877215 0.034483 0.053165
0 0.396552 0.413924 0.034483 0.043038
0 0.573607 0.267089 0.035809 0.053165
0 0.688329 0.668354 0.034483 0.050633
0 0.339523 0.721519 0.034483 0.055696
0 0.221485 0.775949 0.034483 0.053165
0 0.455570 0.368354 0.033156 0.053165
0 0.162467 0.877215 0.035809 0.058228
0 0.162467 0.421519 0.030504 0.048101
0 0.161804 0.520253 0.034483 0.053165
0 0.864721 0.365823 0.034483 0.053165
0 0.631300 0.929114 0.034483 0.050633
0 0.572944 0.167089 0.037135 0.045570
0 0.102785 0.469620 0.035809 0.053165
0 0.279841 0.520253 0.034483 0.053165
0 0.571618 0.624051 0.034483 0.048101
0 0.456897 0.113924 0.038462 0.055696
0 0.631963 0.213924 0.033156 0.048101
0 0.454244 0.875949 0.035809 0.055696
0 0.572944 0.569620 0.034483 0.055696
0 0.864721 0.420253 0.034483 0.055696
0 0.688992 0.621519 0.033156 0.053165
0 0.163130 0.622785 0.031830 0.045570
0 0.396552 0.674684 0.034483 0.048101
0 0.688992 0.929114 0.035809 0.050633
0 0.630637 0.669620 0.033156 0.048101
0 0.630637 0.775949 0.035809 0.053165
0 0.631300 0.875949 0.034483 0.055696
0 0.161804 0.122785 0.034483 0.053165
0 0.455570 0.215190 0.033156 0.050633
0 0.162467 0.573418 0.033156 0.053165
0 0.690318 0.415190 0.035809 0.050633
0 0.747347 0.168354 0.035809 0.063291
0 0.220822 0.368354 0.035809 0.053165
0 0.456233 0.574684 0.034483 0.055696
0 0.689655 0.167089 0.034483 0.055696
0 0.279841 0.269620 0.037135 0.053165
0 0.689655 0.467089 0.034483 0.053165
0 0.572944 0.218987 0.037135 0.053165
0 0.222149 0.118987 0.035809 0.060759
0 0.396552 0.367089 0.034483 0.055696
0 0.337533 0.469620 0.038462 0.053165
0 0.630637 0.721519 0.033156 0.055696
0 0.281167 0.113924 0.037135 0.055696
0 0.221485 0.220253 0.034483 0.055696
0 0.455570 0.468354 0.035809 0.050633
0 0.161804 0.369620 0.034483 0.050633
