0 0.3154235423542355 0.20493945305311204 0.021122112211221077 0.03926043161937012
0 0.3147194719471947 0.5622093807893801 0.02112211221122114 0.040830848884144864
0 0.2179097909790979 0.07459482007680322 0.023234323432343256 0.04554210067846933
0 0.3471067106710671 0.2465555105696443 0.02393839383938396 0.040830848884144955
0 0.3478107810781078 0.12406296391720957 0.022530253025302552 0.04083084888414491
0 0.5086908690869087 0.2041542444207246 0.023234323432343256 0.040830848884144934
0 0.5086908690869087 0.11699608622572294 0.023234323432343256 0.04554210067846934
0 0.3147194719471947 0.48525893481541466 0.022530253025302486 0.040830848884144955
0 0.4777117711771177 0.4012416111499626 0.020418041804180435 0.0392604316193701
0 0.2172057205720572 0.20493945305311198 0.023234323432343256 0.042401266148919696
0 0.3471067106710671 0.16332339553657968 0.02112211221122114 0.03769001435459536
0 0.11898789878987896 0.4012416111499626 0.023938393839383912 0.0392604316193701
0 0.41188118811881186 0.2449850933048695 0.02112211221122114 0.03769001435459534
0 0.3471067106710671 0.20336903578833723 0.02112211221122114 0.03926043161937012
0 0.3478107810781078 0.07695044597396543 0.022530253025302552 0.05025335247279374
0 0.4777117711771177 0.6446562871900573 0.023234323432343256 0.042401266148919724
0 0.3161276127612761 0.24184425877531993 0.021122112211221077 0.03769001435459534
0 0.41188118811881186 0.40202681978234994 0.02112211221122114 0.04083084888414491
0 0.1513751375137514 0.20258382715594983 0.02393839383938393 0.040830848884144885
0 0.4777117711771177 0.32429116517599715 0.020418041804180435 0.03926043161937015
0 0.41188118811881186 0.32350595654360975 0.02112211221122114 0.04083084888414491
0 0.4439163916391639 0.11935171212288516 0.021826182618261844 0.04397168341369454
0 0.2502970297029703 0.16410860416896708 0.023234323432343256 0.03926043161937012
0 0.2502970297029703 0.2041542444207246 0.023234323432343256 0.040830848884144934
0 0.11933993399339936 0.16332339553657968 0.020418041804180435 0.040830848884144934
0 0.5421342134213422 0.16253818690419228 0.023938393839383898 0.04554210067846934
0 0.5424862486248625 0.32350595654360975 0.02182618261826178 0.04083084888414491
0 0.02288228822882288 0.16096776963941747 0.021826182618261823 0.0392604316193701
0 0.4763036303630363 0.2465555105696443 0.020418041804180435 0.040830848884144955
0 0.08484048404840486 0.723962359061185 0.02323432343234324 0.03769001435459534
0 0.0858965896589659 0.11621087759333554 0.022530253025302534 0.047112517943244135
0 0.5421342134213422 0.11621087759333554 0.022530253025302486 0.047112517943244135
0 0.5086908690869087 0.1617529782718049 0.020418041804180435 0.040830848884144955
0 0.18411441144114413 0.20101340989117503 0.023234323432343225 0.04083084888414498
0 0.3147194719471947 0.11935171212288516 0.022530253025302486 0.04397168341369454
0 0.3147194719471947 0.07459482007680322 0.02112211221122114 0.04554210067846933
0 0.5424862486248625 0.20258382715594983 0.02182618261826178 0.03769001435459536
0 0.1182838283828383 0.24105905014293255 0.019713971397139717 0.0392604316193701
0 0.054213421342134215 0.201013409891175 0.022530253025302534 0.04711251794324415
0 0.2172057205720572 0.11935171212288516 0.023234323432343256 0.04397168341369454
0 0.3794939493949395 0.11778129485811036 0.02112211221122114 0.037690014354595305
0 0.1182838283828383 0.32272074791122235 0.021122112211221126 0.042401266148919724
0 0.2172057205720572 0.16332339553657968 0.020418041804180435 0.040830848884144934
0 0.47559955995599557 0.2025838271559498 0.021826182618261844 0.043971683413694555
0 0.11722772277227723 0.603040229673525 0.02323432343234324 0.040830848884144864
0 0.5093949394939494 0.32272074791122235 0.020418041804180435 0.042401266148919724
0 0.4777117711771177 0.48368851755063985 0.020418041804180435 0.04083084888414477
0 0.08554455445544555 0.4805476830210902 0.02182618261826183 0.040830848884144864
0 0.18481848184818483 0.07616523734157801 0.023234323432343225 0.04868293520801891
0 0.4777117711771177 0.5237341578023973 0.020418041804180435 0.0392604316193701
0 0.41082508250825084 0.07538002870919062 0.024642464246424665 0.04397168341369453
0 0.1182838283828383 0.36276638816297985 0.022530253025302552 0.03769001435459534
0 0.12039603960396038 0.11935171212288516 0.022530253025302503 0.04083084888414492
0 0.4439163916391639 0.2041542444207246 0.021826182618261844 0.03769001435459531
0 0.41152915291529146 0.28346031629185225 0.020418041804180435 0.0392604316193701
0 0.18481848184818483 0.28110469039469005 0.023234323432343225 0.040830848884144864
0 0.44462046204620465 0.07459482007680322 0.020418041804180435 0.048682935208018946
0 0.5424862486248625 0.28110469039469005 0.020418041804180373 0.040830848884144864
0 0.5421342134213422 0.36276638816297985 0.021122112211221077 0.03769001435459534
0 0.4111771177117712 0.16332339553657968 0.01971397139713973 0.03769001435459536
0 0.2826842684268427 0.35648471910388063 0.026050605060506073 0.04397168341369453
0 0.08660066006600661 0.20179861852356246 0.021122112211221126 0.03926043161937012
0 0.2502970297029703 0.24577030193725688 0.023234323432343256 0.0392604316193701
0 0.24888888888888888 0.3619811795305925 0.023234323432343256 0.03926043161937015
0 0.1182838283828383 0.28031948176230265 0.019713971397139717 0.03611959708982053
0 0.15278327832783276 0.1625381869041923 0.021122112211221126 0.03926043161937017
0 0.4125852585258526 0.5237341578023973 0.02112211221122114 0.0392604316193701
0 0.0858965896589659 0.32272074791122235 0.021122112211221126 0.0392604316193701
0 0.18481848184818483 0.16018256100703007 0.023234323432343225 0.04083084888414491
0 0.5090429042904291 0.4012416111499626 0.01971397139713973 0.0392604316193701
0 0.118987898789879 0.2017986185235624 0.019713971397139717 0.03611959708982051
0 0.18411441144114413 0.32429116517599715 0.021826182618261844 0.03926043161937015
0 0.5093949394939494 0.44128725140172004 0.020418041804180435 0.04083084888414491
0 0.08519251925192521 0.4012416111499626 0.019713971397139717 0.0392604316193701
0 0.3485148514851485 0.3250763738083845 0.01971397139713973 0.03769001435459529
0 0.021474147414741476 0.3235059565436097 0.023234323432343235 0.03769001435459534
0 0.5093949394939494 0.48447372618302725 0.020418041804180435 0.0392604316193701
0 0.0858965896589659 0.24105905014293255 0.021122112211221126 0.0392604316193701
0 0.08554455445544555 0.807979682726637 0.02323432343234324 0.042401266148919814
0 0.5100990099009901 0.5637797980541548 0.023234323432343256 0.03769001435459534
0 0.3161276127612761 0.4028120284147374 0.021122112211221077 0.03611959708982048
0 0.5435423542354235 0.763222790680555 0.025346534653465307 0.03769001435459534
0 0.021474147414741473 0.36276638816297985 0.02182618261826183 0.040830848884144955
0 0.3161276127612761 0.32193553927883495 0.021122112211221077 0.043971683413694486
0 0.020066006600660068 0.4428576686664949 0.020418041804180418 0.03769001435459524
0 0.41223322332233225 0.7216067331640227 0.023234323432343256 0.020415424442072477
0 0.2900770077007701 0.6399450353957329 0.014081408140814126 0.026697093501171717
0 0.28937293729372937 0.6211000282184352 0.014081408140814093 0.017274589912522766
0 0.08660066006600661 0.2803194817623026 0.021122112211221126 0.042401266148919724
0 0.5100990099009901 0.7640079993129425 0.021826182618261844 0.04554210067846925
0 0.28233223322332235 0.394174733458476 0.026754675467546778 0.02826751076594648
0 0.08554455445544555 0.6022550210411377 0.02323432343234324 0.0392604316193701
0 0.1513751375137514 0.44128725140172004 0.021122112211221095 0.04083084888414491
0 0.47841584158415834 0.6807758842798779 0.021826182618261844 0.023556258971622005
0 0.28303630363036303 0.2858159421890144 0.028162816281628186 0.0314083452954961
0 0.28303630363036303 0.25676322279068053 0.028162816281628186 0.026697093501171717
0 0.12039603960396038 0.07538002870919061 0.021122112211221095 0.05025335247279372
0 0.1513751375137514 0.5629945894217675 0.021122112211221095 0.03926043161937019
0 0.25064906490649064 0.07616523734157803 0.01971397139713973 0.04554210067846934
0 0.18446644664466447 0.5221637405376227 0.02112211221122114 0.0392604316193701
0 0.5428382838283828 0.7231771504287975 0.021122112211221077 0.042401266148919724
0 0.11757975797579759 0.5614241721569927 0.022530253025302534 0.042401266148919814
0 0.11793179317931794 0.6839167188094276 0.02182618261826183 0.0392604316193701
0 0.41188118811881186 0.48447372618302725 0.01971397139713973 0.0392604316193701
0 0.3154235423542355 0.4428576686664949 0.021122112211221077 0.04083084888414505
0 0.1513751375137514 0.4797624743887028 0.021122112211221095 0.03611959708982048
0 0.15278327832783278 0.11935171212288516 0.0197139713971397 0.04083084888414492
0 0.18341034103410342 0.6014698124087502 0.021826182618261844 0.03769001435459524
0 0.47806380638063806 0.7208215245316353 0.02112211221122114 0.03769001435459534
0 0.3147194719471947 0.5237341578023974 0.02112211221122114 0.03611959708982058
0 0.08624862486248626 0.3619811795305925 0.02041804180418042 0.03926043161937015
0 0.5100990099009901 0.8087648913590244 0.023234323432343256 0.040830848884144955
0 0.41188118811881186 0.603040229673525 0.02112211221122114 0.040830848884144864
0 0.18341034103410342 0.4405020427693327 0.021826182618261844 0.03926043161937015
0 0.5435423542354235 0.68313151017704 0.021122112211221077 0.03769001435459515
0 0.1182838283828383 0.5221637405376225 0.022530253025302552 0.03611959708982048
0 0.4125852585258526 0.6415154526605077 0.022530253025302552 0.0392604316193701
0 0.28303630363036303 0.12720379844675916 0.028162816281628186 0.028267510765946503
0 0.4439163916391639 0.16332339553657968 0.021826182618261844 0.040830848884144934
0 0.3780858085808581 0.20493945305311198 0.022530253025302552 0.042401266148919696
0 0.3794939493949395 0.16175297827180488 0.022530253025302552 0.04397168341369453
0 0.44462046204620465 0.24262946740770733 0.020418041804180435 0.0392604316193701
0 0.3161276127612761 0.16410860416896708 0.022530253025302486 0.03926043161937012
0 0.41188118811881186 0.20493945305311204 0.022530253025302552 0.04554210067846927
0 0.01865786578657866 0.7624375820481676 0.02464246424642464 0.0392604316193701
0 0.28303630363036303 0.09658066178365049 0.02534653465346537 0.039260431619370116
0 0.251001100110011 0.12170733802004735 0.021826182618261844 0.04554210067846933
0 0.4763036303630363 0.2834603162918522 0.020418041804180435 0.03611959708982053
0 0.020770077007700772 0.5182376973756855 0.02464246424642464 0.040830848884144955
0 0.01865786578657866 0.807979682726637 0.02464246424642464 0.04554210067846934
0 0.019361936193619363 0.6454414958224448 0.023234323432343235 0.040830848884144864
0 0.15207920792079208 0.2402738415105451 0.022530253025302503 0.031408345295496055
0 0.022178217821782177 0.11856650349049776 0.02182618261826183 0.039260431619370116
0 0.2502970297029703 0.2842455249242396 0.020418041804180435 0.03769001435459534
0 0.020066006600660068 0.5622093807893801 0.023234323432343232 0.040830848884144864
0 0.3154235423542355 0.2795342731299153 0.01971397139713967 0.03769001435459529
0 0.5100990099009901 0.6014698124087502 0.020418041804180435 0.03769001435459524
0 0.2495929592959296 0.4035972370471248 0.023234323432343256 0.04397168341369453
0 0.5093949394939494 0.3619811795305925 0.020418041804180435 0.03611959708982053
0 0.1513751375137514 0.27953427312991525 0.022530253025302517 0.040830848884144955
0 0.5435423542354235 0.8040536395646999 0.021122112211221077 0.040830848884144864
0 0.019361936193619363 0.7223919417964102 0.021826182618261823 0.03769001435459524
0 0.28303630363036303 0.06517231648815439 0.026754675467546778 0.0329787625602709
0 0.08800880088008803 0.4397168341369453 0.018305830583058305 0.03769001435459529
0 0.4125852585258526 0.807979682726637 0.022530253025302552 0.042401266148919814
0 0.020066006600660068 0.2795342731299152 0.021826182618261827 0.04397168341369453
0 0.019361936193619363 0.68313151017704 0.021826182618261823 0.03769001435459515
0 0.08484048404840486 0.7632227906805551 0.02323432343234324 0.040830848884144955
0 0.021474147414741476 0.4035972370471248 0.023234323432343235 0.040830848884144955
0 0.020066006600660068 0.4797624743887028 0.021826182618261827 0.03611959708982048
0 0.1506710671067107 0.6046106469382998 0.02393839383938393 0.043971683413694486
0 0.28303630363036303 0.19237611493491358 0.026754675467546778 0.02983792803072129
0 0.4777117711771177 0.44128725140172004 0.021826182618261844 0.04083084888414491
0 0.019361936193619363 0.6022550210411377 0.023234323432343235 0.0392604316193701
0 0.5093949394939494 0.24184425877531993 0.020418041804180435 0.03769001435459534
0 0.3161276127612761 0.36355159679536725 0.021122112211221077 0.03926043161937015
0 0.11722772277227723 0.7231771504287976 0.02323432343234324 0.039260431619370005
0 0.5435423542354235 0.6462267044548321 0.021122112211221077 0.0392604316193701
0 0.021474147414741476 0.2394886328781577 0.023234323432343235 0.0392604316193701
0 0.08554455445544555 0.5629945894217675 0.02323432343234324 0.03926043161937019
0 0.5086908690869087 0.28031948176230265 0.020418041804180435 0.0392604316193701
0 0.47911991199119913 0.7608671647833928 0.020418041804180435 0.042401266148919724
0 0.5093949394939494 0.5245193664347847 0.020418041804180435 0.040830848884144955
0 0.18411441144114413 0.36276638816297985 0.021826182618261844 0.03769001435459534
0 0.28303630363036303 0.16175297827180488 0.026754675467546778 0.03769001435459531
0 0.18341034103410342 0.6399450353957329 0.021826182618261844 0.0392604316193701
0 0.28374037403740376 0.2237844602304096 0.026754675467546778 0.0392604316193701
0 0.41152915291529146 0.3619811795305925 0.020418041804180435 0.03611959708982053
0 0.11757975797579759 0.8064092654618622 0.02393839383938396 0.042401266148919724
0 0.41223322332233225 0.6854871360742022 0.023234323432343256 0.045542100678469435
0 0.18446644664466447 0.4012416111499626 0.02112211221122114 0.0392604316193701
0 0.41188118811881186 0.5629945894217675 0.02112211221122114 0.03926043161937019
0 0.15207920792079205 0.40202681978234994 0.019713971397139717 0.04083084888414491
0 0.3787898789878988 0.24577030193725694 0.01971397139713973 0.03611959708982053
0 0.08554455445544555 0.6407302440281203 0.02323432343234324 0.03769001435459524
0 0.18481848184818483 0.24105905014293255 0.020418041804180435 0.0392604316193701
0 0.022178217821782177 0.20101340989117503 0.02182618261826183 0.03769001435459527
0 0.18341034103410342 0.4805476830210902 0.023234323432343256 0.040830848884144864
0 0.47559955995599557 0.11778129485811036 0.020418041804180435 0.04083084888414492
0 0.1513751375137514 0.5190229060080729 0.021122112211221095 0.042401266148919724
0 0.11793179317931794 0.7616523734157802 0.023234323432343256 0.040830848884144864
0 0.5100990099009901 0.68313151017704 0.021826182618261844 0.03769001435459515
0 0.18341034103410342 0.7255327763259597 0.023234323432343256 0.040830848884144955
0 0.1513751375137514 0.3619811795305925 0.021122112211221095 0.03611959708982053
0 0.4777117711771177 0.5629945894217675 0.020418041804180435 0.03926043161937019
0 0.18481848184818483 0.12170733802004735 0.023234323432343225 0.03926043161937012
0 0.18341034103410342 0.6839167188094274 0.021826182618261844 0.042401266148919724
0 0.3478107810781078 0.28660115082140186 0.01971397139713973 0.0392604316193701
0 0.18376237623762376 0.5622093807893801 0.022530253025302552 0.040830848884144864
0 0.3147194719471947 0.603040229673525 0.02112211221122114 0.040830848884144864
0 0.5435423542354235 0.6069662728354619 0.021122112211221077 0.04240126614891963
0 0.5428382838283828 0.5637797980541548 0.022530253025302486 0.040830848884144955
0 0.08484048404840486 0.6807758842798778 0.02041804180418042 0.042401266148919724
0 0.41223322332233225 0.7608671647833928 0.023234323432343256 0.04868293520801896
0 0.3794939493949395 0.28503073355662706 0.02112211221122114 0.042401266148919724
0 0.41188118811881186 0.11935171212288516 0.022530253025302552 0.04711251794324413
0 0.08554455445544555 0.52294894917001 0.02323432343234324 0.04083084888414477
0 0.118987898789879 0.44128725140172015 0.02112211221122114 0.03769001435459534
0 0.444972497249725 0.3250763738083845 0.01971397139713973 0.03769001435459529
0 0.08695269526952697 0.1617529782718049 0.02041804180418042 0.040830848884144955
0 0.022178217821782177 0.07459482007680322 0.02182618261826183 0.048682935208018946
0 0.4773597359735973 0.36276638816297985 0.01971397139713973 0.03769001435459534
0 0.47841584158415834 0.8032684309323126 0.021826182618261844 0.04554210067846934
0 0.5100990099009901 0.723962359061185 0.021826182618261844 0.04083084888414477
0 0.5097469746974698 0.6415154526605077 0.02112211221122114 0.0392604316193701
0 0.5414301430143015 0.4012416111499626 0.01971397139713967 0.0392604316193701
0 0.2502970297029703 0.32272074791122235 0.020418041804180435 0.0392604316193701
0 0.5424862486248625 0.4829033089182524 0.02182618261826178 0.042401266148919724
0 0.11722772277227723 0.6446562871900574 0.02323432343234324 0.03926043161937019
0 0.4125852585258526 0.4428576686664949 0.02112211221122114 0.04083084888414505
0 0.4763036303630363 0.1617529782718049 0.020418041804180435 0.040830848884144955
0 0.5414301430143015 0.24027384151054512 0.021122112211221077 0.040830848884144955
0 0.5424862486248625 0.4405020427693327 0.02182618261826178 0.03926043161937015
0 0.118987898789879 0.4829033089182524 0.02112211221122114 0.042401266148919724
0 0.4773597359735973 0.6022550210411377 0.01971397139713973 0.0392604316193701
0 0.5428382838283828 0.5237341578023973 0.021122112211221077 0.0392604316193701
0 0.44462046204620465 0.28346031629185225 0.020418041804180435 0.0392604316193701
0 0.15243124312431244 0.07380961144441582 0.023234323432343208 0.05025335247279375
0 0.1513751375137514 0.32272074791122235 0.02393839383938393 0.042401266148919724
