0 0.681466 0.086210 0.041932 0.054896
0 0.120109 0.937256 0.036558 0.047268
0 0.671491 0.356796 0.038430 0.052239
0 0.676364 0.696920 0.042483 0.052207
0 0.923822 0.523265 0.041404 0.051832
0 0.462426 0.686803 0.043562 0.052582
0 0.330665 0.566135 0.038981 0.049550
0 0.310482 0.442428 0.036558 0.047268
0 0.530616 0.491800 0.038981 0.049550
0 0.185372 0.987084 0.044641 0.025832
0 0.182647 0.663024 0.039509 0.052614
0 0.398210 0.324264 0.043011 0.055271
0 0.138117 0.719901 0.042483 0.052207
0 0.731650 0.377305 0.036558 0.047268
0 0.083614 0.738836 0.039245 0.051082
0 0.266481 0.502369 0.042219 0.050675
0 0.741242 0.754761 0.042747 0.053739
0 0.491106 0.846530 0.043298 0.051050
0 0.188303 0.702467 0.041404 0.051832
0 0.226913 0.604614 0.039796 0.048393
0 0.688491 0.773899 0.040324 0.051457
0 0.773525 0.616887 0.042747 0.053739
0 0.217247 0.863726 0.043298 0.051050
0 0.700700 0.519587 0.043011 0.055271
0 0.382472 0.239609 0.042219 0.050675
0 0.915468 0.484760 0.042219 0.050675
0 0.894878 0.362006 0.043826 0.054114
0 0.728983 0.677016 0.043011 0.055271
0 0.474797 0.463288 0.040853 0.054521
0 0.248197 0.721443 0.043275 0.056803
0 0.170953 0.270060 0.045147 0.061774
0 0.531116 0.733577 0.026604 0.036608
0 0.536301 0.753697 0.022619 0.019380
0 0.124251 0.639468 0.044906 0.054489
0 0.871202 0.543169 0.041932 0.054896
0 0.330392 0.259325 0.044354 0.057178
0 0.281957 0.276963 0.040302 0.057210
0 0.434550 0.528421 0.042219 0.050675
0 0.482315 0.201675 0.043275 0.056803
0 0.315731 0.482824 0.038166 0.050707
0 0.412637 0.706536 0.042747 0.053739
0 0.635966 0.150732 0.043539 0.058335
0 0.857060 0.464455 0.042747 0.053739
0 0.739728 0.417530 0.041668 0.053364
0 0.524288 0.451778 0.042219 0.050675
0 0.425943 0.485132 0.043011 0.055271
0 0.560739 0.354676 0.038981 0.049550
0 0.689258 0.131406 0.042196 0.056428
0 0.538022 0.531446 0.040060 0.049925
0 0.297959 0.363151 0.038981 0.049550
0 0.290960 0.322551 0.041932 0.054896
0 0.849257 0.422510 0.041932 0.054896
0 0.760858 0.540096 0.041668 0.053364
0 0.388269 0.585095 0.042219 0.050675
0 0.160438 0.540833 0.043826 0.054114
0 0.717783 0.296871 0.043298 0.051050
0 0.174568 0.622799 0.043562 0.052582
0 0.606492 0.294938 0.041668 0.053364
0 0.402951 0.663622 0.042483 0.052207
0 0.770392 0.280218 0.042219 0.050675
0 0.619443 0.675287 0.043826 0.054114
0 0.558481 0.653434 0.041404 0.051832
0 0.611100 0.633530 0.044090 0.055646
0 0.146307 0.458867 0.043562 0.052582
0 0.381534 0.546027 0.041955 0.049143
0 0.552021 0.612646 0.040588 0.052989
0 0.159115 0.841701 0.040060 0.049925
0 0.686701 0.438387 0.042483 0.052207
0 0.153306 0.499467 0.043826 0.054114
0 0.337532 0.605969 0.038981 0.049550
0 0.101909 0.516510 0.045170 0.056021
0 0.753331 0.496432 0.041932 0.054896
0 0.634213 0.459057 0.042747 0.053739
0 0.745252 0.456206 0.043298 0.051050
0 0.598425 0.251461 0.043011 0.055271
0 0.345479 0.645428 0.038981 0.049550
0 0.202301 0.783667 0.044090 0.055646
0 0.612819 0.334959 0.042219 0.050675
0 0.206047 0.483580 0.043539 0.058335
0 0.531554 0.185381 0.041932 0.054896
0 0.665307 0.314289 0.041955 0.049143
0 0.195302 0.743067 0.041139 0.050300
0 0.724915 0.338237 0.043826 0.054114
0 0.345051 0.344355 0.037087 0.050332
0 0.405209 0.364864 0.042219 0.050675
0 0.627622 0.417504 0.041668 0.053364
0 0.574474 0.434344 0.038981 0.049550
0 0.662629 0.617252 0.040324 0.051457
0 0.740391 0.112831 0.043011 0.055271
0 0.245747 0.382101 0.040324 0.051457
0 0.908733 0.445692 0.042483 0.052207
0 0.088175 0.436842 0.043011 0.055271
0 0.713906 0.596191 0.040324 0.051457
0 0.583631 0.474194 0.039245 0.051082
0 0.597630 0.555394 0.041932 0.054896
0 0.693436 0.477455 0.042219 0.050675
0 0.116304 0.600008 0.042219 0.050675
0 0.373587 0.506568 0.043011 0.055271
0 0.747918 0.156495 0.042747 0.053739
0 0.568554 0.393369 0.039773 0.054146
0 0.789782 0.399329 0.042483 0.052207
0 0.144037 0.760876 0.042747 0.053739
0 0.451961 0.327512 0.043298 0.051050
0 0.338735 0.301082 0.041932 0.054896
0 0.477108 0.765330 0.044354 0.057178
0 0.395951 0.623022 0.038430 0.052239
0 0.886148 0.623228 0.043826 0.054114
0 0.167437 0.581433 0.041404 0.051832
0 0.050644 0.534320 0.041932 0.054896
0 0.756177 0.838071 0.044090 0.055646
0 0.547556 0.271569 0.038981 0.049550
0 0.901470 0.403560 0.042747 0.053739
0 0.109173 0.558642 0.042747 0.053739
0 0.209433 0.825033 0.043562 0.052582
0 0.411812 0.403166 0.040588 0.052989
0 0.058040 0.577218 0.037615 0.053396
0 0.842666 0.380957 0.040324 0.051457
0 0.669364 0.656320 0.042747 0.053739
0 0.768540 0.578023 0.041139 0.050300
0 0.835666 0.340357 0.040060 0.049925
0 0.539345 0.230578 0.044883 0.060242
0 0.679173 0.394723 0.042747 0.053739
0 0.821921 0.263941 0.041668 0.053364
0 0.279808 0.582991 0.040875 0.048768
0 0.642303 0.496031 0.043562 0.052582
0 0.292463 0.663034 0.037087 0.050332
0 0.105295 0.857963 0.039245 0.051082
0 0.584966 0.170074 0.044090 0.055646
0 0.290589 0.967341 0.044641 0.052957
0 0.591965 0.210674 0.041139 0.050300
0 0.374027 0.804389 0.039509 0.052614
0 0.360160 0.723955 0.038717 0.048018
0 0.544890 0.571280 0.037902 0.049175
0 0.590102 0.511730 0.036822 0.048800
0 0.806203 0.481311 0.038166 0.050707
0 0.602075 0.594446 0.043034 0.049518
0 0.957751 0.723389 0.040588 0.052989
0 0.828392 0.301476 0.038717 0.048018
0 0.433571 0.230788 0.046845 0.042200
0 0.237405 0.340344 0.037902 0.049175
0 0.422610 0.167207 0.047638 0.046796
0 0.285992 0.625498 0.038981 0.049550
0 0.965278 0.767053 0.043011 0.055271
0 0.502090 0.326336 0.040566 0.058743
0 0.749585 0.796518 0.040324 0.051457
0 0.929874 0.565006 0.039773 0.054146
0 0.077562 0.697095 0.038717 0.048018
0 0.457365 0.362171 0.043585 0.046829
0 0.495498 0.284782 0.040060 0.049925
0 0.444256 0.296089 0.043872 0.042607
0 0.388973 0.884448 0.040875 0.048768
0 0.892608 0.664016 0.038166 0.050707
0 0.908225 0.744654 0.040875 0.048768
0 0.417864 0.444907 0.042219 0.050675
0 0.470780 0.725309 0.044377 0.051425
0 0.126569 0.975774 0.040588 0.048451
0 0.912934 0.785237 0.041932 0.054896
0 0.951831 0.682414 0.040324 0.051457
0 0.944424 0.642767 0.038717 0.048018
0 0.428288 0.200146 0.046272 0.050643
0 0.860410 0.162071 0.038717 0.048018
0 0.456131 0.945556 0.041955 0.049143
0 0.431763 0.824115 0.041955 0.049143
0 0.801929 0.778333 0.039773 0.054146
0 0.268380 0.845150 0.039796 0.048393
0 0.624835 0.713198 0.034400 0.046518
0 0.282929 0.922911 0.043011 0.055271
0 0.500264 0.886380 0.044090 0.055646
0 0.482060 0.505420 0.039004 0.043797
0 0.461568 0.393188 0.043585 0.046829
0 0.875355 0.242130 0.041139 0.050300
0 0.800119 0.140796 0.043011 0.055271
0 0.178505 0.960812 0.043011 0.055271
0 0.881408 0.283871 0.043298 0.051050
0 0.720905 0.636791 0.042219 0.050675
0 0.734375 0.714927 0.041162 0.044547
0 0.133700 0.997223 0.040060 0.005553
0 0.448999 0.904190 0.043011 0.055271
0 0.631306 0.750733 0.034664 0.048050
0 0.507263 0.926980 0.043298 0.051050
0 0.619819 0.375559 0.043011 0.055271
0 0.395168 0.923703 0.042747 0.053739
0 0.185324 0.360061 0.041139 0.050300
0 0.866605 0.201326 0.042219 0.050675
0 0.813578 0.222183 0.038717 0.048018
0 0.938492 0.605044 0.042219 0.050675
0 0.703256 0.212606 0.038981 0.049550
0 0.565216 0.692502 0.043298 0.051050
0 0.852463 0.122611 0.039773 0.054146
0 0.898803 0.703271 0.042196 0.056428
0 0.695622 0.815265 0.038166 0.050707
0 0.645304 0.831933 0.039509 0.052614
0 0.374812 0.195178 0.044906 0.054489
0 0.794798 0.736967 0.038717 0.048018
0 0.652700 0.874832 0.043298 0.051050
0 0.072038 0.658418 0.038717 0.048018
0 0.710916 0.257037 0.040037 0.055678
0 0.440921 0.863965 0.042219 0.050675
0 0.787799 0.696367 0.041668 0.053364
0 0.441021 0.565957 0.041955 0.049143
0 0.887471 0.322360 0.042219 0.050675
0 0.094910 0.475910 0.037902 0.049175
0 0.448835 0.604650 0.040060 0.049925
0 0.782783 0.358729 0.040060 0.049925
0 0.035567 0.453495 0.039773 0.054146
0 0.164771 0.881144 0.037638 0.047643
0 0.098164 0.816597 0.039773 0.054146
0 0.171506 0.920212 0.037902 0.049175
0 0.259878 0.464067 0.040060 0.049925
0 0.241462 0.682375 0.041955 0.049143
0 0.754918 0.197095 0.040324 0.051457
0 0.381698 0.845567 0.040060 0.049925
0 0.231232 0.294586 0.044619 0.058710
0 0.246455 0.999534 0.041932 0.000931
0 0.808257 0.818355 0.042483 0.052207
0 0.425688 0.788877 0.044113 0.049893
0 0.516485 0.409834 0.041404 0.051832
0 0.230849 0.942628 0.043562 0.052582
0 0.781196 0.658065 0.042770 0.047986
0 0.238245 0.979617 0.043562 0.040765
0 0.091297 0.776763 0.038717 0.048018
0 0.439117 0.262961 0.046272 0.050643
0 0.682571 0.732924 0.037902 0.049175
0 0.063288 0.617614 0.035479 0.046893
0 0.704097 0.857788 0.038694 0.053771
0 0.845751 0.077040 0.044354 0.057178
0 0.808726 0.184085 0.042747 0.053739
0 0.403775 0.966992 0.043011 0.055271
0 0.707303 0.557889 0.039796 0.048393
0 0.367260 0.466547 0.038189 0.044954
0 0.131118 0.679301 0.042219 0.050675
0 0.151036 0.801476 0.043011 0.055271
0 0.647552 0.536427 0.039796 0.048393
0 0.299207 0.989974 0.045985 0.020053
0 0.365684 0.762631 0.037087 0.050332
0 0.657900 0.274643 0.044090 0.055646
0 0.484371 0.807462 0.040875 0.048768
0 0.791920 0.096553 0.044619 0.058710
0 0.112295 0.898563 0.038981 0.049550
0 0.261513 0.805316 0.043011 0.055271
0 0.390683 0.280600 0.040588 0.052989
0 0.255053 0.764529 0.041139 0.050300
0 0.488092 0.245136 0.041668 0.053364
0 0.696785 0.175071 0.040875 0.048768
0 0.198651 0.440682 0.039796 0.048393
0 0.043645 0.493720 0.038981 0.049550
0 0.651308 0.233089 0.041955 0.049143
0 0.776047 0.319661 0.040324 0.051457
0 0.274587 0.881154 0.040588 0.052989
0 0.224114 0.903560 0.038981 0.049550
0 0.420032 0.749434 0.043275 0.056803
0 0.638569 0.792866 0.038717 0.048018
0 0.454348 0.646578 0.043826 0.054114
0 0.572623 0.732148 0.042747 0.053739
0 0.510014 0.372298 0.041668 0.053364
0 0.213993 0.523039 0.037638 0.047643
0 0.879281 0.583395 0.038981 0.049550
0 0.178733 0.318507 0.043275 0.056803
0 0.864599 0.504868 0.038717 0.048018
0 0.272808 0.542391 0.041668 0.053364
0 0.192588 0.402193 0.041932 0.054896
0 0.303747 0.403360 0.037351 0.051864
0 0.655498 0.575886 0.043011 0.055271
0 0.352082 0.683730 0.041668 0.053364
0 0.219781 0.563248 0.043011 0.055271
0 0.359721 0.426134 0.043803 0.059867
0 0.252879 0.423467 0.043011 0.055271
0 0.353261 0.385347 0.040875 0.048768
0 0.644166 0.194975 0.044090 0.055646
0 0.798940 0.439179 0.040588 0.052989
0 0.139980 0.418845 0.045170 0.056021
0 0.553608 0.313310 0.041668 0.053364
0 0.234727 0.643307 0.042219 0.050675
0 0.762049 0.238461 0.043011 0.055271
0 0.322190 0.523611 0.042196 0.056428
