0 0.805229 0.332392 0.020915 0.028249
0 0.905229 0.792844 0.040523 0.033898
0 0.515033 0.622411 0.023529 0.024482
0 0.791503 0.446328 0.032680 0.033898
0 0.788235 0.941620 0.036601 0.041431
0 0.832026 0.787194 0.022222 0.033898
0 0.718954 0.522599 0.023529 0.032015
0 0.777124 0.334275 0.022222 0.028249
0 0.789542 0.902072 0.036601 0.041431
0 0.833987 0.750471 0.023529 0.032015
0 0.275817 0.446328 0.033987 0.041431
0 0.862092 0.369115 0.022222 0.033898
0 0.275163 0.414313 0.035294 0.048964
0 0.504575 0.535782 0.031373 0.028249
0 0.788889 0.861582 0.035294 0.039548
0 0.788889 0.977401 0.040523 0.037665
0 0.862745 0.523540 0.023529 0.033898
0 0.746405 0.523540 0.020915 0.033898
0 0.274510 0.486817 0.033987 0.043315
0 0.791503 0.746704 0.035294 0.043315
0 0.503268 0.331450 0.031373 0.037665
0 0.862092 0.483051 0.019608 0.028249
0 0.847059 0.901130 0.036601 0.039548
0 0.833987 0.710923 0.023529 0.032015
0 0.791503 0.486817 0.037908 0.043315
0 0.273203 0.638418 0.036601 0.033898
0 0.790850 0.825800 0.036601 0.035782
0 0.846405 0.862524 0.032680 0.037665
0 0.504575 0.407721 0.031373 0.047081
0 0.732680 0.487759 0.037908 0.037665
0 0.100000 0.935970 0.035294 0.037665
0 0.505229 0.367232 0.032680 0.033898
0 0.332680 0.443503 0.037908 0.035782
0 0.845752 0.941620 0.036601 0.041431
0 0.674510 0.861582 0.036601 0.035782
0 0.847059 0.824859 0.031373 0.041431
0 0.805229 0.711864 0.023529 0.033898
0 0.101307 0.367232 0.035294 0.041431
0 0.098039 0.711864 0.033987 0.041431
0 0.099346 0.900188 0.033987 0.037665
0 0.156863 0.786252 0.031373 0.035782
0 0.616340 0.486817 0.035294 0.039548
0 0.862745 0.601695 0.020915 0.032015
0 0.833987 0.407721 0.020915 0.032015
0 0.906536 0.712806 0.037908 0.039548
0 0.862092 0.637476 0.022222 0.032015
0 0.833987 0.673258 0.023529 0.032015
0 0.616993 0.902072 0.036601 0.033898
0 0.275817 0.522599 0.033987 0.039548
0 0.905229 0.449153 0.032680 0.035782
0 0.775817 0.672316 0.022222 0.033898
0 0.862092 0.448211 0.022222 0.033898
0 0.098693 0.483992 0.037908 0.037665
0 0.906536 0.677024 0.037908 0.039548
0 0.791503 0.787194 0.035294 0.041431
0 0.905882 0.752354 0.039216 0.039548
0 0.098693 0.821092 0.035294 0.037665
0 0.616340 0.939736 0.037908 0.037665
0 0.906536 0.602637 0.030065 0.037665
0 0.805229 0.673258 0.023529 0.032015
0 0.805229 0.636535 0.023529 0.030132
0 0.671895 0.941620 0.036601 0.033898
0 0.158824 0.521657 0.032680 0.033898
0 0.098693 0.861582 0.035294 0.039548
0 0.446405 0.825800 0.035294 0.039548
0 0.673203 0.787194 0.036601 0.041431
0 0.616993 0.865348 0.036601 0.039548
0 0.215686 0.710923 0.036601 0.039548
0 0.388235 0.942561 0.036601 0.039548
0 0.330065 0.941620 0.037908 0.041431
0 0.616993 0.449153 0.036601 0.039548
0 0.447059 0.980226 0.033987 0.039548
0 0.330719 0.981168 0.039216 0.037665
0 0.158170 0.407721 0.033987 0.039548
0 0.674510 0.672316 0.036601 0.037665
0 0.449020 0.367232 0.035294 0.041431
0 0.905882 0.412429 0.036601 0.041431
0 0.158170 0.596045 0.033987 0.039548
0 0.270588 0.865348 0.033987 0.039548
0 0.216993 0.636535 0.036601 0.037665
0 0.389542 0.826742 0.036601 0.033898
0 0.615033 0.752354 0.032680 0.039548
0 0.214379 0.826742 0.036601 0.041431
0 0.158824 0.443503 0.035294 0.035782
0 0.447059 0.788136 0.033987 0.035782
0 0.332680 0.368173 0.037908 0.043315
0 0.390850 0.483051 0.033987 0.039548
0 0.447712 0.712806 0.035294 0.039548
0 0.388235 0.981168 0.039216 0.037665
0 0.099346 0.672316 0.036601 0.037665
0 0.330065 0.866290 0.037908 0.041431
0 0.906536 0.523540 0.035294 0.037665
0 0.674510 0.483051 0.033987 0.035782
0 0.615033 0.788136 0.035294 0.039548
0 0.158170 0.483051 0.033987 0.039548
0 0.330065 0.711864 0.037908 0.041431
0 0.156863 0.747646 0.036601 0.037665
0 0.560131 0.901130 0.032680 0.039548
0 0.674510 0.598870 0.031373 0.037665
0 0.332026 0.597928 0.036601 0.039548
0 0.272549 0.790960 0.035294 0.037665
0 0.615033 0.673258 0.032680 0.035782
0 0.560131 0.677024 0.032680 0.035782
0 0.389542 0.598870 0.033987 0.037665
0 0.216340 0.446328 0.035294 0.037665
0 0.559477 0.825800 0.033987 0.039548
0 0.447712 0.558380 0.035294 0.039548
0 0.389542 0.862524 0.036601 0.037665
0 0.747059 0.563089 0.024837 0.033898
0 0.613725 0.711864 0.035294 0.041431
0 0.559477 0.486817 0.033987 0.035782
0 0.100000 0.596987 0.037908 0.041431
0 0.906536 0.563089 0.037908 0.041431
0 0.616340 0.638418 0.035294 0.033898
0 0.675163 0.447269 0.035294 0.039548
0 0.732680 0.449153 0.035294 0.039548
0 0.675163 0.409605 0.035294 0.039548
0 0.272549 0.981168 0.040523 0.037665
0 0.559477 0.862524 0.033987 0.037665
0 0.216340 0.407721 0.035294 0.039548
0 0.388889 0.672316 0.035294 0.033898
0 0.446405 0.902072 0.037908 0.041431
0 0.733987 0.412429 0.035294 0.037665
0 0.332026 0.637476 0.036601 0.039548
0 0.215686 0.483051 0.033987 0.043315
0 0.273203 0.671375 0.036601 0.039548
0 0.388889 0.636535 0.035294 0.037665
0 0.616993 0.412429 0.036601 0.037665
0 0.447059 0.752354 0.036601 0.039548
0 0.330065 0.522599 0.037908 0.039548
0 0.332026 0.558380 0.036601 0.039548
0 0.675163 0.369115 0.035294 0.041431
0 0.216340 0.597928 0.035294 0.039548
0 0.389542 0.711864 0.033987 0.041431
0 0.330065 0.788136 0.037908 0.039548
0 0.273203 0.711864 0.036601 0.041431
0 0.157516 0.672316 0.032680 0.037665
0 0.271895 0.941620 0.036601 0.041431
0 0.390850 0.368173 0.036601 0.043315
0 0.673856 0.562147 0.032680 0.035782
0 0.733987 0.333333 0.035294 0.041431
0 0.390196 0.447269 0.037908 0.039548
0 0.560131 0.940678 0.032680 0.039548
0 0.389542 0.791902 0.033987 0.039548
0 0.330719 0.751412 0.039216 0.037665
0 0.275817 0.561205 0.036601 0.037665
0 0.330065 0.827684 0.037908 0.039548
0 0.447712 0.486817 0.035294 0.039548
0 0.559477 0.711864 0.033987 0.041431
0 0.215033 0.751412 0.035294 0.041431
0 0.157516 0.635593 0.035294 0.039548
0 0.390196 0.520716 0.032680 0.039548
0 0.559477 0.409605 0.033987 0.035782
0 0.388889 0.903013 0.037908 0.043315
0 0.616340 0.562147 0.035294 0.039548
0 0.273203 0.752354 0.036601 0.039548
0 0.390850 0.409605 0.036601 0.039548
0 0.559477 0.752354 0.033987 0.039548
0 0.673856 0.522599 0.032680 0.039548
0 0.733987 0.373823 0.035294 0.039548
0 0.275817 0.598870 0.036601 0.041431
0 0.558824 0.523540 0.032680 0.037665
0 0.615033 0.522599 0.035294 0.039548
0 0.559477 0.597928 0.033987 0.035782
0 0.559477 0.448211 0.033987 0.041431
0 0.390196 0.561205 0.035294 0.041431
0 0.616993 0.601695 0.036601 0.039548
0 0.215686 0.561205 0.033987 0.041431
0 0.616340 0.368173 0.037908 0.043315
0 0.558824 0.564030 0.032680 0.039548
0 0.448366 0.637476 0.033987 0.039548
0 0.447712 0.597928 0.035294 0.039548
0 0.448366 0.407721 0.036601 0.039548
0 0.448366 0.448211 0.033987 0.033898
0 0.559477 0.369115 0.036601 0.045198
0 0.559477 0.637476 0.033987 0.039548
0 0.215033 0.788136 0.035294 0.035782
0 0.332680 0.407721 0.037908 0.039548
0 0.777124 0.597928 0.022222 0.039548
0 0.673856 0.750471 0.035294 0.035782
0 0.156863 0.824859 0.036601 0.041431
0 0.673203 0.901130 0.036601 0.039548
0 0.905882 0.637476 0.033987 0.039548
0 0.790850 0.527307 0.036601 0.033898
0 0.158170 0.558380 0.033987 0.039548
0 0.446405 0.941620 0.035294 0.033898
0 0.156863 0.862524 0.036601 0.037665
0 0.516340 0.646893 0.020915 0.024482
0 0.516340 0.694915 0.020915 0.022599
0 0.516993 0.717514 0.019608 0.018832
0 0.273203 0.901130 0.033987 0.039548
0 0.673856 0.827684 0.035294 0.039548
0 0.274510 0.369115 0.033987 0.041431
0 0.156209 0.901130 0.037908 0.039548
0 0.503268 0.450094 0.033987 0.041431
0 0.216340 0.521657 0.032680 0.033898
0 0.100000 0.446328 0.037908 0.041431
0 0.158170 0.367232 0.033987 0.041431
0 0.905882 0.333333 0.036601 0.041431
0 0.216340 0.367232 0.035294 0.041431
0 0.098039 0.747646 0.033987 0.037665
0 0.216340 0.672316 0.035294 0.037665
0 0.862092 0.407721 0.022222 0.032015
0 0.793464 0.409605 0.031373 0.039548
0 0.505229 0.564972 0.032680 0.033898
0 0.516340 0.671375 0.020915 0.028249
0 0.793464 0.368173 0.036601 0.035782
0 0.504575 0.873823 0.033987 0.033898
0 0.158170 0.976460 0.039216 0.039548
0 0.098039 0.786252 0.036601 0.039548
0 0.834641 0.636535 0.022222 0.033898
0 0.099346 0.557439 0.039216 0.037665
0 0.863399 0.562147 0.022222 0.039548
0 0.330065 0.903013 0.037908 0.035782
0 0.791503 0.561205 0.035294 0.033898
0 0.776471 0.638418 0.023529 0.033898
0 0.835948 0.371940 0.022222 0.035782
0 0.717647 0.562147 0.023529 0.035782
0 0.098039 0.521657 0.039216 0.037665
0 0.216340 0.980226 0.037908 0.039548
0 0.447059 0.862524 0.036601 0.037665
0 0.100654 0.976460 0.041830 0.043315
0 0.560131 0.788136 0.032680 0.035782
0 0.214379 0.866290 0.036601 0.037665
0 0.157516 0.711864 0.035294 0.041431
0 0.616340 0.977401 0.037908 0.041431
0 0.674510 0.637476 0.033987 0.035782
0 0.272549 0.826742 0.032680 0.041431
0 0.833987 0.483992 0.023529 0.033898
0 0.100000 0.407721 0.037908 0.039548
0 0.388235 0.752354 0.031373 0.035782
0 0.215686 0.940678 0.036601 0.039548
0 0.906536 0.373823 0.035294 0.039548
0 0.330719 0.673258 0.033987 0.035782
0 0.215033 0.902072 0.035294 0.033898
0 0.330719 0.482109 0.039216 0.041431
0 0.616993 0.825800 0.033987 0.039548
0 0.447712 0.523540 0.035294 0.033898
0 0.905882 0.486817 0.033987 0.039548
0 0.833987 0.521657 0.020915 0.033898
0 0.560131 0.976460 0.032680 0.035782
0 0.805882 0.601695 0.024837 0.039548
0 0.448366 0.677024 0.033987 0.035782
0 0.833987 0.598870 0.023529 0.033898
0 0.674510 0.711864 0.036601 0.041431
0 0.673856 0.977401 0.032680 0.037665
0 0.833987 0.449153 0.020915 0.028249
0 0.833987 0.561205 0.023529 0.033898
0 0.157516 0.940678 0.037908 0.039548
0 0.100000 0.635593 0.035294 0.039548
