0 0.8237650200267023 0.22055888223552897 0.021361815754339153 0.029940119760479
0 0.9259012016021362 0.7085828343313373 0.041388518024032095 0.03592814371257469
0 0.527369826435247 0.5279441117764472 0.024032042723631575 0.02594810379241519
0 0.8097463284379172 0.3413173652694611 0.03337783711615494 0.035928143712574856
0 0.8064085447263017 0.8662674650698603 0.03738317757009346 0.043912175648702645
0 0.8511348464619493 0.7025948103792415 0.022696929238985364 0.03592814371257491
0 0.7356475300400533 0.4221556886227545 0.024032042723631464 0.03393213572854292
0 0.7950600801068091 0.22255489021956087 0.022696929238985364 0.029940119760479056
0 0.807743658210948 0.8243512974051896 0.03738317757009346 0.043912175648702534
0 0.8531375166889186 0.6636726546906186 0.024032042723631575 0.033932135728543034
0 0.28304405874499333 0.3413173652694611 0.03471295060080104 0.04391217564870259
0 0.8818424566088118 0.25948103792415167 0.022696929238985364 0.035928143712574856
0 0.2823765020026702 0.3073852295409182 0.03604806408544725 0.05189620758483032
0 0.5166889185580774 0.436127744510978 0.03204272363150862 0.029940119760479
0 0.8070761014686249 0.7814371257485031 0.03604806408544725 0.04191616766467077
0 0.8070761014686249 0.9041916167664671 0.041388518024032095 0.03992015968063867
0 0.8825100133511348 0.4231536926147704 0.024032042723631464 0.035928143712574856
0 0.7636849132176236 0.4231536926147704 0.021361815754339042 0.035928143712574856
0 0.2817089452603471 0.3842315369261477 0.03471295060080104 0.04590818363273452
0 0.8097463284379172 0.6596806387225549 0.03604806408544736 0.045908183632734634
0 0.5153538050734312 0.21956087824351297 0.03204272363150873 0.03992015968063872
0 0.8818424566088118 0.38023952095808383 0.020026702269692942 0.029940119760479056
0 0.8664886515353805 0.8233532934131738 0.03738317757009346 0.041916167664670545
0 0.8531375166889186 0.6217564870259481 0.024032042723631575 0.03393213572854292
0 0.8097463284379172 0.3842315369261477 0.03871829105473956 0.04590818363273452
0 0.2803738317757009 0.5449101796407185 0.03738317757009346 0.0359281437125748
0 0.8090787716955942 0.7435129740518963 0.03738317757009346 0.03792415169660668
0 0.8658210947930574 0.782435129740519 0.03337783711615494 0.03992015968063878
0 0.5166889185580774 0.3003992015968064 0.03204272363150862 0.04990019960079839
0 0.7496662216288384 0.38522954091816364 0.03871829105473967 0.03992015968063872
0 0.1034712950600801 0.8602794411177646 0.036048064085447265 0.03992015968063878
0 0.5173564753004005 0.2574850299401198 0.03337783711615483 0.035928143712574856
0 0.3411214953271028 0.3383233532934132 0.03871829105473967 0.03792415169660679
0 0.8651535380507344 0.8662674650698603 0.03738317757009346 0.043912175648702645
0 0.6902536715620827 0.7814371257485031 0.03738317757009346 0.03792415169660679
0 0.8664886515353805 0.7425149700598803 0.03204272363150873 0.043912175648702534
0 0.8237650200267023 0.6227544910179641 0.024032042723631575 0.03592814371257491
0 0.10480640854472631 0.2574850299401198 0.036048064085447265 0.04391217564870259
0 0.10146862483311081 0.6227544910179641 0.03471295060080107 0.043912175648702756
0 0.102803738317757 0.8223552894211578 0.03471295060080107 0.03992015968063867
0 0.16154873164218958 0.7015968063872255 0.032042723631508674 0.03792415169660679
0 0.6308411214953271 0.3842315369261477 0.03604806408544725 0.041916167664670656
0 0.8825100133511349 0.5059880239520957 0.021361815754339153 0.03393213572854309
0 0.8531375166889186 0.3003992015968064 0.021361815754339153 0.03393213572854292
0 0.9272363150867824 0.6237524950099802 0.03871829105473967 0.04191616766467077
0 0.8818424566088118 0.5439121756487026 0.022696929238985364 0.03393213572854292
0 0.8531375166889186 0.5818363273453093 0.024032042723631575 0.03393213572854281
0 0.6315086782376502 0.8243512974051896 0.03738317757009346 0.03592814371257502
0 0.28304405874499333 0.4221556886227545 0.03471295060080104 0.041916167664670656
0 0.9259012016021362 0.344311377245509 0.03337783711615483 0.03792415169660679
0 0.7937249666221629 0.5808383233532934 0.022696929238985253 0.0359281437125748
0 0.8818424566088118 0.343313373253493 0.022696929238985364 0.035928143712574856
0 0.10213618157543392 0.38123752495009977 0.03871829105473966 0.03992015968063872
0 0.9272363150867824 0.5858283433133733 0.03871829105473967 0.041916167664670656
0 0.8097463284379172 0.7025948103792417 0.03604806408544736 0.043912175648702756
0 0.9265687583444593 0.6656686626746509 0.040053404539385884 0.041916167664670545
0 0.10213618157543392 0.7385229540918163 0.036048064085447265 0.03992015968063867
0 0.6308411214953271 0.8642714570858283 0.03871829105473967 0.03992015968063878
0 0.9272363150867824 0.5069860279441119 0.030707610146862407 0.03992015968063867
0 0.8237650200267023 0.5818363273453093 0.024032042723631575 0.03393213572854281
0 0.8237650200267023 0.5429141716566867 0.024032042723631575 0.031936127744510934
0 0.6875834445927904 0.8662674650698603 0.03738317757009346 0.03592814371257491
0 0.1635514018691589 0.42115768463073855 0.03337783711615486 0.035928143712574856
0 0.10213618157543392 0.7814371257485031 0.036048064085447265 0.04191616766467077
0 0.45727636849132175 0.7435129740518962 0.03604806408544725 0.041916167664670656
0 0.6889185580774366 0.7025948103792417 0.03738317757009346 0.043912175648702756
0 0.6315086782376502 0.7854291417165669 0.03738317757009346 0.041916167664670545
0 0.22162883845126835 0.6217564870259481 0.03738317757009346 0.041916167664670656
0 0.3978638184245661 0.8672654690618763 0.03738317757009346 0.041916167664670656
0 0.3384512683578104 0.8662674650698603 0.03871829105473967 0.043912175648702645
0 0.6315086782376502 0.344311377245509 0.03738317757009346 0.041916167664670656
0 0.45794392523364486 0.907185628742515 0.03471295060080104 0.041916167664670656
0 0.33911882510013347 0.908183632734531 0.04005340453938583 0.03992015968063867
0 0.1628838451268358 0.3003992015968064 0.03471295060080107 0.041916167664670656
0 0.6902536715620827 0.5808383233532934 0.03738317757009346 0.03992015968063867
0 0.45994659546061417 0.2574850299401198 0.03604806408544725 0.04391217564870259
0 0.9265687583444593 0.3053892215568862 0.03738317757009346 0.04391217564870259
0 0.1628838451268358 0.5 0.03471295060080107 0.041916167664670656
0 0.27770360480640854 0.7854291417165669 0.03471295060080104 0.041916167664670545
0 0.22296395193591456 0.5429141716566867 0.03738317757009346 0.03992015968063867
0 0.3991989319092123 0.7445109780439121 0.03738317757009346 0.03592814371257502
0 0.6295060080106809 0.6656686626746509 0.03337783711615483 0.041916167664670545
0 0.22029372496662217 0.7445109780439122 0.03738317757009346 0.043912175648702645
0 0.1635514018691589 0.3383233532934132 0.03604806408544728 0.03792415169660679
0 0.45794392523364486 0.7035928143712575 0.03471295060080104 0.03792415169660679
0 0.3411214953271028 0.25848303393213573 0.03871829105473967 0.04590818363273452
0 0.4005340453938585 0.38023952095808383 0.034712950600801096 0.041916167664670656
0 0.45861148197596796 0.6237524950099802 0.03604806408544725 0.04191616766467077
0 0.3978638184245661 0.908183632734531 0.040053404539385884 0.03992015968063867
0 0.102803738317757 0.5808383233532934 0.03738317757009346 0.03992015968063867
0 0.3384512683578104 0.7864271457085829 0.03871829105473967 0.043912175648702645
0 0.9272363150867824 0.4231536926147704 0.03604806408544725 0.03992015968063872
0 0.6902536715620828 0.38023952095808383 0.03471295060080115 0.03792415169660679
0 0.6295060080106809 0.7035928143712575 0.03604806408544736 0.04191616766467077
0 0.1628838451268358 0.38023952095808383 0.03471295060080107 0.041916167664670656
0 0.3384512683578104 0.6227544910179641 0.03871829105473967 0.043912175648702756
0 0.16154873164218958 0.6606786427145709 0.03738317757009346 0.03992015968063867
0 0.5734312416555407 0.8233532934131738 0.03337783711615483 0.041916167664670545
0 0.6902536715620828 0.5029940119760479 0.03204272363150873 0.03992015968063878
0 0.3404539385847797 0.501996007984032 0.03738317757009346 0.04191616766467071
0 0.27970627503337786 0.7065868263473054 0.03604806408544731 0.039920159680638556
0 0.6295060080106809 0.5818363273453093 0.03337783711615483 0.03792415169660679
0 0.5734312416555407 0.5858283433133733 0.03337783711615483 0.03792415169660668
0 0.3991989319092123 0.5029940119760479 0.03471295060080104 0.03992015968063878
0 0.22229639519359146 0.3413173652694611 0.03604806408544725 0.03992015968063872
0 0.5727636849132176 0.7435129740518962 0.03471295060080104 0.041916167664670656
0 0.45861148197596796 0.4600798403193613 0.03604806408544725 0.041916167664670656
0 0.3991989319092123 0.782435129740519 0.03738317757009346 0.03992015968063878
0 0.7643524699599467 0.4650698602794411 0.025367156208277675 0.035928143712574856
0 0.6281708945260347 0.6227544910179641 0.03604806408544725 0.043912175648702756
0 0.5727636849132176 0.3842315369261477 0.03471295060080104 0.03792415169660679
0 0.1034712950600801 0.500998003992016 0.03871829105473966 0.043912175648702645
0 0.9272363150867824 0.4650698602794412 0.03871829105473967 0.0439121756487027
0 0.6308411214953271 0.5449101796407185 0.03604806408544725 0.0359281437125748
0 0.6909212283044058 0.34231536926147704 0.03604806408544725 0.041916167664670656
0 0.7496662216288384 0.344311377245509 0.03604806408544725 0.041916167664670656
0 0.6909212283044058 0.3023952095808383 0.03604806408544725 0.041916167664670656
0 0.2797062750333778 0.908183632734531 0.041388518024032095 0.03992015968063867
0 0.5727636849132176 0.782435129740519 0.03471295060080104 0.03992015968063878
0 0.22229639519359146 0.3003992015968064 0.03604806408544725 0.041916167664670656
0 0.3985313751668892 0.5808383233532934 0.03604806408544725 0.0359281437125748
0 0.45727636849132175 0.8243512974051896 0.03871829105473967 0.043912175648702534
0 0.7510013351134847 0.3053892215568862 0.03604806408544725 0.03992015968063878
0 0.3404539385847797 0.5439121756487026 0.03738317757009346 0.041916167664670656
0 0.22162883845126835 0.38023952095808383 0.03471295060080107 0.04590818363273452
0 0.2803738317757009 0.5798403193612774 0.03738317757009346 0.041916167664670656
0 0.3985313751668892 0.5429141716566867 0.03604806408544725 0.03992015968063867
0 0.6315086782376502 0.3053892215568862 0.03738317757009346 0.03992015968063878
0 0.45794392523364486 0.6656686626746509 0.03738317757009346 0.041916167664670545
0 0.3384512683578104 0.4221556886227545 0.03871829105473967 0.041916167664670656
0 0.3404539385847797 0.4600798403193613 0.03738317757009346 0.041916167664670656
0 0.6909212283044058 0.25948103792415167 0.03604806408544725 0.04391217564870259
0 0.22229639519359146 0.501996007984032 0.03604806408544725 0.04191616766467071
0 0.3991989319092123 0.6227544910179641 0.03471295060080104 0.043912175648702756
0 0.3384512683578104 0.7035928143712575 0.03871829105473967 0.04191616766467077
0 0.2803738317757009 0.6227544910179641 0.03738317757009346 0.043912175648702756
0 0.16221628838451269 0.5808383233532934 0.033377837116154885 0.03992015968063867
0 0.27903871829105475 0.8662674650698603 0.03738317757009346 0.043912175648702645
0 0.4005340453938585 0.25848303393213573 0.03738317757009341 0.04590818363273452
0 0.6895861148197597 0.46407185628742514 0.03337783711615494 0.03792415169660679
0 0.7510013351134847 0.2215568862275449 0.03604806408544725 0.04391217564870259
0 0.3998664886515354 0.34231536926147704 0.03871829105473962 0.041916167664670656
0 0.5734312416555407 0.8652694610778443 0.03337783711615483 0.041916167664670656
0 0.3991989319092123 0.7075848303393214 0.03471295060080104 0.041916167664670656
0 0.33911882510013347 0.6646706586826348 0.04005340453938583 0.039920159680638556
0 0.28304405874499333 0.4630738522954092 0.03738317757009346 0.03992015968063872
0 0.3384512683578104 0.7455089820359282 0.03871829105473967 0.041916167664670545
0 0.45861148197596796 0.3842315369261477 0.03604806408544725 0.041916167664670656
0 0.5727636849132176 0.6227544910179641 0.03471295060080104 0.043912175648702756
0 0.22096128170894525 0.6646706586826348 0.03604806408544728 0.043912175648702645
0 0.16221628838451269 0.5419161676646707 0.03604806408544725 0.041916167664670656
0 0.3998664886515354 0.42015968063872255 0.033377837116154885 0.041916167664670656
0 0.5727636849132176 0.3023952095808383 0.03471295060080104 0.03792415169660679
0 0.3985313751668892 0.8253493013972056 0.03871829105473967 0.04590818363273441
0 0.6308411214953271 0.46407185628742514 0.03604806408544725 0.041916167664670656
0 0.2803738317757009 0.6656686626746509 0.03738317757009346 0.041916167664670545
0 0.4005340453938585 0.3023952095808383 0.03738317757009341 0.041916167664670656
0 0.5727636849132176 0.6656686626746509 0.03471295060080104 0.041916167664670545
0 0.6895861148197597 0.4221556886227545 0.03337783711615494 0.041916167664670656
0 0.7510013351134847 0.26447105788423153 0.03604806408544725 0.0419161676646706
0 0.28304405874499333 0.5029940119760479 0.03738317757009346 0.04391217564870259
0 0.5720961281708945 0.4231536926147704 0.03337783711615483 0.03992015968063872
0 0.6295060080106809 0.4221556886227545 0.03604806408544736 0.041916167664670656
0 0.5727636849132176 0.501996007984032 0.03471295060080104 0.03792415169660679
0 0.5727636849132176 0.343313373253493 0.03471295060080104 0.04391217564870259
0 0.3998664886515354 0.4630738522954092 0.03604806408544725 0.04391217564870259
0 0.6315086782376502 0.5059880239520959 0.03738317757009346 0.04191616766467071
0 0.22162883845126835 0.4630738522954092 0.03471295060080107 0.04391217564870259
0 0.6308411214953271 0.25848303393213573 0.03871829105473967 0.04590818363273452
0 0.5720961281708945 0.46606786427145713 0.03337783711615483 0.04191616766467077
0 0.45927903871829107 0.5439121756487026 0.03471295060080104 0.041916167664670656
0 0.45861148197596796 0.501996007984032 0.03604806408544725 0.04191616766467071
0 0.45927903871829107 0.3003992015968064 0.03738317757009346 0.041916167664670656
0 0.45927903871829107 0.343313373253493 0.03471295060080104 0.035928143712574856
0 0.5727636849132176 0.25948103792415167 0.03738317757009335 0.047904191616766456
0 0.5727636849132176 0.5439121756487026 0.03471295060080104 0.041916167664670656
0 0.22096128170894525 0.7035928143712575 0.03604806408544728 0.03792415169660679
0 0.3411214953271028 0.3003992015968064 0.03871829105473967 0.041916167664670656
0 0.7950600801068091 0.501996007984032 0.022696929238985364 0.04191616766467071
0 0.6895861148197597 0.6636726546906189 0.03604806408544736 0.03792415169660668
0 0.16154873164218958 0.7425149700598803 0.03738317757009346 0.043912175648702534
0 0.6889185580774366 0.8233532934131738 0.03738317757009346 0.041916167664670545
0 0.9265687583444593 0.5439121756487026 0.03471295060080104 0.041916167664670656
0 0.8090787716955942 0.4271457085828343 0.03738317757009346 0.035928143712574856
0 0.1628838451268358 0.4600798403193613 0.03471295060080107 0.041916167664670656
0 0.45727636849132175 0.8662674650698603 0.03604806408544725 0.03592814371257491
0 0.16154873164218958 0.782435129740519 0.03738317757009346 0.03992015968063878
0 0.5287049399198932 0.5538922155688624 0.021361815754339153 0.02594810379241519
0 0.5287049399198932 0.6047904191616766 0.021361815754339153 0.02395209580838309
0 0.5293724966622162 0.62874251497006 0.020026702269693053 0.019960079840319223
0 0.28037383177570097 0.8233532934131738 0.034712950600801096 0.041916167664670545
0 0.6895861148197597 0.7455089820359282 0.03604806408544736 0.041916167664670545
0 0.2817089452603471 0.25948103792415167 0.03471295060080104 0.04391217564870259
0 0.16088117489986647 0.8233532934131738 0.038718291054739645 0.041916167664670545
0 0.5153538050734312 0.34530938123752497 0.03471295060080104 0.04391217564870259
0 0.22229639519359146 0.42115768463073855 0.033377837116154885 0.035928143712574856
0 0.1034712950600801 0.3413173652694611 0.03871829105473966 0.04391217564870259
0 0.1628838451268358 0.2574850299401198 0.03471295060080107 0.04391217564870259
0 0.9265687583444593 0.2215568862275449 0.03738317757009346 0.04391217564870259
0 0.22229639519359146 0.2574850299401198 0.03604806408544725 0.04391217564870259
0 0.10146862483311081 0.6606786427145709 0.03471295060080107 0.03992015968063867
0 0.22229639519359146 0.5808383233532934 0.03604806408544725 0.03992015968063867
0 0.8818424566088118 0.3003992015968064 0.022696929238985364 0.03393213572854292
0 0.8117489986648865 0.3023952095808383 0.03204272363150873 0.041916167664670656
0 0.5173564753004005 0.46706586826347307 0.03337783711615483 0.035928143712574856
0 0.5287049399198932 0.5798403193612773 0.021361815754339153 0.029940119760478834
0 0.8117489986648865 0.25848303393213573 0.03738317757009346 0.03792415169660679
0 0.5166889185580774 0.7944111776447107 0.03471295060080104 0.0359281437125748
0 0.1628838451268358 0.9031936127744511 0.040053404539385856 0.041916167664670656
0 0.10146862483311081 0.7015968063872255 0.03738317757009346 0.041916167664670656
0 0.8538050734312417 0.5429141716566867 0.022696929238985364 0.03592814371257491
0 0.102803738317757 0.45908183632734534 0.040053404539385856 0.03992015968063872
0 0.8831775700934579 0.46407185628742514 0.022696929238985253 0.041916167664670656
0 0.3384512683578104 0.8253493013972055 0.03871829105473967 0.0379241516966069
0 0.8097463284379172 0.4630738522954092 0.03604806408544736 0.035928143712574856
0 0.794392523364486 0.5449101796407185 0.024032042723631464 0.0359281437125748
0 0.8551401869158879 0.2624750499001996 0.022696929238985253 0.03792415169660679
0 0.7343124165554071 0.46407185628742514 0.024032042723631464 0.03792415169660679
0 0.10146862483311081 0.42115768463073855 0.04005340453938584 0.03992015968063872
0 0.22229639519359146 0.907185628742515 0.03871829105473967 0.041916167664670656
0 0.45794392523364486 0.782435129740519 0.03738317757009346 0.03992015968063878
0 0.1041388518024032 0.9031936127744511 0.04272363150867825 0.04590818363273452
0 0.5734312416555407 0.7035928143712575 0.03337783711615483 0.03792415169660679
0 0.22029372496662217 0.7864271457085827 0.03738317757009346 0.039920159680638556
0 0.16221628838451269 0.6227544910179641 0.03604806408544725 0.043912175648702756
0 0.6308411214953271 0.9041916167664671 0.03871829105473967 0.043912175648702645
0 0.6902536715620828 0.5439121756487026 0.03471295060080115 0.03792415169660679
0 0.27970627503337786 0.7445109780439122 0.033377837116154885 0.043912175648702645
0 0.8531375166889186 0.38123752495009977 0.024032042723631575 0.035928143712574856
0 0.1034712950600801 0.3003992015968064 0.03871829105473966 0.041916167664670656
0 0.3978638184245661 0.6656686626746506 0.032042723631508674 0.0379241516966069
0 0.22162883845126835 0.8652694610778443 0.03738317757009346 0.041916167664670656
0 0.9272363150867824 0.26447105788423153 0.03604806408544725 0.0419161676646706
0 0.33911882510013347 0.5818363273453093 0.034712950600801096 0.03792415169660679
0 0.22096128170894525 0.8243512974051896 0.03604806408544728 0.03592814371257502
0 0.33911882510013347 0.3792415169660679 0.04005340453938583 0.04391217564870259
0 0.6315086782376502 0.7435129740518962 0.03471295060080104 0.041916167664670656
0 0.45861148197596796 0.4231536926147704 0.03604806408544725 0.035928143712574856
0 0.9265687583444593 0.3842315369261477 0.03471295060080104 0.041916167664670656
0 0.8531375166889186 0.42115768463073855 0.021361815754339153 0.035928143712574856
0 0.5734312416555407 0.9031936127744511 0.03337783711615483 0.03792415169660679
0 0.8244325767690254 0.5059880239520959 0.025367156208277786 0.04191616766467071
0 0.45927903871829107 0.5858283433133733 0.03471295060080104 0.03792415169660668
0 0.8531375166889186 0.5029940119760479 0.024032042723631575 0.035928143712574856
0 0.6902536715620827 0.6227544910179641 0.03738317757009346 0.043912175648702756
0 0.6895861148197597 0.9041916167664671 0.03337783711615494 0.03992015968063867
0 0.8531375166889186 0.344311377245509 0.021361815754339153 0.029940119760479056
0 0.8531375166889186 0.4630738522954092 0.024032042723631575 0.035928143712574856
0 0.16221628838451269 0.8652694610778443 0.03871829105473967 0.041916167664670656
0 0.1034712950600801 0.5419161676646707 0.036048064085447265 0.041916167664670656
