0 0.778124 0.231838 0.042399 0.054207
0 0.932346 0.262152 0.039931 0.050548
0 0.324001 0.110872 0.041295 0.054014
0 0.468549 0.269715 0.035127 0.044868
0 0.730627 0.870490 0.039671 0.047276
0 0.734144 0.826315 0.039931 0.050548
0 0.679377 0.172250 0.039219 0.055264
0 0.214507 0.186262 0.039931 0.050548
0 0.778585 0.914551 0.039801 0.048912
0 0.407368 0.391717 0.039801 0.048912
0 0.776066 0.278756 0.036751 0.051605
0 0.715211 0.396667 0.038828 0.050355
0 0.694099 0.689912 0.038567 0.047083
0 0.399946 0.470874 0.035517 0.049776
0 0.603467 0.507329 0.036491 0.048333
0 0.727170 0.225406 0.035908 0.054684
0 0.676637 0.220708 0.036360 0.046697
0 0.718468 0.355765 0.036360 0.046697
0 0.415258 0.264534 0.037464 0.046890
0 0.709540 0.481936 0.036360 0.046697
0 0.606789 0.465609 0.036360 0.046697
0 0.706283 0.522839 0.039088 0.053627
0 0.422292 0.176185 0.040192 0.053821
0 0.864651 0.465957 0.039931 0.050548
0 0.816954 0.418624 0.035387 0.048140
0 0.869575 0.383045 0.036491 0.048333
0 0.823242 0.332633 0.036360 0.046697
0 0.697291 0.649828 0.038697 0.048719
0 0.702896 0.565377 0.036621 0.049969
0 0.462813 0.355803 0.037464 0.046890
0 0.760364 0.490004 0.036491 0.048333
0 0.788420 0.791026 0.039671 0.047276
0 0.321392 0.157693 0.036491 0.048333
0 0.744176 0.700337 0.039931 0.050548
0 0.747563 0.657799 0.039671 0.047276
0 0.319043 0.201243 0.036881 0.053241
0 0.568215 0.289650 0.036881 0.053241
0 0.427791 0.128211 0.041686 0.058922
0 0.626982 0.212016 0.036360 0.046697
0 0.219584 0.136554 0.040583 0.058729
0 0.620077 0.298728 0.036621 0.049969
0 0.757724 0.530184 0.035257 0.046504
0 0.783734 0.835826 0.039801 0.048912
0 0.270277 0.146257 0.035517 0.049776
0 0.266078 0.191971 0.036621 0.049969
0 0.580001 0.155684 0.039088 0.053627
0 0.711694 0.440841 0.034414 0.049583
0 0.505728 0.442112 0.045579 0.053150
0 0.616690 0.341267 0.038567 0.047083
0 0.737401 0.785413 0.039671 0.047276
0 0.669863 0.305784 0.036100 0.043425
0 0.362767 0.298477 0.036881 0.053241
0 0.466330 0.311628 0.037724 0.050162
0 0.373449 0.164318 0.036621 0.049969
0 0.690647 0.733268 0.038697 0.048719
0 0.860161 0.508302 0.039931 0.050548
0 0.262756 0.233691 0.036491 0.048333
0 0.769227 0.364650 0.036621 0.049969
0 0.812529 0.460151 0.037464 0.046890
0 0.820276 0.376904 0.035257 0.046504
0 0.875537 0.301145 0.037333 0.045254
0 0.826629 0.290095 0.036621 0.049969
0 0.475323 0.184639 0.038115 0.055070
0 0.754337 0.572722 0.035257 0.046504
0 0.471806 0.228813 0.037333 0.045254
0 0.866935 0.423226 0.035257 0.046504
0 0.739750 0.741864 0.039540 0.045640
0 0.766813 0.409017 0.038828 0.050355
0 0.794999 0.708404 0.040061 0.052185
0 0.879185 0.255334 0.038376 0.058343
0 0.364629 0.254013 0.035257 0.046504
0 0.419813 0.221371 0.039801 0.048912
0 0.629656 0.164376 0.039349 0.056900
0 0.369737 0.210946 0.034284 0.047947
0 0.660935 0.431956 0.036621 0.049969
0 0.572480 0.243118 0.040061 0.052185
0 0.610046 0.424707 0.036621 0.049969
0 0.829725 0.244188 0.037985 0.053434
0 0.613629 0.379715 0.036491 0.048333
0 0.673250 0.263246 0.036881 0.053241
0 0.623725 0.252918 0.041295 0.054014
0 0.575185 0.202120 0.036491 0.048333
0 0.512824 0.367045 0.046743 0.040448
0 0.515169 0.337596 0.044276 0.036789
0 0.493505 0.750185 0.028567 0.030813
0 0.496432 0.727473 0.030774 0.031199
0 0.903095 0.643552 0.037724 0.050162
0 0.502406 0.483832 0.042199 0.038039
0 0.373110 0.807907 0.035257 0.046504
0 0.668813 0.347073 0.036881 0.053241
0 0.369918 0.847991 0.035387 0.048140
0 0.108825 0.206746 0.037073 0.041982
0 0.383076 0.682746 0.036812 0.038710
0 0.899838 0.684454 0.039671 0.047276
0 0.377340 0.768834 0.039931 0.050548
0 0.100882 0.292447 0.042138 0.050935
0 0.104530 0.246637 0.039931 0.050548
0 0.525982 0.201801 0.046222 0.033904
0 0.896321 0.728629 0.039931 0.050548
0 0.194575 0.436582 0.039671 0.047276
0 0.838076 0.799718 0.039671 0.047276
0 0.791482 0.752578 0.039801 0.048912
0 0.921793 0.394675 0.039931 0.050548
0 0.857034 0.547568 0.037464 0.046890
0 0.457284 0.397137 0.035127 0.044868
0 0.682964 0.815698 0.036881 0.053241
0 0.925311 0.350500 0.039671 0.047276
0 0.221398 0.739048 0.038697 0.048719
0 0.251556 0.360295 0.036621 0.049969
0 0.771510 0.321919 0.036360 0.046697
0 0.161530 0.219290 0.037594 0.048526
0 0.750950 0.615261 0.040192 0.053821
0 0.720621 0.314670 0.036360 0.046697
0 0.519073 0.302613 0.045188 0.048242
0 0.806988 0.543785 0.035517 0.049776
0 0.249403 0.401390 0.036621 0.049969
0 0.854751 0.590300 0.039931 0.050548
0 0.834688 0.842257 0.039931 0.050548
0 0.928828 0.306326 0.035517 0.049776
0 0.258330 0.275218 0.036360 0.046697
0 0.313514 0.242577 0.034023 0.044674
0 0.523928 0.234619 0.046161 0.046799
0 0.478063 0.136181 0.035778 0.053048
0 0.394145 0.557779 0.042138 0.050935
0 0.600211 0.548231 0.038437 0.045447
0 0.273308 0.101169 0.038958 0.051991
0 0.379884 0.722830 0.039931 0.050548
0 0.809337 0.500235 0.037594 0.048526
0 0.226505 0.695982 0.042138 0.050935
0 0.232532 0.613263 0.040904 0.049106
0 0.207863 0.269702 0.037464 0.046890
0 0.255204 0.314484 0.036621 0.049969
0 0.242694 0.485648 0.036491 0.048333
0 0.396690 0.511776 0.039671 0.047276
0 0.239437 0.526550 0.038697 0.048719
0 0.722579 0.276028 0.036491 0.048333
0 0.664257 0.390236 0.035969 0.041789
0 0.699509 0.607915 0.036360 0.046697
0 0.763069 0.449005 0.034866 0.041595
0 0.906287 0.603468 0.039540 0.045640
0 0.120415 0.075234 0.039931 0.050548
0 0.095341 0.376081 0.037203 0.043618
0 0.112082 0.165844 0.042008 0.049299
0 0.115599 0.121670 0.040322 0.055457
0 0.889125 0.811972 0.041035 0.050742
0 0.100740 0.336383 0.041747 0.046027
0 0.918732 0.433122 0.039280 0.042368
0 0.727305 0.912210 0.039801 0.048912
0 0.894298 0.768088 0.039931 0.050548
0 0.366336 0.892983 0.040192 0.053821
0 0.212340 0.866856 0.040904 0.049106
0 0.886907 0.853886 0.040644 0.045833
0 0.912023 0.517381 0.037203 0.043618
0 0.831367 0.883977 0.034866 0.041595
0 0.531388 0.133904 0.049341 0.045743
0 0.529009 0.170812 0.045900 0.043527
0 0.389915 0.596852 0.039671 0.047276
0 0.852337 0.634667 0.039671 0.047276
0 0.410820 0.348360 0.039931 0.050548
0 0.170622 0.084023 0.041295 0.054014
0 0.880263 0.937326 0.040644 0.045833
0 0.590245 0.673392 0.036621 0.049969
0 0.091824 0.420255 0.039931 0.050548
0 0.672121 0.944852 0.039931 0.050548
0 0.521127 0.269795 0.045510 0.038619
0 0.884819 0.894163 0.041035 0.050742
0 0.877427 0.976838 0.042268 0.046325
0 0.597214 0.585861 0.038437 0.045447
0 0.586923 0.715112 0.038697 0.048719
0 0.214754 0.822488 0.040904 0.049106
0 0.583731 0.755196 0.038828 0.050355
0 0.915410 0.474843 0.040452 0.057093
0 0.219114 0.781779 0.036230 0.045061
0 0.197701 0.397316 0.039671 0.047276
0 0.723983 0.953930 0.039931 0.050548
0 0.191123 0.479939 0.037594 0.048526
0 0.773703 0.961804 0.040322 0.055457
0 0.403203 0.429971 0.037203 0.043618
0 0.825500 0.971700 0.040192 0.053821
0 0.909870 0.558476 0.040192 0.053821
0 0.412001 0.305436 0.035257 0.046504
0 0.676255 0.899956 0.036491 0.048333
0 0.163813 0.176558 0.039801 0.048912
0 0.386268 0.642662 0.040192 0.053821
0 0.686352 0.773159 0.036360 0.046697
0 0.842371 0.759828 0.037073 0.041982
0 0.847976 0.675376 0.039931 0.050548
0 0.166844 0.131469 0.041035 0.050742
0 0.204867 0.307332 0.039671 0.047276
0 0.800735 0.622317 0.039931 0.050548
0 0.202387 0.352517 0.040061 0.052185
0 0.228237 0.653154 0.038567 0.047083
0 0.680129 0.858332 0.037464 0.046890
0 0.781711 0.875285 0.034866 0.041595
0 0.844589 0.717914 0.035517 0.049776
0 0.934890 0.216148 0.040192 0.053821
0 0.829343 0.923436 0.039801 0.048912
0 0.803862 0.583051 0.037464 0.046890
0 0.236115 0.568270 0.036360 0.046697
0 0.245950 0.444746 0.036491 0.048333
0 0.594865 0.629410 0.041295 0.054014
0 0.211185 0.227982 0.037333 0.045254
0 0.797218 0.666491 0.037464 0.046890
0 0.872345 0.341229 0.034996 0.043231
