0 0.714593 0.848620 0.040998 0.040804
0 0.813026 0.786000 0.042853 0.044184
0 0.895517 0.619531 0.041273 0.042333
0 0.459531 0.267278 0.037359 0.041366
0 0.354248 0.864119 0.045462 0.044828
0 0.891943 0.584485 0.040998 0.040804
0 0.490747 0.683520 0.037084 0.039837
0 0.115616 0.472730 0.041548 0.043862
0 0.448641 0.202901 0.034405 0.031871
0 0.863912 0.443702 0.038114 0.038631
0 0.660551 0.858767 0.040998 0.040804
0 0.706830 0.813012 0.041823 0.045390
0 0.367783 0.931835 0.042578 0.042655
0 0.684430 0.673234 0.041823 0.045390
0 0.659524 0.530881 0.039419 0.038953
0 0.413787 0.884551 0.039694 0.040482
0 0.407329 0.848621 0.039968 0.042010
0 0.477138 0.907236 0.041548 0.043862
0 0.512685 0.305254 0.040518 0.045068
0 0.848211 0.337399 0.037909 0.044424
0 0.601149 0.839099 0.041273 0.042333
0 0.734629 0.327113 0.037359 0.041366
0 0.614452 0.280133 0.041068 0.048126
0 0.522215 0.858584 0.039968 0.042010
0 0.323261 0.684145 0.037359 0.041366
0 0.744107 0.694430 0.040998 0.040804
0 0.858896 0.408214 0.041273 0.042333
0 0.162753 0.420376 0.043677 0.048770
0 0.578990 0.696866 0.043402 0.047241
0 0.760323 0.799808 0.041823 0.045390
0 0.470027 0.871467 0.037359 0.041366
0 0.813166 0.457027 0.038389 0.040159
0 0.374490 0.336174 0.039213 0.044746
0 0.210852 0.373374 0.039213 0.044746
0 0.298629 0.543321 0.041273 0.042333
0 0.642000 0.755563 0.040724 0.039275
0 0.306664 0.910196 0.039968 0.042010
0 0.262417 0.664035 0.042578 0.042655
0 0.327247 0.721484 0.039968 0.042010
0 0.653715 0.824527 0.043128 0.045713
0 0.391112 0.743244 0.042853 0.044184
0 0.127915 0.548735 0.041273 0.042333
0 0.175705 0.496220 0.042647 0.049977
0 0.102562 0.400105 0.041273 0.042333
0 0.842952 0.634103 0.039968 0.042010
0 0.772315 0.540563 0.040998 0.040804
0 0.217311 0.409304 0.040998 0.040804
0 0.590327 0.767520 0.037634 0.042895
0 0.572394 0.660172 0.039694 0.040482
0 0.720917 0.554049 0.042578 0.042655
0 0.828698 0.228844 0.037359 0.041366
0 0.196247 0.602925 0.044707 0.047564
0 0.516169 0.824947 0.039968 0.042010
0 0.802993 0.715024 0.042853 0.044184
0 0.748986 0.729154 0.041273 0.042333
0 0.281758 0.767842 0.041273 0.042333
0 0.604829 0.541188 0.041273 0.042333
0 0.359747 0.564960 0.041823 0.045390
0 0.562367 0.289797 0.038664 0.041688
0 0.122212 0.509425 0.044707 0.047564
0 0.806570 0.420332 0.041548 0.043862
0 0.132932 0.584223 0.042372 0.048448
0 0.775995 0.242652 0.042098 0.046919
0 0.553053 0.556364 0.038389 0.040159
0 0.286639 0.472828 0.043128 0.045713
0 0.439349 0.697006 0.041273 0.042333
0 0.348957 0.827102 0.042853 0.044184
0 0.395991 0.777967 0.043128 0.045713
0 0.838450 0.597690 0.041548 0.043862
0 0.322164 0.348292 0.038939 0.043217
0 0.760463 0.470835 0.039968 0.042010
0 0.639496 0.423251 0.041548 0.043862
0 0.767162 0.504310 0.041273 0.042333
0 0.565283 0.624402 0.041823 0.045390
0 0.580472 0.401893 0.037359 0.041366
0 0.509435 0.787488 0.040243 0.043539
0 0.725418 0.590462 0.041548 0.043862
0 0.675056 0.302698 0.041548 0.043862
0 0.586793 0.437059 0.040518 0.045068
0 0.620258 0.316224 0.041548 0.043862
0 0.692474 0.410972 0.039968 0.042010
0 0.484564 0.649118 0.039968 0.042010
0 0.695493 0.742358 0.041823 0.045390
0 0.414167 0.553123 0.043128 0.045713
0 0.682441 0.339996 0.039968 0.042010
0 0.446328 0.432611 0.042098 0.046919
0 0.426809 0.623455 0.042578 0.042655
0 0.242527 0.557170 0.041823 0.045390
0 0.478105 0.613188 0.040243 0.043539
0 0.328897 0.385751 0.041823 0.045390
0 0.279391 0.436295 0.041273 0.042333
0 0.471509 0.576493 0.040793 0.046597
0 0.267811 0.697833 0.041823 0.045390
0 0.365176 0.602741 0.038939 0.043217
0 0.594041 0.473593 0.041823 0.045390
0 0.286911 0.804095 0.042098 0.046919
0 0.700477 0.444125 0.041273 0.042333
0 0.541716 0.485711 0.041548 0.043862
0 0.517187 0.341667 0.038939 0.043217
0 0.794066 0.350765 0.041273 0.042333
0 0.748336 0.399577 0.041548 0.043862
0 0.453061 0.470070 0.041273 0.042333
0 0.458689 0.800813 0.043128 0.045713
0 0.637259 0.721604 0.041823 0.045390
0 0.439869 0.396681 0.041273 0.042333
0 0.624067 0.648215 0.041823 0.045390
0 0.434853 0.361193 0.038664 0.041688
0 0.713669 0.517515 0.041273 0.042333
0 0.400873 0.482953 0.041273 0.042333
0 0.334188 0.422768 0.041823 0.045390
0 0.785095 0.611659 0.041823 0.045390
0 0.427845 0.322205 0.042098 0.046919
0 0.707485 0.483114 0.042098 0.046919
0 0.653340 0.496479 0.040243 0.043539
0 0.567280 0.328504 0.040518 0.045068
0 0.388986 0.409241 0.041273 0.042333
0 0.546869 0.521963 0.041273 0.042333
0 0.266302 0.359686 0.040518 0.045068
0 0.646092 0.459946 0.041548 0.043862
0 0.523783 0.378362 0.039488 0.046275
0 0.574151 0.366727 0.040518 0.045068
0 0.535257 0.449780 0.041273 0.042333
0 0.870988 0.475487 0.041823 0.045390
0 0.648561 0.788274 0.040243 0.043539
0 0.731602 0.624863 0.038664 0.041688
0 0.877996 0.514476 0.041548 0.043862
0 0.559889 0.590605 0.037359 0.041366
0 0.583113 0.734970 0.039968 0.042010
0 0.291141 0.509242 0.041548 0.043862
0 0.236206 0.522004 0.041823 0.045390
0 0.854017 0.373490 0.040998 0.040804
0 0.464633 0.837669 0.041273 0.042333
0 0.202843 0.639619 0.041548 0.043862
0 0.422992 0.920601 0.043402 0.047241
0 0.754520 0.433979 0.041273 0.042333
0 0.382045 0.707957 0.039968 0.042010
0 0.826323 0.526433 0.039968 0.042010
0 0.342361 0.790407 0.043402 0.047241
0 0.222602 0.446321 0.041548 0.043862
0 0.800524 0.386695 0.038939 0.043217
0 0.883150 0.550728 0.041273 0.042333
0 0.293645 0.841554 0.041273 0.042333
0 0.250702 0.595071 0.041823 0.045390
0 0.670861 0.601534 0.037359 0.041366
0 0.458455 0.503868 0.039968 0.042010
0 0.189789 0.566994 0.041273 0.042333
0 0.272795 0.399600 0.041823 0.045390
0 0.616166 0.611842 0.038114 0.038631
0 0.446460 0.732775 0.042853 0.044184
0 0.312333 0.945522 0.041823 0.045390
0 0.255581 0.629795 0.041548 0.043862
0 0.156707 0.386739 0.042578 0.042655
0 0.629358 0.685231 0.041273 0.042333
0 0.182438 0.533679 0.041273 0.042333
0 0.311031 0.616107 0.043402 0.047241
0 0.375998 0.674321 0.039968 0.042010
0 0.352122 0.530116 0.041273 0.042333
0 0.420626 0.589054 0.040243 0.043539
0 0.788122 0.313909 0.042578 0.042655
0 0.626339 0.353845 0.037359 0.041366
0 0.678212 0.634849 0.043128 0.045713
0 0.208272 0.677401 0.041823 0.045390
0 0.740435 0.363205 0.041548 0.043862
0 0.781286 0.279669 0.041548 0.043862
0 0.819350 0.491428 0.041273 0.042333
0 0.372012 0.636982 0.039968 0.042010
0 0.832644 0.561598 0.039968 0.042010
0 0.503252 0.753087 0.039968 0.042010
0 0.458190 0.248447 0.028498 0.012879
0 0.432753 0.660311 0.041273 0.042333
0 0.530516 0.415821 0.038114 0.038631
0 0.791038 0.648515 0.039968 0.042010
0 0.686428 0.377335 0.040518 0.045068
0 0.401283 0.814984 0.039968 0.042010
0 0.728034 0.290419 0.039968 0.042010
0 0.464124 0.539195 0.041273 0.042333
0 0.665845 0.566046 0.043128 0.045713
0 0.611425 0.577883 0.041823 0.045390
0 0.601152 0.509362 0.042303 0.041126
0 0.383695 0.372224 0.041273 0.042333
0 0.407572 0.516429 0.039968 0.042010
0 0.483578 0.401061 0.027057 0.025673
0 0.476915 0.371568 0.037359 0.041366
0 0.486121 0.422788 0.032826 0.030020
0 0.300343 0.875030 0.042578 0.042655
0 0.554585 0.777141 0.024517 0.032352
0 0.753727 0.763113 0.038664 0.041688
0 0.721850 0.256017 0.037084 0.039837
0 0.109158 0.436800 0.041273 0.042333
0 0.920801 0.760194 0.043883 0.042977
0 0.915167 0.728850 0.040998 0.040804
0 0.230502 0.482694 0.042098 0.046919
0 0.927775 0.795199 0.042578 0.042655
0 0.736618 0.660351 0.041823 0.045390
0 0.840310 0.301026 0.037359 0.041366
0 0.607608 0.875030 0.040998 0.040804
0 0.633553 0.386395 0.036535 0.036780
0 0.596270 0.804376 0.038939 0.043217
0 0.908709 0.692920 0.041823 0.045390
0 0.668460 0.266003 0.038389 0.040159
0 0.168697 0.457232 0.038664 0.041688
0 0.095074 0.366026 0.041548 0.043862
0 0.089267 0.329934 0.040518 0.045068
0 0.454892 0.230100 0.032346 0.034284
0 0.822094 0.821286 0.039968 0.042010
0 0.316837 0.652198 0.040724 0.039275
0 0.833714 0.264332 0.037909 0.044424
0 0.463723 0.298179 0.033650 0.034606
0 0.849273 0.669269 0.040518 0.045068
0 0.528536 0.893750 0.039968 0.042010
0 0.496931 0.717921 0.037359 0.041366
0 0.701436 0.779214 0.039419 0.038953
0 0.274407 0.734528 0.038114 0.038631
0 0.903693 0.657432 0.042372 0.048448
0 0.305225 0.580016 0.041823 0.045390
0 0.361736 0.898198 0.039419 0.038953
0 0.334598 0.754799 0.042578 0.042655
0 0.808937 0.751880 0.040998 0.040804
0 0.340784 0.459463 0.041273 0.042333
0 0.768224 0.836180 0.041273 0.042333
0 0.450034 0.767820 0.039968 0.042010
0 0.347243 0.495393 0.040998 0.040804
0 0.797085 0.682151 0.039968 0.042010
0 0.778224 0.573435 0.041273 0.042333
0 0.690099 0.708561 0.037359 0.041366
0 0.715494 0.216868 0.039763 0.047804
0 0.394277 0.446258 0.041823 0.045390
