0 0.498059508408797 0.6210084033613446 0.020698576972833227 0.02184873949579824
0 0.48382923673997413 0.5478991596638655 0.03363518758085382 0.016806722689075793
0 0.4838292367399741 0.35546218487394954 0.036222509702457883 0.02521008403361341
0 0.4967658473479948 0.6630252100840336 0.02069857697283317 0.02184873949579824
0 0.4961190168175938 0.642016806722689 0.021992238033635148 0.020168067226890796
0 0.08344113842173351 0.8621848739495799 0.03234152652005175 0.04033613445378148
0 0.4844760672703752 0.5016806722689076 0.03234152652005173 0.02521008403361341
0 0.4838292367399741 0.31932773109243695 0.036222509702457883 0.023529411764705854
0 0.25614489003880986 0.5605042016806723 0.031047865459249674 0.02857142857142858
0 0.4961190168175938 0.7058823529411764 0.021992238033635148 0.023529411764705688
0 0.6532988357050453 0.4991596638655462 0.03363518758085382 0.030252100840336082
0 0.8829236739974127 0.530252100840336 0.03234152652005173 0.031932773109243695
0 0.1410090556274256 0.888235294117647 0.033635187580853806 0.031932773109243695
0 0.14165588615782665 0.7201680672268906 0.034928848641655894 0.03865546218487392
0 0.08279430789133246 0.6571428571428571 0.033635187580853806 0.03697478991596648
0 0.2561448900388098 0.5361344537815127 0.03363518758085379 0.050420168067227045
0 0.08344113842173351 0.4890756302521008 0.029754204398447615 0.036974789915966366
0 0.8822768434670116 0.7243697478991596 0.031047865459249646 0.030252100840336027
0 0.08344113842173351 0.6235294117647059 0.03234152652005175 0.036974789915966366
0 0.7108667529107374 0.4638655462184874 0.03492884864165591 0.026890756302521024
0 0.42626131953428203 0.7563025210084033 0.03492884864165591 0.03361344537815136
0 0.8247089262613195 0.7588235294117647 0.03492884864165591 0.03529411764705881
0 0.6545924967658474 0.5193277310924369 0.036222509702457883 0.04705882352941182
0 0.08344113842173351 0.4596638655462185 0.03234152652005175 0.035294117647058865
0 0.8253557567917206 0.4957983193277311 0.03363518758085382 0.0336134453781512
0 0.4974126778783958 0.5991596638655463 0.01940491591203103 0.021848739495798353
0 0.49417852522639066 0.8613445378151261 0.02069857697283306 0.021848739495798353
0 0.08344113842173351 0.592436974789916 0.03492884864165588 0.02857142857142847
0 0.8822768434670116 0.8932773109243697 0.036222509702457995 0.03529411764705881
0 0.8247089262613195 0.5302521008403361 0.03492884864165591 0.03529411764705892
0 0.4805950840879689 0.8016806722689076 0.029754204398447615 0.030252100840336138
0 0.8247089262613195 0.7243697478991598 0.03492884864165591 0.036974789915966366
0 0.42626131953428203 0.7243697478991596 0.03234152652005173 0.030252100840336027
0 0.48382923673997413 0.44705882352941173 0.03363518758085382 0.03697478991596642
0 0.8809831824062095 0.7588235294117647 0.036222509702457995 0.03529411764705881
0 0.42626131953428203 0.7915966386554623 0.03492884864165591 0.036974789915966366
0 0.7115135834411385 0.3966386554621848 0.03363518758085382 0.03361344537815131
0 0.4961190168175938 0.5789915966386554 0.021992238033635148 0.025210084033613467
0 0.36998706338939197 0.7890756302521008 0.03363518758085382 0.0352941176470587
0 0.14165588615782665 0.7554621848739496 0.034928848641655894 0.03529411764705881
0 0.1985769728331177 0.8571428571428572 0.03234152652005176 0.036974789915966366
0 0.1403622250970246 0.6932773109243697 0.03234152652005175 0.03529411764705881
0 0.8253557567917206 0.596638655462185 0.03363518758085382 0.030252100840336138
0 0.08214747736093143 0.561344537815126 0.03492884864165588 0.03697478991596648
0 0.8822768434670116 0.8260504201680672 0.036222509702457995 0.031932773109243695
0 0.8822768434670116 0.8571428571428572 0.036222509702457995 0.036974789915966366
0 0.4269081500646831 0.6941176470588235 0.0310478654592497 0.030252100840336138
0 0.8253557567917206 0.8588235294117648 0.03363518758085382 0.030252100840336138
0 0.8829236739974127 0.6941176470588235 0.03492884864165591 0.030252100840336138
0 0.4961190168175938 0.8865546218487395 0.021992238033635148 0.025210084033613467
0 0.42626131953428203 0.8226890756302521 0.03234152652005173 0.031932773109243806
0 0.7677878395860285 0.7563025210084033 0.03492884864165591 0.03361344537815136
0 0.4275549805950841 0.3932773109243698 0.03234152652005179 0.030252100840336082
0 0.370633893919793 0.426890756302521 0.03492884864165591 0.03361344537815125
0 0.370633893919793 0.5260504201680671 0.03234152652005173 0.030252100840336027
0 0.7102199223803364 0.8571428571428572 0.03363518758085382 0.036974789915966366
0 0.5388098318240621 0.8890756302521008 0.03234152652005173 0.03361344537815125
0 0.5963777490297542 0.6899159663865546 0.03363518758085382 0.031932773109243806
0 0.1423027166882277 0.4596638655462185 0.03363518758085382 0.035294117647058865
0 0.1979301423027167 0.7899159663865546 0.03622250970245794 0.03361344537815114
0 0.5388098318240621 0.626890756302521 0.03234152652005173 0.030252100840336138
0 0.1985769728331177 0.6235294117647059 0.03234152652005176 0.030252100840336138
0 0.14165588615782665 0.3915966386554622 0.034928848641655894 0.04033613445378148
0 0.8829236739974127 0.6277310924369748 0.03751617076326008 0.03529411764705881
0 0.7684346701164295 0.4966386554621849 0.03363518758085382 0.03193277310924364
0 0.7102199223803364 0.7243697478991596 0.03363518758085382 0.030252100840336027
0 0.7677878395860285 0.8252100840336134 0.03492884864165591 0.03361344537815125
0 0.538163001293661 0.7907563025210085 0.03363518758085382 0.03529411764705881
0 0.7671410090556274 0.857983193277311 0.036222509702457995 0.03529411764705881
0 0.5970245795601552 0.8563025210084034 0.03492884864165591 0.03529411764705881
0 0.5970245795601552 0.7907563025210084 0.03492884864165591 0.031932773109243584
0 0.6545924967658473 0.39243697478991596 0.03363518758085382 0.03529411764705881
0 0.8822768434670116 0.3983193277310924 0.036222509702457995 0.03697478991596648
0 0.4269081500646831 0.5294117647058822 0.03363518758085382 0.03361344537815125
0 0.7108667529107374 0.6932773109243697 0.03234152652005173 0.03529411764705881
0 0.5407503234152651 0.4966386554621849 0.03363518758085393 0.03193277310924364
0 0.4269081500646831 0.35798319327731093 0.03363518758085382 0.036974789915966366
0 0.2548512289780077 0.7554621848739496 0.03622250970245794 0.03529411764705881
0 0.1979301423027167 0.5260504201680671 0.03363518758085382 0.030252100840336027
0 0.25679172056921085 0.4235294117647059 0.032341526520051705 0.03361344537815125
0 0.6520051746442432 0.8915966386554621 0.03363518758085382 0.031932773109243695
0 0.25679172056921085 0.45882352941176474 0.032341526520051705 0.03697478991596642
0 0.25485122897800777 0.6579831932773109 0.03363518758085382 0.03529411764705892
0 0.1410090556274256 0.5932773109243697 0.033635187580853806 0.03361344537815136
0 0.5388098318240621 0.8563025210084034 0.03234152652005173 0.03529411764705881
0 0.1410090556274256 0.5260504201680671 0.033635187580853806 0.03361344537815125
0 0.2554980595084088 0.5907563025210083 0.03234152652005176 0.03529411764705881
0 0.2548512289780077 0.6899159663865546 0.03622250970245794 0.03529411764705892
0 0.36998706338939197 0.4605042016806723 0.03363518758085382 0.03361344537815131
0 0.7684346701164295 0.561344537815126 0.036222509702457995 0.030252100840336138
0 0.7108667529107374 0.5932773109243697 0.03492884864165591 0.030252100840336027
0 0.7684346701164295 0.42857142857142855 0.03363518758085382 0.030252100840336138
0 0.19922380336351875 0.6579831932773109 0.03363518758085382 0.03529411764705892
0 0.7102199223803364 0.8226890756302521 0.03363518758085382 0.031932773109243806
0 0.1979301423027167 0.5596638655462185 0.03363518758085382 0.03361344537815125
0 0.6532988357050453 0.6588235294117648 0.03363518758085382 0.03361344537815125
0 0.3693402328589909 0.49495798319327733 0.03234152652005173 0.035294117647058754
0 0.1985769728331177 0.6899159663865546 0.03492884864165588 0.03529411764705892
0 0.8247089262613195 0.4647058823529412 0.03492884864165591 0.031932773109243695
0 0.1985769728331177 0.592436974789916 0.03492884864165588 0.03529411764705892
0 0.4269081500646831 0.6596638655462186 0.0310478654592497 0.03529411764705881
0 0.7677878395860285 0.5302521008403361 0.03492884864165591 0.03529411764705892
0 0.5963777490297542 0.8890756302521008 0.03363518758085382 0.03361344537815125
0 0.19922380336351875 0.42436974789915966 0.03363518758085382 0.031932773109243695
0 0.7690815006468306 0.3966386554621848 0.03492884864165591 0.03361344537815131
0 0.370633893919793 0.5924369747899159 0.03492884864165591 0.031932773109243695
0 0.31306597671410086 0.4957983193277311 0.033635187580853876 0.030252100840336082
0 0.7115135834411385 0.5294117647058822 0.03363518758085382 0.03361344537815125
0 0.6545924967658473 0.561344537815126 0.03363518758085382 0.030252100840336138
0 0.6545924967658473 0.7554621848739496 0.03363518758085382 0.031932773109243806
0 0.5407503234152651 0.4638655462184874 0.03363518758085393 0.036974789915966366
0 0.369340232858991 0.6932773109243697 0.03492884864165585 0.03529411764705881
0 0.369987063389392 0.39243697478991596 0.03622250970245794 0.03529411764705881
0 0.5970245795601552 0.35798319327731093 0.03234152652005173 0.036974789915966366
0 0.5394566623544631 0.35714285714285715 0.03363518758085382 0.03529411764705881
0 0.5970245795601552 0.7588235294117647 0.03234152652005173 0.031932773109243695
0 0.3117723156532988 0.5294117647058822 0.03363518758085382 0.03361344537815125
0 0.4844760672703752 0.41848739495798315 0.03234152652005173 0.016806722689075626
0 0.48253557567917205 0.4 0.03363518758085382 0.02016806722689074
0 0.4851228978007762 0.37899159663865545 0.036222509702457995 0.021848739495798353
0 0.48382923673997413 0.3403361344537815 0.03363518758085382 0.018487394957983183
0 0.48382923673997413 0.5268907563025211 0.02846054333764564 0.021848739495798353
0 0.4967658473479948 0.6840336134453782 0.02069857697283317 0.020168067226890907
0 0.36998706338939197 0.6579831932773109 0.03363518758085382 0.031932773109243584
0 0.8247089262613195 0.5655462184873951 0.03492884864165591 0.03529411764705892
0 0.08214747736093143 0.7899159663865546 0.03492884864165588 0.03361344537815114
0 0.8247089262613195 0.6941176470588235 0.03492884864165591 0.030252100840336138
0 0.8247089262613195 0.7915966386554623 0.03234152652005173 0.03361344537815125
0 0.7677878395860285 0.6932773109243697 0.03492884864165591 0.03529411764705881
0 0.369987063389392 0.7554621848739496 0.03622250970245794 0.03529411764705881
0 0.8829236739974127 0.49495798319327733 0.03234152652005173 0.035294117647058754
0 0.7677878395860285 0.7252100840336135 0.03492884864165591 0.03529411764705881
0 0.8829236739974127 0.6621848739495799 0.03492884864165591 0.03361344537815125
0 0.08214747736093143 0.8252100840336134 0.03492884864165588 0.03697478991596648
0 0.19922380336351875 0.8915966386554621 0.03363518758085382 0.031932773109243695
0 0.1403622250970246 0.7907563025210085 0.03751617076326004 0.03529411764705881
0 0.7115135834411384 0.4932773109243697 0.036222509702457883 0.03865546218487392
0 0.08214747736093145 0.7243697478991596 0.03234152652005175 0.030252100840336027
0 0.1410090556274256 0.6579831932773109 0.031047865459249674 0.031932773109243584
0 0.8253557567917206 0.8932773109243697 0.03363518758085382 0.031932773109243695
0 0.7677878395860285 0.8932773109243697 0.03751617076326008 0.031932773109243695
0 0.42626131953428203 0.8571428571428572 0.03492884864165591 0.030252100840336138
0 0.2548512289780077 0.7235294117647059 0.03622250970245794 0.031932773109243584
0 0.19922380336351875 0.7226890756302522 0.03363518758085382 0.030252100840336138
0 0.369987063389392 0.8218487394957983 0.03622250970245794 0.03361344537815136
0 0.37063389391979307 0.8890756302521008 0.037516170763260026 0.03361344537815125
0 0.1985769728331177 0.826890756302521 0.03492884864165588 0.036974789915966366
0 0.08214747736093143 0.7554621848739496 0.03492884864165588 0.03529411764705881
0 0.8253557567917206 0.6277310924369748 0.03363518758085382 0.031932773109243695
0 0.4269081500646831 0.8890756302521008 0.03363518758085382 0.03361344537815125
0 0.08214747736093145 0.6899159663865546 0.03234152652005175 0.03529411764705892
0 0.25679172056921085 0.888235294117647 0.0401034928848642 0.031932773109243695
0 0.1410090556274256 0.8571428571428572 0.03622250970245797 0.036974789915966366
0 0.8822768434670116 0.792436974789916 0.036222509702457995 0.03529411764705881
0 0.8266494178525227 0.35798319327731093 0.03363518758085382 0.036974789915966366
0 0.5388098318240621 0.8226890756302521 0.03234152652005173 0.031932773109243806
0 0.8822768434670116 0.596638655462185 0.036222509702457995 0.030252100840336138
0 0.1423027166882277 0.42773109243697477 0.03363518758085382 0.031932773109243695
0 0.7684346701164295 0.6621848739495799 0.03363518758085382 0.03361344537815125
0 0.7677878395860285 0.7907563025210085 0.03492884864165591 0.03529411764705881
0 0.6526520051746443 0.6890756302521008 0.03234152652005173 0.03025210084033625
0 0.2561448900388098 0.857983193277311 0.03622250970245794 0.03529411764705881
0 0.8253557567917206 0.8260504201680672 0.03363518758085382 0.03529411764705881
0 0.1403622250970246 0.6277310924369748 0.03234152652005175 0.03529411764705881
0 0.08344113842173351 0.42436974789915966 0.03492884864165588 0.03529411764705881
0 0.7102199223803364 0.8924369747899159 0.03363518758085382 0.03361344537815125
0 0.5407503234152651 0.39243697478991596 0.03363518758085393 0.03529411764705881
0 0.2554980595084088 0.49495798319327733 0.03234152652005176 0.03193277310924364
0 0.1410090556274256 0.561344537815126 0.033635187580853806 0.03697478991596648
0 0.370633893919793 0.6277310924369748 0.03492884864165591 0.03529411764705881
0 0.8822768434670116 0.43025210084033616 0.036222509702457995 0.030252100840336138
0 0.8829236739974127 0.5621848739495798 0.03492884864165591 0.03529411764705892
0 0.8829236739974127 0.46302521008403363 0.03492884864165591 0.03529411764705881
0 0.7115135834411385 0.6588235294117647 0.03363518758085382 0.030252100840336027
0 0.8247089262613195 0.3966386554621848 0.03492884864165591 0.03361344537815131
0 0.369987063389392 0.8571428571428572 0.03622250970245794 0.036974789915966366
0 0.2548512289780077 0.7899159663865546 0.03622250970245794 0.03361344537815114
0 0.25679172056921085 0.3857142857142857 0.03492884864165588 0.03865546218487398
0 0.5407503234152651 0.5294117647058822 0.03363518758085393 0.030252100840336138
0 0.7684346701164295 0.5924369747899159 0.03363518758085382 0.031932773109243695
0 0.7108667529107374 0.7907563025210085 0.03492884864165591 0.03529411764705881
0 0.2561448900388098 0.8226890756302521 0.03363518758085379 0.03529411764705892
0 0.7684346701164295 0.6277310924369748 0.03363518758085382 0.03529411764705881
0 0.8816300129366106 0.361344537815126 0.03751617076326008 0.03697478991596631
0 0.7115135834411384 0.3621848739495799 0.036222509702457883 0.04201680672268909
0 0.1403622250970246 0.8218487394957983 0.03751617076326004 0.03361344537815136
0 0.369340232858991 0.7243697478991596 0.03492884864165585 0.030252100840336027
0 0.3130659767141009 0.561344537815126 0.036222509702457995 0.03697478991596648
0 0.370633893919793 0.3563025210084034 0.03492884864165591 0.036974789915966366
0 0.42626131953428203 0.5621848739495798 0.03234152652005173 0.03529411764705892
0 0.6532988357050453 0.8226890756302521 0.03363518758085382 0.031932773109243806
0 0.7108667529107374 0.7588235294117647 0.03492884864165591 0.03529411764705881
0 0.7108667529107374 0.5621848739495798 0.03492884864165591 0.031932773109243806
0 0.8253557567917206 0.4294117647058824 0.03363518758085382 0.035294117647058865
0 0.6539456662354464 0.6285714285714286 0.034928848641655796 0.030252100840336138
0 0.370633893919793 0.5605042016806723 0.03492884864165591 0.03529411764705892
0 0.5970245795601552 0.8226890756302521 0.03492884864165591 0.03529411764705892
0 0.5957309184993531 0.626890756302521 0.032341526520051844 0.030252100840336138
0 0.1979301423027167 0.49411764705882355 0.03363518758085382 0.0336134453781512
0 0.1985769728331177 0.38823529411764707 0.03492884864165588 0.036974789915966366
0 0.4269081500646831 0.6277310924369748 0.03363518758085382 0.031932773109243695
0 0.08214747736093143 0.5252100840336134 0.03492884864165588 0.03529411764705881
0 0.8253557567917206 0.6621848739495799 0.03363518758085382 0.036974789915966366
0 0.4269081500646831 0.5957983193277312 0.0310478654592497 0.031932773109243695
0 0.5976714100905562 0.5605042016806723 0.03363518758085382 0.031932773109243695
0 0.2554980595084088 0.6235294117647059 0.03234152652005176 0.03361344537815125
0 0.6532988357050453 0.7907563025210085 0.03363518758085382 0.03529411764705881
0 0.6539456662354464 0.723529411764706 0.032341526520051844 0.03529411764705881
0 0.6526520051746443 0.8571428571428572 0.03234152652005173 0.036974789915966366
0 0.31306597671410086 0.46302521008403363 0.033635187580853876 0.03529411764705881
0 0.1423027166882277 0.4907563025210084 0.03363518758085382 0.03361344537815125
0 0.5388098318240621 0.5974789915966388 0.03234152652005173 0.031932773109243695
0 0.5970245795601552 0.49495798319327733 0.03492884864165591 0.03193277310924364
0 0.19922380336351875 0.7546218487394958 0.03622250970245797 0.036974789915966366
0 0.7108667529107374 0.626890756302521 0.03492884864165591 0.03361344537815125
0 0.7684346701164295 0.4638655462184874 0.03363518758085382 0.036974789915966366
0 0.3130659767141009 0.39243697478991596 0.036222509702457995 0.03529411764705881
0 0.6545924967658473 0.35714285714285715 0.03363518758085382 0.03529411764705881
0 0.5388098318240621 0.7243697478991596 0.03234152652005173 0.030252100840336027
0 0.6539456662354464 0.4285714285714286 0.034928848641655796 0.03697478991596642
0 0.4275549805950841 0.45966386554621846 0.03234152652005179 0.031932773109243695
0 0.08279430789133246 0.38823529411764707 0.03622250970245795 0.036974789915966366
0 0.538163001293661 0.7588235294117647 0.03363518758085382 0.03529411764705881
0 0.5970245795601552 0.7243697478991598 0.03492884864165591 0.036974789915966366
0 0.5976714100905562 0.4605042016806723 0.03363518758085382 0.03361344537815131
0 0.5970245795601552 0.6579831932773109 0.03234152652005173 0.03529411764705892
0 0.5983182406209573 0.3941176470588235 0.03234152652005173 0.03529411764705881
0 0.5976714100905562 0.4277310924369748 0.031047865459249646 0.035294117647058865
0 0.3130659767141009 0.4277310924369748 0.036222509702457995 0.035294117647058865
0 0.7115135834411384 0.4336134453781513 0.036222509702457883 0.036974789915966366
0 0.5388098318240621 0.6588235294117648 0.03234152652005173 0.03361344537815125
0 0.5950840879689521 0.5268907563025209 0.03880983182406206 0.03529411764705881
0 0.5394566623544631 0.561344537815126 0.03363518758085382 0.03697478991596648
0 0.6545924967658473 0.5957983193277312 0.03363518758085382 0.03529411764705881
0 0.5388098318240621 0.6932773109243697 0.03234152652005173 0.031932773109243695
0 0.3117723156532989 0.3563025210084034 0.03880983182406211 0.036974789915966366
0 0.5407503234152651 0.4285714285714286 0.03363518758085393 0.03697478991596642
0 0.1985769728331177 0.45882352941176474 0.03234152652005176 0.03697478991596642
0 0.6539456662354464 0.46302521008403363 0.034928848641655796 0.03529411764705881
0 0.4275549805950841 0.4277310924369748 0.03234152652005179 0.035294117647058865
0 0.5976714100905562 0.5924369747899159 0.03363518758085382 0.031932773109243695
0 0.4269081500646831 0.49495798319327733 0.03363518758085382 0.035294117647058754
0 0.7690815006468306 0.3605042016806722 0.03751617076325997 0.03865546218487387
