0 0.5811298076923077 0.7358834244080146 0.02524038461538458 0.04007285974499086
0 0.07572115384615384 0.8260473588342441 0.024038461538461536 0.03825136612021862
0 0.20492788461538464 0.3132969034608379 0.04206730769230771 0.032786885245901676
0 0.49639423076923084 0.7322404371584699 0.021634615384615474 0.029143897996357082
0 0.07572115384615384 0.7322404371584699 0.024038461538461536 0.03642987249544627
0 0.047475961538461536 0.7322404371584699 0.022836538461538464 0.03642987249544627
0 0.48557692307692313 0.3233151183970856 0.04567307692307693 0.038251366120218566
0 0.48557692307692313 0.2905282331511839 0.04326923076923084 0.04189435336976327
0 0.10516826923076923 0.8706739526411658 0.02524038461538461 0.04007285974499086
0 0.10516826923076925 0.7759562841530054 0.02283653846153845 0.03642987249544627
0 0.5823317307692308 0.7795992714025501 0.025240384615384692 0.03642987249544627
0 0.1045673076923077 0.733151183970856 0.024038461538461536 0.03825136612021851
0 0.047475961538461536 0.7750455373406193 0.025240384615384616 0.03825136612021862
0 0.4861778846153847 0.1384335154826958 0.046875000000000056 0.03278688524590162
0 0.3299278846153846 0.8260473588342441 0.02283653846153849 0.03825136612021862
0 0.48617788461538464 0.21311475409836067 0.044471153846153855 0.03278688524590165
0 0.020432692307692308 0.733151183970856 0.02644230769230769 0.03825136612021851
0 0.020432692307692308 0.7759562841530054 0.02644230769230769 0.03642987249544627
0 0.30408653846153844 0.8260473588342441 0.02403846153846151 0.03825136612021862
0 0.1045673076923077 0.825136612021858 0.024038461538461536 0.04371584699453546
0 0.07692307692307693 0.7750455373406193 0.02403846153846155 0.041894353369763326
0 0.5528846153846154 0.3679417122040073 0.02163461538461553 0.03642987249544627
0 0.2620192307692308 0.17395264116575593 0.03605769230769229 0.04553734061930784
0 0.5943509615384615 0.6903460837887068 0.034855769230769273 0.04735883424408005
0 0.6081730769230769 0.7823315118397085 0.024038461538461564 0.03825136612021851
0 0.32872596153846156 0.7759562841530054 0.02283653846153849 0.040072859744990974
0 0.32752403846153844 0.7322404371584699 0.02283653846153849 0.03642987249544627
0 0.08954326923076923 0.6876138433515483 0.04206730769230768 0.04553734061930781
0 0.3016826923076923 0.7322404371584699 0.02403846153846151 0.03642987249544627
0 0.03365384615384615 0.6375227686703097 0.04326923076923077 0.04371584699453579
0 0.03365384615384615 0.6839708561020037 0.04326923076923077 0.05282331511839711
0 0.04867788461538461 0.45264116575591984 0.025240384615384616 0.03460837887067397
0 0.020432692307692308 0.453551912568306 0.024038461538461543 0.03642987249544627
0 0.48437500000000006 0.10200364298724954 0.04567307692307698 0.040072859744990905
0 0.04867788461538461 0.4990892531876139 0.025240384615384616 0.04007285974499092
0 0.020432692307692308 0.36247723132969034 0.02644230769230769 0.03642987249544627
0 0.3028846153846154 0.7759562841530054 0.02403846153846151 0.040072859744990974
0 0.6075721153846154 0.7377049180327868 0.022836538461538436 0.040072859744990974
0 0.020432692307692308 0.4061930783242259 0.02644230769230769 0.03278688524590162
0 0.9290865384615385 0.22495446265938068 0.038461538461538436 0.04553734061930784
0 0.4158653846153846 0.7823315118397085 0.02403846153846151 0.03825136612021851
0 0.049879807692307696 0.36247723132969034 0.022836538461538457 0.03642987249544627
0 0.4861778846153847 0.06193078324225865 0.046875000000000056 0.040072859744990884
0 0.09014423076923077 0.6411657559198543 0.038461538461538464 0.04735883424408016
0 0.9290865384615385 0.18306010928961747 0.038461538461538436 0.04553734061930784
0 0.4417067307692308 0.7358834244080146 0.022836538461538436 0.03642987249544627
0 0.2608173076923077 0.21948998178506374 0.033653846153846145 0.04189435336976319
0 0.4411057692307692 0.7823315118397085 0.024038461538461564 0.03825136612021851
0 0.4140625 0.7367941712204007 0.02524038461538458 0.03825136612021862
0 0.7067307692307692 0.6930783242258651 0.038461538461538436 0.0491803278688524
0 0.14603365384615385 0.6867030965391621 0.039663461538461536 0.051001821493624866
0 0.5516826923076923 0.4107468123861566 0.02644230769230771 0.04189435336976316
0 0.484375 0.4927140255009107 0.03125 0.038251366120218566
0 0.7055288461538461 0.32149362477231336 0.04086538461538458 0.04553734061930775
0 0.048677884615384616 0.40619307832422585 0.027644230769230768 0.03642987249544627
0 0.8731971153846154 0.226775956284153 0.034855769230769273 0.04553734061930781
0 0.09314903846153846 0.2204007285974499 0.039663461538461536 0.051001821493624755
0 0.48437500000000006 0.17395264116575593 0.04567307692307698 0.04553734061930784
0 0.3161057692307693 0.6885245901639345 0.04086538461538464 0.04735883424408016
0 0.036057692307692304 0.26867030965391625 0.038461538461538464 0.045537340619307864
0 0.14603365384615385 0.6402550091074681 0.03725961538461539 0.04553734061930781
0 0.03485576923076923 0.5910746812386156 0.04086538461538461 0.0564663023679417
0 0.7614182692307692 0.6912568306010929 0.03725961538461531 0.0491803278688524
0 0.14963942307692307 0.21948998178506376 0.039663461538461536 0.04918032786885246
0 0.03665865384615385 0.2204007285974499 0.039663461538461536 0.051001821493624755
0 0.8731971153846154 0.2741347905282332 0.03725961538461542 0.04918032786885254
0 0.8179086538461539 0.5947176684881603 0.03966346153846145 0.05282331511839711
0 0.8179086538461539 0.6894353369763206 0.03485576923076916 0.04553734061930781
0 0.8179086538461539 0.6438979963570128 0.03485576923076916 0.04553734061930792
0 0.48557692307692313 0.2495446265938069 0.04326923076923084 0.04371584699453551
0 0.3161057692307693 0.6402550091074681 0.04086538461538464 0.049180327868852625
0 0.7614182692307692 0.22313296903460839 0.03725961538461531 0.05282331511839708
0 0.7626201923076923 0.5956284153005464 0.039663461538461564 0.051001821493624755
0 0.03605769230769231 0.31420765027322406 0.04086538461538461 0.04553734061930781
0 0.3713942307692308 0.6867030965391621 0.03605769230769229 0.04371584699453546
0 0.20432692307692307 0.2668488160291439 0.038461538461538464 0.049180327868852486
0 0.3173076923076923 0.5919854280510017 0.03605769230769229 0.04735883424408005
0 0.7614182692307692 0.6457194899817851 0.03725961538461531 0.049180327868852514
0 0.7055288461538461 0.6475409836065573 0.03605769230769229 0.04553734061930792
0 0.25961538461538464 0.26867030965391625 0.038461538461538464 0.04918032786885246
0 0.2620192307692308 0.12295081967213115 0.03605769230769229 0.05282331511839712
0 0.5955528846153846 0.6438979963570128 0.034855769230769273 0.04553734061930792
0 0.2061298076923077 0.2213114754098361 0.034855769230769246 0.04553734061930784
0 0.6502403846153846 0.27322404371584696 0.033653846153846145 0.04007285974499092
0 0.9296875 0.27413479052823314 0.03966346153846145 0.05282331511839708
0 0.09134615384615384 0.5910746812386156 0.038461538461538464 0.0564663023679417
0 0.3719951923076923 0.3151183970856102 0.03725961538461536 0.047358834244080106
0 0.6502403846153846 0.6438979963570128 0.03605769230769229 0.04553734061930792
0 0.7055288461538461 0.5947176684881603 0.03846153846153855 0.05282331511839711
0 0.3167067307692307 0.26867030965391625 0.03725961538461536 0.045537340619307864
0 0.4296875 0.31420765027322406 0.03725961538461542 0.04918032786885246
0 0.6514423076923077 0.5956284153005464 0.038461538461538436 0.051001821493624755
0 0.7626201923076923 0.273224043715847 0.03485576923076916 0.04371584699453557
0 0.9296875 0.13114754098360656 0.03966346153846145 0.058287795992714
0 0.7043269230769231 0.27322404371584696 0.0360576923076924 0.047358834244080134
0 0.7055288461538461 0.22495446265938068 0.03605769230769229 0.05282331511839708
0 0.5943509615384615 0.22495446265938068 0.034855769230769273 0.05282331511839708
0 0.5949519230769231 0.5947176684881603 0.038461538461538436 0.05282331511839711
0 0.5390625 0.6903460837887068 0.03966346153846145 0.04735883424408005
0 0.484375 0.40437158469945356 0.04326923076923078 0.051001821493624755
0 0.5390625 0.6438979963570128 0.03966346153846145 0.04553734061930792
0 0.8731971153846154 0.17759562841530055 0.039663461538461564 0.05282331511839711
0 0.37259615384615385 0.6438979963570128 0.03605769230769229 0.04553734061930792
0 0.3173076923076923 0.31420765027322406 0.03605769230769229 0.04918032786885246
0 0.6502403846153846 0.6930783242258651 0.04086538461538458 0.0491803278688524
0 0.20552884615384615 0.17030965391621128 0.03605769230769232 0.05282331511839708
0 0.8167067307692308 0.22313296903460839 0.039663461538461564 0.05282331511839708
0 0.4296875 0.26958105646630237 0.039663461538461564 0.04371584699453554
0 0.42728365384615385 0.6885245901639345 0.03725961538461542 0.04371584699453546
0 0.6502403846153846 0.319672131147541 0.03605769230769229 0.05282331511839705
0 0.4284855769230769 0.6420765027322405 0.034855769230769273 0.049180327868852514
0 0.3719951923076923 0.27049180327868855 0.03725961538461536 0.04553734061930784
0 0.37439903846153844 0.22313296903460839 0.03966346153846151 0.05282331511839708
0 0.37259615384615385 0.5910746812386156 0.038461538461538436 0.05282331511839711
0 0.59375 0.27231329690346084 0.03605769230769229 0.04553734061930789
0 0.09194711538461539 0.3105646630236794 0.03966346153846155 0.0564663023679417
0 0.43209134615384615 0.22313296903460839 0.03725961538461542 0.04918032786885246
0 0.7620192307692308 0.32149362477231336 0.038461538461538436 0.05282331511839705
0 0.6502403846153846 0.2222222222222222 0.03605769230769229 0.054644808743169376
0 0.5384615384615385 0.3224043715846995 0.04086538461538447 0.05100182149362481
0 0.5402644230769231 0.27413479052823314 0.03725961538461531 0.04553734061930781
0 0.3167067307692307 0.21948998178506374 0.03725961538461536 0.05282331511839708
0 0.5949519230769231 0.3224043715846995 0.0360576923076924 0.05100182149362481
0 0.4296875 0.5928961748633881 0.039663461538461564 0.052823315118396885
0 0.8179086538461539 0.319672131147541 0.03966346153846145 0.05282331511839705
0 0.8167067307692308 0.2741347905282332 0.03725961538461531 0.04918032786885254
0 0.5396634615384616 0.22313296903460839 0.038461538461538325 0.05282331511839708
0 0.14723557692307693 0.5910746812386156 0.04206730769230771 0.0564663023679417
0 0.5390625 0.5928961748633881 0.03966346153846145 0.052823315118396885
0 0.1484375 0.3087431693989071 0.039663461538461564 0.056466302367941756
0 0.48557692307692313 0.4517304189435337 0.04086538461538464 0.04371584699453551
