0 0.590556 0.741351 0.023333 0.036244
0 0.123333 0.822900 0.022222 0.034596
0 0.242778 0.359143 0.038889 0.029654
0 0.512222 0.738056 0.020000 0.026359
0 0.123333 0.738056 0.022222 0.032949
0 0.097222 0.738056 0.021111 0.032949
0 0.502222 0.368204 0.042222 0.034596
0 0.502222 0.338550 0.040000 0.037891
0 0.150556 0.863262 0.023333 0.036244
0 0.150556 0.777595 0.021111 0.032949
0 0.591667 0.780890 0.023333 0.032949
0 0.150000 0.738880 0.022222 0.034596
0 0.097222 0.776771 0.023333 0.034596
0 0.502778 0.200988 0.043333 0.029654
0 0.358333 0.822900 0.021111 0.034596
0 0.502778 0.268534 0.041111 0.029654
0 0.072222 0.738880 0.024444 0.034596
0 0.072222 0.777595 0.024444 0.032949
0 0.334444 0.822900 0.022222 0.034596
0 0.150000 0.822076 0.022222 0.039539
0 0.124444 0.776771 0.022222 0.037891
0 0.564444 0.408567 0.020000 0.032949
0 0.295556 0.233114 0.033333 0.041186
0 0.602778 0.700165 0.032222 0.042834
0 0.615556 0.783361 0.022222 0.034596
0 0.357222 0.777595 0.021111 0.036244
0 0.356111 0.738056 0.021111 0.032949
0 0.136111 0.697694 0.038889 0.041186
0 0.332222 0.738056 0.022222 0.032949
0 0.084444 0.652389 0.040000 0.039539
0 0.084444 0.694399 0.040000 0.047776
0 0.098333 0.485173 0.023333 0.031301
0 0.072222 0.485997 0.022222 0.032949
0 0.501111 0.168040 0.042222 0.036244
0 0.098333 0.527183 0.023333 0.036244
0 0.072222 0.403624 0.024444 0.032949
0 0.333333 0.777595 0.022222 0.036244
0 0.615000 0.742998 0.021111 0.036244
0 0.072222 0.443163 0.024444 0.029654
0 0.912222 0.279242 0.035556 0.041186
0 0.437778 0.783361 0.022222 0.034596
0 0.099444 0.403624 0.021111 0.032949
0 0.502778 0.131796 0.043333 0.036244
0 0.136667 0.655684 0.035556 0.042834
0 0.912222 0.241351 0.035556 0.041186
0 0.461667 0.741351 0.021111 0.032949
0 0.294444 0.274300 0.031111 0.037891
0 0.461111 0.783361 0.022222 0.034596
0 0.436111 0.742175 0.023333 0.034596
0 0.706667 0.702636 0.035556 0.044481
0 0.188333 0.696870 0.036667 0.046129
0 0.563333 0.447282 0.024444 0.037891
0 0.501111 0.521417 0.028889 0.034596
0 0.705556 0.366557 0.037778 0.041186
0 0.098333 0.443163 0.025556 0.032949
0 0.860556 0.280890 0.032222 0.041186
0 0.139444 0.275124 0.036667 0.046129
0 0.501111 0.233114 0.042222 0.041186
0 0.345556 0.698517 0.037778 0.042834
0 0.086667 0.318781 0.035556 0.041186
0 0.188333 0.654860 0.034444 0.041186
0 0.085556 0.610379 0.037778 0.051071
0 0.757222 0.700988 0.034444 0.044481
0 0.191667 0.274300 0.036667 0.044481
0 0.087222 0.275124 0.036667 0.046129
0 0.860556 0.323723 0.034444 0.044481
0 0.809444 0.613674 0.036667 0.047776
0 0.809444 0.699341 0.032222 0.041186
0 0.809444 0.658155 0.032222 0.041186
0 0.502222 0.301483 0.040000 0.039539
0 0.345556 0.654860 0.037778 0.044481
0 0.757222 0.277595 0.034444 0.047776
0 0.758333 0.614498 0.036667 0.046129
0 0.086667 0.359967 0.037778 0.041186
0 0.396667 0.696870 0.033333 0.039539
0 0.242222 0.317133 0.035556 0.044481
0 0.346667 0.611203 0.033333 0.042834
0 0.757222 0.659802 0.034444 0.044481
0 0.705556 0.661450 0.033333 0.041186
0 0.293333 0.318781 0.035556 0.044481
0 0.295556 0.186985 0.033333 0.047776
0 0.603889 0.658155 0.032222 0.041186
0 0.243889 0.275947 0.032222 0.041186
0 0.654444 0.322900 0.031111 0.036244
0 0.912778 0.323723 0.036667 0.047776
0 0.137778 0.610379 0.035556 0.051071
0 0.397222 0.360791 0.034444 0.042834
0 0.654444 0.658155 0.033333 0.041186
0 0.705556 0.613674 0.035556 0.047776
0 0.346111 0.318781 0.034444 0.041186
0 0.450556 0.359967 0.034444 0.044481
0 0.655556 0.614498 0.035556 0.046129
0 0.758333 0.322900 0.032222 0.039539
0 0.912778 0.194399 0.036667 0.052718
0 0.704444 0.322900 0.033333 0.042834
0 0.705556 0.279242 0.033333 0.047776
0 0.602778 0.279242 0.032222 0.047776
0 0.603333 0.613674 0.035556 0.047776
0 0.551667 0.700165 0.036667 0.042834
0 0.501111 0.441516 0.040000 0.046129
0 0.551667 0.658155 0.036667 0.041186
0 0.860556 0.236409 0.036667 0.047776
0 0.397778 0.658155 0.033333 0.041186
0 0.346667 0.359967 0.033333 0.044481
0 0.654444 0.702636 0.037778 0.044481
0 0.243333 0.229819 0.033333 0.047776
0 0.808333 0.277595 0.036667 0.047776
0 0.450556 0.319605 0.036667 0.039539
0 0.448333 0.698517 0.034444 0.039539
0 0.654444 0.364909 0.033333 0.047776
0 0.449444 0.656507 0.032222 0.044481
0 0.397222 0.320428 0.034444 0.041186
0 0.399444 0.277595 0.036667 0.047776
0 0.397778 0.610379 0.035556 0.047776
0 0.602222 0.322076 0.033333 0.041186
0 0.138333 0.356672 0.036667 0.051071
0 0.452778 0.277595 0.034444 0.044481
0 0.757778 0.366557 0.035556 0.047776
0 0.654444 0.276771 0.033333 0.049423
0 0.551111 0.367381 0.037778 0.046129
0 0.552778 0.323723 0.034444 0.041186
0 0.346111 0.274300 0.034444 0.047776
0 0.603333 0.367381 0.033333 0.046129
0 0.450556 0.612026 0.036667 0.047776
0 0.809444 0.364909 0.036667 0.047776
0 0.808333 0.323723 0.034444 0.044481
0 0.552222 0.277595 0.035556 0.047776
0 0.189444 0.610379 0.038889 0.051071
0 0.551667 0.612026 0.036667 0.047776
0 0.190556 0.355025 0.036667 0.051071
0 0.502222 0.484349 0.037778 0.039539
