0 0.406929 0.430368 0.036685 0.044487
0 0.786005 0.499033 0.028533 0.034816
0 0.462636 0.552224 0.036685 0.032882
0 0.786005 0.676015 0.028533 0.036750
0 0.770380 0.273694 0.038043 0.040619
0 0.175272 0.600580 0.032609 0.040619
0 0.407609 0.884913 0.040761 0.048356
0 0.459918 0.515474 0.036685 0.040619
0 0.884511 0.317215 0.040761 0.042553
0 0.177989 0.381044 0.032609 0.046422
0 0.885190 0.270793 0.039402 0.046422
0 0.408967 0.795938 0.040761 0.044487
0 0.658288 0.539652 0.039402 0.050290
0 0.461277 0.298839 0.036685 0.040619
0 0.459918 0.334623 0.036685 0.038685
0 0.351223 0.430368 0.031250 0.048356
0 0.602582 0.882012 0.042120 0.054159
0 0.176630 0.325919 0.032609 0.040619
0 0.603261 0.707930 0.040761 0.050290
0 0.407609 0.721470 0.038043 0.042553
0 0.179348 0.795938 0.038043 0.048356
0 0.714674 0.231141 0.040761 0.048356
0 0.351223 0.629594 0.036685 0.044487
0 0.461277 0.372340 0.036685 0.040619
0 0.658288 0.444874 0.039402 0.061896
0 0.235734 0.882979 0.036685 0.059961
0 0.351223 0.672147 0.039402 0.044487
0 0.176630 0.446809 0.035326 0.046422
0 0.348505 0.527079 0.036685 0.048356
0 0.504076 0.121857 0.035326 0.042553
0 0.408288 0.677950 0.039402 0.040619
0 0.406929 0.636364 0.036685 0.042553
0 0.177989 0.500000 0.038043 0.048356
0 0.461277 0.226306 0.036685 0.046422
0 0.348505 0.477756 0.036685 0.046422
0 0.234375 0.796905 0.042120 0.050290
0 0.603261 0.533849 0.038043 0.058027
0 0.405571 0.512573 0.036685 0.042553
0 0.406250 0.177950 0.038043 0.046422
0 0.349864 0.579304 0.036685 0.052224
0 0.405571 0.472921 0.036685 0.044487
0 0.290761 0.175048 0.038043 0.052224
0 0.885190 0.225338 0.039402 0.048356
0 0.175272 0.180851 0.035326 0.052224
0 0.406250 0.341393 0.038043 0.040619
0 0.406250 0.257253 0.038043 0.042553
0 0.405571 0.556093 0.036685 0.044487
0 0.546196 0.227273 0.038043 0.048356
0 0.828125 0.230174 0.042120 0.050290
0 0.234375 0.450677 0.039402 0.058027
0 0.236413 0.706963 0.040761 0.056093
0 0.179348 0.882012 0.043478 0.058027
0 0.714674 0.178917 0.040761 0.056093
0 0.177310 0.554159 0.036685 0.044487
0 0.348505 0.380077 0.039402 0.048356
0 0.658288 0.315280 0.036685 0.054159
0 0.406929 0.385880 0.036685 0.048356
0 0.116848 0.227273 0.043478 0.048356
0 0.770380 0.230174 0.038043 0.046422
0 0.603940 0.177950 0.039402 0.054159
0 0.348505 0.181818 0.036685 0.050290
0 0.175272 0.271760 0.038043 0.048356
0 0.177310 0.705996 0.039402 0.050290
0 0.602582 0.356867 0.042120 0.056093
0 0.348505 0.330754 0.036685 0.046422
0 0.118207 0.176983 0.040761 0.052224
0 0.660326 0.177950 0.040761 0.054159
0 0.462636 0.647002 0.039402 0.029014
0 0.462636 0.678917 0.036685 0.034816
0 0.461277 0.409091 0.036685 0.032882
0 0.459918 0.179884 0.036685 0.046422
0 0.360734 0.757253 0.025815 0.032882
0 0.786005 0.716634 0.028533 0.036750
0 0.758152 0.717602 0.024457 0.038685
0 0.510190 0.468085 0.023098 0.034816
0 0.658967 0.794971 0.035326 0.046422
0 0.758152 0.577369 0.024457 0.032882
0 0.783288 0.757253 0.031250 0.036750
0 0.673234 0.756286 0.025815 0.038685
0 0.788723 0.534816 0.028533 0.036750
0 0.787364 0.641199 0.025815 0.029014
0 0.784647 0.465184 0.025815 0.036750
0 0.759511 0.543520 0.024457 0.038685
0 0.786005 0.606383 0.028533 0.036750
0 0.421875 0.759188 0.023098 0.032882
0 0.786005 0.568665 0.028533 0.034816
0 0.758152 0.678917 0.027174 0.038685
0 0.460598 0.582205 0.038043 0.034816
0 0.192935 0.754352 0.024457 0.034816
0 0.758152 0.609284 0.024457 0.034816
0 0.758832 0.642166 0.025815 0.034816
0 0.476223 0.754352 0.020380 0.034816
0 0.786685 0.428433 0.024457 0.032882
0 0.463995 0.794971 0.036685 0.042553
0 0.772418 0.796905 0.036685 0.050290
0 0.760870 0.467118 0.027174 0.036750
0 0.770380 0.842360 0.043478 0.040619
0 0.617527 0.754352 0.025815 0.038685
0 0.786685 0.390716 0.024457 0.038685
0 0.504076 0.162476 0.035326 0.038685
0 0.658288 0.886847 0.039402 0.044487
0 0.760870 0.502901 0.027174 0.038685
0 0.784647 0.352031 0.025815 0.038685
0 0.769701 0.887814 0.036685 0.050290
0 0.250000 0.756286 0.024457 0.034816
0 0.760190 0.431335 0.028533 0.034816
0 0.658967 0.840426 0.038043 0.044487
0 0.351902 0.794004 0.038043 0.048356
0 0.511549 0.425532 0.025815 0.038685
0 0.883832 0.449710 0.036685 0.048356
0 0.351223 0.839458 0.036685 0.042553
0 0.351223 0.884913 0.039402 0.048356
0 0.884511 0.357834 0.038043 0.042553
0 0.461277 0.264023 0.039402 0.032882
0 0.408288 0.599613 0.033967 0.038685
0 0.656250 0.629594 0.038043 0.048356
0 0.604620 0.795938 0.040761 0.052224
0 0.463315 0.716634 0.035326 0.040619
0 0.461957 0.617988 0.040761 0.036750
0 0.758832 0.394584 0.025815 0.038685
0 0.459918 0.442940 0.036685 0.038685
0 0.885190 0.402321 0.039402 0.046422
0 0.505435 0.074468 0.032609 0.040619
0 0.177989 0.646035 0.032609 0.042553
0 0.405571 0.300774 0.036685 0.044487
0 0.405571 0.217602 0.036685 0.036750
0 0.504755 0.037718 0.028533 0.032882
0 0.661005 0.707930 0.039402 0.054159
0 0.772418 0.314313 0.036685 0.040619
0 0.462636 0.838491 0.036685 0.044487
0 0.408967 0.840426 0.040761 0.044487
0 0.760190 0.354932 0.028533 0.036750
0 0.459918 0.476789 0.036685 0.036750
0 0.461957 0.887814 0.040761 0.046422
0 0.351902 0.716634 0.040761 0.044487
0 0.234375 0.582205 0.039402 0.061896
0 0.884511 0.176983 0.040761 0.048356
0 0.548234 0.176015 0.036685 0.050290
0 0.771739 0.176983 0.040761 0.052224
0 0.348505 0.281431 0.042120 0.048356
0 0.233696 0.314313 0.040761 0.052224
0 0.827446 0.176983 0.040761 0.052224
0 0.351223 0.231141 0.039402 0.048356
0 0.289402 0.227273 0.040761 0.052224
0 0.233696 0.175048 0.040761 0.056093
