0 0.3653846153846154 0.6556291390728477 0.03846153846153849 0.04856512141280367
0 0.7726648351648351 0.21412803532008834 0.02335164835164838 0.03973509933774827
0 0.5453296703296704 0.2019867549668874 0.03846153846153855 0.028697571743929368
0 0.5473901098901099 0.2560706401766004 0.039835164835164805 0.030905077262693148
0 0.5631868131868132 0.5916114790286975 0.019230769230769162 0.030905077262693204
0 0.5618131868131868 0.5375275938189845 0.0219780219780219 0.02428256070640178
0 0.5480769230769231 0.22958057395143489 0.02472527472527475 0.02649006622516556
0 0.5467032967032968 0.282560706401766 0.030219780219780223 0.026490066225165643
0 0.5460164835164836 0.3178807947019868 0.03708791208791218 0.044150110375275886
0 0.5618131868131868 0.5640176600441501 0.0219780219780219 0.028697571743929284
0 0.5631868131868132 0.620309050772627 0.019230769230769162 0.02207505518763797
0 0.5611263736263736 0.6434878587196469 0.02335164835164827 0.02428256070640178
0 0.5604395604395604 0.6644591611479029 0.0219780219780219 0.013245033112582738
0 0.5597527472527473 0.6832229580573952 0.020604395604395642 0.019867549668874163
0 0.5604395604395604 0.7041942604856513 0.0219780219780219 0.030905077262693204
0 0.6655219780219781 0.9194260485651214 0.03434065934065933 0.03752759381898452
0 0.4855769230769231 0.9635761589403974 0.039835164835164805 0.050772626931567366
0 0.24313186813186816 0.8763796909492274 0.038461538461538464 0.04856512141280356
0 0.3035714285714286 0.38631346578366443 0.04120879120879123 0.0485651214128035
0 0.24450549450549453 0.4746136865342163 0.035714285714285726 0.04415011037527594
0 0.9086538461538461 0.39183222958057395 0.03708791208791218 0.04635761589403975
0 0.6675824175824177 0.7019867549668874 0.038461538461538436 0.04415011037527583
0 0.8021978021978022 0.39183222958057395 0.02472527472527475 0.03752759381898452
0 0.48626373626373626 0.4337748344370861 0.0357142857142857 0.04635761589403975
0 0.3035714285714286 0.25165562913907286 0.035714285714285754 0.04856512141280356
0 0.24450549450549453 0.29911699779249445 0.035714285714285726 0.046357615894039694
0 0.7266483516483517 0.4757174392935982 0.0357142857142857 0.03752759381898457
0 0.970467032967033 0.3057395143487859 0.03708791208791218 0.05518763796909493
0 0.24381868131868134 0.4337748344370861 0.03434065934065936 0.04635761589403975
0 0.24244505494505494 0.6103752759381899 0.03983516483516486 0.04635761589403975
0 0.48626373626373626 0.38631346578366443 0.038461538461538436 0.0485651214128035
0 0.30288461538461536 0.9635761589403974 0.03708791208791218 0.04635761589403975
0 0.6675824175824177 0.6567328918322297 0.038461538461538436 0.04635761589403986
0 0.7273351648351649 0.30132450331125826 0.03434065934065933 0.04635761589403975
0 0.30288461538461536 0.9194260485651214 0.03708791208791218 0.04194260485651213
0 0.3035714285714286 0.5629139072847682 0.04120879120879123 0.04856512141280367
0 0.6057692307692308 0.4757174392935982 0.0357142857142857 0.04194260485651213
0 0.3028846153846154 0.47902869757174393 0.03983516483516486 0.039735099337748325
0 0.4258241758241758 0.4735099337748344 0.038461538461538436 0.04194260485651219
0 0.7898351648351649 0.7428256070640177 0.0357142857142857 0.04635761589403975
0 0.7280219780219781 0.2571743929359823 0.038461538461538436 0.04635761589403972
0 0.9086538461538461 0.6103752759381899 0.03708791208791218 0.04194260485651213
0 0.606456043956044 0.38520971302428253 0.03434065934065933 0.046357615894039694
0 0.3028846153846154 0.6545253863134658 0.03983516483516486 0.04635761589403975
0 0.8482142857142858 0.4337748344370861 0.03708791208791207 0.04635761589403975
0 0.4258241758241758 0.33995584988962474 0.0357142857142857 0.04415011037527594
0 0.8482142857142858 0.347682119205298 0.03708791208791207 0.04635761589403975
0 0.30288461538461536 0.609271523178808 0.03708791208791218 0.04415011037527594
0 0.7287087912087913 0.6556291390728477 0.03708791208791207 0.04856512141280367
0 0.7891483516483517 0.6136865342163356 0.03708791208791207 0.04415011037527594
0 0.24313186813186816 0.695364238410596 0.038461538461538464 0.04856512141280356
0 0.18406593406593408 0.2538631346578366 0.0412087912087912 0.057395143487858735
0 0.9690934065934066 0.5231788079470199 0.03708791208791218 0.04856512141280356
0 0.24313186813186816 0.7428256070640177 0.038461538461538464 0.04635761589403975
0 0.7273351648351649 0.609271523178808 0.039835164835164805 0.04415011037527594
0 0.3653846153846154 0.522075055187638 0.035714285714285754 0.04635761589403975
0 0.24313186813186816 0.5209713024282561 0.038461538461538464 0.04856512141280356
0 0.7273351648351649 0.7439293598233996 0.03708791208791207 0.04856512141280367
0 0.3653846153846154 0.5629139072847682 0.035714285714285754 0.04415011037527594
0 0.8482142857142858 0.48013245033112584 0.03708791208791207 0.04635761589403975
0 0.3653846153846154 0.3454746136865342 0.03846153846153849 0.04635761589403975
0 0.42651098901098905 0.4326710816777042 0.03983516483516486 0.04415011037527594
0 0.7884615384615385 0.5209713024282561 0.0357142857142857 0.039735099337748325
0 0.907967032967033 0.434878587196468 0.03846153846153855 0.04415011037527594
0 0.24381868131868134 0.3454746136865342 0.037087912087912095 0.04635761589403975
0 0.8502747252747254 0.522075055187638 0.038461538461538436 0.04635761589403975
0 0.3028846153846154 0.8774834437086094 0.03983516483516486 0.04635761589403964
0 0.6675824175824177 0.29801324503311255 0.04120879120879117 0.057395143487858735
0 0.24381868131868134 0.38852097130242824 0.03983516483516483 0.04415011037527594
0 0.3653846153846154 0.608167770419426 0.03846153846153849 0.04635761589403975
0 0.7259615384615385 0.4337748344370861 0.03708791208791207 0.04635761589403975
0 0.24381868131868134 0.5662251655629139 0.03983516483516483 0.04635761589403975
0 0.9086538461538461 0.5231788079470199 0.03708791208791218 0.04415011037527594
0 0.12087912087912088 0.7428256070640176 0.0412087912087912 0.05518763796909476
0 0.30494505494505497 0.30022075055187636 0.03846153846153849 0.0485651214128035
0 0.7891483516483517 0.47902869757174393 0.03708791208791207 0.04856512141280356
0 0.6675824175824177 0.4801324503311258 0.04120879120879117 0.05518763796909487
0 0.6675824175824177 0.6147902869757175 0.04120879120879117 0.04635761589403975
0 0.7266483516483517 0.3465783664459161 0.0357142857142857 0.039735099337748325
0 0.606456043956044 0.6136865342163356 0.03708791208791207 0.04856512141280356
0 0.5611263736263736 0.9591611479028698 0.02335164835164827 0.04194260485651213
0 0.9711538461538461 0.7406181015452539 0.03846153846153855 0.055187637969095205
0 0.970467032967033 0.7008830022075057 0.03708791208791218 0.04194260485651202
0 0.6675824175824177 0.5286975717439295 0.038461538461538436 0.04635761589403964
0 0.8502747252747254 0.6070640176600441 0.038461538461538436 0.052980132450331174
0 0.7884615384615385 0.6931567328918322 0.0357142857142857 0.05739514348785879
0 0.9100274725274726 0.9194260485651214 0.03708791208791207 0.04635761589403975
0 0.5604395604395604 0.924944812362031 0.024725274725274637 0.030905077262693204
0 0.606456043956044 0.6964679911699779 0.03434065934065933 0.04635761589403975
0 0.9093406593406594 0.7428256070640177 0.0357142857142857 0.04635761589403975
0 0.9100274725274725 0.9635761589403974 0.039835164835164916 0.050772626931567366
0 0.848901098901099 0.5684326710816777 0.0357142857142857 0.04635761589403975
0 0.9100274725274725 0.8311258278145697 0.039835164835164916 0.04635761589403986
0 0.7898351648351649 0.9624724061810155 0.038461538461538436 0.04415011037527594
0 0.6648351648351649 0.9492273730684326 0.04395604395604391 0.07947019867549676
0 0.5467032967032966 0.8399558498896247 0.03296703296703285 0.037527593818984406
0 0.7877747252747254 0.2571743929359824 0.03708791208791207 0.03752759381898452
0 0.8021978021978022 0.2108167770419426 0.02472527472527475 0.04635761589403975
0 0.9711538461538461 0.9183222958057395 0.03846153846153855 0.039735099337748325
0 0.9697802197802198 0.3487858719646799 0.03571428571428581 0.039735099337748325
0 0.5480769230769231 0.48896247240618107 0.038461538461538436 0.03311258278145707
0 0.9107142857142858 0.8774834437086094 0.038461538461538436 0.04635761589403964
0 0.9100274725274726 0.7041942604856513 0.03708791208791207 0.048565121412803336
0 0.10645604395604395 0.2119205298013245 0.023351648351648352 0.039735099337748325
0 0.6057692307692308 0.8311258278145697 0.0357142857142857 0.04635761589403986
0 0.4855769230769231 0.6534216335540839 0.03434065934065933 0.04415011037527594
0 0.1353021978021978 0.21081677704194263 0.026098901098901103 0.037527593818984545
0 0.848901098901099 0.6567328918322297 0.038461538461538436 0.04635761589403986
0 0.6675824175824177 0.5607064017660044 0.04120879120879117 0.05739514348785868
0 0.7891483516483517 0.9227373068432672 0.03708791208791207 0.04415011037527594
0 0.12087912087912088 0.29911699779249445 0.038461538461538464 0.046357615894039694
0 0.6057692307692307 0.8708609271523179 0.03846153846153855 0.04635761589403975
0 0.1043956043956044 0.3443708609271523 0.02472527472527472 0.039735099337748325
0 0.12087912087912088 0.25386313465783666 0.038461538461538464 0.04415011037527597
0 0.1043956043956044 0.38741721854304634 0.021978021978021983 0.03752759381898457
0 0.7891483516483517 0.6556291390728477 0.03434065934065933 0.039735099337748325
0 0.13392857142857142 0.4315673289183223 0.026098901098901103 0.04194260485651213
0 0.24313186813186816 0.923841059602649 0.035714285714285726 0.04635761589403964
0 0.9718406593406593 0.608167770419426 0.039835164835164916 0.04635761589403975
0 0.8021978021978022 0.4326710816777042 0.02472527472527475 0.039735099337748325
0 0.7719780219780219 0.38852097130242824 0.02197802197802201 0.039735099337748325
0 0.970467032967033 0.7847682119205298 0.039835164835164916 0.04635761589403975
0 0.9711538461538461 0.8763796909492274 0.041208791208791284 0.04415011037527583
0 0.48626373626373626 0.608167770419426 0.0357142857142857 0.04635761589403975
0 0.6668956043956045 0.38631346578366443 0.03434065934065944 0.03973509933774838
0 0.48695054945054944 0.3487858719646799 0.039835164835164805 0.03532008830022071
0 0.9711538461538461 0.9624724061810155 0.041208791208791284 0.04856512141280356
0 0.6655219780219781 0.3454746136865342 0.03434065934065933 0.04194260485651213
0 0.5473901098901099 0.4470198675496689 0.039835164835164805 0.050772626931567366
0 0.9100274725274726 0.7891832229580574 0.03708791208791207 0.04635761589403975
0 0.9684065934065934 0.8300220750551877 0.03846153846153855 0.04856512141280367
0 0.6655219780219781 0.8774834437086094 0.04258241758241754 0.04635761589403964
0 0.30494505494505497 0.7428256070640177 0.035714285714285754 0.04635761589403975
0 0.24381868131868134 0.9646799116997793 0.037087912087912095 0.04856512141280356
0 0.4842032967032967 0.8311258278145697 0.039835164835164805 0.04635761589403986
0 0.6648351648351649 0.8322295805739514 0.03846153846153855 0.048565121412803336
0 0.6057692307692308 0.3454746136865342 0.0357142857142857 0.03752759381898452
0 0.970467032967033 0.5684326710816777 0.03708791208791218 0.04635761589403975
0 0.606456043956044 0.7428256070640177 0.03708791208791207 0.04635761589403975
0 0.4855769230769231 0.9183222958057395 0.03708791208791207 0.039735099337748325
0 0.4842032967032967 0.8774834437086094 0.039835164835164805 0.04635761589403964
0 0.7870879120879122 0.29911699779249445 0.038461538461538436 0.046357615894039694
0 0.606456043956044 0.7891832229580574 0.03708791208791207 0.04635761589403975
0 0.3653846153846154 0.2571743929359823 0.03846153846153849 0.04635761589403972
0 0.3035714285714286 0.3465783664459161 0.035714285714285754 0.039735099337748325
0 0.1201923076923077 0.5198675496688742 0.03983516483516483 0.04635761589403975
0 0.7891483516483517 0.8774834437086094 0.03708791208791207 0.04635761589403964
0 0.36401098901098905 0.2119205298013245 0.04120879120879123 0.04856512141280356
0 0.3028846153846154 0.7891832229580574 0.03983516483516486 0.04635761589403975
0 0.970467032967033 0.434878587196468 0.03708791208791218 0.039735099337748325
0 0.48626373626373626 0.4746136865342163 0.0357142857142857 0.04415011037527594
0 0.12087912087912088 0.6070640176600441 0.038461538461538464 0.039735099337748325
0 0.48695054945054944 0.5629139072847682 0.03434065934065933 0.04415011037527594
0 0.1201923076923077 0.47461368653421626 0.03983516483516483 0.04856512141280367
0 0.6675824175824177 0.4337748344370861 0.0357142857142857 0.04635761589403975
0 0.48695054945054944 0.5209713024282561 0.03708791208791207 0.04856512141280356
0 0.8502747252747254 0.7439293598233996 0.0357142857142857 0.04856512141280367
0 0.848901098901099 0.7008830022075057 0.0357142857142857 0.04194260485651202
0 0.1346153846153846 0.38631346578366443 0.024725274725274735 0.03973509933774838
0 0.4855769230769231 0.7880794701986755 0.03708791208791207 0.04856512141280356
0 0.606456043956044 0.9172185430463576 0.03708791208791207 0.04635761589403975
0 0.4258241758241758 0.522075055187638 0.038461538461538436 0.04635761589403975
0 0.7273351648351649 0.8366445916114791 0.039835164835164805 0.04856512141280345
0 0.9697802197802198 0.38741721854304634 0.03571428571428581 0.04635761589403975
0 0.11950549450549451 0.695364238410596 0.038461538461538464 0.039735099337748325
0 0.6071428571428572 0.5673289183222958 0.0357142857142857 0.04856512141280356
0 0.8028846153846154 0.3465783664459161 0.026098901098901117 0.04856512141280356
0 0.9100274725274725 0.6556291390728477 0.039835164835164916 0.04856512141280367
0 0.7891483516483517 0.8322295805739515 0.03434065934065933 0.04415011037527605
0 0.7266483516483517 0.7902869757174393 0.038461538461538436 0.04856512141280356
0 0.8482142857142858 0.39183222958057395 0.03708791208791207 0.04194260485651213
0 0.3660714285714286 0.38852097130242824 0.03708791208791212 0.04415011037527594
0 0.6682692307692308 0.7428256070640177 0.03708791208791207 0.04635761589403975
0 0.6071428571428572 0.5209713024282561 0.0357142857142857 0.039735099337748325
0 0.48626373626373626 0.7008830022075055 0.038461538461538436 0.050772626931567366
0 0.8468406593406594 0.29911699779249445 0.03434065934065933 0.046357615894039694
0 0.9086538461538461 0.347682119205298 0.03708791208791218 0.04194260485651213
0 0.7280219780219781 0.6975717439293598 0.0357142857142857 0.039735099337748325
0 0.135989010989011 0.3399558498896247 0.030219780219780237 0.0485651214128035
0 0.24313186813186816 0.7880794701986755 0.035714285714285726 0.04415011037527594
0 0.24313186813186816 0.6534216335540839 0.038461538461538464 0.039735099337748325
0 0.4855769230769231 0.7439293598233996 0.03708791208791207 0.039735099337748325
0 0.9690934065934066 0.6556291390728477 0.04258241758241765 0.04856512141280367
0 0.6071428571428572 0.6556291390728477 0.0357142857142857 0.039735099337748325
0 0.9697802197802198 0.47902869757174393 0.03571428571428581 0.039735099337748325
0 0.24381868131868134 0.25165562913907286 0.037087912087912095 0.04856512141280356
0 0.7884615384615385 0.7891832229580574 0.0357142857142857 0.04635761589403975
0 0.5467032967032968 0.3686534216335541 0.038461538461538436 0.05298013245033112
0 0.7259615384615385 0.2119205298013245 0.03708791208791207 0.04856512141280356
0 0.6648351648351649 0.7891832229580574 0.03846153846153855 0.04635761589403975
0 0.6071428571428572 0.9646799116997793 0.0357142857142857 0.04856512141280356
0 0.24244505494505497 0.8311258278145697 0.037087912087912095 0.04635761589403986
0 0.30494505494505497 0.6975717439293598 0.035714285714285754 0.04415011037527594
0 0.30288461538461536 0.8322295805739515 0.03708791208791218 0.04415011037527605
0 0.3035714285714286 0.5198675496688742 0.035714285714285754 0.04635761589403975
0 0.12087912087912088 0.5662251655629139 0.038461538461538464 0.04635761589403975
0 0.3653846153846154 0.29911699779249445 0.03846153846153849 0.046357615894039694
0 0.7726648351648351 0.3454746136865342 0.02335164835164838 0.033112582781456956
0 0.42719780219780223 0.293598233995585 0.04120879120879123 0.04856512141280356
0 0.3653846153846154 0.4337748344370861 0.03846153846153849 0.04635761589403975
0 0.12019230769230768 0.6534216335540839 0.042582417582417584 0.04856512141280356
0 0.9100274725274726 0.5684326710816777 0.03708791208791207 0.04635761589403975
0 0.606456043956044 0.4326710816777042 0.03708791208791207 0.04415011037527594
0 0.9093406593406593 0.304635761589404 0.03846153846153855 0.04856512141280356
0 0.7877747252747254 0.5684326710816777 0.03708791208791207 0.04635761589403975
0 0.4876373626373626 0.30132450331125826 0.04120879120879117 0.0640176600441501
0 0.907967032967033 0.48013245033112584 0.03846153846153855 0.04635761589403975
0 0.364010989010989 0.4746136865342163 0.03846153846153855 0.04415011037527594
0 0.7259615384615385 0.39183222958057395 0.03708791208791207 0.04635761589403975
0 0.7273351648351649 0.5684326710816777 0.03708791208791207 0.04635761589403975
0 0.3035714285714286 0.4337748344370861 0.04120879120879123 0.04635761589403975
0 0.4258241758241758 0.38631346578366443 0.038461538461538436 0.0485651214128035
0 0.7280219780219781 0.5209713024282561 0.038461538461538436 0.04856512141280356
0 0.6050824175824175 0.29911699779249445 0.03708791208791218 0.05518763796909493
