0 0.920143 0.783713 0.023838 0.036778
0 0.953516 0.823117 0.023838 0.031524
0 0.118594 0.645359 0.022646 0.040280
0 0.675209 0.427320 0.020262 0.031524
0 0.118594 0.600701 0.022646 0.031524
0 0.452920 0.784588 0.023838 0.038529
0 0.979738 0.868651 0.023838 0.038529
0 0.120381 0.739054 0.026222 0.038529
0 0.452324 0.912434 0.025030 0.038529
0 0.119785 0.691769 0.025030 0.038529
0 0.979738 0.823993 0.023838 0.036778
0 0.479142 0.959720 0.023838 0.038529
0 0.411800 0.741681 0.039333 0.050788
0 0.479738 0.784588 0.022646 0.035026
0 0.424911 0.470228 0.022646 0.040280
0 0.523838 0.137478 0.051251 0.040280
0 0.478546 0.913310 0.022646 0.040280
0 0.119785 0.556918 0.022646 0.031524
0 0.894517 0.294221 0.022646 0.031524
0 0.522050 0.316988 0.047676 0.038529
0 0.977950 0.558669 0.025030 0.035026
0 0.700238 0.471103 0.025030 0.035026
0 0.895709 0.782837 0.022646 0.035026
0 0.147795 0.694396 0.026222 0.040280
0 0.452324 0.824869 0.025030 0.035026
0 0.148391 0.784588 0.025030 0.038529
0 0.119785 0.425569 0.022646 0.031524
0 0.895709 0.823993 0.022646 0.036778
0 0.811085 0.469352 0.025030 0.038529
0 0.466031 0.741681 0.040524 0.047285
0 0.120381 0.466725 0.023838 0.036778
0 0.424911 0.425569 0.025030 0.035026
0 0.286651 0.783713 0.022646 0.036778
0 0.146603 0.470228 0.023838 0.040280
0 0.147199 0.647986 0.027414 0.038529
0 0.258045 0.426445 0.022646 0.033275
0 0.258641 0.471103 0.023838 0.035026
0 0.920143 0.339755 0.026222 0.038529
0 0.950536 0.425569 0.022646 0.035026
0 0.231824 0.468476 0.022646 0.036778
0 0.522050 0.555166 0.033373 0.038529
0 0.521454 0.245184 0.046484 0.045534
0 0.121573 0.514011 0.026222 0.040280
0 0.076877 0.741681 0.039333 0.047285
0 0.411800 0.380911 0.039333 0.050788
0 0.132896 0.380911 0.036949 0.047285
0 0.951132 0.514011 0.023838 0.036778
0 0.673421 0.469352 0.021454 0.035026
0 0.243147 0.742557 0.040524 0.052539
0 0.976758 0.468476 0.022646 0.036778
0 0.866508 0.340630 0.021454 0.033275
0 0.187723 0.742557 0.034565 0.045534
0 0.147199 0.557793 0.025030 0.036778
0 0.963647 0.737303 0.039333 0.045534
0 0.244934 0.695271 0.036949 0.045534
0 0.077473 0.335377 0.035757 0.043783
0 0.839690 0.340630 0.022646 0.033275
0 0.811085 0.429072 0.025030 0.035026
0 0.977950 0.428196 0.022646 0.033275
0 0.865316 0.296848 0.023838 0.036778
0 0.188915 0.382662 0.036949 0.047285
0 0.743743 0.739054 0.038141 0.056042
0 0.799166 0.739054 0.039333 0.045534
0 0.190107 0.288967 0.039333 0.049037
0 0.299166 0.695271 0.035757 0.045534
0 0.963051 0.690893 0.038141 0.043783
0 0.465435 0.695271 0.039333 0.045534
0 0.950536 0.470228 0.027414 0.040280
0 0.299166 0.643608 0.038141 0.050788
0 0.631704 0.248687 0.035757 0.045534
0 0.132896 0.337128 0.034565 0.043783
0 0.963051 0.384413 0.035757 0.043783
0 0.979738 0.513135 0.026222 0.035026
0 0.908820 0.735552 0.036949 0.049037
0 0.355185 0.694396 0.035757 0.043783
0 0.188915 0.694396 0.034565 0.047285
0 0.233015 0.425569 0.025030 0.038529
0 0.132896 0.289842 0.039333 0.047285
0 0.687723 0.739930 0.038141 0.050788
0 0.077473 0.647986 0.040524 0.052539
0 0.700238 0.429072 0.025030 0.035026
0 0.410608 0.696147 0.036949 0.043783
0 0.077473 0.696147 0.038141 0.047285
0 0.188915 0.647110 0.034565 0.050788
0 0.797974 0.694396 0.036949 0.043783
0 0.244338 0.333625 0.035757 0.040280
0 0.577473 0.337128 0.036949 0.043783
0 0.465435 0.647986 0.039333 0.049037
0 0.076877 0.380911 0.041716 0.047285
0 0.743743 0.645359 0.038141 0.050788
0 0.687723 0.385289 0.038141 0.049037
0 0.852801 0.739930 0.039333 0.050788
0 0.300358 0.338004 0.035757 0.042032
0 0.410608 0.338004 0.036949 0.042032
0 0.410012 0.647110 0.035757 0.054291
0 0.244934 0.647110 0.039333 0.050788
0 0.244338 0.381786 0.040524 0.049037
0 0.355185 0.337128 0.035757 0.043783
0 0.578665 0.294221 0.034565 0.042032
0 0.355185 0.741681 0.038141 0.047285
0 0.632896 0.292469 0.035757 0.042032
0 0.077473 0.288967 0.040524 0.052539
0 0.687723 0.692644 0.035757 0.047285
0 0.188915 0.337128 0.039333 0.043783
0 0.853993 0.695271 0.036949 0.045534
0 0.688915 0.645359 0.038141 0.050788
0 0.244338 0.289842 0.038141 0.047285
0 0.299166 0.289842 0.035757 0.047285
0 0.907628 0.690893 0.034565 0.043783
0 0.410608 0.289842 0.036949 0.050788
0 0.963647 0.295096 0.039333 0.050788
0 0.963051 0.644483 0.038141 0.049037
0 0.907628 0.643608 0.036949 0.047285
0 0.632896 0.198774 0.033373 0.050788
0 0.355185 0.384413 0.035757 0.054291
0 0.797974 0.647110 0.039333 0.050788
0 0.796782 0.382662 0.039333 0.050788
0 0.796782 0.293345 0.036949 0.047285
0 0.522050 0.464974 0.045292 0.050788
0 0.467819 0.337128 0.036949 0.043783
0 0.356377 0.645359 0.038141 0.050788
0 0.687723 0.293345 0.035757 0.047285
0 0.963647 0.340630 0.036949 0.043783
0 0.355185 0.288967 0.038141 0.049037
0 0.687723 0.340630 0.035757 0.043783
0 0.467819 0.288967 0.036949 0.045534
0 0.853993 0.645359 0.034565 0.050788
0 0.741359 0.293345 0.035757 0.047285
0 0.632896 0.340630 0.035757 0.047285
0 0.741359 0.340630 0.035757 0.043783
0 0.741359 0.386165 0.035757 0.050788
0 0.578069 0.245184 0.035757 0.049037
0 0.522050 0.512259 0.042908 0.047285
0 0.522050 0.283713 0.045292 0.031524
0 0.089392 0.913310 0.030989 0.043783
0 0.535757 0.779335 0.022646 0.031524
0 0.454112 0.960595 0.023838 0.036778
0 0.952920 0.866900 0.025030 0.035026
0 0.454112 0.868651 0.026222 0.038529
0 0.089988 0.823117 0.029797 0.038529
0 0.119785 0.782837 0.022646 0.035026
0 0.898093 0.912434 0.025030 0.035026
0 0.952324 0.913310 0.026222 0.036778
0 0.979738 0.782837 0.023838 0.038529
0 0.088796 0.784588 0.025030 0.031524
0 0.423719 0.824869 0.025030 0.035026
0 0.921931 0.827496 0.022646 0.036778
0 0.920143 0.294221 0.023838 0.031524
0 0.479142 0.823993 0.023838 0.033275
0 0.867104 0.381786 0.025030 0.035026
0 0.576877 0.383538 0.038141 0.035026
0 0.147795 0.425569 0.021454 0.035026
0 0.301549 0.380911 0.038141 0.047285
0 0.896901 0.868651 0.025030 0.035026
0 0.147199 0.603327 0.025030 0.033275
0 0.953516 0.960595 0.026222 0.040280
0 0.286651 0.823993 0.022646 0.036778
0 0.299166 0.739054 0.038141 0.045534
0 0.923123 0.914186 0.022646 0.035026
0 0.522050 0.386165 0.047676 0.036778
0 0.314064 0.823993 0.022646 0.033275
0 0.979142 0.960595 0.025030 0.036778
0 0.421931 0.782837 0.028605 0.035026
0 0.523838 0.352890 0.046484 0.033275
0 0.522646 0.210158 0.051251 0.031524
0 0.473182 0.384413 0.023838 0.040280
0 0.896901 0.957093 0.025030 0.036778
0 0.839094 0.292469 0.023838 0.035026
0 0.979142 0.912434 0.025030 0.038529
0 0.314064 0.782837 0.022646 0.031524
0 0.952324 0.779335 0.026222 0.035026
0 0.146603 0.739054 0.023838 0.038529
0 0.522050 0.176007 0.047676 0.040280
