0 0.575068 0.638967 0.028346 0.033063
0 0.706208 0.719081 0.027016 0.032962
0 0.807994 0.619290 0.038007 0.039980
0 0.592809 0.787597 0.029590 0.031613
0 0.575865 0.600844 0.025946 0.037517
0 0.355845 0.401752 0.036416 0.035223
0 0.735170 0.905969 0.041912 0.038732
0 0.289763 0.579848 0.036329 0.033671
0 0.704703 0.757929 0.028520 0.036167
0 0.446673 0.700886 0.038007 0.039980
0 0.687672 0.572728 0.029677 0.033165
0 0.450928 0.588997 0.036503 0.036775
0 0.172415 0.683130 0.038007 0.039980
0 0.137110 0.311074 0.037834 0.036876
0 0.869419 0.476685 0.037920 0.038428
0 0.563711 0.818111 0.031094 0.034818
0 0.531290 0.704989 0.033929 0.038124
0 0.295262 0.469612 0.037660 0.033772
0 0.337440 0.730756 0.036416 0.035223
0 0.225056 0.721424 0.034999 0.033570
0 0.872082 0.405196 0.037920 0.038428
0 0.353183 0.437395 0.038094 0.041532
0 0.701910 0.795900 0.029764 0.034717
0 0.598930 0.678187 0.029677 0.033165
0 0.553067 0.303769 0.035173 0.036674
0 0.671842 0.354110 0.029937 0.037820
0 0.648024 0.314114 0.025685 0.032861
0 0.738410 0.871929 0.036590 0.038327
0 0.820236 0.400471 0.037834 0.036876
0 0.341477 0.658593 0.036329 0.033671
0 0.240624 0.467012 0.037660 0.033772
0 0.737876 0.833704 0.036503 0.036775
0 0.656627 0.387239 0.037747 0.035324
0 0.362674 0.291617 0.037920 0.038428
0 0.569701 0.711029 0.025772 0.034413
0 0.674504 0.318467 0.028433 0.034615
0 0.601280 0.421211 0.034999 0.033570
0 0.442549 0.774602 0.037920 0.038428
0 0.186074 0.462860 0.037660 0.033772
0 0.853720 0.733425 0.038007 0.039980
0 0.442550 0.738756 0.039251 0.038529
0 0.391861 0.737236 0.033668 0.033469
0 0.607221 0.529980 0.029590 0.031613
0 0.133204 0.345064 0.036677 0.039879
0 0.550896 0.342567 0.032338 0.033367
0 0.233304 0.573992 0.037660 0.033772
0 0.863298 0.586095 0.038007 0.039980
0 0.165225 0.787783 0.038094 0.041532
0 0.865338 0.549625 0.038094 0.041532
0 0.628904 0.858919 0.034912 0.032018
0 0.120615 0.605937 0.038007 0.039980
0 0.329281 0.840790 0.037920 0.038428
0 0.163141 0.825028 0.037920 0.038428
0 0.768391 0.324054 0.037920 0.038428
0 0.113207 0.714470 0.038007 0.039980
0 0.194365 0.314653 0.037920 0.038428
0 0.630019 0.827054 0.036329 0.033671
0 0.859218 0.659034 0.037660 0.033772
0 0.565621 0.783969 0.031268 0.037922
0 0.118531 0.643183 0.038007 0.039980
0 0.513760 0.254022 0.033668 0.033469
0 0.875453 0.368827 0.038007 0.039980
0 0.192325 0.351123 0.034999 0.033570
0 0.216765 0.869631 0.037920 0.038428
0 0.360634 0.328087 0.035173 0.036674
0 0.489334 0.774266 0.024181 0.029656
0 0.276770 0.800168 0.040668 0.040182
0 0.231972 0.609737 0.039511 0.043185
0 0.844402 0.911945 0.036677 0.039879
0 0.366002 0.256024 0.037226 0.026013
0 0.517763 0.887085 0.037139 0.024461
0 0.502489 0.431615 0.028433 0.034615
0 0.557638 0.269830 0.034478 0.024258
0 0.511937 0.286612 0.033668 0.033469
0 0.708385 0.429362 0.039338 0.040081
0 0.644256 0.608386 0.038007 0.039980
0 0.409065 0.405802 0.039425 0.041633
0 0.467566 0.339342 0.036677 0.039879
0 0.601324 0.384589 0.039251 0.038529
0 0.514802 0.235399 0.032279 0.008638
0 0.329236 0.877412 0.039511 0.043185
0 0.548943 0.377485 0.038094 0.041532
0 0.272516 0.876212 0.035520 0.042881
0 0.507727 0.361880 0.034276 0.044332
0 0.505108 0.396747 0.029677 0.033165
0 0.755441 0.579444 0.037834 0.036876
0 0.394523 0.701593 0.038007 0.039980
0 0.600261 0.642443 0.031355 0.039474
0 0.403566 0.551884 0.039251 0.038529
0 0.649132 0.533169 0.039425 0.041633
0 0.190198 0.389144 0.040929 0.044838
0 0.650506 0.496649 0.037660 0.033772
0 0.639684 0.678172 0.034016 0.039676
0 0.546773 0.416283 0.037920 0.038428
0 0.342143 0.622797 0.039338 0.040081
0 0.762314 0.432687 0.037920 0.038428
0 0.178579 0.572944 0.038007 0.039980
0 0.756902 0.541372 0.036590 0.038327
0 0.299342 0.396672 0.038007 0.039980
0 0.712111 0.613551 0.029851 0.036269
0 0.607444 0.311025 0.038007 0.039980
0 0.715034 0.573252 0.028520 0.036167
0 0.652547 0.460179 0.037747 0.035324
0 0.758986 0.504126 0.036590 0.038327
0 0.524288 0.782382 0.036590 0.038327
0 0.711091 0.392943 0.037920 0.038428
0 0.812827 0.544849 0.036677 0.039879
0 0.632059 0.790584 0.033929 0.038124
0 0.227053 0.685730 0.038007 0.039980
0 0.460912 0.410527 0.036677 0.039879
0 0.532043 0.667642 0.033929 0.038124
0 0.291803 0.543378 0.039251 0.038529
0 0.626286 0.893786 0.036677 0.039879
0 0.538568 0.562938 0.037834 0.036876
0 0.748076 0.687201 0.037920 0.038428
0 0.604341 0.605349 0.029851 0.036269
0 0.404942 0.479518 0.039338 0.040081
0 0.635517 0.752663 0.033842 0.036572
0 0.417182 0.296544 0.038007 0.039980
0 0.604073 0.347394 0.037920 0.038428
0 0.653878 0.424435 0.041912 0.038732
0 0.347641 0.548407 0.039164 0.036977
0 0.714680 0.316849 0.036590 0.038327
0 0.596181 0.715382 0.031181 0.036370
0 0.529163 0.743010 0.039338 0.040081
0 0.399443 0.589754 0.037834 0.036876
0 0.458871 0.446997 0.036590 0.038327
0 0.644257 0.572541 0.036503 0.036775
0 0.451418 0.627997 0.039338 0.040081
0 0.397446 0.625448 0.038007 0.039980
0 0.592230 0.821840 0.029937 0.037820
0 0.469028 0.301270 0.035259 0.038226
0 0.245545 0.355173 0.038007 0.039980
0 0.743866 0.762468 0.038007 0.039980
0 0.803871 0.693006 0.037920 0.038428
0 0.765641 0.397095 0.037920 0.038428
0 0.609217 0.494286 0.029937 0.037820
0 0.280185 0.727178 0.038990 0.033874
0 0.223016 0.757894 0.037920 0.038428
0 0.747367 0.723772 0.037834 0.036876
0 0.871416 0.440991 0.037920 0.038428
0 0.534618 0.633550 0.037226 0.026013
0 0.287680 0.617094 0.039338 0.040081
0 0.846977 0.877854 0.038007 0.039980
0 0.712422 0.357198 0.036764 0.041431
0 0.438642 0.844438 0.037920 0.038428
0 0.515670 0.219880 0.033495 0.030365
0 0.716857 0.540662 0.028173 0.029960
0 0.683678 0.644116 0.029851 0.036269
0 0.128907 0.421884 0.041912 0.038732
0 0.109170 0.786633 0.037573 0.032220
0 0.274686 0.837414 0.037660 0.033772
0 0.124912 0.529118 0.037747 0.035324
0 0.517320 0.190394 0.033495 0.030365
0 0.690290 0.537861 0.025599 0.031309
0 0.105090 0.859573 0.040234 0.032423
0 0.304797 0.323057 0.037920 0.038428
0 0.218762 0.833937 0.037920 0.038428
0 0.128949 0.456954 0.037660 0.033772
0 0.789764 0.909345 0.039164 0.036977
0 0.849191 0.838280 0.037920 0.038428
0 0.248915 0.318804 0.037747 0.035324
0 0.581899 0.492986 0.025859 0.035965
0 0.125622 0.492546 0.040668 0.040182
0 0.674722 0.792272 0.028433 0.034615
0 0.611301 0.457040 0.029590 0.031613
0 0.116534 0.678877 0.037834 0.036876
0 0.791804 0.872875 0.039251 0.038529
0 0.108504 0.822429 0.038094 0.041532
0 0.331408 0.802768 0.035346 0.039777
0 0.520873 0.855372 0.035086 0.035122
0 0.195161 0.276530 0.037834 0.036876
0 0.647401 0.349133 0.025772 0.034413
0 0.111875 0.750214 0.039164 0.036977
0 0.437181 0.882510 0.036677 0.039879
0 0.700753 0.828541 0.028433 0.034615
0 0.175339 0.606985 0.035173 0.036674
0 0.668732 0.899354 0.031094 0.034818
0 0.696050 0.900654 0.029677 0.033165
0 0.167222 0.752089 0.037573 0.032220
0 0.188071 0.427166 0.034999 0.033570
0 0.822276 0.364001 0.037920 0.038428
0 0.766351 0.360524 0.038007 0.039980
0 0.851101 0.804138 0.037920 0.038428
0 0.297259 0.433918 0.037834 0.036876
0 0.607089 0.568153 0.028346 0.033063
0 0.697960 0.866512 0.029677 0.033165
0 0.750869 0.649230 0.036329 0.033671
0 0.684344 0.608321 0.027190 0.036066
0 0.670642 0.865212 0.028607 0.037719
0 0.853141 0.767668 0.038007 0.039980
0 0.454081 0.556508 0.033668 0.033469
0 0.672060 0.827916 0.032598 0.038023
0 0.132407 0.383187 0.039425 0.041633
0 0.710201 0.647693 0.029677 0.033165
0 0.797794 0.801639 0.037747 0.035324
0 0.218937 0.794988 0.039425 0.041633
0 0.824938 0.328357 0.036764 0.041431
0 0.584691 0.455015 0.024268 0.031208
0 0.441174 0.811123 0.036503 0.036775
0 0.579815 0.530232 0.025685 0.032861
0 0.456078 0.520814 0.033842 0.036572
0 0.182833 0.496901 0.034999 0.033570
0 0.877536 0.331581 0.038007 0.039980
0 0.679468 0.719383 0.029764 0.034717
0 0.704479 0.499198 0.036329 0.033671
0 0.357177 0.366007 0.035259 0.038226
0 0.810743 0.582095 0.036677 0.039879
0 0.122959 0.564036 0.038007 0.039980
0 0.570411 0.674458 0.028520 0.036167
0 0.641680 0.642478 0.033842 0.036572
0 0.801917 0.727924 0.038007 0.039980
0 0.794510 0.836456 0.040668 0.040182
0 0.237297 0.502604 0.037834 0.036876
0 0.415720 0.334617 0.039251 0.038529
0 0.741826 0.798938 0.037920 0.038428
0 0.708783 0.684989 0.028346 0.033063
0 0.161058 0.862274 0.040755 0.041734
0 0.579322 0.562923 0.028520 0.036167
0 0.680134 0.683588 0.029937 0.037820
0 0.242751 0.428990 0.037920 0.038428
0 0.522335 0.817300 0.039338 0.040081
0 0.596267 0.749676 0.029851 0.036269
0 0.334113 0.766349 0.039251 0.038529
0 0.348438 0.510284 0.039251 0.038529
0 0.868622 0.514808 0.037834 0.036876
0 0.465569 0.375036 0.033668 0.033469
0 0.251042 0.280783 0.038354 0.046188
0 0.394741 0.661867 0.036590 0.038327
0 0.139280 0.272277 0.038354 0.046188
0 0.235214 0.539850 0.038181 0.043084
0 0.181993 0.535800 0.035173 0.036674
0 0.173342 0.642679 0.038007 0.039980
0 0.391064 0.775359 0.039425 0.041633
0 0.448670 0.665192 0.037834 0.036876
0 0.534663 0.596928 0.036503 0.036775
0 0.169001 0.720275 0.040668 0.040182
0 0.543314 0.490049 0.036329 0.033671
0 0.855847 0.695403 0.038094 0.041532
0 0.456875 0.482691 0.036416 0.035223
0 0.751361 0.616538 0.034016 0.039676
0 0.229715 0.650087 0.036329 0.033671
0 0.339567 0.692735 0.036503 0.036775
0 0.279475 0.763749 0.039251 0.038529
0 0.805954 0.655760 0.037920 0.038428
0 0.816286 0.435237 0.036590 0.038327
0 0.814868 0.472533 0.035259 0.038226
0 0.677384 0.756629 0.029937 0.037820
0 0.293930 0.505356 0.039338 0.040081
0 0.636935 0.715367 0.035346 0.039777
0 0.707097 0.464331 0.037747 0.035324
0 0.243505 0.391643 0.037920 0.038428
0 0.302756 0.359527 0.037834 0.036876
0 0.540695 0.524917 0.037920 0.038428
0 0.567704 0.746723 0.031268 0.037922
0 0.545311 0.454355 0.036677 0.039879
0 0.407647 0.443099 0.037747 0.035324
0 0.351100 0.474641 0.037920 0.038428
0 0.344401 0.582448 0.039164 0.036977
0 0.814737 0.510707 0.039164 0.036977
0 0.402858 0.516764 0.039164 0.036977
0 0.760274 0.469157 0.037834 0.036876
0 0.861301 0.621789 0.038007 0.039980
0 0.799168 0.765119 0.041999 0.040284
0 0.285639 0.653564 0.039251 0.038529
0 0.306837 0.286588 0.038007 0.039980
0 0.411106 0.369332 0.036503 0.036775
0 0.283556 0.690809 0.039251 0.038529
