0 0.320913 0.402957 0.024038 0.036969
0 0.295673 0.358595 0.024038 0.040665
0 0.250000 0.124769 0.036058 0.057301
0 0.027043 0.222736 0.039663 0.053604
0 0.697115 0.683919 0.038462 0.051756
0 0.081130 0.583179 0.039663 0.057301
0 0.405048 0.451017 0.024038 0.036969
0 0.027043 0.269871 0.039663 0.044362
0 0.908053 0.363216 0.025240 0.042514
0 0.807091 0.360444 0.032452 0.048059
0 0.402644 0.405730 0.021635 0.038817
0 0.433293 0.402957 0.025240 0.036969
0 0.418870 0.315157 0.039663 0.042514
0 0.361779 0.584104 0.036058 0.044362
0 0.433293 0.493530 0.025240 0.036969
0 0.320312 0.269871 0.022837 0.036969
0 0.294471 0.403882 0.021635 0.035120
0 0.585337 0.272643 0.038462 0.042514
0 0.295673 0.269871 0.021635 0.040665
0 0.433293 0.448244 0.025240 0.038817
0 0.320913 0.224584 0.024038 0.042514
0 0.295673 0.222736 0.024038 0.038817
0 0.906851 0.405730 0.022837 0.035120
0 0.475361 0.174677 0.049279 0.046211
0 0.751803 0.275416 0.037260 0.044362
0 0.320312 0.357671 0.022837 0.035120
0 0.432091 0.360444 0.025240 0.040665
0 0.920673 0.227357 0.036058 0.048059
0 0.475962 0.247689 0.045673 0.044362
0 0.320913 0.313309 0.021635 0.035120
0 0.710938 0.771719 0.022837 0.042514
0 0.375601 0.909427 0.022837 0.036969
0 0.920072 0.272643 0.037260 0.046211
0 0.376202 0.726433 0.021635 0.040665
0 0.024038 0.584104 0.043269 0.055453
0 0.349760 0.726433 0.024038 0.036969
0 0.376202 0.817006 0.021635 0.036969
0 0.079928 0.683919 0.039663 0.048059
0 0.695913 0.222736 0.038462 0.053604
0 0.022837 0.683919 0.040865 0.051756
0 0.403245 0.360444 0.022837 0.033272
0 0.587740 0.177449 0.038462 0.036969
0 0.405649 0.726433 0.022837 0.036969
0 0.248798 0.221811 0.038462 0.048059
0 0.349760 0.814233 0.024038 0.035120
0 0.248798 0.177449 0.038462 0.036969
0 0.935096 0.363216 0.024038 0.038817
0 0.432091 0.724584 0.022837 0.040665
0 0.474760 0.064695 0.055288 0.040665
0 0.935096 0.405730 0.021635 0.035120
0 0.022837 0.634011 0.040865 0.051756
0 0.808293 0.272643 0.039663 0.035120
0 0.476562 0.104436 0.051683 0.038817
0 0.918870 0.315157 0.037260 0.042514
0 0.318510 0.451017 0.028846 0.036969
0 0.348558 0.909427 0.024038 0.036969
0 0.710938 0.729205 0.022837 0.035120
0 0.430889 0.771719 0.025240 0.038817
0 0.150841 0.774492 0.025240 0.036969
0 0.376803 0.767098 0.022837 0.033272
0 0.751803 0.315157 0.034856 0.046211
0 0.685096 0.771719 0.024038 0.038817
0 0.863582 0.225508 0.034856 0.048059
0 0.683894 0.726433 0.021635 0.036969
0 0.349760 0.767098 0.026442 0.036969
0 0.150841 0.726433 0.025240 0.040665
0 0.530048 0.267098 0.038462 0.035120
0 0.080529 0.636784 0.036058 0.049908
0 0.475962 0.320702 0.050481 0.035120
0 0.473558 0.490758 0.033654 0.046211
0 0.863582 0.182070 0.037260 0.035120
0 0.474760 0.211645 0.050481 0.035120
0 0.475962 0.287431 0.050481 0.038817
0 0.863582 0.310536 0.037260 0.059150
0 0.376803 0.864140 0.025240 0.035120
0 0.487380 0.709797 0.025240 0.029575
0 0.863582 0.268022 0.034856 0.036969
0 0.474760 0.139556 0.050481 0.031423
0 0.349760 0.862292 0.024038 0.038817
0 0.487380 0.733826 0.022837 0.025878
0 0.138822 0.317930 0.039663 0.051756
0 0.361779 0.227357 0.038462 0.051756
0 0.531250 0.174677 0.040865 0.053604
0 0.026442 0.317930 0.040865 0.051756
0 0.809495 0.177449 0.037260 0.051756
0 0.306490 0.635860 0.036058 0.048059
0 0.137620 0.222736 0.039663 0.053604
0 0.194111 0.224584 0.039663 0.049908
0 0.416466 0.224584 0.039663 0.053604
0 0.082332 0.317930 0.039663 0.051756
0 0.418870 0.583179 0.039663 0.049908
0 0.306490 0.585952 0.036058 0.055453
0 0.362981 0.315157 0.036058 0.046211
0 0.307692 0.683919 0.036058 0.048059
0 0.194111 0.177449 0.037260 0.051756
0 0.753005 0.681146 0.039663 0.049908
0 0.641827 0.270795 0.036058 0.049908
0 0.475361 0.398336 0.042067 0.049908
0 0.695913 0.585952 0.036058 0.051756
0 0.697115 0.634011 0.036058 0.048059
0 0.416466 0.634011 0.037260 0.044362
0 0.695913 0.272643 0.038462 0.046211
0 0.082332 0.272643 0.039663 0.046211
0 0.530649 0.309612 0.039663 0.049908
0 0.694712 0.320702 0.040865 0.053604
0 0.587740 0.127542 0.038462 0.059150
0 0.250000 0.269871 0.036058 0.044362
0 0.753005 0.585952 0.039663 0.051756
0 0.863582 0.129390 0.039663 0.059150
0 0.753005 0.636784 0.039663 0.046211
0 0.082332 0.222736 0.037260 0.053604
0 0.136418 0.269871 0.039663 0.044362
0 0.248798 0.315157 0.038462 0.046211
0 0.530649 0.360444 0.037260 0.044362
0 0.362981 0.682070 0.038462 0.048059
0 0.531250 0.227357 0.036058 0.048059
0 0.585337 0.315157 0.038462 0.046211
0 0.416466 0.679298 0.039663 0.049908
0 0.585337 0.221811 0.038462 0.048059
0 0.751803 0.224584 0.039663 0.053604
0 0.474159 0.445471 0.042067 0.044362
0 0.417668 0.272643 0.037260 0.046211
0 0.808293 0.227357 0.034856 0.048059
0 0.138822 0.584104 0.037260 0.051756
0 0.362981 0.272643 0.036058 0.038817
0 0.137019 0.682070 0.040865 0.048059
0 0.639423 0.317930 0.038462 0.044362
0 0.641827 0.222736 0.040865 0.049908
0 0.360577 0.634011 0.033654 0.048059
0 0.295673 0.313309 0.024038 0.035120
0 0.807091 0.312384 0.037260 0.044362
0 0.136418 0.634011 0.039663 0.048059
