0 0.823251 0.293033 0.029630 0.029174
0 0.596797 0.375810 0.036910 0.055053
0 0.115079 0.583844 0.032113 0.029541
0 0.541164 0.851554 0.024519 0.026870
0 0.357034 0.806226 0.034307 0.026764
0 0.837644 0.449412 0.025386 0.036300
0 0.516153 0.566116 0.021891 0.024933
0 0.458164 0.694937 0.034078 0.037582
0 0.570825 0.715759 0.034222 0.039154
0 0.288415 0.655454 0.038032 0.027313
0 0.358241 0.354438 0.027580 0.033523
0 0.572994 0.739334 0.036705 0.039520
0 0.460147 0.723319 0.038381 0.044418
0 0.581342 0.836867 0.037369 0.033416
0 0.747578 0.845009 0.039333 0.041458
0 0.265675 0.401541 0.034451 0.028335
0 0.594772 0.353807 0.032981 0.038971
0 0.112288 0.560361 0.040057 0.049316
0 0.612684 0.575776 0.034017 0.023620
0 0.814060 0.323062 0.036416 0.036377
0 0.692947 0.853065 0.036561 0.037948
0 0.806477 0.391085 0.023132 0.025116
0 0.385297 0.354431 0.028967 0.035278
0 0.277319 0.528059 0.034017 0.023620
0 0.345245 0.678137 0.036645 0.025558
0 0.600630 0.417459 0.035319 0.037765
0 0.745667 0.817414 0.037947 0.039703
0 0.379619 0.415802 0.036127 0.033233
0 0.690892 0.823898 0.037658 0.036560
0 0.340701 0.615088 0.035319 0.037765
0 0.834413 0.386966 0.025531 0.037872
0 0.688547 0.791588 0.039044 0.038314
0 0.685582 0.759369 0.038899 0.036743
0 0.399062 0.640730 0.033933 0.036010
0 0.401045 0.669112 0.034885 0.033050
0 0.732631 0.655259 0.036127 0.033233
0 0.579980 0.808395 0.034885 0.033050
0 0.784441 0.616556 0.036561 0.037948
0 0.734975 0.687569 0.037802 0.038131
0 0.120792 0.645924 0.032836 0.037399
0 0.293839 0.714391 0.038465 0.032028
0 0.391414 0.578139 0.034307 0.026764
0 0.835516 0.419459 0.023566 0.029831
0 0.463329 0.757895 0.035319 0.037765
0 0.354430 0.777937 0.038526 0.045990
0 0.198162 0.891781 0.035838 0.030090
0 0.469405 0.823904 0.037802 0.038131
0 0.760050 0.331027 0.038236 0.042846
0 0.743323 0.785103 0.036561 0.037948
0 0.816477 0.356158 0.037947 0.039703
0 0.351248 0.743360 0.037369 0.033416
0 0.794771 0.742471 0.036561 0.037948
0 0.367685 0.450217 0.023277 0.026687
0 0.117134 0.613011 0.034078 0.037582
0 0.305772 0.844052 0.036416 0.036377
0 0.454868 0.665954 0.037947 0.039703
0 0.162893 0.481214 0.036416 0.036377
0 0.377492 0.385849 0.037369 0.033416
0 0.550761 0.490921 0.034885 0.033050
0 0.730576 0.626092 0.037802 0.038131
0 0.740430 0.753670 0.036561 0.037948
0 0.800846 0.808480 0.036561 0.037948
0 0.466915 0.790022 0.034222 0.039154
0 0.337952 0.585226 0.035319 0.037765
0 0.727134 0.595536 0.036705 0.039520
0 0.402220 0.702391 0.036705 0.039520
0 0.167654 0.546621 0.036561 0.037948
0 0.165858 0.513433 0.036561 0.037948
0 0.473063 0.856817 0.039333 0.041458
0 0.400599 0.513862 0.025386 0.036300
0 0.802974 0.838433 0.037802 0.038131
0 0.178533 0.671658 0.034885 0.033050
0 0.797808 0.775475 0.036561 0.037948
0 0.568336 0.681877 0.035319 0.037765
0 0.406023 0.736876 0.038236 0.042846
0 0.297166 0.750539 0.036561 0.037948
0 0.348138 0.709570 0.038092 0.041275
0 0.309985 0.910336 0.037369 0.033416
0 0.521865 0.792273 0.035609 0.040908
0 0.394783 0.607909 0.034222 0.039154
0 0.181209 0.700734 0.035319 0.037765
0 0.307020 0.878117 0.037802 0.038131
0 0.105520 0.493657 0.035030 0.034622
0 0.639630 0.861724 0.033644 0.032867
0 0.299914 0.780400 0.036561 0.037948
0 0.792643 0.712518 0.035319 0.037765
0 0.807912 0.420344 0.023856 0.032974
0 0.553437 0.519997 0.035319 0.037765
0 0.109365 0.521764 0.037802 0.038131
0 0.125698 0.712902 0.035175 0.036193
0 0.632675 0.799827 0.036561 0.037948
0 0.772725 0.489252 0.036561 0.037948
0 0.186808 0.768406 0.038755 0.035171
0 0.682213 0.729599 0.037947 0.039703
0 0.788985 0.679605 0.036561 0.037948
0 0.651892 0.379633 0.036272 0.034805
0 0.170403 0.576482 0.036561 0.037948
0 0.624545 0.704651 0.034885 0.033050
0 0.738085 0.721360 0.037947 0.039703
0 0.786858 0.649652 0.035319 0.037765
0 0.333673 0.552405 0.035319 0.037765
0 0.443362 0.506759 0.036416 0.036377
0 0.444941 0.537589 0.036272 0.034805
0 0.872017 0.351154 0.036416 0.036377
0 0.564677 0.648964 0.034078 0.037582
0 0.584017 0.865943 0.038092 0.041275
0 0.714725 0.467539 0.040286 0.038498
0 0.868907 0.317363 0.036850 0.041092
0 0.440946 0.473663 0.035464 0.039337
0 0.326019 0.455565 0.032402 0.032684
0 0.450655 0.599670 0.036416 0.036377
0 0.395000 0.446189 0.029111 0.036850
0 0.775141 0.522348 0.037802 0.038131
0 0.286070 0.623144 0.040575 0.041641
0 0.397490 0.480071 0.024952 0.031585
0 0.279519 0.558798 0.036561 0.037948
0 0.436667 0.440841 0.035175 0.036193
0 0.389690 0.545737 0.038092 0.041275
0 0.619380 0.641693 0.036705 0.039520
0 0.323416 0.427276 0.032691 0.035827
0 0.274022 0.499075 0.039623 0.044601
0 0.211738 0.410292 0.039189 0.039886
0 0.831086 0.514895 0.037658 0.036560
0 0.540142 0.361863 0.038236 0.042846
0 0.101500 0.456815 0.036995 0.042663
0 0.329129 0.489356 0.032836 0.037399
0 0.560278 0.587486 0.036561 0.037948
0 0.557168 0.553696 0.036705 0.039520
0 0.611943 0.547211 0.036705 0.039520
0 0.268713 0.434546 0.035609 0.040908
0 0.173078 0.605558 0.036416 0.036377
0 0.767011 0.427172 0.036127 0.033233
0 0.282267 0.588659 0.038755 0.035171
0 0.663319 0.503793 0.036272 0.034805
0 0.627221 0.733726 0.037802 0.038131
0 0.434539 0.410889 0.033933 0.036010
0 0.123902 0.679715 0.035464 0.039337
0 0.291163 0.685316 0.039189 0.039886
0 0.452379 0.632072 0.034078 0.037582
0 0.674559 0.632760 0.037802 0.038131
0 0.369481 0.483405 0.024145 0.036117
0 0.302403 0.814282 0.037947 0.039703
0 0.483372 0.353509 0.032631 0.021866
0 0.485656 0.371491 0.034017 0.023620
0 0.486843 0.391228 0.032920 0.025009
0 0.489995 0.418640 0.037658 0.036560
0 0.482733 0.332894 0.033210 0.028152
0 0.491243 0.452706 0.036850 0.041092
0 0.320306 0.393485 0.035609 0.040908
0 0.607808 0.515961 0.033933 0.036010
0 0.214848 0.444082 0.039044 0.038314
0 0.833430 0.547205 0.036561 0.037948
0 0.331257 0.519309 0.033788 0.034439
0 0.543252 0.395654 0.035030 0.034622
0 0.761846 0.364214 0.035175 0.036193
0 0.603047 0.450555 0.036561 0.037948
0 0.717763 0.500543 0.039996 0.035354
0 0.764335 0.398097 0.036561 0.037948
0 0.604843 0.483743 0.034078 0.037582
0 0.707288 0.373057 0.040286 0.038498
0 0.679724 0.695717 0.036561 0.037948
0 0.574459 0.775756 0.038236 0.042846
0 0.189411 0.796696 0.039044 0.038314
0 0.704106 0.338480 0.040286 0.038498
0 0.447834 0.569022 0.036561 0.037948
0 0.657678 0.442499 0.036561 0.037948
0 0.724790 0.563226 0.037802 0.038131
0 0.661264 0.474626 0.037658 0.036560
0 0.621797 0.674789 0.035175 0.036193
0 0.176188 0.639348 0.036561 0.037948
0 0.649475 0.346536 0.040864 0.044784
0 0.780927 0.585214 0.037802 0.038131
0 0.343118 0.648184 0.039044 0.038314
0 0.183077 0.734707 0.037947 0.039703
0 0.431429 0.377098 0.036850 0.041092
0 0.827572 0.483553 0.036705 0.039520
0 0.615577 0.607209 0.037947 0.039703
0 0.519841 0.606193 0.021746 0.023361
0 0.500193 0.529442 0.034451 0.028335
0 0.517888 0.584976 0.021601 0.021789
0 0.522746 0.624084 0.023795 0.019012
0 0.525555 0.668273 0.018829 0.018280
0 0.527363 0.687919 0.019552 0.026138
0 0.797178 0.296878 0.022180 0.028076
0 0.363109 0.872236 0.032113 0.029541
0 0.523499 0.639106 0.022698 0.020401
0 0.524253 0.654128 0.021023 0.015503
0 0.501712 0.545944 0.038116 0.014923
0 0.359927 0.837659 0.038526 0.045990
0 0.544099 0.876608 0.028533 0.030563
0 0.497330 0.505173 0.038610 0.033599
0 0.721132 0.530313 0.039044 0.038314
0 0.671666 0.601327 0.037802 0.038131
0 0.677380 0.663407 0.037658 0.036560
0 0.654857 0.411851 0.036416 0.036377
0 0.159090 0.446729 0.041009 0.046356
0 0.127350 0.744518 0.038236 0.042846
0 0.193691 0.829518 0.036561 0.037948
0 0.562260 0.615868 0.034741 0.031479
0 0.769355 0.459482 0.037802 0.038131
0 0.712308 0.434442 0.038755 0.035171
0 0.874765 0.381015 0.036127 0.033233
0 0.546217 0.427872 0.035175 0.036193
0 0.778179 0.555353 0.037513 0.034988
0 0.365857 0.902097 0.040430 0.040069
0 0.195486 0.862705 0.039044 0.038314
0 0.635641 0.832046 0.036416 0.036377
0 0.709632 0.405367 0.038610 0.033599
0 0.665808 0.537675 0.035464 0.039337
0 0.876489 0.413417 0.036561 0.037948
0 0.201531 0.921551 0.037947 0.039703
0 0.668773 0.569894 0.035030 0.034622
0 0.547868 0.459488 0.035175 0.036193
0 0.629638 0.766823 0.036561 0.037948
0 0.271461 0.464407 0.034741 0.031479
