0 0.661107 0.758705 0.024917 0.037006
0 0.080542 0.494553 0.041494 0.051340
0 0.056940 0.657500 0.038871 0.047445
0 0.675654 0.846507 0.026229 0.038953
0 0.505540 0.928682 0.026006 0.037337
0 0.541519 0.215329 0.047330 0.040724
0 0.520298 0.842212 0.022740 0.036343
0 0.513414 0.883913 0.024471 0.033772
0 0.062611 0.620484 0.042582 0.051671
0 0.487289 0.875968 0.024917 0.037006
0 0.623215 0.363136 0.038228 0.050347
0 0.254261 0.373891 0.033428 0.045789
0 0.498657 0.793521 0.024917 0.037006
0 0.074858 0.535777 0.041271 0.049723
0 0.535593 0.723060 0.025140 0.038622
0 0.892821 0.698633 0.038202 0.042595
0 0.656315 0.793462 0.024694 0.035389
0 0.922768 0.456764 0.039540 0.052294
0 0.511435 0.713187 0.024274 0.039908
0 0.039219 0.786022 0.042163 0.056190
0 0.067751 0.579095 0.042163 0.056190
0 0.300715 0.431813 0.038228 0.050347
0 0.140559 0.429427 0.039540 0.052294
0 0.186147 0.485402 0.038202 0.042595
0 0.169095 0.609073 0.041494 0.051340
0 0.137271 0.083124 0.039540 0.052294
0 0.546856 0.180737 0.045625 0.051047
0 0.684388 0.593976 0.026006 0.037337
0 0.681004 0.807708 0.026229 0.038953
0 0.873031 0.439111 0.034963 0.049354
0 0.687245 0.762443 0.026229 0.038953
0 0.504007 0.754722 0.024917 0.037006
0 0.091464 0.415339 0.036694 0.046782
0 0.051368 0.697916 0.041494 0.051340
0 0.787533 0.322993 0.037114 0.042264
0 0.135098 0.469035 0.037140 0.050016
0 0.044372 0.740425 0.041717 0.052957
0 0.463375 0.399588 0.041271 0.049723
0 0.180253 0.524035 0.035828 0.048068
0 0.696646 0.681924 0.025809 0.043472
0 0.671498 0.675118 0.029494 0.039946
0 0.667126 0.715056 0.025809 0.043472
0 0.678382 0.633417 0.025586 0.041855
0 0.209749 0.322455 0.039985 0.055528
0 0.131591 0.510920 0.039985 0.055528
0 0.708224 0.602067 0.024051 0.038291
0 0.086114 0.454138 0.039317 0.050678
0 0.928675 0.413923 0.040208 0.057144
0 0.724447 0.393923 0.038228 0.050347
0 0.852360 0.605476 0.037363 0.051632
0 0.865155 0.907508 0.036917 0.048399
0 0.818907 0.465603 0.038897 0.055197
0 0.306065 0.393014 0.036051 0.049685
0 0.260909 0.338014 0.036471 0.045166
0 0.119996 0.208412 0.039763 0.053911
0 0.824047 0.424214 0.037140 0.050016
0 0.531876 0.762355 0.026229 0.038953
0 0.692162 0.722670 0.024917 0.037006
0 0.335796 0.185610 0.035383 0.044835
0 0.535000 0.632764 0.038228 0.050347
0 0.701823 0.558010 0.040628 0.052625
0 0.524664 0.345798 0.045822 0.044912
0 0.533370 0.278543 0.046688 0.043626
0 0.520206 0.378130 0.048445 0.048807
0 0.550770 0.148239 0.045822 0.044912
0 0.475943 0.316663 0.036694 0.046782
0 0.870295 0.866118 0.036051 0.049685
0 0.875323 0.825537 0.041494 0.051340
0 0.529889 0.312014 0.045625 0.051047
0 0.504059 0.491128 0.044288 0.041348
0 0.483180 0.724806 0.023580 0.027306
0 0.525549 0.800015 0.022937 0.030208
0 0.943223 0.324863 0.039488 0.036790
0 0.552819 0.507641 0.039488 0.036790
0 0.902878 0.617471 0.039488 0.036790
0 0.848879 0.638948 0.039265 0.035174
0 0.864174 0.519795 0.034242 0.029000
0 0.478873 0.743709 0.022937 0.030208
0 0.495052 0.832008 0.024051 0.038291
0 0.652201 0.926122 0.038228 0.050347
0 0.908228 0.578672 0.042163 0.056190
0 0.146135 0.035287 0.040877 0.061994
0 0.593822 0.954688 0.041074 0.055859
0 0.898171 0.659834 0.040431 0.058761
0 0.702218 0.641508 0.025809 0.043472
0 0.601040 0.910563 0.036051 0.049685
0 0.644982 0.970248 0.038897 0.055197
0 0.841661 0.683074 0.038254 0.058099
0 0.769281 0.447142 0.038451 0.051963
0 0.095948 0.374592 0.040208 0.057144
0 0.853886 0.982878 0.038897 0.034244
0 0.330223 0.226025 0.036274 0.051301
0 0.914357 0.534215 0.039317 0.050678
0 0.295807 0.080806 0.039343 0.058430
0 0.735173 0.307911 0.042137 0.048438
0 0.611208 0.828592 0.038005 0.048730
0 0.775942 0.407057 0.035383 0.044835
0 0.880896 0.785122 0.041494 0.051340
0 0.125680 0.167188 0.039094 0.049061
0 0.509743 0.449904 0.046740 0.059131
0 0.248466 0.415923 0.040851 0.054242
0 0.175002 0.566233 0.037363 0.051632
0 0.196748 0.404406 0.035828 0.048068
0 0.663230 0.459526 0.036497 0.052918
0 0.918507 0.495893 0.036917 0.048399
0 0.936339 0.366564 0.042608 0.059423
0 0.546912 0.550482 0.039763 0.053911
0 0.833992 0.343860 0.037363 0.051632
0 0.537284 0.246045 0.051291 0.054319
0 0.202530 0.366581 0.037140 0.050016
0 0.563420 0.426645 0.035828 0.048068
0 0.859694 0.947115 0.039317 0.050678
0 0.607924 0.868861 0.038228 0.050347
0 0.657996 0.884089 0.039120 0.056813
0 0.243313 0.461519 0.038228 0.050347
0 0.540573 0.592348 0.037782 0.047114
0 0.341047 0.143412 0.039540 0.052294
0 0.238726 0.112294 0.039540 0.052294
0 0.948796 0.284447 0.040431 0.058761
0 0.481515 0.276248 0.040208 0.057144
0 0.657657 0.499941 0.035605 0.046451
0 0.528215 0.677864 0.041494 0.051340
0 0.836731 0.727053 0.039985 0.055528
0 0.311637 0.352599 0.038228 0.050347
0 0.830052 0.384772 0.035828 0.048068
0 0.115400 0.249966 0.036917 0.048399
0 0.877626 0.397556 0.041717 0.052957
0 0.629987 0.322243 0.041074 0.055859
0 0.712214 0.474423 0.038228 0.050347
0 0.730354 0.351083 0.038897 0.055197
0 0.646178 0.583197 0.036274 0.051301
0 0.288142 0.128165 0.039120 0.056813
0 0.347833 0.098313 0.041074 0.055859
0 0.194895 0.051801 0.042163 0.056190
0 0.220907 0.237417 0.038228 0.050347
0 0.324094 0.270482 0.038674 0.053580
0 0.799458 0.236504 0.039120 0.056813
0 0.848652 0.253991 0.038254 0.058099
0 0.191608 0.445795 0.042385 0.057806
0 0.748298 0.220945 0.041297 0.057475
0 0.234019 0.154657 0.039985 0.055528
0 0.622242 0.748570 0.037782 0.047114
0 0.176506 0.185172 0.037140 0.050016
0 0.829513 0.771179 0.041940 0.054573
0 0.887137 0.739857 0.042385 0.057806
0 0.131475 0.125156 0.041271 0.049723
0 0.741834 0.267827 0.040405 0.051009
0 0.214888 0.281065 0.039120 0.056813
0 0.165361 0.266003 0.037140 0.050016
0 0.443257 0.175339 0.040208 0.057144
0 0.449833 0.127649 0.040431 0.058761
0 0.169845 0.225256 0.041494 0.051340
0 0.102721 0.333700 0.036917 0.048399
0 0.398561 0.112898 0.042831 0.061040
0 0.188654 0.097066 0.041717 0.052957
0 0.617531 0.404360 0.038451 0.051963
0 0.680282 0.335855 0.038451 0.051963
0 0.152681 0.349736 0.041494 0.051340
0 0.586143 0.265957 0.037140 0.050016
0 0.581226 0.305730 0.035828 0.048068
0 0.109828 0.290382 0.037363 0.051632
0 0.227889 0.199114 0.037140 0.050016
0 0.317210 0.312183 0.038228 0.050347
0 0.791906 0.283055 0.039120 0.056813
0 0.667825 0.417971 0.035828 0.048068
0 0.781849 0.364217 0.038674 0.053580
0 0.282347 0.170197 0.036051 0.049685
0 0.650773 0.541642 0.038674 0.053580
0 0.372421 0.286022 0.037363 0.051632
0 0.148197 0.390482 0.039317 0.050678
0 0.634810 0.665645 0.035828 0.048068
0 0.592706 0.222474 0.039120 0.056813
0 0.674487 0.377887 0.038451 0.051963
0 0.598416 0.172836 0.041520 0.059092
0 0.842522 0.298448 0.038031 0.056482
0 0.158700 0.306087 0.041940 0.054573
0 0.858824 0.558594 0.042608 0.059423
0 0.271845 0.254592 0.036051 0.049685
0 0.391873 0.161396 0.041494 0.051340
0 0.870055 0.485369 0.038031 0.056482
0 0.379627 0.246103 0.038451 0.051963
0 0.558280 0.468034 0.041940 0.054573
0 0.385212 0.201481 0.039317 0.050678
0 0.716698 0.433676 0.040405 0.051009
0 0.470370 0.357078 0.040208 0.057144
0 0.707395 0.517594 0.040628 0.052625
0 0.246056 0.067360 0.039985 0.055528
0 0.616669 0.788985 0.040405 0.051009
0 0.264961 0.296293 0.041297 0.057475
0 0.181659 0.139576 0.038031 0.056482
0 0.276440 0.213037 0.038451 0.051963
0 0.640382 0.625229 0.038451 0.051963
0 0.568881 0.387038 0.038228 0.050347
0 0.574565 0.345814 0.038451 0.051963
0 0.627703 0.708962 0.038451 0.051963
