0 0.951800 0.378378 0.033682 0.040541
0 0.181765 0.502534 0.024390 0.035473
0 0.206736 0.332770 0.023229 0.040541
0 0.344367 0.330236 0.022067 0.038851
0 0.346109 0.245777 0.023229 0.035473
0 0.261905 0.628378 0.022067 0.037162
0 0.369919 0.248311 0.024390 0.033784
0 0.897213 0.419764 0.033682 0.035473
0 0.261905 0.288851 0.019744 0.030405
0 0.370499 0.502534 0.020906 0.032095
0 0.952962 0.548142 0.036005 0.038851
0 0.261905 0.332770 0.022067 0.040541
0 0.290360 0.417230 0.025552 0.033784
0 0.344367 0.152027 0.022067 0.040541
0 0.344367 0.417230 0.022067 0.033784
0 0.126016 0.288851 0.022067 0.033784
0 0.953542 0.507601 0.034843 0.038851
0 0.180604 0.672297 0.024390 0.040541
0 0.207898 0.374155 0.023229 0.038851
0 0.789199 0.717905 0.038328 0.043919
0 0.263066 0.843750 0.022067 0.035473
0 0.182927 0.846284 0.024390 0.037162
0 0.181185 0.415541 0.023229 0.033784
0 0.478513 0.374155 0.023229 0.035473
0 0.315912 0.282095 0.023229 0.030405
0 0.790360 0.635135 0.033682 0.040541
0 0.289779 0.289696 0.019744 0.032095
0 0.368757 0.374155 0.022067 0.028716
0 0.181765 0.933277 0.029036 0.042230
0 0.639373 0.293074 0.022067 0.038851
0 0.952962 0.759291 0.031359 0.038851
0 0.289199 0.586993 0.025552 0.035473
0 0.346109 0.715372 0.025552 0.032095
0 0.262485 0.543919 0.023229 0.037162
0 0.261905 0.502534 0.022067 0.035473
0 0.180604 0.800676 0.024390 0.037162
0 0.290360 0.374155 0.023229 0.035473
0 0.478513 0.248311 0.023229 0.033784
0 0.290360 0.461149 0.025552 0.040541
0 0.263066 0.933277 0.022067 0.035473
0 0.263066 0.587838 0.022067 0.037162
0 0.424506 0.543919 0.024390 0.033784
0 0.260743 0.415541 0.022067 0.037162
0 0.180604 0.545608 0.024390 0.033784
0 0.181185 0.586993 0.020906 0.035473
0 0.236353 0.543919 0.022067 0.033784
0 0.896632 0.335304 0.034843 0.038851
0 0.181765 0.245777 0.022067 0.035473
0 0.289199 0.152027 0.023229 0.037162
0 0.235192 0.374155 0.022067 0.032095
0 0.425087 0.928209 0.027875 0.038851
0 0.346109 0.672297 0.023229 0.040541
0 0.520325 0.282939 0.044135 0.032095
0 0.180604 0.716216 0.026713 0.037162
0 0.260743 0.374155 0.022067 0.028716
0 0.346109 0.543919 0.023229 0.030405
0 0.520325 0.211149 0.048780 0.030405
0 0.180604 0.149493 0.024390 0.042230
0 0.788037 0.546453 0.033682 0.045608
0 0.181765 0.629223 0.024390 0.032095
0 0.952962 0.715372 0.031359 0.048986
0 0.954123 0.674831 0.036005 0.032095
0 0.895470 0.506757 0.037166 0.047297
0 0.180604 0.887669 0.024390 0.035473
0 0.180604 0.199324 0.019744 0.027027
0 0.289779 0.628378 0.024390 0.033784
0 0.289779 0.541385 0.024390 0.032095
0 0.520325 0.381757 0.044135 0.033784
0 0.531940 0.766047 0.020906 0.021959
0 0.531940 0.743243 0.020906 0.023649
0 0.788618 0.335304 0.032520 0.042230
0 0.790360 0.887669 0.036005 0.042230
0 0.424506 0.415541 0.024390 0.027027
0 0.289199 0.200169 0.023229 0.038851
0 0.520325 0.350507 0.044135 0.032095
0 0.518002 0.502534 0.041812 0.032095
0 0.790360 0.379223 0.038328 0.045608
0 0.681765 0.378378 0.034843 0.043919
0 0.734030 0.378378 0.034843 0.043919
0 0.842625 0.380912 0.038328 0.045608
0 0.842625 0.156250 0.038328 0.048986
0 0.734030 0.201858 0.037166 0.048986
0 0.085366 0.288851 0.036005 0.047297
0 0.789199 0.156250 0.038328 0.048986
0 0.733449 0.461149 0.033682 0.040541
0 0.681765 0.293919 0.034843 0.040541
0 0.681765 0.250000 0.034843 0.047297
0 0.789199 0.204392 0.038328 0.047297
0 0.627178 0.247466 0.032520 0.045608
0 0.789199 0.250000 0.038328 0.043919
0 0.735772 0.759291 0.038328 0.045608
0 0.573751 0.419764 0.034843 0.045608
0 0.732869 0.337838 0.034843 0.043919
0 0.424506 0.887669 0.029036 0.042230
0 0.842044 0.293919 0.034843 0.043919
0 0.425087 0.461149 0.027875 0.037162
0 0.788618 0.293919 0.032520 0.040541
0 0.735772 0.676520 0.033682 0.045608
0 0.953542 0.204392 0.037166 0.057432
0 0.894309 0.378378 0.034843 0.043919
0 0.842625 0.337838 0.033682 0.040541
0 0.424506 0.629223 0.024390 0.038851
0 0.236353 0.414696 0.024390 0.038851
0 0.235192 0.201858 0.022067 0.038851
0 0.789199 0.502534 0.031359 0.035473
0 0.896051 0.156250 0.036005 0.048986
0 0.790360 0.846284 0.036005 0.040541
0 0.952962 0.589527 0.036005 0.043919
0 0.369919 0.332770 0.022067 0.040541
0 0.369919 0.545608 0.022067 0.037162
0 0.951220 0.255068 0.034843 0.040541
0 0.452381 0.250000 0.022067 0.037162
0 0.424506 0.587838 0.024390 0.037162
0 0.371080 0.417230 0.022067 0.033784
0 0.452381 0.202703 0.022067 0.043919
0 0.790360 0.802365 0.036005 0.043919
0 0.236353 0.586993 0.024390 0.038851
0 0.735192 0.543919 0.030197 0.040541
0 0.262485 0.458615 0.023229 0.038851
0 0.237515 0.935811 0.026713 0.037162
0 0.426249 0.759291 0.023229 0.035473
0 0.346109 0.502534 0.023229 0.035473
0 0.347271 0.800676 0.025552 0.040541
0 0.235192 0.245777 0.022067 0.035473
0 0.681185 0.335304 0.033682 0.042230
0 0.954123 0.805743 0.036005 0.050676
0 0.478513 0.153716 0.023229 0.037162
0 0.346109 0.844595 0.027875 0.037162
0 0.398374 0.332770 0.023229 0.037162
0 0.425087 0.798142 0.023229 0.035473
0 0.451220 0.374155 0.022067 0.035473
0 0.085366 0.374155 0.031359 0.045608
0 0.261905 0.245777 0.022067 0.035473
0 0.628339 0.153716 0.034843 0.050676
0 0.236353 0.502534 0.024390 0.038851
0 0.520325 0.142736 0.046458 0.035473
0 0.371080 0.202703 0.024390 0.037162
0 0.344948 0.374155 0.023229 0.038851
0 0.344948 0.288851 0.020906 0.033784
0 0.263647 0.676520 0.023229 0.038851
0 0.371080 0.153716 0.024390 0.040541
0 0.519164 0.179054 0.044135 0.040541
0 0.236353 0.800676 0.024390 0.033784
0 0.586527 0.151182 0.025552 0.038851
0 0.085366 0.506757 0.038328 0.043919
0 0.477352 0.461993 0.023229 0.032095
0 0.261905 0.153716 0.022067 0.040541
0 0.290360 0.502534 0.023229 0.035473
0 0.452381 0.153716 0.022067 0.040541
0 0.180604 0.461149 0.024390 0.037162
0 0.262485 0.887669 0.027875 0.035473
0 0.236353 0.846284 0.024390 0.037162
0 0.344948 0.586993 0.023229 0.035473
0 0.237515 0.628378 0.024390 0.033784
0 0.425668 0.201858 0.024390 0.042230
0 0.236353 0.676520 0.024390 0.035473
0 0.152729 0.291385 0.024390 0.035473
0 0.263647 0.756757 0.023229 0.037162
0 0.789199 0.589527 0.038328 0.047297
0 0.235192 0.332770 0.022067 0.033784
0 0.584785 0.332770 0.022067 0.040541
0 0.290360 0.330236 0.023229 0.038851
0 0.234611 0.759291 0.020906 0.032095
0 0.261905 0.800676 0.024390 0.040541
0 0.181185 0.332770 0.020906 0.033784
0 0.586527 0.288851 0.023229 0.040541
0 0.209059 0.291385 0.023229 0.038851
0 0.086527 0.548142 0.040650 0.042230
0 0.586527 0.248311 0.025552 0.033784
0 0.345528 0.759291 0.024390 0.035473
0 0.369919 0.461149 0.022067 0.033784
0 0.181185 0.291385 0.023229 0.038851
0 0.263647 0.715372 0.023229 0.035473
0 0.236353 0.887669 0.024390 0.035473
0 0.478513 0.417230 0.023229 0.040541
0 0.181185 0.374155 0.023229 0.038851
0 0.398374 0.289696 0.018583 0.038851
0 0.236353 0.458615 0.024390 0.035473
0 0.181185 0.756757 0.023229 0.037162
0 0.344367 0.199324 0.022067 0.037162
0 0.345528 0.933277 0.029036 0.042230
0 0.290360 0.245777 0.023229 0.042230
0 0.895470 0.296453 0.034843 0.038851
0 0.789779 0.933277 0.037166 0.045608
0 0.453542 0.502534 0.022067 0.035473
0 0.952962 0.635135 0.036005 0.047297
0 0.425087 0.843750 0.027875 0.038851
0 0.896632 0.461149 0.034843 0.047297
0 0.895470 0.204392 0.034843 0.047297
0 0.085366 0.419764 0.033682 0.042230
0 0.423926 0.672297 0.023229 0.037162
0 0.345528 0.885135 0.029036 0.040541
0 0.952381 0.337838 0.034843 0.040541
0 0.586527 0.204392 0.025552 0.037162
0 0.736934 0.717905 0.033682 0.040541
0 0.520325 0.316723 0.044135 0.042230
0 0.454123 0.332770 0.020906 0.033784
0 0.519744 0.245777 0.045296 0.042230
0 0.453542 0.417230 0.022067 0.040541
0 0.478513 0.291385 0.020906 0.038851
0 0.346109 0.629223 0.025552 0.038851
0 0.084204 0.594595 0.040650 0.050676
0 0.343786 0.461149 0.023229 0.040541
0 0.478513 0.201858 0.023229 0.035473
0 0.734611 0.930743 0.036005 0.043919
0 0.236934 0.717905 0.025552 0.037162
0 0.423926 0.153716 0.025552 0.040541
0 0.371080 0.289696 0.022067 0.038851
0 0.085366 0.461149 0.036005 0.043919
0 0.952381 0.422297 0.034843 0.040541
0 0.423926 0.717905 0.025552 0.040541
0 0.478513 0.332770 0.023229 0.040541
0 0.680023 0.201858 0.033682 0.048986
0 0.086527 0.332770 0.036005 0.040541
0 0.790360 0.422297 0.036005 0.040541
0 0.236353 0.288851 0.024390 0.040541
0 0.735772 0.804899 0.033682 0.042230
0 0.423926 0.502534 0.025552 0.035473
0 0.425087 0.332770 0.023229 0.037162
0 0.734611 0.587838 0.033682 0.043919
0 0.261905 0.201858 0.024390 0.038851
0 0.734611 0.890203 0.033682 0.040541
0 0.734611 0.630912 0.036005 0.042230
0 0.423926 0.291385 0.023229 0.035473
0 0.573751 0.467905 0.039489 0.047297
0 0.425668 0.248311 0.024390 0.040541
0 0.952381 0.296453 0.034843 0.042230
0 0.896051 0.252534 0.036005 0.048986
0 0.478513 0.502534 0.025552 0.042230
0 0.842044 0.206926 0.034843 0.048986
0 0.572590 0.374155 0.034843 0.048986
0 0.452381 0.461149 0.024390 0.037162
0 0.843786 0.250000 0.036005 0.040541
0 0.734030 0.419764 0.034843 0.038851
0 0.953542 0.466216 0.037166 0.043919
0 0.732288 0.293919 0.031359 0.040541
0 0.519744 0.456926 0.042973 0.048986
0 0.789779 0.761824 0.037166 0.040541
0 0.733449 0.502534 0.036005 0.042230
0 0.680604 0.422297 0.039489 0.047297
0 0.735772 0.846284 0.033682 0.043919
0 0.628339 0.201858 0.032520 0.038851
0 0.453542 0.291385 0.022067 0.038851
0 0.790360 0.463682 0.033682 0.042230
0 0.790360 0.676520 0.036005 0.042230
0 0.732288 0.250845 0.033682 0.045608
0 0.423926 0.375845 0.023229 0.038851
