0 0.738752 0.809471 0.034833 0.033040
0 0.804064 0.670705 0.037736 0.046256
0 0.933237 0.314978 0.040639 0.052863
0 0.676343 0.188326 0.040639 0.024229
0 0.867199 0.716960 0.039187 0.037445
0 0.355588 0.534141 0.037736 0.041850
0 0.291727 0.179515 0.037736 0.046256
0 0.290276 0.715859 0.040639 0.048458
0 0.097968 0.838106 0.039187 0.046256
0 0.658926 0.718062 0.026125 0.039648
0 0.499274 0.636564 0.026125 0.026432
0 0.497823 0.810573 0.026125 0.035242
0 0.497823 0.501101 0.023222 0.028634
0 0.932511 0.275330 0.039187 0.039648
0 0.661103 0.494493 0.024673 0.037445
0 0.498549 0.845815 0.027576 0.039648
0 0.660377 0.275330 0.023222 0.030837
0 0.661103 0.320485 0.024673 0.037445
0 0.660377 0.362335 0.020319 0.037445
0 0.659652 0.404185 0.021771 0.033040
0 0.661829 0.449339 0.023222 0.035242
0 0.690856 0.277533 0.020319 0.030837
0 0.690856 0.319383 0.017417 0.035242
0 0.483309 0.114537 0.034833 0.026432
0 0.482583 0.166300 0.036284 0.028634
0 0.484761 0.328194 0.040639 0.035242
0 0.484035 0.361233 0.036284 0.030837
0 0.483309 0.382159 0.037736 0.011013
0 0.497097 0.399780 0.024673 0.019824
0 0.499274 0.420705 0.029028 0.022026
0 0.498549 0.683921 0.024673 0.024229
0 0.500000 0.612335 0.021771 0.030837
0 0.500000 0.559471 0.024673 0.030837
0 0.498549 0.522026 0.021771 0.022026
0 0.739478 0.711454 0.039187 0.048458
0 0.227141 0.623348 0.036284 0.044053
0 0.354862 0.803965 0.039187 0.048458
0 0.291001 0.401982 0.036284 0.041850
0 0.163280 0.138767 0.042090 0.048458
0 0.739478 0.540749 0.042090 0.046256
0 0.547896 0.145374 0.039187 0.048458
0 0.418723 0.670705 0.036284 0.046256
0 0.613208 0.139868 0.039187 0.046256
0 0.421626 0.187225 0.039187 0.048458
0 0.227141 0.711454 0.042090 0.044053
0 0.611756 0.449339 0.039187 0.039648
0 0.549347 0.274229 0.036284 0.046256
0 0.357039 0.138767 0.037736 0.052863
0 0.163280 0.535242 0.036284 0.048458
0 0.740203 0.582599 0.040639 0.046256
0 0.227866 0.757709 0.037736 0.048458
0 0.611756 0.583700 0.042090 0.039648
0 0.611756 0.541850 0.039187 0.044053
0 0.612482 0.407489 0.040639 0.044053
0 0.163280 0.711454 0.039187 0.048458
0 0.418723 0.627753 0.036284 0.044053
0 0.739478 0.627753 0.039187 0.044053
0 0.162554 0.624449 0.037736 0.046256
0 0.163280 0.442731 0.036284 0.044053
0 0.290276 0.581498 0.040639 0.044053
0 0.610305 0.758811 0.039187 0.046256
0 0.162554 0.268722 0.037736 0.048458
0 0.226415 0.494493 0.037736 0.046256
0 0.420174 0.447137 0.039187 0.039648
0 0.420174 0.582599 0.039187 0.046256
0 0.163280 0.581498 0.039187 0.044053
0 0.163280 0.757709 0.039187 0.044053
0 0.611756 0.805066 0.039187 0.046256
0 0.658926 0.628855 0.031930 0.046256
0 0.804790 0.366740 0.036284 0.046256
0 0.099419 0.624449 0.042090 0.050661
0 0.612482 0.186123 0.037736 0.037445
0 0.690131 0.803965 0.024673 0.039648
0 0.548621 0.316079 0.037736 0.041850
0 0.355588 0.227974 0.040639 0.041850
0 0.867925 0.188326 0.037736 0.046256
0 0.354862 0.448238 0.036284 0.037445
0 0.690856 0.849119 0.029028 0.046256
0 0.548621 0.099119 0.037736 0.048458
0 0.421626 0.138767 0.042090 0.048458
0 0.355588 0.314978 0.040639 0.044053
0 0.355588 0.273128 0.040639 0.044053
0 0.034833 0.138767 0.037736 0.052863
0 0.868650 0.409692 0.036284 0.039648
0 0.803338 0.186123 0.039187 0.055066
0 0.867925 0.366740 0.034833 0.046256
0 0.162554 0.401982 0.037736 0.041850
0 0.290276 0.448238 0.034833 0.046256
0 0.933237 0.408590 0.043541 0.046256
0 0.499274 0.588106 0.023222 0.026432
0 0.291001 0.843612 0.036284 0.039648
0 0.931060 0.850220 0.039187 0.044053
0 0.291001 0.314978 0.036284 0.039648
0 0.227141 0.273128 0.042090 0.044053
0 0.481132 0.718062 0.039187 0.026432
0 0.481858 0.250000 0.037736 0.050661
0 0.484761 0.088106 0.040639 0.030837
0 0.480406 0.742291 0.037736 0.017621
0 0.227866 0.134361 0.037736 0.052863
0 0.420174 0.360132 0.036284 0.046256
0 0.610305 0.716960 0.039187 0.046256
0 0.418723 0.805066 0.036284 0.037445
0 0.354862 0.716960 0.039187 0.046256
0 0.931060 0.721366 0.039187 0.041850
0 0.486212 0.138767 0.037736 0.026432
0 0.930334 0.761013 0.040639 0.037445
0 0.098694 0.450441 0.037736 0.037445
0 0.802612 0.850220 0.043541 0.039648
0 0.497097 0.660793 0.027576 0.022026
0 0.417997 0.848018 0.040639 0.044053
0 0.484035 0.202643 0.039187 0.048458
0 0.609579 0.670705 0.040639 0.046256
0 0.611756 0.274229 0.039187 0.046256
0 0.290276 0.272026 0.040639 0.046256
0 0.802612 0.806167 0.040639 0.044053
0 0.931060 0.629956 0.039187 0.044053
0 0.868650 0.851322 0.042090 0.041850
0 0.931060 0.671806 0.039187 0.048458
0 0.931060 0.588106 0.039187 0.044053
0 0.354136 0.757709 0.040639 0.039648
0 0.291001 0.757709 0.042090 0.039648
0 0.355588 0.407489 0.037736 0.044053
0 0.613208 0.319383 0.036284 0.039648
0 0.355588 0.622247 0.040639 0.046256
0 0.226415 0.403084 0.037736 0.048458
0 0.290276 0.671806 0.040639 0.044053
0 0.163280 0.203744 0.039187 0.072687
0 0.690131 0.581498 0.024673 0.030837
0 0.034833 0.180617 0.037736 0.039648
0 0.867925 0.671806 0.040639 0.044053
0 0.803338 0.454846 0.039187 0.046256
0 0.804064 0.321586 0.034833 0.039648
0 0.098694 0.803965 0.040639 0.048458
0 0.930334 0.803965 0.040639 0.048458
0 0.933962 0.453744 0.039187 0.044053
0 0.868650 0.495595 0.039187 0.048458
0 0.868650 0.628855 0.039187 0.046256
0 0.034833 0.622247 0.037736 0.046256
0 0.739478 0.845815 0.039187 0.048458
0 0.740203 0.320485 0.031930 0.033040
0 0.802612 0.711454 0.040639 0.048458
0 0.867199 0.806167 0.042090 0.044053
0 0.291001 0.220264 0.036284 0.048458
0 0.098694 0.575991 0.040639 0.046256
0 0.868650 0.234581 0.036284 0.046256
0 0.291727 0.495595 0.037736 0.048458
0 0.099419 0.180617 0.036284 0.044053
0 0.803338 0.628855 0.039187 0.046256
0 0.418723 0.536344 0.036284 0.041850
0 0.098694 0.403084 0.037736 0.052863
0 0.290276 0.536344 0.040639 0.041850
0 0.098694 0.669604 0.040639 0.039648
0 0.658926 0.757709 0.026125 0.039648
0 0.868650 0.541850 0.042090 0.044053
0 0.690131 0.668502 0.024673 0.033040
0 0.660377 0.537445 0.026125 0.035242
0 0.626996 0.099119 0.026125 0.039648
0 0.690856 0.099119 0.026125 0.039648
0 0.033382 0.844714 0.040639 0.046256
0 0.740203 0.448238 0.037736 0.046256
0 0.932511 0.495595 0.042090 0.048458
0 0.549347 0.361233 0.036284 0.048458
0 0.867925 0.450441 0.034833 0.041850
0 0.227141 0.314978 0.042090 0.048458
0 0.690856 0.714758 0.023222 0.037445
0 0.034107 0.574890 0.039187 0.048458
0 0.803338 0.584802 0.039187 0.046256
0 0.740929 0.494493 0.039187 0.046256
0 0.032656 0.710352 0.036284 0.041850
0 0.933237 0.542952 0.040639 0.046256
0 0.661829 0.100220 0.029028 0.037445
0 0.804064 0.541850 0.037736 0.048458
0 0.227141 0.361233 0.039187 0.039648
0 0.868650 0.276432 0.039187 0.046256
0 0.867199 0.757709 0.042090 0.052863
0 0.548621 0.408590 0.034833 0.046256
0 0.034107 0.221366 0.039187 0.046256
0 0.291001 0.354626 0.036284 0.048458
0 0.657475 0.851322 0.026125 0.037445
0 0.034833 0.400881 0.037736 0.039648
0 0.033382 0.533040 0.040639 0.044053
0 0.099419 0.710352 0.042090 0.046256
0 0.804790 0.276432 0.036284 0.046256
0 0.802612 0.496696 0.040639 0.046256
0 0.690856 0.535242 0.026125 0.039648
0 0.100145 0.313877 0.037736 0.046256
0 0.658926 0.668502 0.026125 0.033040
0 0.420900 0.272026 0.037736 0.041850
0 0.868650 0.582599 0.042090 0.046256
0 0.691582 0.407489 0.024673 0.035242
0 0.099419 0.139868 0.036284 0.046256
0 0.227141 0.803965 0.036284 0.039648
0 0.658200 0.801762 0.024673 0.035242
0 0.097968 0.534141 0.039187 0.046256
0 0.548621 0.229075 0.037736 0.044053
0 0.691582 0.494493 0.024673 0.041850
0 0.227141 0.580396 0.036284 0.041850
0 0.677068 0.146476 0.039187 0.046256
0 0.867925 0.321586 0.037736 0.048458
0 0.932511 0.234581 0.042090 0.046256
0 0.692308 0.448238 0.023222 0.037445
0 0.034107 0.755507 0.039187 0.044053
0 0.034107 0.668502 0.039187 0.046256
0 0.803338 0.762115 0.039187 0.048458
0 0.690131 0.361233 0.024673 0.039648
0 0.740929 0.669604 0.039187 0.039648
0 0.418723 0.495595 0.036284 0.052863
0 0.740203 0.407489 0.037736 0.044053
0 0.227866 0.180617 0.037736 0.044053
0 0.658200 0.583700 0.027576 0.039648
0 0.099419 0.756608 0.042090 0.046256
0 0.804064 0.233480 0.037736 0.044053
0 0.033382 0.267621 0.037736 0.041850
0 0.290276 0.803965 0.040639 0.048458
0 0.356313 0.490088 0.039187 0.046256
0 0.032656 0.312775 0.036284 0.044053
0 0.740929 0.234581 0.036284 0.046256
0 0.227866 0.226872 0.037736 0.048458
0 0.162554 0.849119 0.040639 0.041850
0 0.932511 0.363436 0.042090 0.048458
0 0.676343 0.227974 0.040639 0.050661
0 0.690856 0.624449 0.026125 0.041850
0 0.354862 0.670705 0.036284 0.046256
0 0.354862 0.577093 0.042090 0.048458
0 0.033382 0.798458 0.040639 0.046256
0 0.356313 0.185022 0.039187 0.044053
0 0.805515 0.409692 0.037736 0.039648
0 0.100145 0.354626 0.040639 0.044053
0 0.418723 0.715859 0.036284 0.044053
0 0.740929 0.275330 0.036284 0.044053
0 0.421626 0.229075 0.039187 0.044053
0 0.690856 0.758811 0.026125 0.037445
0 0.291727 0.138767 0.040639 0.044053
0 0.033382 0.488987 0.037736 0.039648
0 0.548621 0.188326 0.037736 0.046256
0 0.612482 0.227974 0.034833 0.046256
0 0.354862 0.849119 0.039187 0.041850
0 0.162554 0.669604 0.037736 0.039648
0 0.097242 0.487885 0.040639 0.046256
0 0.098694 0.268722 0.037736 0.044053
0 0.034833 0.441630 0.040639 0.050661
0 0.420174 0.314978 0.033382 0.048458
0 0.226415 0.536344 0.037736 0.046256
0 0.933962 0.188326 0.039187 0.055066
0 0.162554 0.803965 0.037736 0.048458
0 0.099419 0.225771 0.039187 0.046256
0 0.740929 0.185022 0.042090 0.048458
0 0.163280 0.313877 0.039187 0.046256
0 0.034107 0.354626 0.036284 0.044053
0 0.227141 0.843612 0.039187 0.048458
0 0.611756 0.851322 0.042090 0.046256
0 0.611756 0.624449 0.042090 0.046256
0 0.291001 0.624449 0.042090 0.046256
0 0.355588 0.360132 0.040639 0.046256
0 0.612482 0.362335 0.040639 0.046256
0 0.163280 0.487885 0.036284 0.046256
0 0.226415 0.448238 0.037736 0.046256
0 0.611756 0.495595 0.039187 0.048458
0 0.417997 0.763216 0.040639 0.050661
0 0.739478 0.764317 0.039187 0.048458
0 0.740929 0.361233 0.039187 0.048458
0 0.163280 0.360132 0.039187 0.046256
0 0.420900 0.406388 0.037736 0.046256
0 0.227141 0.669604 0.039187 0.048458
