0 0.399460353824615 0.13192051273793035 0.022156039200712723 0.042874166639827314
0 0.2792312587501591 0.13027150632870624 0.025414280259641056 0.03957615382137911
0 0.06744558991981672 0.037927147412154985 0.020201094565355727 0.046172179458275626
0 0.2792312587501591 0.026384102547586084 0.02671757668321239 0.03627814100293087
0 0.27988290696194473 0.06266224355051693 0.025414280259641056 0.04287416663982737
0 0.06777141402570955 0.0840993268704306 0.01954944635357006 0.042874166639827356
0 0.28053455517373044 0.2613675158620245 0.025414280259641122 0.034629134593706715
0 0.2880285096092656 0.6472350156204709 0.011729667812142092 0.014841057683017266
0 0.2877026855033728 0.6315694547328417 0.012381316023927728 0.01649006409224128
0 0.2873768613974799 0.6175529002544365 0.011729667812142061 0.011543044864568953
0 0.28086037927962326 0.23250990370060223 0.02606592847142679 0.03298012818448261
0 0.4007636502481863 0.5952913137299107 0.018246149929998727 0.042874166639827314
0 0.4610411098383607 0.5120164900640922 0.018897798141784394 0.0412251602306033
0 0.21895379915998475 0.34216882991400693 0.01954944635357006 0.037927147412154985
0 0.2489296169021255 0.4683178202196528 0.02085274277714139 0.042874166639827405
0 0.1280488736158839 0.08739733968887888 0.021504390988927074 0.039576153821379106
0 0.31051037291587125 0.5985893265483591 0.021504390988927057 0.042874166639827314
0 0.460389461626575 0.3842184933492222 0.020201094565355727 0.046172179458275626
0 0.4310652920962199 0.6835131566234016 0.021504390988927057 0.047821185867499734
0 0.18767468499427262 0.38421849334922215 0.018246149929998727 0.042874166639827356
0 0.399460353824615 0.3833939901446101 0.01954944635357006 0.037927147412154846
0 0.399460353824615 0.17644368578698186 0.01954944635357006 0.042874166639827384
0 0.4600636375206822 0.1756191825823698 0.02085274277714139 0.04122516023060325
0 0.12804887361588393 0.38421849334922215 0.018897798141784394 0.042874166639827356
0 0.4903652793687158 0.42709265998904955 0.020201094565355727 0.042874166639827405
0 0.18702303678248694 0.29929466327417953 0.01954944635357006 0.04452317304905147
0 0.18767468499427262 0.21684434281297305 0.01954944635357006 0.037927147412154985
0 0.3105103729158712 0.1756191825823698 0.017594501718213123 0.04122516023060325
0 0.09676975945017183 0.29847016006956745 0.018897798141784394 0.042874166639827356
0 0.2792312587501591 0.3363973074817224 0.024110983836069723 0.046172179458275626
0 0.21895379915998475 0.08574833327965474 0.01954944635357006 0.04947019227672389
0 0.4897136311569302 0.0420496634352153 0.021504390988927057 0.047821185867499755
0 0.36948453608247417 0.6398144867789624 0.01954944635357006 0.042874166639827314
0 0.33983454244622635 0.30259267609262774 0.018897798141784394 0.03792714741215503
0 0.4001120020364006 0.34464233952784307 0.018246149929998727 0.03957615382137914
0 0.18800050910016544 0.34051982350478277 0.018897798141784394 0.04452317304905151
0 0.4607152857324679 0.25889400624818837 0.020852742777141456 0.042874166639827356
0 0.15769886725213186 0.3833939901446101 0.01954944635357006 0.04782118586749978
0 0.30985872470408554 0.6389899835743502 0.021504390988927057 0.04122516023060311
0 0.3988087056128293 0.2638410254758608 0.01954944635357006 0.042874166639827356
0 0.1580246913580247 0.3017681728880157 0.020201094565355727 0.03957615382137909
0 0.399460353824615 0.6373409771651262 0.01954944635357006 0.03792714741215489
0 0.4903652793687158 0.13439402235176656 0.021504390988927057 0.04452317304905149
0 0.12674557719231258 0.4674933170150407 0.020201094565355727 0.04452317304905151
0 0.31051037291587125 0.2580695030435763 0.020201094565355727 0.04122516023060325
0 0.31051037291587125 0.5103674836548682 0.020201094565355727 0.04452317304905151
0 0.4610411098383607 0.5961158169345229 0.018897798141784394 0.0412251602306033
0 0.43139111620211273 0.5565396631131437 0.01954944635357006 0.047821185867499734
0 0.4610411098383607 0.6793906406003414 0.02020109456535579 0.042874166639827405
0 0.4916685757922872 0.6389899835743502 0.020201094565355727 0.04122516023060311
0 0.4916685757922872 0.5111919868594802 0.020201094565355727 0.042874166639827405
0 0.4903652793687158 0.38421849334922215 0.021504390988927057 0.042874166639827356
0 0.09676975945017183 0.17067216335469743 0.018897798141784394 0.047821185867499755
0 0.4903652793687158 0.09069535250732715 0.021504390988927057 0.04287416663982735
0 0.460389461626575 0.47161583303810106 0.020201094565355727 0.0428741666398275
0 0.3401603665521192 0.636516473960514 0.01954944635357006 0.03957615382137909
0 0.247952144584447 0.3850429965538343 0.016291205294641727 0.0412251602306032
0 0.4001120020364006 0.4246191503752133 0.01954944635357006 0.0412251602306032
0 0.399460353824615 0.08904634609810301 0.022156039200712723 0.04287416663982737
0 0.15867633956981037 0.08327482366581855 0.020201094565355727 0.05111919868594801
0 0.12739722540409826 0.17149666655930948 0.021504390988927074 0.046172179458275626
0 0.30985872470408554 0.6777416341911173 0.018897798141784394 0.0428741666398275
0 0.369810360188367 0.21849334922219715 0.018897798141784394 0.03792714741215496
0 0.4001120020364006 0.5128409932687042 0.018246149929998727 0.042874166639827405
0 0.33983454244622635 0.21437083319913688 0.021504390988927057 0.04947019227672387
0 0.36948453608247417 0.17314567296853361 0.01954944635357006 0.046172179458275626
0 0.399460353824615 0.30259267609262774 0.01954944635357006 0.03792714741215503
0 0.1580246913580247 0.33887081709555866 0.018897798141784394 0.037927147412154985
0 0.06646811760213822 0.1739701761731457 0.01954944635357006 0.04452317304905149
0 0.4903652793687158 0.17974169860543013 0.021504390988927057 0.042874166639827356
0 0.43041364388443426 0.6389899835743502 0.018897798141784394 0.04122516023060311
0 0.07298459971999492 0.7593674514477117 0.01303296423571337 0.03462913459370676
0 0.28053455517373044 0.3792714741215498 0.025414280259641122 0.02968211536603439
0 0.07298459971999492 0.6769171309865052 0.01303296423571337 0.03462913459370676
0 0.3401603665521192 0.7601919546523238 0.01954944635357006 0.042874166639827314
0 0.05767086674303169 0.8047151277013753 0.012381316023927719 0.03627814100293087
0 0.3401603665521192 0.38669200296305845 0.01954944635357006 0.04452317304905147
0 0.12544228076874125 0.6777416341911173 0.01759450171821306 0.0428741666398275
0 0.24827796869033983 0.8071886373152114 0.01954944635357006 0.0412251602306032
0 0.03551482754231895 0.7230893104447809 0.020201094565355734 0.037927147412154985
0 0.3707878325060455 0.676092627781893 0.01954944635357006 0.03627814100293087
0 0.1260939289805269 0.5952913137299107 0.02020109456535571 0.042874166639827314
0 0.21895379915998475 0.5078939740410319 0.01954944635357006 0.042874166639827314
0 0.30985872470408554 0.8088376437244356 0.02280768741249839 0.04452317304905151
0 0.06646811760213822 0.21684434281297305 0.0208527427771414 0.037927147412154985
0 0.340486190658012 0.7197912976263326 0.01759450171821306 0.04122516023060311
0 0.03551482754231895 0.5499436374762473 0.020201094565355734 0.037927147412154985
0 0.12739722540409826 0.2555959934297401 0.021504390988927074 0.046172179458275626
0 0.035840651648211784 0.25559599342974004 0.01954944635357007 0.04287416663982745
0 0.2489296169021255 0.7610164578569358 0.02085274277714139 0.04452317304905151
0 0.30855542828051424 0.764314470675384 0.021504390988927057 0.04452317304905151
0 0.4916685757922872 0.6793906406003414 0.018897798141784394 0.042874166639827405
0 0.4007636502481863 0.7610164578569358 0.022156039200712723 0.04452317304905151
0 0.4307394679903271 0.1756191825823698 0.01954944635357006 0.037927147412154985
0 0.12674557719231258 0.30011916647879155 0.018897798141784376 0.042874166639827356
0 0.28053455517373044 0.1987052723115076 0.025414280259641122 0.04122516023060323
0 0.4610411098383607 0.8047151277013752 0.021504390988927122 0.046172179458275626
0 0.21830215094819905 0.5499436374762471 0.01954944635357009 0.04452317304905161
0 0.4903652793687158 0.3017681728880157 0.021504390988927057 0.042874166639827405
0 0.12739722540409826 0.34216882991400693 0.01759450171821303 0.037927147412154985
0 0.09709558355606465 0.34381783632323104 0.01954944635357006 0.047821185867499734
0 0.340486190658012 0.1319205127379304 0.020201094565355727 0.032980128184482586
0 0.3701361842942598 0.8071886373152115 0.022156039200712723 0.047821185867499734
0 0.03453735522464045 0.4650198074012046 0.019549446353570067 0.042874166639827405
0 0.24827796869033983 0.5985893265483591 0.01954944635357006 0.03957615382137919
0 0.24827796869033983 0.6389899835743502 0.01954944635357006 0.04122516023060311
0 0.4001120020364006 0.7206158008309447 0.01954944635357006 0.04287416663982722
0 0.340486190658012 0.42791716319366163 0.018897798141784394 0.03462913459370667
0 0.4607152857324679 0.13439402235176656 0.020852742777141456 0.037927147412154916
0 0.06516482117856688 0.5120164900640922 0.02215603920071274 0.0412251602306033
0 0.30985872470408554 0.7189667944217205 0.018897798141784394 0.042874166639827405
0 0.03486317933053328 0.6389899835743502 0.02150439098892707 0.04122516023060311
0 0.035840651648211784 0.21437083319913683 0.0208527427771414 0.042874166639827384
0 0.4916685757922872 0.7189667944217205 0.021504390988927057 0.042874166639827405
0 0.06711976581392388 0.38174498373538596 0.02085274277714139 0.04122516023060311
0 0.03551482754231895 0.50706947083642 0.020201094565355734 0.04452317304905142
0 0.06646811760213822 0.4674933170150407 0.022156039200712734 0.047821185867499734
0 0.035840651648211784 0.29682115366034334 0.01954944635357007 0.042874166639827356
0 0.1260939289805269 0.509542980450256 0.02020109456535571 0.042874166639827405
0 0.43139111620211273 0.3842184933492222 0.01954944635357006 0.03957615382137909
0 0.4001120020364006 0.6793906406003414 0.01954944635357006 0.042874166639827405
0 0.18767468499427262 0.5103674836548682 0.01954944635357006 0.034629134593706486
0 0.30985872470408554 0.08574833327965474 0.018897798141784394 0.04287416663982737
0 0.24827796869033983 0.5548906567039197 0.01954944635357006 0.04452317304905151
0 0.30985872470408554 0.38751650616767047 0.018897798141784394 0.042874166639827356
0 0.03551482754231895 0.6802151438049534 0.020201094565355734 0.047821185867499734
0 0.21765050273641337 0.637340977165126 0.022156039200712758 0.04452317304905142
0 0.4600636375206822 0.2176688460175851 0.01954944635357006 0.042874166639827384
0 0.46136693394425354 0.5540661534993074 0.016942853506427394 0.042874166639827314
0 0.18800050910016544 0.5952913137299107 0.020201094565355727 0.04617217945827572
0 0.12739722540409826 0.21437083319913683 0.018897798141784376 0.042874166639827384
0 0.3395087183403335 0.5540661534993074 0.01954944635357006 0.042874166639827314
0 0.4916685757922872 0.5515926438854715 0.018897798141784394 0.037927147412154985
0 0.3701361842942598 0.7618409610615479 0.02085274277714139 0.042874166639827405
0 0.4287845233549701 0.041225160230603235 0.02085274277714139 0.04287416663982739
0 0.49101692758050147 0.5944668105252988 0.018897798141784394 0.047821185867499824
0 0.03518900343642612 0.34051982350478277 0.020852742777141407 0.04452317304905151
0 0.1280488736158839 0.0420496634352153 0.021504390988927074 0.047821185867499755
0 0.12804887361588393 0.12779799671487005 0.020201094565355727 0.037927147412154985
0 0.15867633956981037 0.1731456729685336 0.020201094565355727 0.03627814100293085
0 0.03551482754231895 0.5928178041160747 0.021504390988927074 0.047821185867499734
0 0.4307394679903271 0.1360430287609907 0.01954944635357006 0.04452317304905149
0 0.21895379915998475 0.46831782021965285 0.01954944635357006 0.03957615382137909
0 0.2489296169021255 0.34299333311861896 0.01563955708285606 0.03957615382137909
0 0.24958126511391115 0.13027150632870624 0.01954944635357006 0.03627814100293085
0 0.21765050273641337 0.596115816934523 0.022156039200712758 0.04452317304905151
0 0.18800050910016544 0.5532416502946955 0.020201094565355727 0.04452317304905142
0 0.1260939289805269 0.7189667944217205 0.02020109456535571 0.042874166639827405
0 0.4001120020364006 0.21849334922219715 0.01954944635357006 0.04452317304905149
0 0.07265877561410207 0.5919933009114625 0.013684612447499044 0.03957615382137909
0 0.12674557719231258 0.764314470675384 0.021504390988927074 0.04452317304905151
0 0.18702303678248694 0.7610164578569357 0.01954944635357006 0.0412251602306032
0 0.04300878197785414 0.1723211697639215 0.013032964235713377 0.03792714741215503
0 0.27923125875015914 0.09646687493961158 0.028020873106783785 0.028033108956810212
0 0.0739620720376734 0.8047151277013753 0.013684612447499052 0.03957615382137909
0 0.05767086674303169 0.7593674514477117 0.012381316023927719 0.03462913459370676
0 0.058322514954817356 0.5515926438854715 0.012381316023927703 0.02803310895681014
0 0.5209927453226423 0.09069535250732715 0.020201094565355727 0.04617217945827563
0 0.27988290696194473 0.16490064092241294 0.025414280259641056 0.032980128184482586
0 0.06646811760213822 0.42544365357982544 0.022156039200712734 0.042874166639827314
0 0.07265877561410207 0.7189667944217205 0.013684612447499044 0.03298012818448256
0 0.18800050910016544 0.8071886373152115 0.021504390988927057 0.047821185867499734
0 0.12674557719231258 0.8063641341105994 0.021504390988927074 0.03957615382137909
0 0.057996690848924524 0.7189667944217206 0.01303296423571337 0.039576153821379
0 0.18702303678248694 0.6373409771651262 0.01954944635357006 0.03792714741215489
0 0.058322514954817356 0.5928178041160745 0.012381316023927703 0.0412251602306032
0 0.058974163166603026 0.6332184611420658 0.012381316023927703 0.03298012818448256
0 0.07265877561410207 0.5532416502946955 0.013684612447499044 0.03462913459370676
0 0.18702303678248694 0.7214403040355567 0.018246149929998727 0.037927147412154985
0 0.3395087183403335 0.1681986537408612 0.01954944635357006 0.03957615382137911
0 0.4610411098383607 0.7593674514477117 0.022807687412498456 0.04452317304905142
0 0.2179763268423062 0.8080131405198235 0.022807687412498424 0.042874166639827405
0 0.03551482754231895 0.7618409610615479 0.020201094565355734 0.042874166639827405
0 0.03551482754231895 0.4237946471706013 0.018897798141784397 0.04287416663982745
0 0.12641975308641976 0.6389899835743502 0.019549446353570043 0.04122516023060311
0 0.05767086674303169 0.6769171309865052 0.012381316023927719 0.037927147412154985
0 0.4903652793687158 0.2605430126574125 0.020201094565355727 0.03957615382137909
0 0.43008781977854144 0.08822184289349093 0.02085274277714139 0.04782118586749977
0 0.03518900343642612 0.381744983735386 0.01954944635357006 0.037927147412154985
0 0.4916685757922872 0.7610164578569357 0.018897798141784394 0.0412251602306032
0 0.03551482754231895 0.8063641341105994 0.021504390988927074 0.046172179458275626
0 0.24827796869033983 0.7197912976263326 0.01954944635357006 0.04122516023060311
0 0.3688328878706885 0.1327450159425424 0.01954944635357006 0.04122516023060318
0 0.06646811760213822 0.29847016006956745 0.01954944635357006 0.03627814100293087
0 0.21699885452462772 0.764314470675384 0.022156039200712758 0.04452317304905151
0 0.5209927453226423 0.13686753196560275 0.021504390988927057 0.04947019227672389
0 0.3401603665521192 0.6769171309865052 0.01954944635357006 0.0412251602306032
0 0.07363624793178059 0.6332184611420658 0.014336260659284703 0.03627814100293078
0 0.4607152857324679 0.34134432670939485 0.01954944635357006 0.03957615382137914
0 0.1260939289805269 0.5524171470900835 0.02020109456535571 0.042874166639827405
0 0.340486190658012 0.803066121292151 0.021504390988927057 0.042874166639827405
0 0.24827796869033983 0.6777416341911173 0.022156039200712723 0.0428741666398275
0 0.4916685757922872 0.8055396309059872 0.020201094565355727 0.047821185867499824
0 0.4610411098383607 0.7189667944217206 0.021504390988927122 0.039576153821379
0 0.12707140129820543 0.4246191503752133 0.016942853506427408 0.037927147412154985
0 0.31051037291587125 0.42544365357982544 0.018897798141784456 0.03627814100293083
0 0.5209927453226423 0.04287416663982737 0.021504390988927057 0.04947019227672389
0 0.399460353824615 0.5557151599085316 0.018246149929998727 0.03957615382137909
0 0.18800050910016544 0.6793906406003414 0.020201094565355727 0.046172179458275626
0 0.4607152857324679 0.30094366968340364 0.01954944635357006 0.04122516023060325
0 0.4007636502481863 0.8038906244967632 0.02085274277714139 0.0412251602306032
0 0.06646811760213822 0.3388708170955586 0.0208527427771414 0.04122516023060325
0 0.49101692758050147 0.34134432670939485 0.018897798141784394 0.03957615382137914
0 0.490039455262823 0.22179136204064542 0.022156039200712723 0.04122516023060327
0 0.21765050273641337 0.6777416341911173 0.020852742777141425 0.0428741666398275
0 0.06646811760213822 0.25559599342974004 0.01954944635357006 0.04287416663982745
0 0.43139111620211273 0.597764823343747 0.016942853506427394 0.037927147412154985
0 0.06777141402570955 0.12779799671487005 0.01954944635357006 0.04452317304905151
0 0.21830215094819905 0.7189667944217205 0.022156039200712758 0.042874166639827405
0 0.24827796869033983 0.42709265998904955 0.01954944635357006 0.042874166639827405
0 0.3395087183403335 0.34464233952784307 0.018246149929998727 0.042874166639827356
0 0.09644393534427899 0.21601983960836094 0.01954944635357006 0.042874166639827356
0 0.18767468499427262 0.4262681567844374 0.01954944635357006 0.04782118586749987
0 0.43008781977854144 0.30259267609262774 0.01954944635357006 0.03792714741215503
0 0.30985872470408554 0.4658443106058166 0.02020109456535579 0.04452317304905151
0 0.399460353824615 0.040400657025991174 0.02085274277714139 0.047821185867499755
0 0.43139111620211273 0.34381783632323104 0.02085274277714139 0.04122516023060325
0 0.3401603665521192 0.5952913137299107 0.018246149929998727 0.03957615382137919
0 0.4610411098383607 0.636516473960514 0.018897798141784394 0.042874166639827314
0 0.15769886725213186 0.21437083319913683 0.01954944635357006 0.042874166639827384
0 0.31051037291587125 0.34381783632323104 0.020201094565355727 0.04452317304905151
0 0.09644393534427899 0.25889400624818837 0.020852742777141407 0.042874166639827356
0 0.399460353824615 0.4674933170150407 0.02085274277714139 0.04452317304905151
0 0.31051037291587125 0.21601983960836094 0.020201094565355727 0.042874166639827356
0 0.2189537991599847 0.13192051273793035 0.022156039200712758 0.042874166639827314
0 0.2489296169021255 0.5128409932687042 0.02085274277714139 0.046172179458275626
0 0.15835051546391754 0.1302715063287062 0.022156039200712758 0.04617217945827558
0 0.3701361842942598 0.43039067280749777 0.01954944635357006 0.03957615382137909
0 0.3701361842942598 0.46996682662887695 0.01954944635357006 0.03957615382137909
0 0.36948453608247417 0.30259267609262774 0.01954944635357006 0.03792714741215503
0 0.4903652793687158 0.47079132983348915 0.021504390988927057 0.04452317304905161
0 0.460389461626575 0.43039067280749777 0.020201094565355727 0.042874166639827356
0 0.43139111620211273 0.5120164900640922 0.018246149929998727 0.0412251602306033
0 0.18767468499427262 0.47079132983348915 0.01954944635357006 0.04452317304905161
0 0.3701361842942598 0.34299333311861896 0.01954944635357006 0.042874166639827405
0 0.18767468499427262 0.25559599342974004 0.01954944635357006 0.04287416663982745
0 0.4610411098383607 0.09069535250732715 0.021504390988927122 0.049470192276723904
0 0.3701361842942598 0.7197912976263325 0.02085274277714139 0.04452317304905151
0 0.3701361842942598 0.5540661534993074 0.022156039200712723 0.042874166639827314
0 0.21895379915998475 0.42709265998904955 0.01954944635357006 0.039576153821379044
0 0.43008781977854144 0.2621920190666366 0.01954944635357006 0.042874166639827314
0 0.36948453608247417 0.5969403201391349 0.02085274277714139 0.0428741666398275
0 0.43139111620211273 0.47079132983348915 0.02085274277714139 0.04452317304905161
0 0.1883263332060583 0.08245032046120647 0.02085274277714139 0.049470192276723876
0 0.43139111620211273 0.42791716319366163 0.02085274277714139 0.04452317304905151
0 0.4307394679903271 0.21931785242680926 0.02085274277714139 0.042874166639827356
0 0.1580246913580247 0.2580695030435763 0.020201094565355727 0.04452317304905147
0 0.33983454244622635 0.2613675158620245 0.020201094565355727 0.04452317304905142
0 0.31051037291587125 0.5524171470900834 0.021504390988927057 0.046172179458275626
0 0.340486190658012 0.5111919868594802 0.020201094565355727 0.042874166639827405
0 0.36948453608247417 0.38586749975844636 0.01954944635357006 0.042874166639827356
0 0.2489296169021255 0.25889400624818837 0.02085274277714139 0.03957615382137909
0 0.21895379915998475 0.3017681728880157 0.018246149929998727 0.042874166639827405
0 0.1883263332060583 0.1310960095333183 0.01954944635357006 0.04452317304905144
0 0.2186279750540919 0.2580695030435763 0.01759450171821306 0.04122516023060325
0 0.36948453608247417 0.2597185094528004 0.01954944635357006 0.047821185867499685
0 0.3401603665521192 0.4683178202196528 0.01954944635357006 0.042874166639827405
0 0.24958126511391115 0.08574833327965474 0.02085274277714139 0.05276820509517215
0 0.340486190658012 0.08657283648426681 0.021504390988927057 0.051119198685948025
0 0.3688328878706885 0.08822184289349094 0.01954944635357006 0.051119198685948025
0 0.369810360188367 0.5111919868594802 0.021504390988927057 0.042874166639827405
0 0.21895379915998475 0.21601983960836094 0.01954944635357006 0.042874166639827356
0 0.30985872470408554 0.1302715063287062 0.02280768741249839 0.04617217945827558
0 0.21830215094819905 0.3833939901446101 0.01954944635357009 0.04782118586749978
0 0.31051037291587125 0.30094366968340364 0.021504390988927057 0.04122516023060325
0 0.24958126511391115 0.21931785242680926 0.02085274277714139 0.042874166639827356
0 0.21895379915998475 0.17644368578698186 0.01954944635357006 0.03957615382137911
0 0.2489296169021255 0.30094366968340364 0.01954944635357006 0.04452317304905151
0 0.24925544100801833 0.1739701761731457 0.020201094565355727 0.047821185867499755
0 0.1883263332060583 0.17644368578698186 0.01954944635357006 0.046172179458275696
