0 0.386999 0.408638 0.040097 0.039867
0 0.160996 0.278239 0.037667 0.048173
0 0.275820 0.831395 0.038882 0.044850
0 0.274605 0.489203 0.038882 0.041528
0 0.669502 0.324751 0.038882 0.044850
0 0.613609 0.704319 0.036452 0.043189
0 0.837789 0.323090 0.040097 0.044850
0 0.444107 0.491694 0.037667 0.043189
0 0.329891 0.618771 0.037667 0.044850
0 0.275820 0.704319 0.036452 0.039867
0 0.329891 0.407807 0.037667 0.041528
0 0.386999 0.705980 0.037667 0.043189
0 0.216889 0.705980 0.037667 0.043189
0 0.557716 0.621262 0.036452 0.043189
0 0.329891 0.534053 0.037667 0.048173
0 0.329891 0.364618 0.040097 0.044850
0 0.217497 0.790698 0.038882 0.043189
0 0.275820 0.618771 0.036452 0.044850
0 0.614824 0.364618 0.038882 0.044850
0 0.216889 0.578904 0.037667 0.044850
0 0.386999 0.365449 0.037667 0.043189
0 0.444107 0.661960 0.035237 0.041528
0 0.444107 0.617940 0.035237 0.039867
0 0.216282 0.408638 0.036452 0.043189
0 0.217497 0.661960 0.036452 0.044850
0 0.556501 0.322259 0.036452 0.043189
0 0.159781 0.577243 0.040097 0.048173
0 0.216282 0.533223 0.036452 0.043189
0 0.160996 0.790698 0.040097 0.043189
0 0.556501 0.365449 0.036452 0.043189
0 0.386999 0.660299 0.040097 0.048173
0 0.512758 0.730897 0.026731 0.029900
0 0.501823 0.335548 0.046173 0.029900
0 0.515188 0.754983 0.024301 0.018272
0 0.504253 0.367940 0.048603 0.038206
0 0.502430 0.269103 0.044957 0.029900
0 0.501823 0.132890 0.048603 0.036545
0 0.725395 0.284053 0.036452 0.043189
0 0.217497 0.363787 0.036452 0.043189
0 0.386999 0.493355 0.040097 0.043189
0 0.388214 0.789037 0.040097 0.043189
0 0.105103 0.408638 0.040097 0.043189
0 0.330498 0.662791 0.036452 0.043189
0 0.331106 0.320598 0.037667 0.043189
0 0.445322 0.276578 0.037667 0.048173
0 0.046780 0.407807 0.042527 0.048173
0 0.274605 0.408638 0.036452 0.043189
0 0.780680 0.282392 0.037667 0.043189
0 0.445322 0.833887 0.037667 0.043189
0 0.103888 0.365449 0.035237 0.043189
0 0.781896 0.145349 0.035237 0.051495
0 0.724787 0.327243 0.037667 0.043189
0 0.724180 0.145349 0.036452 0.048173
0 0.274605 0.367110 0.036452 0.043189
0 0.613609 0.281561 0.038882 0.048173
0 0.330498 0.492525 0.034022 0.041528
0 0.556501 0.578073 0.036452 0.043189
0 0.725395 0.408638 0.038882 0.046512
0 0.160996 0.747508 0.037667 0.043189
0 0.218104 0.322259 0.035237 0.039867
0 0.444107 0.361296 0.035237 0.038206
0 0.556501 0.534884 0.036452 0.043189
0 0.556501 0.407807 0.036452 0.041528
0 0.274605 0.321429 0.038882 0.048173
0 0.501215 0.443522 0.047388 0.046512
0 0.613609 0.621262 0.036452 0.043189
0 0.669502 0.537375 0.038882 0.041528
0 0.613609 0.144518 0.038882 0.049834
0 0.102673 0.323090 0.037667 0.041528
0 0.386999 0.618771 0.035237 0.038206
0 0.329891 0.746678 0.037667 0.044850
0 0.274605 0.745847 0.036452 0.039867
0 0.837789 0.365449 0.040097 0.043189
0 0.386999 0.831395 0.035237 0.041528
0 0.216282 0.747508 0.036452 0.039867
0 0.160996 0.448505 0.037667 0.043189
0 0.274605 0.450166 0.034022 0.039867
0 0.386999 0.277409 0.040097 0.046512
0 0.274605 0.662791 0.036452 0.043189
0 0.894289 0.281561 0.038882 0.048173
0 0.556501 0.450997 0.038882 0.041528
0 0.331106 0.277409 0.035237 0.046512
0 0.612394 0.237542 0.041312 0.043189
0 0.103888 0.279900 0.035237 0.044850
0 0.556501 0.705150 0.036452 0.044850
0 0.386999 0.873754 0.037667 0.046512
0 0.275820 0.787375 0.038882 0.043189
0 0.725395 0.238372 0.036452 0.048173
0 0.046780 0.278239 0.040097 0.048173
0 0.668894 0.746678 0.040097 0.044850
0 0.668894 0.790698 0.040097 0.043189
0 0.159781 0.362126 0.040097 0.039867
0 0.445322 0.789037 0.035237 0.046512
0 0.331713 0.789037 0.036452 0.043189
0 0.781896 0.237542 0.042527 0.043189
0 0.557716 0.828904 0.036452 0.043189
0 0.102673 0.662791 0.037667 0.043189
0 0.613609 0.451827 0.036452 0.043189
0 0.274605 0.532392 0.038882 0.044850
0 0.160996 0.408638 0.037667 0.043189
0 0.216282 0.492525 0.036452 0.038206
0 0.159781 0.535714 0.040097 0.038206
0 0.446537 0.702658 0.040097 0.043189
0 0.556501 0.493355 0.038882 0.043189
0 0.105103 0.450166 0.037667 0.039867
0 0.612394 0.789037 0.041312 0.043189
0 0.951397 0.144518 0.041312 0.053156
0 0.046780 0.745017 0.042527 0.048173
0 0.613609 0.537375 0.038882 0.041528
0 0.047995 0.492525 0.042527 0.044850
0 0.668287 0.281561 0.036452 0.044850
0 0.105103 0.790698 0.037667 0.043189
0 0.724787 0.192691 0.037667 0.043189
0 0.613609 0.914452 0.038882 0.051495
0 0.614824 0.578073 0.038882 0.039867
0 0.444107 0.873754 0.040097 0.043189
0 0.046780 0.362126 0.037667 0.043189
0 0.669502 0.367940 0.036452 0.038206
0 0.613609 0.325581 0.038882 0.036545
0 0.160996 0.322259 0.040097 0.039867
0 0.274605 0.576412 0.038882 0.039867
0 0.160996 0.620432 0.040097 0.041528
0 0.613609 0.497508 0.036452 0.044850
0 0.216889 0.276578 0.037667 0.048173
0 0.894289 0.451827 0.036452 0.039867
0 0.046780 0.322259 0.037667 0.039867
0 0.217497 0.831395 0.036452 0.041528
0 0.837789 0.491694 0.035237 0.043189
0 0.160996 0.917774 0.040097 0.048173
0 0.725395 0.451827 0.036452 0.043189
0 0.047995 0.450166 0.040097 0.039867
0 0.329891 0.448505 0.035237 0.039867
0 0.557716 0.917774 0.036452 0.044850
0 0.837789 0.406977 0.035237 0.043189
0 0.839004 0.449336 0.032807 0.038206
0 0.950182 0.326412 0.038882 0.048173
0 0.556501 0.785714 0.034022 0.039867
0 0.669502 0.406146 0.038882 0.038206
0 0.160996 0.662791 0.040097 0.043189
0 0.669502 0.872093 0.036452 0.039867
0 0.160996 0.834718 0.040097 0.041528
0 0.046780 0.699336 0.040097 0.043189
0 0.952612 0.659468 0.041312 0.043189
0 0.329891 0.832226 0.037667 0.039867
0 0.950182 0.576412 0.036452 0.043189
0 0.950182 0.283223 0.036452 0.038206
0 0.724787 0.828904 0.037667 0.043189
0 0.272175 0.873754 0.034022 0.039867
0 0.386999 0.533223 0.037667 0.033223
0 0.724787 0.745017 0.037667 0.038206
0 0.725395 0.913621 0.036452 0.053156
0 0.951397 0.534884 0.036452 0.043189
0 0.837181 0.618771 0.034022 0.044850
0 0.783111 0.328073 0.037667 0.044850
0 0.953827 0.705150 0.038882 0.044850
0 0.894897 0.327243 0.037667 0.043189
0 0.953827 0.745017 0.038882 0.041528
0 0.894289 0.492525 0.036452 0.041528
0 0.894289 0.534053 0.038882 0.048173
0 0.951397 0.367940 0.036452 0.038206
0 0.894289 0.619601 0.036452 0.043189
0 0.895504 0.659468 0.036452 0.043189
0 0.950182 0.450166 0.038882 0.039867
0 0.952612 0.788206 0.041312 0.044850
0 0.951397 0.616279 0.041312 0.043189
0 0.893682 0.191860 0.040097 0.058140
0 0.951397 0.492525 0.041312 0.044850
0 0.724787 0.578073 0.037667 0.039867
0 0.444714 0.742525 0.034022 0.039867
0 0.612394 0.869601 0.036452 0.038206
0 0.895504 0.828904 0.038882 0.046512
0 0.895504 0.745847 0.038882 0.043189
0 0.047995 0.789037 0.040097 0.036545
0 0.953220 0.919435 0.040097 0.051495
0 0.895504 0.914452 0.036452 0.044850
0 0.896719 0.701827 0.036452 0.044850
0 0.386999 0.917774 0.037667 0.034884
0 0.953827 0.871262 0.036452 0.044850
0 0.895504 0.786545 0.036452 0.041528
0 0.501823 0.168605 0.046173 0.038206
0 0.501823 0.201827 0.051033 0.028239
0 0.895504 0.872093 0.038882 0.039867
0 0.331106 0.573920 0.040097 0.028239
0 0.958688 0.831395 0.029162 0.038206
0 0.726002 0.867940 0.040097 0.028239
0 0.501215 0.490864 0.047388 0.034884
0 0.613609 0.661130 0.036452 0.043189
0 0.613609 0.407807 0.036452 0.041528
0 0.444107 0.917774 0.040097 0.041528
0 0.046780 0.618771 0.040097 0.038206
0 0.894289 0.578904 0.038882 0.041528
0 0.668287 0.704319 0.034022 0.039867
0 0.670717 0.833056 0.038882 0.038206
0 0.613609 0.830565 0.038882 0.043189
0 0.500608 0.235050 0.046173 0.038206
0 0.838396 0.575581 0.036452 0.038206
0 0.556501 0.661960 0.038882 0.038206
0 0.047995 0.659468 0.037667 0.039867
0 0.102673 0.617940 0.032807 0.043189
0 0.893074 0.239203 0.036452 0.039867
0 0.105103 0.917774 0.040097 0.044850
0 0.725395 0.538206 0.038882 0.046512
0 0.950182 0.192691 0.038882 0.043189
0 0.725395 0.493355 0.036452 0.043189
0 0.386999 0.748339 0.040097 0.038206
0 0.725395 0.662791 0.038882 0.043189
0 0.724787 0.619601 0.040097 0.043189
0 0.612394 0.747508 0.041312 0.039867
0 0.103888 0.749169 0.035237 0.043189
0 0.668287 0.578904 0.036452 0.038206
0 0.837789 0.239203 0.035237 0.039867
0 0.103888 0.832226 0.040097 0.039867
0 0.159174 0.873754 0.034022 0.039867
0 0.557108 0.873754 0.035237 0.043189
0 0.893074 0.367110 0.036452 0.036545
0 0.274605 0.916944 0.041312 0.046512
0 0.837789 0.191860 0.035237 0.051495
0 0.669502 0.914452 0.036452 0.044850
0 0.725395 0.705150 0.038882 0.044850
0 0.950182 0.240033 0.038882 0.048173
0 0.103888 0.871262 0.040097 0.044850
0 0.160996 0.705150 0.040097 0.041528
0 0.047995 0.831395 0.040097 0.048173
0 0.668287 0.662791 0.034022 0.043189
0 0.612394 0.192691 0.036452 0.046512
0 0.726002 0.785714 0.040097 0.046512
0 0.047995 0.535714 0.040097 0.041528
0 0.216889 0.617940 0.037667 0.036545
0 0.725395 0.366279 0.036452 0.038206
0 0.669502 0.619601 0.036452 0.043189
0 0.556501 0.748339 0.036452 0.038206
0 0.669502 0.494186 0.036452 0.041528
0 0.105103 0.534884 0.037667 0.039867
0 0.047995 0.577243 0.040097 0.048173
0 0.217497 0.872093 0.036452 0.043189
0 0.047995 0.922757 0.042527 0.044850
0 0.893074 0.407807 0.036452 0.041528
0 0.837789 0.279070 0.035237 0.043189
0 0.556501 0.279900 0.036452 0.044850
0 0.217497 0.917774 0.038882 0.044850
0 0.274605 0.276578 0.036452 0.041528
0 0.950182 0.407807 0.038882 0.044850
0 0.332321 0.871262 0.035237 0.041528
0 0.331106 0.704319 0.040097 0.039867
0 0.105103 0.576412 0.037667 0.043189
0 0.329891 0.916113 0.037667 0.048173
0 0.103888 0.707641 0.035237 0.043189
0 0.668287 0.449336 0.034022 0.044850
0 0.049210 0.877076 0.040097 0.043189
0 0.501823 0.301495 0.046173 0.041528
0 0.839004 0.535714 0.040097 0.044850
0 0.781896 0.193522 0.040097 0.044850
0 0.217497 0.450166 0.034022 0.043189
0 0.386999 0.321429 0.040097 0.048173
0 0.445322 0.322259 0.040097 0.043189
0 0.444107 0.578073 0.035237 0.039867
0 0.103888 0.494186 0.040097 0.048173
0 0.386999 0.450166 0.040097 0.043189
0 0.444107 0.404485 0.035237 0.048173
0 0.159781 0.491694 0.040097 0.046512
0 0.444107 0.450166 0.037667 0.043189
0 0.386999 0.576412 0.040097 0.046512
0 0.444107 0.535714 0.040097 0.044850
