0 0.03465119738212107 0.3717747683535282 0.02665476721701621 0.04713708719410784
0 0.17630224602112154 0.3352815395580898 0.02513163766175814 0.04409598479448801
0 0.2825405325003718 0.19995248277500594 0.02284694332887107 0.04105488239486814
0 0.49425554068124344 0.4211926823473509 0.025893202439387183 0.04561653599429795
0 0.2833020972780009 0.30639106676170114 0.021323813773612952 0.04409598479448801
0 0.17706381079875055 0.5367545735329058 0.02513163766175814 0.04561653599429786
0 0.21285735534731517 0.48429555713946304 0.02513163766175814 0.04409598479448792
0 0.46226982002082406 0.7625564267046804 0.02284694332887107 0.03497267759562848
0 0.32099955377063805 0.684248039914469 0.02513163766175814 0.03953433119505811
0 0.21285735534731517 0.6857685911142789 0.023608508106500083 0.0395343311950582
0 0.3545084039863156 0.512425754335947 0.022085378551242027 0.03953433119505829
0 0.035412762159750116 0.5458778807317651 0.023608508106500076 0.04561653599429804
0 0.3541276215975011 0.29878831076265144 0.02284694332887101 0.044095984794487966
0 0.10661906886806485 0.32995961035875504 0.022846943328871022 0.048657638393917776
0 0.21285735534731517 0.2539320503682585 0.022085378551241996 0.042575433594678073
0 0.4238107987505578 0.23720598717034927 0.02056224899598394 0.039534331195058246
0 0.3194764242153801 0.6089807555238773 0.02513163766175814 0.04409598479448792
0 0.3560315335415737 0.6082204799239723 0.02513163766175814 0.04561653599429786
0 0.31871485943775096 0.29726775956284157 0.022085378551242027 0.04409598479448801
0 0.31833407704893646 0.2007127583749109 0.021323813773612983 0.0395343311950582
0 0.4592235609103079 0.3041102399619862 0.02284694332887101 0.042575433594678073
0 0.4965402350141306 0.682727488714659 0.02284694332887107 0.03953433119505829
0 0.35298527443105754 0.19919220717510094 0.022085378551241965 0.03953433119505815
0 0.0700639595418712 0.23644571157044428 0.02284694332887104 0.04105488239486818
0 0.21209579056968614 0.7237823711095273 0.023608508106500083 0.03953433119505829
0 0.14203183102781497 0.6112615823235923 0.02513163766175814 0.048657638393917825
0 0.14203183102781497 0.726823473509147 0.02208537855124201 0.03649322879543832
0 0.10623828647925034 0.6112615823235923 0.02513163766175814 0.04561653599429795
0 0.14203183102781497 0.7648372535043952 0.02208537855124201 0.03953433119505829
0 0.28482522683325895 0.5473984319315752 0.024370072884129127 0.048657638393917915
0 0.24903168228469433 0.2235210263720599 0.027416331994645306 0.03953433119505822
0 0.4611274728543805 0.684248039914469 0.022085378551242027 0.03953433119505811
0 0.10661906886806485 0.265336184366833 0.024370072884129082 0.04713708719410784
0 0.4950171054588725 0.5435970539320504 0.02284694332887101 0.04409598479448801
0 0.21247657295850067 0.3611309099548587 0.02284694332887104 0.044095984794488056
0 0.28406366205562994 0.4249940603468757 0.024370072884129127 0.04713708719410779
0 0.28368287966681544 0.48277500593965317 0.026654767217016227 0.05017818959372767
0 0.17706381079875055 0.6097410311237824 0.02513163766175814 0.04561653599429795
0 0.03655510932619366 0.7671180803041102 0.02741633199464525 0.04409598479448801
0 0.1778253755763796 0.7640769779044904 0.026654767217016227 0.04409598479448801
0 0.3918250780901383 0.6857685911142789 0.02513163766175814 0.04257543359467798
0 0.17744459318756506 0.46452839154193404 0.021323813773612983 0.04713708719410779
0 0.2136189201249442 0.6112615823235923 0.02513163766175814 0.04561653599429795
0 0.21285735534731517 0.5458778807317651 0.02513163766175814 0.04561653599429804
0 0.31985720660419453 0.4082679971489665 0.021323813773612983 0.044095984794487966
0 0.42381079875055777 0.19691138037538608 0.022085378551241965 0.04409598479448794
0 0.21247657295850067 0.30639106676170114 0.021323813773612952 0.04409598479448801
0 0.459985125687937 0.4820147303397482 0.02284694332887101 0.04865763839391764
0 0.459985125687937 0.5390354003326205 0.02284694332887101 0.04409598479448801
0 0.1778253755763796 0.40218579234972684 0.022085378551242027 0.044095984794488105
0 0.4592235609103079 0.3634117367545735 0.02284694332887101 0.042575433594678073
0 0.28406366205562994 0.36341173675457356 0.02284694332887104 0.0456165359942979
0 0.24903168228469433 0.25849370396768834 0.027416331994645306 0.03649322879543837
0 0.22047300312360552 0.6507959135186505 0.015992860330209736 0.03041102399619857
0 0.25626654767217016 0.6127821335234023 0.014469730774951648 0.02736992159657879
0 0.285586791610888 0.6105013067236873 0.024370072884129033 0.047137087194107884
0 0.39106351331250927 0.6089807555238773 0.023608508106500115 0.04409598479448792
0 0.03541276215975011 0.25089094796863864 0.02513163766175814 0.04561653599429795
0 0.1778253755763796 0.685008315514374 0.026654767217016227 0.04105488239486804
0 0.14127026625018593 0.32995961035875504 0.023608508106500083 0.0456165359942979
0 0.4588427785214934 0.2516512235685436 0.02513163766175814 0.04409598479448801
0 0.3883980365908077 0.198431931575196 0.02284694332887101 0.04409598479448801
0 0.4934939759036144 0.3580898075552388 0.025893202439387183 0.04409598479448801
0 0.49387475829242894 0.3033499643620812 0.023608508106500052 0.044095984794488056
0 0.29244087460954926 0.6477548111190307 0.015231295552580694 0.027369921596578695
0 0.04150528038078239 0.6477548111190307 0.01903911944072587 0.033452126395818634
0 0.2482701175070653 0.19082917557614637 0.02741633199464524 0.028890472796388702
0 0.24827011750706532 0.2805416963649323 0.028939461549903362 0.03497267759562848
0 0.5037751004016063 0.6477548111190307 0.014469730774951648 0.03041102399619857
0 0.3632663989290495 0.6492753623188405 0.013708165997322604 0.027369921596578695
0 0.32823441915811397 0.6485150867189357 0.013708165997322604 0.028890472796388632
0 0.14203183102781497 0.19767165597529104 0.02208537855124201 0.04561653599429793
0 0.03541276215975011 0.49037776193870286 0.02513163766175814 0.047137087194107884
0 0.03465119738212108 0.309432169161321 0.025131637661758147 0.04713708719410784
0 0.1778253755763796 0.2007127583749109 0.02513163766175814 0.042575433594678073
0 0.5281451732857355 0.2379662627702542 0.025131637661758202 0.038013779995248353
0 0.1412702662501859 0.4766928011404134 0.025131637661758126 0.044095984794488105
0 0.38954038375725125 0.48125445473984324 0.02513163766175814 0.04409598479448801
0 0.3903019485348803 0.5435970539320504 0.02513163766175814 0.047137087194107884
0 0.459985125687937 0.4234735091470659 0.02284694332887101 0.04713708719410779
0 0.21209579056968614 0.2014730339748159 0.022085378551241996 0.044095984794488056
0 0.035412762159750116 0.19767165597529104 0.023608508106500076 0.04561653599429793
0 0.2136189201249442 0.42271323354716084 0.02513163766175814 0.048657638393917825
0 0.49387475829242894 0.2493703967688287 0.02513163766175814 0.042575433594678073
0 0.4588427785214934 0.19767165597529102 0.023608508106500052 0.042575433594678025
0 0.49311319351479993 0.198431931575196 0.022085378551242027 0.04409598479448801
0 0.10585750409043584 0.40218579234972684 0.022846943328871022 0.044095984794488105
0 0.10738063364569389 0.5359942979330007 0.025893202439387152 0.04713708719410779
0 0.5281451732857355 0.1961511047754811 0.022085378551242027 0.0395343311950582
0 0.07158708909712927 0.19767165597529107 0.022846943328871064 0.03953433119505815
0 0.17630224602112152 0.2691375623663578 0.023608508106500083 0.048657638393917735
0 0.3190956418265655 0.5139463055357567 0.02284694332887107 0.04561653599429786
0 0.10585750409043584 0.198431931575196 0.022846943328871022 0.04409598479448801
0 0.3880172542019932 0.25241149916844857 0.022085378551241965 0.0395343311950582
0 0.46226982002082406 0.6059396531242576 0.02589320243938712 0.04409598479448801
0 0.14203183102781497 0.6857685911142789 0.02360850810650007 0.04257543359467798
0 0.24750855272943625 0.3466856735566643 0.025893202439387152 0.04561653599429795
0 0.4950171054588725 0.48125445473984324 0.024370072884129096 0.04409598479448801
0 0.03465119738212108 0.43791874554526017 0.025131637661758147 0.048657638393917776
0 0.11461549903316973 0.6500356379187456 0.014469730774951665 0.028890472796388726
0 0.46912390301948537 0.6454739843193158 0.015231295552580694 0.02889047279638882
0 0.1496474788041053 0.6507959135186506 0.014469730774951648 0.02736992159657879
0 0.18506024096385543 0.6492753623188405 0.013708165997322604 0.030411023996198664
0 0.28482522683325895 0.7625564267046805 0.02284694332887101 0.04409598479448801
0 0.39829837869998513 0.6469945355191257 0.013708165997322604 0.02584937039676885
0 0.24827011750706532 0.07070563079116181 0.028939461549903362 0.03193157519600853
0 0.2478893351182508 0.14369208838203848 0.029701026327532406 0.04409598479448799
0 0.035793544548564635 0.6880494179139939 0.025893202439387177 0.04409598479448801
0 0.3918250780901383 0.7595153243050606 0.02513163766175814 0.04409598479448801
0 0.32099955377063805 0.7610358755048705 0.02513163766175814 0.04409598479448801
0 0.2852060092220735 0.6872891423140889 0.02513163766175811 0.048657638393917825
0 0.0350319797709356 0.6074602043240674 0.024370072884129113 0.04409598479448801
0 0.3202379889930091 0.7222618199097173 0.023608508106500115 0.03649322879543841
0 0.4965402350141306 0.7215015443098123 0.02284694332887107 0.03801377999524826
0 0.0350319797709356 0.726823473509147 0.02284694332887104 0.0395343311950582
0 0.35679309831920275 0.682727488714659 0.02513163766175814 0.03953433119505829
0 0.3880172542019932 0.418911855547636 0.02056224899598394 0.04105488239486814
0 0.3548891863751301 0.4037063435495367 0.021323813773612983 0.04409598479448801
0 0.21285735534731517 0.7617961511047755 0.02513163766175814 0.0395343311950582
0 0.4969210174029451 0.7610358755048705 0.02513163766175814 0.04105488239486814
0 0.1778253755763796 0.7237823711095273 0.023608508106500052 0.03649322879543841
0 0.46226982002082406 0.7237823711095273 0.02284694332887107 0.03953433119505829
0 0.3560315335415737 0.7595153243050606 0.02513163766175814 0.04409598479448801
0 0.10738063364569386 0.4690900451413637 0.022846943328871057 0.04409598479448801
0 0.24750855272943625 0.10339748158707532 0.02893946154990333 0.03649322879543834
0 0.10699985125687937 0.6872891423140889 0.023608508106500052 0.0395343311950582
0 0.28368287966681544 0.2546923259681635 0.020562248995983877 0.04409598479448801
0 0.10623828647925034 0.7625564267046805 0.026654767217016213 0.04409598479448801
0 0.4957786702365015 0.6074602043240674 0.025893202439387183 0.04409598479448801
0 0.3880172542019932 0.3580898075552388 0.022085378551241965 0.04409598479448801
0 0.3880172542019932 0.3018294131622713 0.02513163766175814 0.04409598479448801
