0 0.381029 0.704062 0.045016 0.046422
0 0.299035 0.704062 0.032154 0.046422
0 0.028135 0.385880 0.033762 0.044487
0 0.383441 0.253385 0.043408 0.046422
0 0.045016 0.568665 0.048232 0.042553
0 0.379421 0.928433 0.048232 0.046422
0 0.739550 0.703095 0.045016 0.044487
0 0.741961 0.613153 0.046624 0.046422
0 0.061897 0.294004 0.033762 0.042553
0 0.113344 0.703095 0.043408 0.040619
0 0.029743 0.293037 0.033762 0.044487
0 0.028135 0.203095 0.036977 0.046422
0 0.179260 0.475822 0.043408 0.038685
0 0.938907 0.386847 0.048232 0.046422
0 0.938103 0.523211 0.046624 0.044487
0 0.381029 0.341393 0.041801 0.044487
0 0.444534 0.522244 0.043408 0.038685
0 0.245177 0.656673 0.043408 0.040619
0 0.807878 0.255319 0.043408 0.042553
0 0.315916 0.525145 0.043408 0.044487
0 0.739550 0.518375 0.041801 0.046422
0 0.871383 0.302708 0.048232 0.044487
0 0.315113 0.255319 0.041801 0.046422
0 0.871383 0.256286 0.048232 0.048356
0 0.446141 0.295938 0.040193 0.046422
0 0.045016 0.522244 0.048232 0.046422
0 0.547428 0.251451 0.043408 0.038685
0 0.245177 0.700193 0.043408 0.046422
0 0.739550 0.345261 0.041801 0.048356
0 0.314309 0.342360 0.043408 0.042553
0 0.806270 0.430368 0.043408 0.040619
0 0.871383 0.479691 0.048232 0.046422
0 0.938103 0.432302 0.046624 0.044487
0 0.805466 0.566731 0.045016 0.046422
0 0.446945 0.611219 0.048232 0.042553
0 0.610932 0.206963 0.038585 0.038685
0 0.380225 0.476789 0.043408 0.044487
0 0.741961 0.659574 0.043408 0.038685
0 0.741158 0.477756 0.038585 0.038685
0 0.674437 0.205029 0.043408 0.050290
0 0.608521 0.703095 0.043408 0.044487
0 0.180064 0.704062 0.048232 0.046422
0 0.112540 0.523211 0.048232 0.044487
0 0.547428 0.293037 0.040193 0.040619
0 0.542605 0.701161 0.043408 0.044487
0 0.061897 0.383946 0.033762 0.044487
0 0.872186 0.387814 0.043408 0.044487
0 0.610129 0.611219 0.036977 0.042553
0 0.545820 0.473888 0.043408 0.038685
0 0.804662 0.385880 0.043408 0.044487
0 0.674437 0.476789 0.040193 0.040619
0 0.246785 0.522244 0.043408 0.038685
0 0.938907 0.207930 0.048232 0.048356
0 0.546624 0.429400 0.038585 0.038685
0 0.740354 0.564797 0.043408 0.042553
0 0.313505 0.436170 0.045016 0.048356
0 0.112540 0.613153 0.048232 0.046422
0 0.111736 0.433269 0.043408 0.046422
0 0.545820 0.340426 0.043408 0.046422
0 0.180064 0.339458 0.048232 0.048356
0 0.249196 0.202128 0.048232 0.048356
0 0.330386 0.747582 0.030547 0.036750
0 0.442926 0.205996 0.043408 0.048356
0 0.097267 0.929400 0.033762 0.044487
0 0.110129 0.838491 0.046624 0.044487
0 0.380225 0.746615 0.040193 0.038685
0 0.934887 0.926499 0.046624 0.038685
0 0.498392 0.792070 0.028939 0.036750
0 0.936495 0.882012 0.043408 0.042553
0 0.248392 0.882012 0.043408 0.042553
0 0.028135 0.248549 0.033762 0.036750
0 0.246785 0.839458 0.043408 0.042553
0 0.328778 0.792070 0.033762 0.044487
0 0.295820 0.794004 0.032154 0.040619
0 0.495177 0.066731 0.038585 0.032882
0 0.312701 0.479691 0.043408 0.046422
0 0.112540 0.883946 0.048232 0.046422
0 0.741961 0.879110 0.043408 0.044487
0 0.245981 0.925532 0.048232 0.044487
0 0.044212 0.697292 0.043408 0.040619
0 0.492765 0.361702 0.033762 0.042553
0 0.060289 0.430368 0.033762 0.036750
0 0.042605 0.794004 0.046624 0.048356
0 0.937299 0.837524 0.048232 0.046422
0 0.934887 0.479691 0.040193 0.046422
0 0.381029 0.881044 0.045016 0.044487
0 0.741961 0.746615 0.043408 0.046422
0 0.442926 0.794004 0.043408 0.040619
0 0.111736 0.568665 0.043408 0.042553
0 0.937299 0.700193 0.048232 0.046422
0 0.062701 0.204062 0.032154 0.040619
0 0.545016 0.568665 0.041801 0.042553
0 0.380225 0.655706 0.046624 0.046422
0 0.112540 0.340426 0.045016 0.046422
0 0.249196 0.157640 0.045016 0.029014
0 0.127010 0.929400 0.032154 0.036750
0 0.548232 0.158607 0.038585 0.027079
0 0.114952 0.155706 0.043408 0.029014
0 0.938907 0.253385 0.048232 0.027079
0 0.806270 0.162476 0.043408 0.030948
0 0.044212 0.742747 0.043408 0.046422
0 0.380225 0.836557 0.043408 0.040619
0 0.495177 0.101547 0.038585 0.036750
0 0.803859 0.882012 0.048232 0.046422
0 0.112540 0.480658 0.048232 0.044487
0 0.493569 0.321083 0.035370 0.034816
0 0.938103 0.790135 0.046624 0.040619
0 0.442926 0.835590 0.043408 0.038685
0 0.675241 0.924565 0.041801 0.038685
0 0.248392 0.746615 0.043408 0.038685
0 0.496785 0.276596 0.038585 0.046422
0 0.545016 0.610251 0.041801 0.040619
0 0.111736 0.792070 0.043408 0.044487
0 0.937299 0.342360 0.041801 0.038685
0 0.541801 0.882012 0.041801 0.038685
0 0.295820 0.749516 0.032154 0.040619
0 0.805466 0.612186 0.041801 0.044487
0 0.737138 0.835590 0.043408 0.038685
0 0.312701 0.613153 0.046624 0.046422
0 0.541801 0.922631 0.045016 0.038685
0 0.741158 0.925532 0.048232 0.044487
0 0.246785 0.615087 0.043408 0.042553
0 0.442926 0.879110 0.043408 0.048356
0 0.804662 0.747582 0.043408 0.044487
0 0.062701 0.337524 0.032154 0.036750
0 0.045820 0.611219 0.046624 0.042553
0 0.113344 0.747582 0.046624 0.048356
0 0.804662 0.701161 0.043408 0.044487
0 0.872990 0.345261 0.045016 0.036750
0 0.245981 0.790135 0.045016 0.048356
0 0.610129 0.749516 0.040193 0.048356
0 0.179260 0.613153 0.043408 0.046422
0 0.314309 0.657640 0.043408 0.038685
0 0.029743 0.339458 0.033762 0.036750
0 0.329582 0.702128 0.032154 0.042553
0 0.380225 0.615087 0.043408 0.042553
0 0.938103 0.656673 0.046624 0.044487
0 0.545016 0.746615 0.045016 0.046422
0 0.446141 0.654739 0.046624 0.044487
0 0.740354 0.794004 0.043408 0.040619
0 0.674437 0.794004 0.043408 0.044487
0 0.675241 0.883946 0.041801 0.046422
0 0.938103 0.611219 0.043408 0.038685
0 0.246785 0.477756 0.040193 0.038685
0 0.044212 0.473888 0.043408 0.046422
0 0.805466 0.837524 0.045016 0.042553
0 0.804662 0.794004 0.043408 0.044487
0 0.444534 0.928433 0.043408 0.042553
0 0.675241 0.834623 0.045016 0.044487
0 0.934887 0.567698 0.043408 0.044487
0 0.872186 0.208897 0.043408 0.050290
0 0.542605 0.834623 0.043408 0.048356
0 0.495177 0.187621 0.038585 0.038685
0 0.442926 0.749516 0.046624 0.048356
0 0.381029 0.790135 0.045016 0.044487
0 0.044212 0.656673 0.043408 0.044487
0 0.111736 0.657640 0.043408 0.042553
0 0.805466 0.926499 0.045016 0.038685
0 0.804662 0.655706 0.043408 0.046422
0 0.442122 0.389749 0.038585 0.044487
0 0.062701 0.248549 0.032154 0.036750
0 0.674437 0.522244 0.040193 0.038685
0 0.545016 0.791103 0.041801 0.042553
0 0.676045 0.744681 0.043408 0.050290
0 0.938103 0.746615 0.049839 0.046422
0 0.179260 0.246615 0.043408 0.044487
0 0.313505 0.206963 0.041801 0.046422
0 0.741961 0.434236 0.043408 0.040619
0 0.937299 0.297872 0.048232 0.046422
0 0.180064 0.387814 0.045016 0.044487
0 0.443730 0.701161 0.045016 0.044487
0 0.179260 0.658607 0.043408 0.044487
0 0.113344 0.385880 0.043408 0.044487
0 0.609325 0.295938 0.041801 0.042553
0 0.674437 0.251451 0.046624 0.042553
0 0.179260 0.567698 0.043408 0.040619
0 0.381029 0.434236 0.041801 0.044487
0 0.314309 0.567698 0.043408 0.040619
0 0.807878 0.206963 0.043408 0.046422
0 0.314309 0.387814 0.043408 0.044487
0 0.676045 0.387814 0.043408 0.044487
0 0.444534 0.478723 0.043408 0.044487
0 0.741158 0.208897 0.038585 0.050290
0 0.246785 0.436170 0.043408 0.044487
0 0.741961 0.254352 0.043408 0.044487
0 0.675241 0.568665 0.045016 0.050290
0 0.804662 0.297872 0.043408 0.046422
0 0.443730 0.434236 0.041801 0.044487
0 0.380225 0.299807 0.043408 0.046422
0 0.869775 0.433269 0.048232 0.046422
0 0.381029 0.386847 0.041801 0.046422
0 0.179260 0.204062 0.043408 0.044487
0 0.805466 0.342360 0.045016 0.042553
0 0.675241 0.295938 0.045016 0.042553
0 0.179260 0.294004 0.043408 0.046422
0 0.495177 0.146035 0.038585 0.044487
0 0.444534 0.251451 0.043408 0.042553
0 0.545820 0.389749 0.043408 0.044487
0 0.609325 0.567698 0.041801 0.044487
0 0.739550 0.391683 0.045016 0.044487
0 0.380225 0.204062 0.043408 0.048356
0 0.739550 0.299807 0.041801 0.038685
0 0.443730 0.342360 0.041801 0.042553
0 0.380225 0.570600 0.040193 0.046422
0 0.545016 0.653772 0.045016 0.046422
0 0.805466 0.518375 0.048232 0.046422
0 0.112540 0.248549 0.045016 0.044487
0 0.610932 0.252418 0.045016 0.044487
0 0.179260 0.433269 0.043408 0.046422
0 0.806270 0.475822 0.043408 0.042553
0 0.247588 0.383946 0.045016 0.044487
0 0.608521 0.434236 0.043408 0.044487
0 0.381029 0.524178 0.045016 0.042553
0 0.315916 0.299807 0.043408 0.046422
0 0.248392 0.297872 0.046624 0.042553
0 0.547428 0.206963 0.043408 0.046422
0 0.245177 0.567698 0.043408 0.044487
0 0.609325 0.339458 0.045016 0.044487
0 0.247588 0.343327 0.045016 0.040619
0 0.444534 0.564797 0.043408 0.046422
0 0.608521 0.385880 0.049839 0.048356
0 0.545820 0.524178 0.043408 0.046422
0 0.610129 0.476789 0.043408 0.040619
0 0.178457 0.522244 0.045016 0.050290
0 0.674437 0.433269 0.046624 0.046422
0 0.610129 0.524178 0.043408 0.046422
0 0.608521 0.655706 0.043408 0.046422
0 0.113344 0.204062 0.040193 0.048356
0 0.675241 0.343327 0.045016 0.044487
0 0.247588 0.253385 0.045016 0.046422
0 0.114952 0.293037 0.043408 0.044487
