0 0.8583042973286876 0.9393414211438476 0.0325203252032521 0.048526863084921934
0 0.37572590011614404 0.9003466204506065 0.03368176538908246 0.04679376083188902
0 0.4291521486643438 0.8110918544194107 0.03368176538908246 0.045060658578856216
0 0.6434378629500581 0.6802426343154246 0.03716608594657378 0.04679376083188902
0 0.5911730545876888 0.38128249566724437 0.03716608594657378 0.045060658578856105
0 0.5365853658536586 0.3396880415944541 0.03484320557491294 0.04506065857885616
0 0.3745644599303136 0.425476603119584 0.036004645760743303 0.04332755632582325
0 0.5888501742160279 0.5563258232235702 0.03484320557491294 0.045060658578856105
0 0.5371660859465738 0.425476603119584 0.03368176538908241 0.046793760831889075
0 0.7497096399535423 0.425476603119584 0.03600464576074336 0.050259965337954904
0 0.37572590011614404 0.3388214904679376 0.03368176538908246 0.04332755632582319
0 0.6422764227642277 0.5935875216637782 0.03948896631823462 0.05025996533795496
0 0.5911730545876888 0.6377816291161178 0.03252032520325199 0.045060658578856105
0 0.3199767711962834 0.47053726169844023 0.03368176538908246 0.046793760831889075
0 0.32113821138211385 0.5545927209705372 0.03368176538908246 0.04506065857885633
0 0.3745644599303136 0.38388214904679374 0.03368176538908246 0.04332755632582325
0 0.6434378629500581 0.38128249566724437 0.03484320557491294 0.045060658578856105
0 0.3745644599303136 0.4696707105719238 0.03368176538908246 0.04506065857885616
0 0.6968641114982579 0.5545927209705372 0.03484320557491294 0.04506065857885633
0 0.2682926829268293 0.5563258232235703 0.03484320557491283 0.04159445407279039
0 0.4279907084785134 0.38388214904679374 0.03368176538908246 0.04332755632582325
0 0.3228803716608595 0.6429809358752165 0.03252032520325204 0.04159445407279028
0 0.5900116144018583 0.5121317157712305 0.0325203252032521 0.04679376083188913
0 0.5354239256678281 0.46793760831889086 0.0325203252032521 0.04506065857885616
0 0.3199767711962834 0.3388214904679376 0.03368176538908246 0.04332755632582319
0 0.4291521486643438 0.46793760831889086 0.03368176538908246 0.04506065857885616
0 0.6434378629500581 0.7660311958405546 0.0325203252032521 0.045060658578855994
0 0.37688734030197446 0.2920277296360485 0.036004645760743303 0.050259965337954904
0 0.5360046457607432 0.25043327556325823 0.03600464576074336 0.0467937608318891
0 0.5365853658536586 0.5545927209705372 0.03484320557491294 0.04506065857885633
0 0.2148664343786295 0.6429809358752165 0.03484320557491294 0.048526863084921934
0 0.4291521486643438 0.425476603119584 0.03368176538908246 0.04332755632582325
0 0.32113821138211385 0.6845753899480069 0.03368176538908246 0.045060658578856105
0 0.2682926829268293 0.6403812824956673 0.03484320557491283 0.0433275563258233
0 0.805458768873403 0.6377816291161178 0.03600464576074336 0.045060658578856105
0 0.5888501742160279 0.33968804159445404 0.03484320557491294 0.04159445407279028
0 0.8042973286875725 0.4653379549393414 0.03368176538908252 0.04332755632582325
0 0.6957026713124275 0.425476603119584 0.03948896631823462 0.04332755632582325
0 0.8577235772357723 0.682842287694974 0.03368176538908252 0.045060658578856216
0 0.6968641114982579 0.7686308492201039 0.03484320557491294 0.04679376083188902
0 0.6434378629500581 0.2946273830155979 0.03716608594657378 0.04506065857885616
0 0.6434378629500581 0.8526863084922011 0.0325203252032521 0.045060658578856216
0 0.15795586527293845 0.42807625649913345 0.03484320557491288 0.04159445407279028
0 0.4291521486643438 0.682842287694974 0.038327526132404144 0.045060658578856216
0 0.37514518002322883 0.5545927209705372 0.030197444831591203 0.04159445407279028
0 0.6434378629500581 0.5095320623916811 0.0325203252032521 0.048526863084922045
0 0.6968641114982579 0.38128249566724437 0.03484320557491294 0.048526863084922045
0 0.2142857142857143 0.7270363951473137 0.03368176538908252 0.04679376083188913
0 0.7502903600464577 0.2946273830155979 0.03484320557491294 0.04852686308492199
0 0.5911730545876888 0.7244367417677643 0.03484320557491294 0.045060658578856216
0 0.21312427409988385 0.425476603119584 0.03368176538908246 0.046793760831889075
0 0.2682926829268293 0.4696707105719238 0.03484320557491283 0.04506065857885616
0 0.10511033681765389 0.6455805892547659 0.038327526132404185 0.04332755632582319
0 0.32113821138211385 0.7270363951473138 0.03135888501742162 0.04332755632582319
0 0.43031358885017423 0.341421143847487 0.03368176538908246 0.04506065857885616
0 0.32171893147502906 0.29202772963604856 0.03484320557491288 0.04679376083188913
0 0.32113821138211385 0.598786828422877 0.03368176538908246 0.03986135181975736
0 0.5911730545876888 0.8552859618717504 0.03716608594657378 0.05025996533795496
0 0.26713124274099886 0.3396880415944541 0.03252032520325199 0.04506065857885616
0 0.43031358885017423 0.2946273830155979 0.03368176538908246 0.04852686308492199
0 0.6434378629500581 0.6377816291161178 0.03484320557491294 0.03812824956672445
0 0.6968641114982579 0.25043327556325823 0.03484320557491294 0.05025996533795496
0 0.2148664343786295 0.7746967071057191 0.03484320557491294 0.04506065857885633
0 0.2137049941927991 0.2946273830155979 0.03484320557491294 0.04852686308492199
0 0.2148664343786295 0.9020797227036395 0.03484320557491294 0.04679376083188902
0 0.6434378629500581 0.2530329289428076 0.03484320557491294 0.04506065857885616
0 0.15911730545876887 0.8188908145580589 0.03484320557491288 0.04332755632582319
0 0.5342624854819977 0.38128249566724437 0.0325203252032521 0.03812824956672445
0 0.8577235772357723 0.5961871750433276 0.03600464576074336 0.04159445407279028
0 0.6968641114982579 0.6412478336221837 0.0325203252032521 0.04159445407279039
0 0.32229965156794427 0.8136915077989602 0.0383275261324042 0.04332755632582319
0 0.5900116144018583 0.682842287694974 0.0325203252032521 0.045060658578856216
0 0.6968641114982579 0.7244367417677643 0.03484320557491294 0.045060658578856216
0 0.32113821138211385 0.7694974003466204 0.03368176538908246 0.045060658578856105
0 0.2677119628339141 0.8188908145580589 0.036004645760743276 0.04332755632582319
0 0.5900116144018583 0.4653379549393414 0.0325203252032521 0.04332755632582325
0 0.8577235772357723 0.42287694974003465 0.03368176538908252 0.04506065857885616
0 0.21254355400696867 0.5589254766031195 0.03716608594657381 0.04332755632582319
0 0.8577235772357723 0.7686308492201039 0.0383275261324042 0.04332755632582319
0 0.26713124274099886 0.38388214904679374 0.034843205574912856 0.04332755632582325
0 0.6968641114982579 0.3388214904679376 0.03484320557491294 0.04332755632582319
0 0.8588850174216027 0.6403812824956673 0.03368176538908252 0.0433275563258233
0 0.10511033681765389 0.4306759098786828 0.03600464576074332 0.0433275563258233
0 0.7497096399535423 0.341421143847487 0.03600464576074336 0.04159445407279028
0 0.2142857142857143 0.8162911611785095 0.031358885017421595 0.04159445407279028
0 0.3745644599303136 0.6429809358752167 0.036004645760743303 0.045060658578856216
0 0.6957026713124275 0.46793760831889086 0.03484320557491294 0.04506065857885616
0 0.5365853658536586 0.15771230502599654 0.03484320557491294 0.0554592720970537
0 0.8042973286875725 0.38388214904679374 0.03368176538908252 0.04332755632582325
0 0.8031358885017421 0.682842287694974 0.03368176538908252 0.041594454072790166
0 0.10511033681765389 0.5589254766031195 0.03600464576074332 0.04679376083188902
0 0.26713124274099886 0.42807625649913345 0.03252032520325199 0.045060658578856105
0 0.4285714285714286 0.5121317157712305 0.03252032520325204 0.04332755632582325
0 0.6962833914053426 0.5961871750433276 0.03368176538908252 0.04159445407279028
0 0.5888501742160279 0.2946273830155979 0.03484320557491294 0.04852686308492199
0 0.6422764227642277 0.33968804159445404 0.0325203252032521 0.04159445407279028
0 0.2137049941927991 0.598786828422877 0.03484320557491294 0.03986135181975736
0 0.8577235772357723 0.4679376083188908 0.03368176538908252 0.04159445407279028
0 0.6434378629500581 0.15597920277296362 0.03484320557491294 0.04852686308492202
0 0.32171893147502906 0.4254766031195841 0.03484320557491288 0.03986135181975736
0 0.4291521486643438 0.5961871750433276 0.03368176538908246 0.04159445407279028
0 0.4291521486643438 0.6403812824956673 0.03368176538908246 0.0433275563258233
0 0.2682926829268293 0.7720970537261699 0.03484320557491283 0.05025996533795496
0 0.8042973286875725 0.3396880415944541 0.03368176538908252 0.04506065857885616
0 0.8577235772357723 0.34228769497400346 0.03368176538908252 0.04679376083188913
0 0.3745644599303136 0.5147313691507799 0.03368176538908246 0.038128249566724504
0 0.805458768873403 0.8552859618717504 0.03600464576074336 0.04679376083188913
0 0.8048780487804879 0.5909878682842289 0.0325203252032521 0.04506065857885633
0 0.5911730545876888 0.4254766031195841 0.03484320557491294 0.03986135181975736
0 0.8577235772357723 0.2946273830155979 0.03600464576074336 0.04852686308492199
0 0.10511033681765389 0.5147313691507799 0.03600464576074332 0.04506065857885616
0 0.32113821138211385 0.8578856152512998 0.03368176538908246 0.045060658578856216
0 0.4831591173054588 0.46533795493934144 0.039488966318234564 0.05025996533795496
0 0.6428571428571428 0.42634315424610053 0.03135888501742168 0.04159445407279028
0 0.8577235772357723 0.7244367417677643 0.03600464576074336 0.04159445407279039
0 0.805458768873403 0.5121317157712305 0.03600464576074336 0.04679376083188913
0 0.2148664343786295 0.8604852686308493 0.03484320557491294 0.04332755632582319
0 0.6962833914053426 0.682842287694974 0.03368176538908252 0.041594454072790166
0 0.21254355400696864 0.47053726169844023 0.03484320557491288 0.04332755632582325
0 0.32229965156794427 0.9445407279029463 0.0383275261324042 0.048526863084922045
0 0.5911730545876888 0.8110918544194107 0.03716608594657378 0.045060658578856216
0 0.2160278745644599 0.949740034662045 0.037166085946573724 0.045060658578856216
0 0.3745644599303136 0.5961871750433276 0.03368176538908246 0.045060658578856105
0 0.32171893147502906 0.5121317157712305 0.03252032520325204 0.03986135181975731
0 0.2682926829268293 0.7270363951473138 0.030197444831591203 0.04332755632582319
0 0.26596980255516844 0.5147313691507799 0.032520325203252015 0.04159445407279033
0 0.8577235772357723 0.8526863084922011 0.03368176538908252 0.045060658578856216
0 0.10569105691056911 0.865684575389948 0.03716608594657375 0.04679376083188913
0 0.6434378629500581 0.7244367417677644 0.03484320557491294 0.03812824956672445
0 0.8588850174216027 0.20797227036395147 0.03600464576074336 0.04506065857885616
0 0.32229965156794427 0.8994800693240901 0.0383275261324042 0.045060658578856105
0 0.7497096399535423 0.38128249566724437 0.03368176538908252 0.04159445407279033
0 0.5888501742160279 0.5961871750433276 0.0325203252032521 0.03812824956672434
0 0.15853658536585366 0.47053726169844023 0.0383275261324042 0.04332755632582325
0 0.10801393728222997 0.9523396880415944 0.03948896631823462 0.04679376083188902
0 0.6434378629500581 0.8977469670710572 0.03484320557491294 0.045060658578856105
0 0.5900116144018583 0.7694974003466204 0.03484320557491294 0.04159445407279028
0 0.10511033681765389 0.38388214904679374 0.03368176538908246 0.04332755632582325
0 0.2113821138211382 0.38128249566724437 0.03484320557491291 0.045060658578856105
0 0.32171893147502906 0.38128249566724437 0.03252032520325204 0.03812824956672445
0 0.15795586527293845 0.6429809358752165 0.03484320557491288 0.04159445407279028
0 0.10511033681765389 0.7322357019064125 0.038327526132404185 0.04332755632582319
0 0.429732868757259 0.5537261698440208 0.03484320557491288 0.03986135181975736
0 0.9123112659698025 0.25043327556325823 0.03600464576074336 0.0467937608318891
0 0.15969802555168408 0.729636048526863 0.03368176538908246 0.045060658578855994
0 0.15969802555168408 0.5563258232235702 0.03368176538908246 0.045060658578856105
0 0.8577235772357723 0.5537261698440208 0.03135888501742168 0.03986135181975736
0 0.16144018583042974 0.949740034662045 0.03484320557491288 0.048526863084922045
0 0.16027874564459932 0.9055459272097053 0.03484320557491291 0.03986135181975736
0 0.2694541231126597 0.8613518197573657 0.03484320557491288 0.04159445407279028
0 0.05168408826945413 0.38388214904679374 0.03368176538908247 0.04332755632582325
0 0.26713124274099886 0.2946273830155979 0.034843205574912856 0.04852686308492199
0 0.805458768873403 0.9419410745233969 0.0383275261324042 0.05025996533795485
0 0.6428571428571428 0.46533795493934144 0.03135888501742168 0.03986135181975736
0 0.2682926829268293 0.598786828422877 0.03484320557491283 0.03986135181975736
0 0.48315911730545874 0.24783362218370883 0.0441347270615563 0.04506065857885616
0 0.5371660859465738 0.5121317157712305 0.03368176538908241 0.03986135181975731
0 0.5354239256678281 0.7694974003466204 0.03484320557491294 0.045060658578856105
0 0.9123112659698025 0.2079722703639515 0.03600464576074336 0.041594454072790304
0 0.5354239256678281 0.6403812824956672 0.03484320557491294 0.04679376083188902
0 0.6422764227642277 0.8084922010398613 0.0325203252032521 0.03986135181975747
0 0.910569105691057 0.4644714038128249 0.03484320557491294 0.04159445407279033
0 0.2677119628339141 0.9029462738301559 0.03368176538908241 0.045060658578856105
0 0.5365853658536586 0.294627383015598 0.03484320557491294 0.04159445407279033
0 0.8054587688734031 0.7660311958405546 0.029036004645760727 0.045060658578855994
0 0.9123112659698025 0.509532062391681 0.03600464576074336 0.045060658578856105
0 0.2694541231126597 0.949740034662045 0.03484320557491288 0.045060658578856216
0 0.10511033681765389 0.4731369150779896 0.03368176538908246 0.04506065857885616
0 0.5365853658536586 0.5961871750433276 0.03252032520325199 0.03812824956672434
0 0.6962833914053426 0.15771230502599654 0.03368176538908252 0.051993067590987874
0 0.537746806039489 0.9471403812824957 0.03484320557491283 0.04679376083188913
0 0.10511033681765389 0.6013864818024264 0.03600464576074332 0.04159445407279028
0 0.9123112659698025 0.5511265164644714 0.03600464576074336 0.04159445407279028
0 0.1596980255516841 0.2946273830155979 0.03600464576074333 0.04852686308492199
0 0.21254355400696864 0.33968804159445404 0.03252032520325204 0.04159445407279028
0 0.43031358885017423 0.7244367417677643 0.03135888501742162 0.04159445407279039
0 0.10511033681765389 0.6897746967071057 0.038327526132404185 0.045060658578856216
0 0.805458768873403 0.7218370883882149 0.03368176538908252 0.0433275563258233
0 0.05284552845528455 0.3396880415944541 0.036004645760743324 0.04506065857885616
0 0.8031358885017421 0.2946273830155979 0.03368176538908252 0.04506065857885616
0 0.050522648083623695 0.42807625649913345 0.036004645760743324 0.045060658578856105
0 0.050522648083623695 0.2946273830155979 0.03832752613240417 0.04852686308492199
0 0.8577235772357723 0.25043327556325823 0.03368176538908252 0.03986135181975736
0 0.15795586527293845 0.598786828422877 0.03484320557491288 0.04332755632582308
0 0.43031358885017423 0.7686308492201039 0.03368176538908246 0.04332755632582319
0 0.910569105691057 0.425476603119584 0.03484320557491294 0.04332755632582325
0 0.6440185830429732 0.9419410745233969 0.03368176538908252 0.04332755632582319
0 0.9123112659698025 0.5961871750433275 0.03600464576074336 0.048526863084922045
0 0.6434378629500581 0.20537261698440207 0.03484320557491294 0.0467937608318891
0 0.21254355400696867 0.5147313691507799 0.03716608594657381 0.04506065857885616
0 0.5371660859465738 0.8136915077989602 0.03368176538908241 0.04332755632582319
0 0.8577235772357723 0.8110918544194108 0.03368176538908252 0.04159445407279028
0 0.8588850174216027 0.158578856152513 0.03600464576074336 0.05025996533795493
0 0.10511033681765389 0.7764298093587522 0.03368176538908246 0.045060658578856216
0 0.37572590011614404 0.7270363951473138 0.03135888501742162 0.03986135181975736
0 0.43031358885017423 0.8552859618717504 0.036004645760743303 0.0433275563258233
0 0.4843205574912892 0.32062391681109187 0.04413472706155641 0.04159445407279028
0 0.910569105691057 0.341421143847487 0.03484320557491294 0.04159445407279028
0 0.5371660859465738 0.6819757365684576 0.03368176538908241 0.03986135181975725
0 0.8571428571428572 0.509532062391681 0.0325203252032521 0.045060658578856105
0 0.8042973286875725 0.4254766031195841 0.03368176538908252 0.03986135181975736
0 0.3745644599303136 0.8110918544194107 0.03368176538908246 0.045060658578856216
0 0.805458768873403 0.8110918544194108 0.03135888501742168 0.03812824956672445
0 0.15911730545876887 0.33882149046793764 0.03252032520325204 0.03986135181975742
0 0.4947735191637631 0.7608318890814558 0.023228803716608626 0.03119584055459257
0 0.537746806039489 0.20797227036395147 0.03948896631823462 0.02772963604852685
0 0.8577235772357723 0.38388214904679374 0.03368176538908252 0.02599653379549388
0 0.4831591173054588 0.21317157712305027 0.04645760743321725 0.02772963604852685
0 0.4843205574912892 0.35528596187175043 0.04413472706155641 0.034662045060658564
0 0.15795586527293845 0.6880415944540728 0.03484320557491288 0.045060658578856105
0 0.6434378629500581 0.5511265164644714 0.03948896631823462 0.024263431542461023
0 0.4831591173054588 0.3864818024263431 0.04645760743321725 0.034662045060658564
0 0.22473867595818814 0.6854419410745234 0.022067363530778178 0.032928942807625594
0 0.48315911730545874 0.28682842287694976 0.0441347270615563 0.032928942807625705
0 0.8164924506387921 0.5537261698440208 0.020905923344947674 0.032928942807625594
0 0.805458768873403 0.8977469670710572 0.0383275261324042 0.03466204506065862
0 0.4843205574912892 0.14298093587521665 0.04413472706155641 0.039861351819757376
0 0.4291521486643438 0.8977469670710572 0.036004645760743303 0.04159445407279028
0 0.48315911730545874 0.17937608318890813 0.0441347270615563 0.03986135181975739
0 0.43031358885017423 0.9419410745233969 0.036004645760743303 0.04332755632582319
0 0.9117305458768874 0.1611785095320624 0.03716608594657378 0.04852686308492199
0 0.1591173054587689 0.8630849220103987 0.03716608594657375 0.045060658578856105
0 0.1051103368176539 0.33882149046793764 0.029036004645760727 0.03986135181975742
0 0.15911730545876887 0.7738301559792027 0.03252032520325204 0.03986135181975736
0 0.6957026713124275 0.5095320623916811 0.0325203252032521 0.038128249566724504
0 0.37688734030197446 0.9445407279029463 0.036004645760743303 0.04159445407279028
0 0.26713124274099886 0.6845753899480069 0.03252032520325199 0.045060658578856105
0 0.9111498257839721 0.38128249566724437 0.03368176538908252 0.045060658578856105
0 0.37572590011614404 0.8552859618717503 0.03368176538908246 0.036395147313691534
0 0.5365853658536586 0.8552859618717504 0.030197444831591147 0.03986135181975747
0 0.6968641114982579 0.294627383015598 0.0325203252032521 0.04159445407279033
0 0.37514518002322883 0.7694974003466204 0.030197444831591203 0.04159445407279028
0 0.5365853658536586 0.9003466204506065 0.03484320557491294 0.04679376083188902
0 0.37572590011614404 0.6845753899480069 0.03368176538908246 0.04159445407279039
0 0.8588850174216027 0.8942807625649913 0.03368176538908252 0.04159445407279039
0 0.1056910569105691 0.8188908145580589 0.0348432055749129 0.04332755632582319
0 0.6968641114982579 0.20537261698440207 0.03484320557491294 0.04332755632582322
0 0.10569105691056911 0.9081455805892548 0.03716608594657375 0.03812824956672434
0 0.15795586527293845 0.38128249566724437 0.03484320557491288 0.045060658578856105
0 0.5371660859465738 0.7218370883882149 0.03368176538908241 0.0433275563258233
0 0.1596980255516841 0.5121317157712305 0.03600464576074333 0.03986135181975731
0 0.10511033681765389 0.2946273830155979 0.03368176538908246 0.04506065857885616
0 0.9123112659698025 0.2972270363951473 0.03600464576074336 0.04332755632582319
