0 0.132000 0.559690 0.032000 0.037209
0 0.644667 0.886047 0.036000 0.035659
0 0.646667 0.596124 0.032000 0.035659
0 0.496000 0.258140 0.032000 0.032558
0 0.398000 0.814729 0.036000 0.032558
0 0.644000 0.815504 0.037333 0.031008
0 0.699333 0.670543 0.036000 0.035659
0 0.230667 0.703876 0.034667 0.034109
0 0.590000 0.851163 0.036000 0.031008
0 0.700667 0.563566 0.036000 0.032558
0 0.757333 0.235659 0.032000 0.040310
0 0.864000 0.599225 0.034667 0.035659
0 0.287333 0.851163 0.036000 0.037209
0 0.452000 0.558915 0.034667 0.032558
0 0.866000 0.490698 0.036000 0.032558
0 0.400667 0.631008 0.036000 0.031008
0 0.452000 0.671318 0.034667 0.037209
0 0.700667 0.527132 0.036000 0.037209
0 0.106000 0.303101 0.028000 0.032558
0 0.866667 0.455039 0.034667 0.035659
0 0.106000 0.523256 0.028000 0.035659
0 0.176000 0.411628 0.032000 0.032558
0 0.232000 0.886822 0.032000 0.034109
0 0.700667 0.416279 0.036000 0.032558
0 0.758000 0.275194 0.036000 0.032558
0 0.288000 0.379070 0.034667 0.035659
0 0.132000 0.447287 0.029333 0.038760
0 0.231333 0.594574 0.036000 0.035659
0 0.646000 0.743411 0.036000 0.035659
0 0.106667 0.338760 0.029333 0.035659
0 0.398000 0.887597 0.036000 0.035659
0 0.134000 0.303101 0.028000 0.035659
0 0.536667 0.887597 0.036000 0.035659
0 0.399333 0.851163 0.036000 0.037209
0 0.812667 0.490698 0.036000 0.032558
0 0.590667 0.596124 0.034667 0.032558
0 0.452000 0.883721 0.034667 0.034109
0 0.177333 0.595349 0.032000 0.027907
0 0.700000 0.451938 0.034667 0.032558
0 0.590000 0.743411 0.036000 0.035659
0 0.345333 0.414729 0.032000 0.035659
0 0.866000 0.379845 0.036000 0.031008
0 0.538000 0.779070 0.036000 0.035659
0 0.452000 0.451163 0.032000 0.031008
0 0.701333 0.379070 0.032000 0.035659
0 0.866667 0.416279 0.037333 0.035659
0 0.702667 0.343411 0.034667 0.035659
0 0.452000 0.596124 0.034667 0.035659
0 0.646667 0.562016 0.034667 0.032558
0 0.538000 0.668217 0.036000 0.034109
0 0.536667 0.559690 0.036000 0.037209
0 0.287333 0.743411 0.036000 0.035659
0 0.289333 0.415504 0.037333 0.031008
0 0.810000 0.562791 0.036000 0.040310
0 0.810000 0.344186 0.033333 0.031008
0 0.536667 0.596124 0.036000 0.035659
0 0.538000 0.414729 0.033333 0.032558
0 0.646000 0.848062 0.036000 0.037209
0 0.866000 0.346512 0.036000 0.035659
0 0.811333 0.307752 0.036000 0.038760
0 0.398000 0.779070 0.036000 0.035659
0 0.644667 0.779070 0.036000 0.035659
0 0.287333 0.814729 0.036000 0.035659
0 0.536667 0.814729 0.036000 0.035659
0 0.452000 0.847287 0.037333 0.038760
0 0.646000 0.707752 0.036000 0.035659
0 0.400000 0.487597 0.037333 0.035659
0 0.288667 0.523256 0.036000 0.035659
0 0.592667 0.415504 0.036000 0.034109
0 0.867333 0.310078 0.036000 0.037209
0 0.176667 0.668217 0.036000 0.037209
0 0.177333 0.523256 0.040000 0.035659
0 0.232000 0.375969 0.034667 0.035659
0 0.590000 0.559690 0.036000 0.037209
0 0.536667 0.851163 0.038667 0.037209
0 0.401333 0.303101 0.032000 0.038760
0 0.646667 0.490698 0.034667 0.035659
0 0.346000 0.303101 0.033333 0.035659
0 0.287333 0.670543 0.036000 0.035659
0 0.538000 0.487597 0.036000 0.035659
0 0.176000 0.448062 0.037333 0.037209
0 0.234000 0.338760 0.036000 0.035659
0 0.591333 0.486822 0.036000 0.037209
0 0.646000 0.667442 0.036000 0.038760
0 0.590667 0.666667 0.037333 0.037209
0 0.646667 0.382171 0.034667 0.032558
0 0.344667 0.598450 0.036000 0.037209
0 0.646000 0.346512 0.036000 0.038760
0 0.402000 0.338760 0.036000 0.035659
0 0.232000 0.412403 0.037333 0.037209
0 0.700000 0.599225 0.037333 0.035659
0 0.288667 0.595349 0.036000 0.037209
0 0.756000 0.455039 0.037333 0.035659
0 0.232667 0.487597 0.036000 0.035659
0 0.346667 0.375969 0.034667 0.035659
0 0.288667 0.706202 0.036000 0.035659
0 0.288000 0.486822 0.037333 0.034109
0 0.344667 0.671318 0.038667 0.040310
0 0.400000 0.375969 0.037333 0.035659
0 0.647333 0.306977 0.036000 0.040310
0 0.452000 0.306977 0.032000 0.037209
0 0.454667 0.378295 0.037333 0.034109
0 0.176000 0.336434 0.040000 0.040310
0 0.452000 0.414729 0.034667 0.035659
0 0.344667 0.559690 0.036000 0.040310
0 0.756667 0.594574 0.038667 0.041860
0 0.344000 0.522481 0.034667 0.037209
0 0.290667 0.303101 0.040000 0.038760
0 0.402000 0.414729 0.036000 0.035659
0 0.288000 0.558915 0.037333 0.035659
0 0.287333 0.779070 0.036000 0.035659
0 0.755333 0.488372 0.036000 0.034109
0 0.591333 0.523256 0.036000 0.035659
0 0.864000 0.670543 0.037333 0.035659
0 0.452667 0.740310 0.033333 0.032558
0 0.162000 0.888372 0.025333 0.031008
0 0.754000 0.670543 0.036000 0.035659
0 0.755333 0.707752 0.036000 0.035659
0 0.452000 0.706202 0.034667 0.032558
0 0.161333 0.818605 0.024000 0.031008
0 0.755333 0.778295 0.036000 0.031008
0 0.163333 0.743411 0.028000 0.029457
0 0.286000 0.886047 0.036000 0.032558
0 0.754667 0.886047 0.037333 0.035659
0 0.590667 0.886047 0.034667 0.032558
0 0.452000 0.811628 0.034667 0.032558
0 0.452000 0.631783 0.037333 0.035659
0 0.755333 0.743411 0.036000 0.035659
0 0.106667 0.410853 0.026667 0.027907
0 0.452000 0.523256 0.037333 0.038760
0 0.754000 0.814729 0.036000 0.035659
0 0.864000 0.706977 0.037333 0.037209
0 0.498667 0.362791 0.029333 0.037209
0 0.106000 0.482946 0.030667 0.035659
0 0.864000 0.778295 0.037333 0.021705
0 0.496000 0.291473 0.032000 0.027907
0 0.501333 0.775194 0.024000 0.031008
0 0.866000 0.271318 0.036000 0.024806
0 0.591333 0.631008 0.036000 0.021705
0 0.290667 0.263566 0.037333 0.024806
0 0.648000 0.267442 0.037333 0.023256
0 0.756667 0.558915 0.036000 0.020155
0 0.402000 0.266667 0.036000 0.021705
0 0.400667 0.594574 0.036000 0.023256
0 0.863333 0.851938 0.036000 0.035659
0 0.494667 0.434109 0.026667 0.034109
0 0.864667 0.886822 0.038667 0.034109
0 0.496667 0.399225 0.028000 0.029457
0 0.131333 0.375194 0.028000 0.031008
0 0.866000 0.526357 0.036000 0.038760
0 0.864667 0.812403 0.038667 0.040310
0 0.754000 0.850388 0.036000 0.035659
0 0.864000 0.744186 0.037333 0.037209
0 0.590667 0.814729 0.032000 0.035659
0 0.107333 0.375194 0.028000 0.037209
0 0.106000 0.448062 0.025333 0.034109
0 0.497333 0.223256 0.032000 0.031008
0 0.188667 0.746512 0.028000 0.029457
0 0.190000 0.888372 0.028000 0.027907
0 0.452000 0.342636 0.034667 0.034109
0 0.646000 0.526357 0.036000 0.035659
0 0.135333 0.523256 0.028000 0.032558
0 0.132667 0.411628 0.028000 0.032558
0 0.134000 0.487597 0.028000 0.032558
0 0.864000 0.634884 0.034667 0.038760
0 0.452667 0.775969 0.033333 0.035659
0 0.132667 0.339535 0.028000 0.034109
0 0.497333 0.190698 0.032000 0.027907
0 0.536000 0.631783 0.034667 0.035659
0 0.864000 0.563566 0.034667 0.032558
0 0.646000 0.631783 0.036000 0.035659
0 0.230000 0.850388 0.036000 0.035659
0 0.286000 0.631783 0.033333 0.038760
0 0.399333 0.743411 0.036000 0.035659
0 0.812667 0.455039 0.036000 0.035659
0 0.175333 0.631008 0.036000 0.037209
0 0.538667 0.450388 0.034667 0.035659
0 0.538000 0.523256 0.036000 0.035659
0 0.701333 0.487597 0.032000 0.038760
0 0.232000 0.450388 0.037333 0.032558
0 0.230000 0.631008 0.036000 0.037209
0 0.400000 0.450388 0.034667 0.035659
0 0.592000 0.379070 0.032000 0.032558
0 0.174000 0.707752 0.038667 0.035659
0 0.231333 0.775969 0.036000 0.038760
0 0.538000 0.306202 0.033333 0.035659
0 0.231333 0.739535 0.036000 0.034109
0 0.190667 0.854264 0.029333 0.034109
0 0.400667 0.667442 0.036000 0.038760
0 0.289333 0.450388 0.040000 0.035659
0 0.756000 0.310853 0.034667 0.035659
0 0.756667 0.419380 0.038667 0.035659
0 0.592000 0.307752 0.032000 0.035659
0 0.344000 0.451938 0.034667 0.035659
0 0.646667 0.454264 0.034667 0.034109
0 0.346000 0.340310 0.036000 0.035659
0 0.343333 0.634109 0.036000 0.034109
0 0.646667 0.416279 0.034667 0.035659
0 0.757333 0.344186 0.040000 0.034109
0 0.538000 0.343411 0.036000 0.035659
0 0.345333 0.486822 0.032000 0.031008
0 0.189333 0.815504 0.032000 0.037209
0 0.810000 0.526357 0.036000 0.035659
0 0.177333 0.486822 0.034667 0.034109
0 0.756000 0.382946 0.037333 0.037209
0 0.176000 0.375969 0.037333 0.035659
0 0.400667 0.562791 0.036000 0.034109
0 0.810667 0.379070 0.034667 0.035659
0 0.231333 0.558915 0.036000 0.038760
0 0.756667 0.527132 0.036000 0.040310
0 0.592000 0.343411 0.034667 0.035659
0 0.702667 0.307752 0.034667 0.035659
0 0.234667 0.302326 0.034667 0.037209
0 0.176000 0.298450 0.034667 0.035659
0 0.536000 0.742636 0.037333 0.037209
0 0.812667 0.419380 0.033333 0.035659
0 0.289333 0.342636 0.037333 0.034109
0 0.400667 0.524031 0.036000 0.037209
0 0.590667 0.706202 0.037333 0.038760
0 0.400667 0.707752 0.036000 0.035659
0 0.538000 0.379070 0.030667 0.032558
0 0.699333 0.634884 0.036000 0.035659
0 0.176667 0.562016 0.036000 0.035659
0 0.452667 0.486822 0.033333 0.034109
0 0.591333 0.451163 0.036000 0.031008
0 0.230000 0.814729 0.036000 0.035659
0 0.232000 0.522481 0.032000 0.031008
0 0.536000 0.706202 0.037333 0.035659
0 0.756667 0.634884 0.038667 0.035659
0 0.190000 0.779845 0.028000 0.031008
0 0.590667 0.779070 0.034667 0.035659
0 0.162667 0.851938 0.029333 0.035659
0 0.162667 0.779845 0.026667 0.034109
0 0.230000 0.667442 0.036000 0.035659
