0 0.702000 0.886541 0.036000 0.020344
0 0.500667 0.260563 0.033333 0.029734
0 0.500000 0.363850 0.034667 0.035994
0 0.824667 0.884977 0.028000 0.029734
0 0.854000 0.883412 0.028000 0.035994
0 0.825333 0.848200 0.024000 0.028169
0 0.500000 0.291862 0.032000 0.029734
0 0.866000 0.847418 0.036000 0.035994
0 0.703333 0.527387 0.036000 0.037559
0 0.880667 0.883412 0.028000 0.032864
0 0.703333 0.633803 0.036000 0.034429
0 0.854000 0.742567 0.028000 0.032864
0 0.500000 0.223005 0.032000 0.026604
0 0.800667 0.848983 0.028000 0.032864
0 0.879333 0.741002 0.028000 0.035994
0 0.500000 0.399844 0.029333 0.032864
0 0.866667 0.776995 0.037333 0.032864
0 0.866667 0.702660 0.034667 0.037559
0 0.498000 0.436620 0.030667 0.034429
0 0.826000 0.706573 0.028000 0.029734
0 0.703333 0.344288 0.028000 0.031299
0 0.650000 0.525039 0.036000 0.029734
0 0.826000 0.487480 0.028000 0.029734
0 0.866667 0.812207 0.034667 0.034429
0 0.826667 0.633020 0.026667 0.029734
0 0.500000 0.194836 0.032000 0.029734
0 0.867333 0.307512 0.036000 0.035994
0 0.865333 0.631455 0.032000 0.032864
0 0.703333 0.742567 0.036000 0.035994
0 0.702667 0.708138 0.032000 0.035994
0 0.865333 0.665884 0.032000 0.035994
0 0.812667 0.380282 0.036000 0.034429
0 0.826667 0.416275 0.026667 0.031299
0 0.799333 0.454617 0.028000 0.035994
0 0.812667 0.343505 0.036000 0.035994
0 0.757333 0.742567 0.032000 0.035994
0 0.798667 0.417058 0.026667 0.032864
0 0.594667 0.489045 0.032000 0.032864
0 0.798667 0.669797 0.026667 0.034429
0 0.704000 0.813772 0.032000 0.034429
0 0.650667 0.706573 0.032000 0.032864
0 0.702667 0.853678 0.034667 0.039124
0 0.812000 0.558685 0.032000 0.034429
0 0.826000 0.452269 0.028000 0.034429
0 0.704667 0.452269 0.030667 0.031299
0 0.812000 0.742567 0.034667 0.039124
0 0.703333 0.489045 0.036000 0.039124
0 0.594000 0.527387 0.036000 0.043818
0 0.758667 0.597027 0.034667 0.039124
0 0.648667 0.307512 0.036000 0.039124
0 0.757333 0.487480 0.032000 0.035994
0 0.756000 0.380282 0.032000 0.037559
0 0.650000 0.597027 0.036000 0.042254
0 0.757333 0.416275 0.032000 0.037559
0 0.704667 0.307512 0.036000 0.039124
0 0.757333 0.525822 0.032000 0.037559
0 0.594000 0.381847 0.036000 0.037559
0 0.650000 0.558685 0.036000 0.034429
0 0.757333 0.669797 0.032000 0.037559
0 0.650000 0.345070 0.036000 0.035994
0 0.648000 0.490610 0.034667 0.042254
0 0.702000 0.669797 0.033333 0.037559
0 0.758667 0.635368 0.034667 0.034429
0 0.756000 0.708138 0.032000 0.035994
0 0.594667 0.305164 0.034667 0.037559
0 0.866667 0.597027 0.034667 0.039124
0 0.595333 0.418623 0.036000 0.035994
0 0.866667 0.381847 0.034667 0.034429
0 0.703333 0.779343 0.036000 0.034429
0 0.702667 0.380282 0.032000 0.037559
0 0.703333 0.594679 0.036000 0.034429
0 0.649333 0.381847 0.032000 0.037559
0 0.648000 0.452269 0.034667 0.034429
0 0.704667 0.560250 0.036000 0.031299
0 0.758667 0.450704 0.032000 0.031299
0 0.758667 0.813772 0.034667 0.034429
0 0.594000 0.343505 0.033333 0.035994
0 0.648000 0.779343 0.034667 0.040689
0 0.650000 0.635368 0.036000 0.034429
0 0.865333 0.417058 0.032000 0.032864
0 0.866000 0.521909 0.036000 0.035994
0 0.650000 0.669797 0.036000 0.037559
0 0.757333 0.560250 0.032000 0.031299
0 0.757333 0.306729 0.032000 0.037559
0 0.825333 0.669797 0.032000 0.037559
0 0.594000 0.454617 0.033333 0.035994
0 0.811333 0.524257 0.036000 0.037559
0 0.798000 0.633803 0.028000 0.034429
0 0.757333 0.777778 0.032000 0.034429
0 0.812000 0.305164 0.037333 0.037559
0 0.812000 0.776995 0.034667 0.032864
0 0.866667 0.451487 0.032000 0.032864
0 0.650000 0.815336 0.036000 0.034429
0 0.811333 0.597027 0.036000 0.035994
0 0.757333 0.848200 0.032000 0.034429
0 0.866667 0.558685 0.034667 0.034429
0 0.866667 0.485915 0.034667 0.035994
0 0.702667 0.416275 0.034667 0.034429
0 0.650000 0.852113 0.036000 0.035994
0 0.866667 0.345070 0.034667 0.039124
0 0.650000 0.886541 0.036000 0.035994
0 0.758000 0.884977 0.033333 0.039124
0 0.758667 0.341941 0.032000 0.032864
0 0.812000 0.813772 0.037333 0.034429
0 0.649333 0.741002 0.032000 0.035994
0 0.648000 0.418623 0.034667 0.035994
