0 0.543401 0.261861 0.035672 0.045620
0 0.542212 0.677007 0.035672 0.047445
0 0.378716 0.110401 0.039239 0.052920
0 0.596908 0.310219 0.040428 0.047445
0 0.598098 0.167883 0.038050 0.047445
0 0.869798 0.260949 0.039239 0.047445
0 0.869798 0.159672 0.039239 0.052920
0 0.542212 0.587591 0.038050 0.047445
0 0.817479 0.489964 0.034483 0.045620
0 0.377527 0.261861 0.039239 0.049270
0 0.596908 0.213504 0.035672 0.043796
0 0.211653 0.489964 0.040428 0.045620
0 0.706302 0.308394 0.035672 0.043796
0 0.596908 0.260036 0.035672 0.045620
0 0.598098 0.113139 0.038050 0.058394
0 0.817479 0.772810 0.039239 0.049270
0 0.544590 0.304745 0.035672 0.043796
0 0.706302 0.490876 0.035672 0.047445
0 0.266350 0.259124 0.040428 0.047445
0 0.817479 0.400547 0.034483 0.045620
0 0.706302 0.399635 0.035672 0.047445
0 0.760404 0.162409 0.036861 0.051095
0 0.433413 0.214416 0.039239 0.045620
0 0.433413 0.260949 0.039239 0.047445
0 0.212247 0.213504 0.034483 0.047445
0 0.926278 0.212591 0.040428 0.052920
0 0.926873 0.399635 0.036861 0.047445
0 0.049346 0.210766 0.036861 0.045620
0 0.815101 0.310219 0.034483 0.047445
0 0.153983 0.864964 0.039239 0.043796
0 0.155767 0.158759 0.038050 0.054745
0 0.926278 0.158759 0.038050 0.054745
0 0.869798 0.211679 0.034483 0.047445
0 0.321641 0.257299 0.039239 0.047445
0 0.542212 0.162409 0.038050 0.051095
0 0.542212 0.110401 0.035672 0.052920
0 0.926873 0.259124 0.036861 0.043796
0 0.210464 0.303832 0.033294 0.045620
0 0.102259 0.257299 0.038050 0.054745
0 0.377527 0.162409 0.039239 0.051095
0 0.651605 0.160584 0.035672 0.043796
0 0.210464 0.398723 0.035672 0.049270
0 0.377527 0.213504 0.034483 0.047445
0 0.813912 0.259124 0.036861 0.051095
0 0.208680 0.724453 0.039239 0.047445
0 0.870987 0.398723 0.034483 0.049270
0 0.817479 0.585766 0.034483 0.047445
0 0.155172 0.582117 0.036861 0.047445
0 0.322830 0.112226 0.039239 0.056569
0 0.817479 0.632299 0.034483 0.045620
0 0.704518 0.111314 0.041617 0.051095
0 0.210464 0.445255 0.038050 0.043796
0 0.214031 0.162409 0.038050 0.047445
0 0.760404 0.260949 0.036861 0.043796
0 0.705707 0.353102 0.034483 0.045620
0 0.322830 0.350365 0.039239 0.047445
0 0.761593 0.110401 0.034483 0.056569
0 0.926873 0.350365 0.034483 0.047445
0 0.926278 0.445255 0.035672 0.043796
0 0.705113 0.213504 0.033294 0.043796
0 0.488109 0.437956 0.043995 0.051095
0 0.156956 0.258212 0.035672 0.045620
0 0.433413 0.309307 0.039239 0.045620
0 0.431034 0.444343 0.039239 0.045620
0 0.210464 0.349453 0.033294 0.041971
0 0.268728 0.212591 0.035672 0.045620
0 0.707491 0.632299 0.035672 0.045620
0 0.155767 0.398723 0.035672 0.045620
0 0.322830 0.209854 0.039239 0.047445
0 0.870392 0.489964 0.033294 0.045620
0 0.211653 0.258212 0.033294 0.041971
0 0.321641 0.400547 0.036861 0.045620
0 0.870987 0.536496 0.034483 0.047445
0 0.154578 0.489964 0.033294 0.045620
0 0.599287 0.401460 0.033294 0.043796
0 0.046968 0.399635 0.039239 0.043796
0 0.870987 0.586679 0.034483 0.045620
0 0.155767 0.303832 0.035672 0.045620
0 0.155172 0.962591 0.039239 0.049270
0 0.872176 0.678832 0.039239 0.043796
0 0.544590 0.491788 0.035672 0.041971
0 0.928656 0.910584 0.042806 0.043796
0 0.046968 0.445255 0.036861 0.047445
0 0.544590 0.397810 0.035672 0.051095
0 0.044590 0.538321 0.034483 0.043796
0 0.706897 0.862226 0.039239 0.023723
0 0.500595 0.767336 0.023781 0.031022
0 0.499405 0.745438 0.023781 0.020073
0 0.156956 0.349453 0.035672 0.049270
0 0.872176 0.911496 0.036861 0.052920
0 0.487515 0.481752 0.045184 0.032847
0 0.155172 0.723540 0.039239 0.045620
0 0.266350 0.536496 0.035672 0.047445
0 0.818668 0.814781 0.036861 0.027372
0 0.488704 0.355839 0.047562 0.036496
0 0.488704 0.322080 0.047562 0.031022
0 0.214031 0.111314 0.035672 0.058394
0 0.266350 0.677920 0.035672 0.045620
0 0.434007 0.112226 0.033294 0.052920
0 0.322235 0.630474 0.035672 0.045620
0 0.927467 0.864051 0.035672 0.049270
0 0.209275 0.676095 0.038050 0.049270
0 0.209869 0.818431 0.036861 0.045620
0 0.706302 0.586679 0.033294 0.045620
0 0.543401 0.538321 0.035672 0.047445
0 0.266350 0.581204 0.035672 0.041971
0 0.268728 0.162409 0.033294 0.047445
0 0.320452 0.722628 0.036861 0.043796
0 0.818074 0.861314 0.035672 0.043796
0 0.542212 0.632299 0.035672 0.041971
0 0.156361 0.444343 0.034483 0.045620
0 0.872176 0.963504 0.039239 0.047445
0 0.706302 0.724453 0.035672 0.047445
0 0.320452 0.535584 0.036861 0.045620
0 0.928656 0.817518 0.035672 0.043796
0 0.210464 0.630474 0.038050 0.041971
0 0.707491 0.769161 0.038050 0.045620
0 0.488704 0.171533 0.047562 0.032847
0 0.760404 0.213504 0.036861 0.047445
0 0.649227 0.261861 0.038050 0.049270
0 0.651605 0.211679 0.038050 0.051095
0 0.761593 0.305657 0.034483 0.045620
0 0.544590 0.214416 0.038050 0.045620
0 0.706302 0.261861 0.038050 0.052920
0 0.042212 0.909672 0.041617 0.045620
0 0.488704 0.135949 0.042806 0.045620
0 0.434602 0.165146 0.036861 0.052920
0 0.815101 0.353102 0.034483 0.041971
0 0.045779 0.625912 0.041617 0.047445
0 0.042212 0.962591 0.041617 0.052920
0 0.043401 0.773723 0.039239 0.047445
0 0.267539 0.302920 0.038050 0.036496
0 0.048157 0.161496 0.036861 0.045620
0 0.433413 0.354015 0.034483 0.043796
0 0.044590 0.677007 0.039239 0.047445
0 0.543401 0.348540 0.033294 0.043796
0 0.872176 0.722628 0.034483 0.043796
0 0.432224 0.492701 0.039239 0.051095
0 0.870987 0.444343 0.034483 0.041971
0 0.266350 0.348540 0.038050 0.047445
0 0.928656 0.958029 0.035672 0.047445
0 0.043401 0.863139 0.036861 0.043796
0 0.488704 0.099453 0.045184 0.038321
0 0.159334 0.534672 0.030916 0.043796
0 0.707491 0.962591 0.038050 0.049270
0 0.044590 0.348540 0.036861 0.051095
0 0.043401 0.817518 0.036861 0.043796
0 0.153983 0.910584 0.039239 0.047445
0 0.046968 0.492701 0.039239 0.047445
0 0.044590 0.581204 0.036861 0.041971
0 0.265161 0.726277 0.040428 0.051095
0 0.488704 0.247263 0.045184 0.034672
0 0.817479 0.536496 0.036861 0.047445
0 0.043401 0.723540 0.039239 0.045620
0 0.870987 0.304745 0.034483 0.043796
0 0.544590 0.446168 0.035672 0.045620
0 0.208680 0.864051 0.039239 0.045620
0 0.928656 0.774635 0.035672 0.045620
0 0.046968 0.302007 0.039239 0.045620
0 0.155172 0.677920 0.039239 0.045620
0 0.869798 0.349453 0.034483 0.045620
0 0.819857 0.907847 0.034483 0.049270
0 0.870987 0.633212 0.034483 0.047445
0 0.321641 0.445255 0.036861 0.043796
0 0.488704 0.211679 0.045184 0.043796
0 0.320452 0.767336 0.036861 0.045620
0 0.489893 0.283759 0.045184 0.045620
0 0.705707 0.444343 0.034483 0.041971
0 0.209275 0.960766 0.040428 0.049270
0 0.706897 0.820255 0.039239 0.052920
0 0.322235 0.489964 0.035672 0.045620
0 0.706302 0.677920 0.035672 0.045620
0 0.267539 0.490876 0.033294 0.047445
0 0.650416 0.309307 0.033294 0.041971
0 0.155172 0.768248 0.039239 0.043796
0 0.322830 0.303832 0.034483 0.045620
0 0.048157 0.257299 0.036861 0.043796
0 0.320452 0.582117 0.039239 0.047445
0 0.813912 0.160584 0.034483 0.047445
0 0.266350 0.626825 0.035672 0.049270
0 0.209869 0.908759 0.039239 0.047445
0 0.872176 0.817518 0.036861 0.043796
0 0.320452 0.866788 0.039239 0.047445
0 0.266350 0.444343 0.035672 0.041971
0 0.817479 0.677920 0.034483 0.045620
0 0.322830 0.165146 0.039239 0.045620
0 0.320452 0.818431 0.036861 0.049270
0 0.598098 0.356752 0.033294 0.045620
0 0.321046 0.677007 0.038050 0.047445
0 0.542212 0.724453 0.035672 0.047445
0 0.928656 0.729015 0.035672 0.049270
0 0.927467 0.678832 0.038050 0.047445
0 0.153983 0.814781 0.034483 0.049270
0 0.706897 0.907847 0.039239 0.056569
0 0.651605 0.354927 0.035672 0.049270
0 0.706302 0.162409 0.038050 0.054745
0 0.155172 0.631387 0.039239 0.047445
0 0.211653 0.536496 0.035672 0.043796
0 0.762188 0.401460 0.033294 0.043796
0 0.157551 0.211679 0.034483 0.047445
0 0.048157 0.110401 0.036861 0.056569
0 0.816885 0.445255 0.033294 0.043796
0 0.818668 0.957117 0.036861 0.052920
0 0.872176 0.864964 0.036861 0.047445
0 0.871581 0.769161 0.035672 0.045620
0 0.925089 0.489964 0.033294 0.045620
0 0.433413 0.398723 0.034483 0.045620
0 0.926873 0.584854 0.036861 0.049270
0 0.208680 0.772810 0.039239 0.045620
0 0.707491 0.538321 0.035672 0.047445
0 0.815101 0.211679 0.034483 0.047445
0 0.925089 0.302920 0.035672 0.047445
0 0.926873 0.535584 0.036861 0.045620
0 0.211653 0.584854 0.035672 0.049270
0 0.816885 0.723540 0.033294 0.045620
0 0.927467 0.632299 0.035672 0.045620
0 0.761593 0.353102 0.034483 0.045620
0 0.268133 0.109489 0.039239 0.058394
0 0.266350 0.398723 0.040428 0.049270
