0 0.255538 0.814414 0.039557 0.039640
0 0.193829 0.392793 0.042722 0.043243
0 0.873418 0.684685 0.041139 0.039640
0 0.872627 0.724324 0.042722 0.043243
0 0.125791 0.850450 0.042722 0.039640
0 0.873418 0.769369 0.044304 0.039640
0 0.613133 0.928829 0.042722 0.034234
0 0.503956 0.374775 0.033228 0.032432
0 0.935918 0.684685 0.042722 0.039640
0 0.190665 0.854054 0.042722 0.036036
0 0.613133 0.853153 0.042722 0.037838
0 0.505538 0.172973 0.039557 0.032432
0 0.871044 0.936036 0.045886 0.041441
0 0.617089 0.190090 0.044304 0.041441
0 0.504747 0.251351 0.037975 0.034234
0 0.872627 0.850450 0.042722 0.043243
0 0.613924 0.562162 0.041139 0.032432
0 0.539557 0.356757 0.028481 0.036036
0 0.616297 0.147748 0.042722 0.039640
0 0.742880 0.892793 0.042722 0.037838
0 0.060918 0.395495 0.042722 0.045045
0 0.742880 0.850450 0.042722 0.039640
0 0.451741 0.686486 0.042722 0.036036
0 0.613133 0.890090 0.042722 0.039640
0 0.059335 0.518919 0.042722 0.039640
0 0.554589 0.266667 0.042722 0.046847
0 0.505538 0.139640 0.039557 0.034234
0 0.061709 0.436036 0.041139 0.032432
0 0.057753 0.893694 0.042722 0.039640
0 0.549051 0.893694 0.037975 0.032432
0 0.742089 0.809009 0.044304 0.039640
0 0.124209 0.892793 0.042722 0.037838
0 0.568829 0.313514 0.033228 0.032432
0 0.938291 0.482883 0.037975 0.039640
0 0.060127 0.643243 0.041139 0.039640
0 0.322785 0.892793 0.041139 0.034234
0 0.124209 0.932432 0.042722 0.037838
0 0.451741 0.893694 0.042722 0.043243
0 0.450949 0.770270 0.044304 0.045045
0 0.873418 0.645045 0.041139 0.039640
0 0.256329 0.936036 0.044304 0.037838
0 0.257120 0.854054 0.042722 0.039640
0 0.617089 0.233333 0.037975 0.041441
0 0.125000 0.724324 0.041139 0.036036
0 0.808544 0.562162 0.041139 0.039640
0 0.189082 0.933333 0.042722 0.039640
0 0.453323 0.518919 0.039557 0.036036
0 0.322785 0.854054 0.044304 0.039640
0 0.568829 0.438739 0.033228 0.034234
0 0.940665 0.272973 0.042722 0.041441
0 0.450949 0.601802 0.037975 0.039640
0 0.935918 0.569369 0.042722 0.039640
0 0.325158 0.436036 0.039557 0.036036
0 0.742880 0.727027 0.042722 0.041441
0 0.450158 0.645045 0.042722 0.039640
0 0.058544 0.681081 0.041139 0.036036
0 0.741297 0.933333 0.042722 0.039640
0 0.451741 0.727027 0.042722 0.041441
0 0.567247 0.561261 0.036392 0.041441
0 0.537975 0.395495 0.028481 0.034234
0 0.549842 0.854054 0.042722 0.043243
0 0.536392 0.518018 0.031646 0.041441
0 0.744462 0.688288 0.042722 0.039640
0 0.127373 0.518919 0.042722 0.039640
0 0.611551 0.729730 0.039557 0.039640
0 0.539557 0.313514 0.028481 0.039640
0 0.549051 0.727027 0.037975 0.041441
0 0.257120 0.770270 0.042722 0.045045
0 0.939873 0.356757 0.044304 0.043243
0 0.611551 0.771171 0.042722 0.043243
0 0.874209 0.272072 0.042722 0.043243
0 0.124209 0.810811 0.042722 0.043243
0 0.325158 0.475676 0.042722 0.043243
0 0.192247 0.767568 0.042722 0.043243
0 0.256329 0.729730 0.044304 0.039640
0 0.059335 0.810811 0.042722 0.043243
0 0.192247 0.645045 0.042722 0.039640
0 0.745253 0.518919 0.041139 0.039640
0 0.568829 0.355856 0.033228 0.041441
0 0.550633 0.641441 0.041139 0.039640
0 0.125791 0.687387 0.042722 0.041441
0 0.679589 0.562162 0.042722 0.039640
0 0.189082 0.560360 0.042722 0.043243
0 0.258703 0.561261 0.045886 0.037838
0 0.872627 0.522523 0.042722 0.043243
0 0.259494 0.352252 0.044304 0.037838
0 0.127373 0.308108 0.045886 0.039640
0 0.810127 0.439640 0.037975 0.039640
0 0.613924 0.600901 0.041139 0.045045
0 0.453323 0.391892 0.039557 0.037838
0 0.060127 0.724324 0.041139 0.043243
0 0.192247 0.724324 0.042722 0.039640
0 0.128165 0.348649 0.044304 0.041441
0 0.568829 0.398198 0.033228 0.036036
0 0.615506 0.479279 0.037975 0.039640
0 0.679589 0.479279 0.042722 0.039640
0 0.681171 0.436036 0.042722 0.039640
0 0.874209 0.356757 0.042722 0.039640
0 0.550633 0.770270 0.041139 0.041441
0 0.258703 0.645045 0.042722 0.039640
0 0.258703 0.518919 0.045886 0.039640
0 0.681171 0.309910 0.042722 0.039640
0 0.258703 0.601802 0.042722 0.043243
0 0.258703 0.392793 0.042722 0.039640
0 0.257120 0.687387 0.049051 0.041441
0 0.130538 0.263063 0.042722 0.046847
0 0.453323 0.435135 0.039557 0.045045
0 0.192247 0.436036 0.042722 0.039640
0 0.190665 0.601802 0.042722 0.043243
0 0.128956 0.435135 0.042722 0.045045
0 0.191456 0.352252 0.041139 0.041441
0 0.450158 0.813514 0.042722 0.041441
0 0.061709 0.349550 0.044304 0.039640
0 0.452532 0.352252 0.037975 0.037838
0 0.745253 0.437838 0.041139 0.039640
0 0.613924 0.396396 0.044304 0.039640
0 0.569620 0.479279 0.034810 0.039640
0 0.191456 0.477477 0.041139 0.039640
0 0.611551 0.687387 0.042722 0.041441
0 0.549842 0.810811 0.042722 0.039640
0 0.617089 0.437838 0.041139 0.039640
0 0.060918 0.263063 0.042722 0.043243
0 0.257120 0.436036 0.042722 0.043243
0 0.125000 0.600901 0.044304 0.045045
0 0.454905 0.265766 0.042722 0.045045
0 0.744462 0.646847 0.042722 0.043243
0 0.324367 0.353153 0.044304 0.039640
0 0.326741 0.309910 0.042722 0.043243
0 0.192247 0.813514 0.042722 0.045045
0 0.615506 0.312613 0.037975 0.041441
0 0.747627 0.227027 0.039557 0.025225
0 0.330696 0.222523 0.044304 0.030631
0 0.940665 0.230631 0.042722 0.028829
0 0.934335 0.890090 0.042722 0.036036
0 0.507120 0.814414 0.026899 0.032432
0 0.504747 0.335135 0.037975 0.043243
0 0.127373 0.554955 0.042722 0.028829
0 0.064082 0.219820 0.042722 0.028829
0 0.936709 0.727928 0.044304 0.043243
0 0.937500 0.850450 0.045886 0.043243
0 0.934335 0.770270 0.039557 0.037838
0 0.936709 0.607207 0.041139 0.039640
0 0.935918 0.929730 0.042722 0.039640
0 0.502373 0.418018 0.036392 0.043243
0 0.935918 0.807207 0.042722 0.036036
0 0.873418 0.807207 0.044304 0.036036
0 0.450158 0.853153 0.039557 0.037838
0 0.870253 0.893694 0.041139 0.039640
0 0.937500 0.645045 0.039557 0.039640
0 0.057753 0.850450 0.042722 0.039640
0 0.058544 0.769369 0.041139 0.039640
0 0.679589 0.727928 0.042722 0.039640
0 0.744462 0.478378 0.036392 0.037838
0 0.538766 0.436036 0.030063 0.039640
0 0.682753 0.270270 0.042722 0.039640
0 0.744462 0.266667 0.042722 0.043243
0 0.939082 0.526126 0.042722 0.043243
0 0.678006 0.770270 0.042722 0.041441
0 0.322785 0.932432 0.044304 0.041441
0 0.323576 0.562162 0.042722 0.039640
0 0.192247 0.518018 0.039557 0.041441
0 0.056171 0.933333 0.045886 0.043243
0 0.612342 0.814414 0.041139 0.036036
0 0.745253 0.396396 0.034810 0.039640
0 0.124209 0.767568 0.042722 0.043243
0 0.323576 0.601802 0.042722 0.039640
0 0.060127 0.474775 0.041139 0.041441
0 0.060127 0.601802 0.041139 0.039640
0 0.873418 0.398198 0.041139 0.039640
0 0.873418 0.605405 0.041139 0.039640
0 0.616297 0.272072 0.039557 0.036036
0 0.322785 0.813514 0.044304 0.041441
0 0.192247 0.890090 0.042722 0.039640
0 0.939082 0.400000 0.042722 0.039640
0 0.538766 0.477477 0.033228 0.036036
0 0.390823 0.266667 0.044304 0.039640
0 0.742880 0.770270 0.042722 0.041441
0 0.681171 0.396396 0.042722 0.039640
0 0.677215 0.813514 0.047468 0.045045
0 0.678006 0.645045 0.039557 0.036036
0 0.553006 0.601802 0.039557 0.039640
0 0.745253 0.562162 0.041139 0.043243
0 0.809335 0.521622 0.042722 0.037838
0 0.614715 0.645045 0.039557 0.036036
0 0.745253 0.604505 0.041139 0.037838
0 0.322785 0.727928 0.044304 0.039640
0 0.128165 0.391892 0.044304 0.041441
0 0.328323 0.266667 0.042722 0.039640
0 0.125000 0.644144 0.044304 0.045045
0 0.678006 0.686486 0.039557 0.036036
0 0.505538 0.215315 0.042722 0.041441
0 0.060127 0.561261 0.047468 0.041441
0 0.322785 0.686486 0.044304 0.039640
0 0.392405 0.398198 0.037975 0.046847
0 0.872627 0.438739 0.039557 0.041441
0 0.192247 0.686486 0.039557 0.036036
0 0.939082 0.441441 0.042722 0.043243
0 0.810918 0.270270 0.042722 0.039640
0 0.450158 0.562162 0.042722 0.043243
0 0.061709 0.308108 0.041139 0.039640
0 0.872627 0.479279 0.042722 0.039640
0 0.743671 0.356757 0.037975 0.039640
0 0.939873 0.316216 0.044304 0.041441
0 0.453323 0.479279 0.042722 0.043243
0 0.323576 0.644144 0.042722 0.041441
0 0.128165 0.479279 0.041139 0.039640
0 0.678797 0.520721 0.044304 0.043243
0 0.550633 0.682883 0.041139 0.039640
0 0.550633 0.933333 0.041139 0.043243
0 0.255538 0.895495 0.042722 0.039640
0 0.258703 0.479279 0.039557 0.039640
0 0.322785 0.771171 0.044304 0.039640
0 0.450949 0.936036 0.041139 0.041441
0 0.873418 0.565766 0.044304 0.039640
0 0.321994 0.518919 0.045886 0.043243
0 0.678797 0.605405 0.044304 0.043243
0 0.613924 0.355856 0.041139 0.041441
0 0.452532 0.311712 0.037975 0.039640
0 0.614715 0.522523 0.042722 0.050450
0 0.681171 0.355856 0.042722 0.041441
0 0.808544 0.356757 0.041139 0.039640
0 0.566456 0.521622 0.034810 0.037838
0 0.808544 0.479279 0.041139 0.039640
0 0.323576 0.395495 0.042722 0.041441
0 0.809335 0.313514 0.042722 0.039640
0 0.194620 0.308108 0.044304 0.046847
0 0.808544 0.399099 0.041139 0.041441
0 0.874209 0.313514 0.042722 0.043243
0 0.193829 0.263063 0.042722 0.043243
0 0.390823 0.353153 0.041139 0.039640
0 0.261076 0.266667 0.044304 0.043243
0 0.390823 0.312613 0.044304 0.041441
0 0.745253 0.313514 0.041139 0.039640
0 0.259494 0.312613 0.047468 0.041441
