0 0.247275 0.876316 0.039510 0.036842
0 0.503406 0.674561 0.025886 0.019298
0 0.502725 0.888596 0.021798 0.019298
0 0.504768 0.594737 0.023161 0.021053
0 0.503406 0.638596 0.025886 0.021053
0 0.489782 0.370175 0.031335 0.021053
0 0.491144 0.391228 0.034060 0.021053
0 0.489101 0.421053 0.032698 0.035088
0 0.489782 0.446491 0.023161 0.019298
0 0.502725 0.657895 0.024523 0.021053
0 0.504087 0.913158 0.021798 0.029825
0 0.425749 0.880702 0.031335 0.038596
0 0.426431 0.916667 0.038147 0.033333
0 0.053815 0.313158 0.020436 0.026316
0 0.489101 0.306140 0.035422 0.022807
0 0.491826 0.328070 0.029973 0.021053
0 0.490463 0.350000 0.038147 0.022807
0 0.503406 0.692982 0.023161 0.017544
0 0.307221 0.806140 0.039510 0.036842
0 0.728202 0.776316 0.036785 0.036842
0 0.367847 0.771930 0.035422 0.035088
0 0.670300 0.387719 0.035422 0.031579
0 0.927112 0.493860 0.025886 0.033333
0 0.128065 0.416667 0.035422 0.036842
0 0.083106 0.415789 0.027248 0.038596
0 0.669619 0.629825 0.036785 0.038596
0 0.669619 0.599123 0.034060 0.033333
0 0.808583 0.228070 0.023161 0.031579
0 0.910763 0.390351 0.036785 0.036842
0 0.247275 0.663158 0.039510 0.038596
0 0.790191 0.600000 0.038147 0.031579
0 0.715940 0.266667 0.028610 0.031579
0 0.247275 0.450877 0.039510 0.042105
0 0.730926 0.424561 0.036785 0.035088
0 0.547003 0.807895 0.036785 0.036842
0 0.730926 0.460526 0.036785 0.036842
0 0.926431 0.461404 0.024523 0.031579
0 0.897139 0.460526 0.023161 0.033333
0 0.307221 0.910526 0.039510 0.035088
0 0.051090 0.523684 0.025886 0.036842
0 0.728883 0.739474 0.038147 0.036842
0 0.666894 0.883333 0.036785 0.033333
0 0.246594 0.840351 0.038147 0.038596
0 0.730926 0.390351 0.039510 0.036842
0 0.730245 0.632456 0.035422 0.033333
0 0.307221 0.627193 0.039510 0.040351
0 0.549046 0.664912 0.035422 0.035088
0 0.688011 0.110526 0.027248 0.035088
0 0.081744 0.556140 0.024523 0.031579
0 0.247956 0.416667 0.038147 0.033333
0 0.307221 0.839474 0.039510 0.036842
0 0.926431 0.425439 0.027248 0.036842
0 0.790191 0.531579 0.035422 0.035088
0 0.425749 0.771053 0.036785 0.036842
0 0.546322 0.844737 0.035422 0.036842
0 0.788828 0.850000 0.035422 0.033333
0 0.910763 0.354386 0.036785 0.031579
0 0.730245 0.492982 0.038147 0.031579
0 0.717302 0.148246 0.031335 0.033333
0 0.910763 0.600877 0.036785 0.033333
0 0.790872 0.390351 0.036785 0.033333
0 0.611035 0.422807 0.036785 0.035088
0 0.788828 0.776316 0.035422 0.036842
0 0.909401 0.670175 0.036785 0.035088
0 0.728202 0.884211 0.036785 0.031579
0 0.051771 0.412281 0.024523 0.031579
0 0.789510 0.423684 0.036785 0.033333
0 0.129428 0.375439 0.038147 0.042105
0 0.545640 0.914912 0.036785 0.036842
0 0.788828 0.739474 0.038147 0.036842
0 0.910763 0.567544 0.036785 0.036842
0 0.776567 0.266667 0.027248 0.031579
0 0.247275 0.557018 0.034060 0.036842
0 0.246594 0.803509 0.038147 0.035088
0 0.246594 0.910526 0.038147 0.035088
0 0.666894 0.808772 0.036785 0.035088
0 0.789510 0.635965 0.036785 0.036842
0 0.789510 0.706140 0.039510 0.036842
0 0.368529 0.807895 0.036785 0.036842
0 0.081744 0.449123 0.024523 0.031579
0 0.052452 0.485965 0.025886 0.031579
0 0.081063 0.309649 0.025886 0.033333
0 0.927793 0.316667 0.021798 0.026316
0 0.309264 0.662281 0.038147 0.019298
0 0.367166 0.908772 0.036785 0.045614
0 0.489101 0.535088 0.038147 0.035088
0 0.550409 0.374561 0.035422 0.036842
0 0.366485 0.878947 0.035422 0.042105
0 0.504087 0.618421 0.021798 0.022807
0 0.551090 0.413158 0.036785 0.036842
0 0.488420 0.504386 0.042234 0.040351
0 0.730926 0.566667 0.036785 0.031579
0 0.247956 0.486842 0.040872 0.036842
0 0.504087 0.714035 0.021798 0.024561
0 0.309264 0.416667 0.038147 0.036842
0 0.668256 0.771930 0.036785 0.038596
0 0.777929 0.152632 0.027248 0.031579
0 0.309264 0.487719 0.038147 0.031579
0 0.066757 0.378947 0.035422 0.035088
0 0.549046 0.737719 0.038147 0.033333
0 0.503406 0.574561 0.023161 0.022807
0 0.549728 0.701754 0.036785 0.038596
0 0.730245 0.599123 0.035422 0.036842
0 0.429837 0.562281 0.034060 0.029825
0 0.897139 0.423684 0.023161 0.026316
0 0.898501 0.321053 0.023161 0.031579
0 0.486376 0.820175 0.038147 0.036842
0 0.666894 0.919298 0.036785 0.035088
0 0.899183 0.492105 0.024523 0.029825
0 0.789510 0.567544 0.036785 0.036842
0 0.068120 0.343860 0.035422 0.031579
0 0.669619 0.738596 0.036785 0.038596
0 0.307902 0.453509 0.035422 0.036842
0 0.670300 0.421930 0.038147 0.036842
0 0.787466 0.883333 0.038147 0.036842
0 0.788147 0.920175 0.036785 0.036842
0 0.367847 0.737719 0.035422 0.040351
0 0.368529 0.663158 0.034060 0.031579
0 0.789510 0.669298 0.039510 0.036842
0 0.809946 0.114035 0.028610 0.035088
0 0.082425 0.517544 0.023161 0.031579
0 0.728883 0.809649 0.038147 0.036842
0 0.309264 0.380702 0.040872 0.038596
0 0.307221 0.695614 0.039510 0.040351
0 0.747275 0.229825 0.025886 0.035088
0 0.368529 0.843860 0.036785 0.035088
0 0.912125 0.530702 0.039510 0.036842
0 0.051090 0.449123 0.023161 0.031579
0 0.426431 0.807018 0.038147 0.035088
0 0.789510 0.814035 0.036785 0.038596
0 0.910082 0.637719 0.035422 0.036842
0 0.247956 0.523684 0.038147 0.036842
0 0.546322 0.881579 0.035422 0.036842
0 0.307902 0.593860 0.035422 0.033333
0 0.851499 0.391228 0.035422 0.035088
0 0.428474 0.627193 0.036785 0.029825
0 0.247275 0.592982 0.039510 0.035088
0 0.779292 0.114912 0.027248 0.036842
0 0.307221 0.876316 0.039510 0.040351
0 0.247275 0.699123 0.039510 0.033333
0 0.729564 0.706140 0.036785 0.036842
0 0.808583 0.190351 0.025886 0.036842
0 0.082425 0.485965 0.023161 0.031579
0 0.776567 0.228947 0.029973 0.033333
0 0.611035 0.459649 0.036785 0.038596
0 0.427112 0.700877 0.034060 0.036842
0 0.370572 0.417544 0.038147 0.038596
0 0.748638 0.113158 0.025886 0.033333
0 0.670981 0.350000 0.034060 0.040351
0 0.852180 0.355263 0.036785 0.036842
0 0.808583 0.267544 0.025886 0.036842
0 0.777929 0.191228 0.027248 0.031579
0 0.715940 0.228070 0.028610 0.031579
0 0.369210 0.450877 0.038147 0.035088
0 0.246594 0.626316 0.038147 0.035088
0 0.307902 0.557018 0.035422 0.033333
0 0.547003 0.770175 0.042234 0.038596
0 0.426431 0.737719 0.038147 0.036842
0 0.246594 0.769298 0.040872 0.036842
0 0.852180 0.317544 0.039510 0.038596
0 0.668256 0.845614 0.036785 0.038596
0 0.809946 0.151754 0.028610 0.036842
0 0.747956 0.190351 0.024523 0.036842
0 0.427112 0.843860 0.039510 0.038596
0 0.547003 0.599123 0.034060 0.033333
0 0.549046 0.529825 0.035422 0.035088
0 0.128065 0.450877 0.038147 0.038596
0 0.668937 0.701754 0.038147 0.035088
0 0.307221 0.770175 0.039510 0.038596
0 0.910082 0.707018 0.038147 0.038596
0 0.429155 0.488596 0.038147 0.036842
0 0.307221 0.733333 0.039510 0.035088
0 0.429155 0.455263 0.038147 0.036842
0 0.747275 0.266667 0.025886 0.031579
0 0.728883 0.847368 0.038147 0.038596
0 0.547684 0.631579 0.035422 0.038596
0 0.790191 0.457018 0.038147 0.036842
0 0.367847 0.629825 0.035422 0.035088
0 0.065395 0.699123 0.038147 0.033333
0 0.371253 0.379825 0.039510 0.036842
0 0.611717 0.349123 0.038147 0.038596
0 0.368529 0.525439 0.036785 0.033333
0 0.549728 0.493860 0.034060 0.036842
0 0.128065 0.592982 0.035422 0.038596
0 0.247275 0.732456 0.034060 0.036842
0 0.669619 0.492982 0.036785 0.031579
0 0.851499 0.423684 0.035422 0.036842
0 0.609673 0.386842 0.036785 0.036842
0 0.728883 0.669298 0.038147 0.036842
0 0.728202 0.919298 0.039510 0.038596
0 0.669619 0.667544 0.036785 0.036842
0 0.670981 0.457018 0.036785 0.036842
0 0.427112 0.664912 0.034060 0.038596
0 0.127384 0.522807 0.036785 0.038596
0 0.188692 0.416667 0.036785 0.036842
0 0.128065 0.487719 0.038147 0.031579
0 0.715259 0.192105 0.029973 0.033333
0 0.066076 0.733333 0.039510 0.038596
0 0.670300 0.563158 0.035422 0.035088
0 0.549046 0.562281 0.038147 0.036842
0 0.369210 0.557895 0.038147 0.035088
0 0.126703 0.556140 0.035422 0.031579
0 0.791553 0.353509 0.038147 0.040351
0 0.066076 0.663158 0.039510 0.038596
0 0.747275 0.151754 0.025886 0.036842
0 0.189373 0.378947 0.035422 0.038596
0 0.307221 0.524561 0.039510 0.038596
0 0.368529 0.593860 0.036785 0.036842
0 0.670981 0.529825 0.036785 0.035088
0 0.065395 0.625439 0.038147 0.036842
0 0.790872 0.493860 0.036785 0.036842
0 0.685967 0.151754 0.028610 0.036842
0 0.067439 0.587719 0.039510 0.038596
0 0.719346 0.113158 0.027248 0.036842
0 0.730926 0.529825 0.036785 0.038596
0 0.249319 0.378947 0.038147 0.038596
0 0.429155 0.593860 0.038147 0.036842
0 0.850817 0.461404 0.036785 0.038596
0 0.731608 0.350000 0.038147 0.040351
0 0.188692 0.454386 0.039510 0.038596
0 0.429155 0.526316 0.038147 0.038596
0 0.367847 0.700000 0.035422 0.038596
0 0.429837 0.418421 0.039510 0.036842
0 0.369891 0.491228 0.036785 0.038596
0 0.549728 0.455263 0.036785 0.036842
0 0.429837 0.379825 0.039510 0.043860
