0 0.559673 0.487654 0.033920 0.040564
0 0.558417 0.221340 0.038945 0.047619
0 0.558417 0.266314 0.038945 0.045855
0 0.325377 0.265432 0.037688 0.047619
0 0.615578 0.306878 0.037688 0.045855
0 0.324121 0.173721 0.037688 0.047619
0 0.731156 0.217813 0.037688 0.047619
0 0.324121 0.217813 0.035176 0.044092
0 0.325377 0.124339 0.040201 0.051146
0 0.440327 0.171958 0.038945 0.047619
0 0.557789 0.446208 0.037688 0.042328
0 0.383794 0.266314 0.036432 0.045855
0 0.559045 0.399471 0.037688 0.047619
0 0.326633 0.444444 0.037688 0.045855
0 0.789573 0.218695 0.038945 0.049383
0 0.440327 0.263668 0.038945 0.051146
0 0.441583 0.355379 0.041457 0.051146
0 0.615578 0.355379 0.040201 0.047619
0 0.790201 0.122575 0.040201 0.051146
0 0.516332 0.747795 0.025126 0.031746
0 0.501256 0.327160 0.050251 0.033510
0 0.500000 0.489418 0.047739 0.037037
0 0.908920 0.708995 0.038945 0.042328
0 0.267588 0.708113 0.037688 0.047619
0 0.908291 0.888889 0.040201 0.042328
0 0.032663 0.940917 0.042714 0.044092
0 0.500628 0.181658 0.051508 0.031746
0 0.383166 0.531746 0.040201 0.047619
0 0.032663 0.895062 0.042714 0.051146
0 0.500628 0.146384 0.048995 0.035273
0 0.502513 0.358907 0.052764 0.040564
0 0.033291 0.171076 0.036432 0.049383
0 0.908920 0.844797 0.036432 0.035273
0 0.501256 0.253968 0.045226 0.035273
0 0.907663 0.351852 0.036432 0.044092
0 0.908291 0.756614 0.032663 0.042328
0 0.030779 0.800705 0.038945 0.042328
0 0.906407 0.309524 0.041457 0.047619
0 0.675879 0.888889 0.037688 0.045855
0 0.032035 0.847443 0.041457 0.047619
0 0.908920 0.531746 0.038945 0.044092
0 0.675879 0.713404 0.037688 0.044092
0 0.674623 0.938272 0.035176 0.045855
0 0.209171 0.487654 0.036432 0.044092
0 0.963568 0.171076 0.037688 0.049383
0 0.966080 0.440917 0.037688 0.042328
0 0.326633 0.665785 0.032663 0.044092
0 0.089824 0.622575 0.038945 0.042328
0 0.965452 0.395944 0.041457 0.047619
0 0.500000 0.108466 0.052764 0.044092
0 0.731156 0.352734 0.035176 0.038801
0 0.964196 0.217813 0.041457 0.047619
0 0.675251 0.846561 0.036432 0.042328
0 0.675879 0.754850 0.037688 0.042328
0 0.677136 0.799824 0.037688 0.047619
0 0.266332 0.170194 0.037688 0.044092
0 0.033291 0.262787 0.036432 0.042328
0 0.674623 0.309524 0.037688 0.047619
0 0.909548 0.937390 0.040201 0.051146
0 0.964196 0.263668 0.041457 0.047619
0 0.965452 0.351852 0.041457 0.044092
0 0.033291 0.217813 0.036432 0.044092
0 0.267588 0.533510 0.040201 0.051146
0 0.032663 0.619929 0.037688 0.040564
0 0.089824 0.581129 0.041457 0.044092
0 0.089824 0.666667 0.041457 0.042328
0 0.673995 0.261905 0.033920 0.051146
0 0.907663 0.440917 0.038945 0.042328
0 0.964196 0.306878 0.041457 0.045855
0 0.267588 0.667549 0.035176 0.040564
0 0.906407 0.397707 0.041457 0.047619
0 0.326633 0.621693 0.035176 0.044092
0 0.032035 0.713404 0.041457 0.047619
0 0.032035 0.758377 0.038945 0.042328
0 0.849874 0.485009 0.033920 0.042328
0 0.091080 0.171958 0.041457 0.051146
0 0.849246 0.575838 0.035176 0.040564
0 0.150126 0.173721 0.038945 0.044092
0 0.731156 0.440917 0.035176 0.042328
0 0.148869 0.308642 0.036432 0.038801
0 0.906407 0.265432 0.038945 0.047619
0 0.675879 0.489418 0.032663 0.040564
0 0.907035 0.801587 0.037688 0.047619
0 0.032663 0.398589 0.037688 0.038801
0 0.032663 0.488536 0.035176 0.042328
0 0.905151 0.171958 0.036432 0.047619
0 0.266332 0.487654 0.037688 0.044092
0 0.674623 0.529982 0.035176 0.044092
0 0.966080 0.489418 0.040201 0.047619
0 0.150126 0.122575 0.038945 0.051146
0 0.963568 0.119929 0.037688 0.052910
0 0.091080 0.537037 0.041457 0.051146
0 0.674623 0.218695 0.032663 0.038801
0 0.907035 0.485891 0.037688 0.044092
0 0.033291 0.119048 0.041457 0.051146
0 0.615578 0.399471 0.035176 0.044092
0 0.033291 0.309524 0.041457 0.047619
0 0.382538 0.395944 0.038945 0.040564
0 0.032035 0.577601 0.038945 0.044092
0 0.266332 0.759259 0.037688 0.047619
0 0.206030 0.264550 0.037688 0.042328
0 0.032663 0.354497 0.037688 0.045855
0 0.093593 0.120811 0.041457 0.051146
0 0.148869 0.218695 0.033920 0.045855
0 0.847362 0.310406 0.036432 0.042328
0 0.905151 0.218695 0.041457 0.045855
0 0.849874 0.529982 0.036432 0.047619
0 0.849874 0.666667 0.036432 0.045855
0 0.559673 0.310406 0.033920 0.038801
0 0.905151 0.123457 0.041457 0.052910
0 0.847990 0.444444 0.035176 0.045855
0 0.673367 0.123457 0.035176 0.052910
0 0.503141 0.288360 0.046482 0.044092
0 0.267588 0.578483 0.035176 0.042328
0 0.731156 0.122575 0.040201 0.051146
0 0.089824 0.310406 0.036432 0.042328
0 0.032035 0.533510 0.041457 0.047619
0 0.849874 0.619048 0.036432 0.049383
0 0.032035 0.666667 0.041457 0.045855
0 0.501256 0.218695 0.052764 0.042328
0 0.089824 0.713404 0.041457 0.051146
0 0.091080 0.219577 0.041457 0.047619
0 0.089824 0.489418 0.038945 0.044092
0 0.266332 0.123457 0.037688 0.049383
0 0.675879 0.623457 0.037688 0.047619
0 0.091080 0.400353 0.041457 0.045855
0 0.091080 0.266314 0.036432 0.045855
0 0.907663 0.666667 0.038945 0.042328
0 0.032663 0.443563 0.037688 0.047619
0 0.789573 0.262787 0.033920 0.038801
0 0.907035 0.576720 0.037688 0.042328
0 0.324749 0.712522 0.038945 0.049383
0 0.501884 0.438272 0.048995 0.047619
0 0.674623 0.171958 0.037688 0.051146
0 0.208543 0.444444 0.042714 0.042328
0 0.267588 0.444444 0.037688 0.045855
0 0.791457 0.353616 0.035176 0.044092
0 0.383166 0.440917 0.040201 0.045855
0 0.267588 0.623457 0.037688 0.047619
0 0.907663 0.621693 0.038945 0.047619
0 0.675879 0.669312 0.040201 0.047619
0 0.266332 0.400353 0.035176 0.042328
0 0.440327 0.308642 0.038945 0.038801
0 0.089824 0.446208 0.038945 0.042328
0 0.847362 0.351852 0.036432 0.047619
0 0.559045 0.122575 0.037688 0.051146
0 0.382538 0.578483 0.041457 0.045855
0 0.207286 0.531746 0.040201 0.047619
0 0.441583 0.122575 0.041457 0.051146
0 0.732412 0.485891 0.040201 0.047619
0 0.383794 0.123457 0.036432 0.052910
0 0.675879 0.574956 0.037688 0.045855
0 0.324749 0.310406 0.036432 0.042328
0 0.557789 0.577601 0.040201 0.047619
0 0.326633 0.485891 0.037688 0.044092
0 0.559673 0.529982 0.036432 0.047619
0 0.616834 0.263668 0.035176 0.044092
0 0.790829 0.399471 0.041457 0.047619
0 0.206030 0.221340 0.035176 0.044092
0 0.732412 0.395944 0.037688 0.047619
0 0.322864 0.578483 0.037688 0.045855
0 0.731156 0.173721 0.037688 0.044092
0 0.616834 0.444444 0.035176 0.045855
0 0.847362 0.399471 0.036432 0.044092
0 0.790201 0.173721 0.037688 0.044092
0 0.673367 0.352734 0.035176 0.042328
0 0.382538 0.485009 0.038945 0.042328
0 0.207286 0.401235 0.040201 0.047619
0 0.324749 0.399471 0.036432 0.044092
0 0.324749 0.355379 0.038945 0.047619
0 0.731156 0.266314 0.037688 0.045855
0 0.383166 0.217813 0.037688 0.047619
0 0.207915 0.123457 0.038945 0.052910
0 0.848618 0.261905 0.036432 0.051146
0 0.207915 0.172840 0.038945 0.049383
0 0.559045 0.351852 0.037688 0.047619
0 0.732412 0.311287 0.037688 0.044092
0 0.091080 0.353616 0.041457 0.047619
0 0.265075 0.266314 0.037688 0.042328
0 0.790829 0.306878 0.036432 0.049383
0 0.207286 0.576720 0.040201 0.042328
0 0.440327 0.218695 0.036432 0.042328
0 0.674623 0.443563 0.035176 0.044092
0 0.207915 0.307760 0.038945 0.044092
0 0.558417 0.171958 0.038945 0.047619
0 0.383166 0.311287 0.037688 0.044092
0 0.267588 0.355379 0.037688 0.044092
0 0.266332 0.307760 0.037688 0.044092
0 0.325377 0.529982 0.040201 0.047619
0 0.383794 0.172840 0.036432 0.045855
0 0.382538 0.355379 0.036432 0.044092
0 0.147613 0.265432 0.036432 0.047619
0 0.266332 0.219577 0.037688 0.051146
0 0.674623 0.399471 0.035176 0.047619
0 0.207915 0.355379 0.038945 0.047619
