0 0.367558 0.265756 0.037667 0.065126
0 0.646416 0.266807 0.038882 0.058824
0 0.534629 0.321429 0.036452 0.050420
0 0.422843 0.265756 0.036452 0.060924
0 0.423451 0.700630 0.040097 0.056723
0 0.590522 0.321429 0.036452 0.054622
0 0.813487 0.265756 0.037667 0.056723
0 0.758809 0.322479 0.037667 0.052521
0 0.423451 0.757353 0.037667 0.052521
0 0.310450 0.807773 0.040097 0.060924
0 0.535237 0.264706 0.035237 0.058824
0 0.310450 0.320378 0.035237 0.052521
0 0.367558 0.754202 0.037667 0.054622
0 0.195626 0.268908 0.036452 0.054622
0 0.140948 0.814076 0.036452 0.060924
0 0.310450 0.266807 0.035237 0.058824
0 0.648846 0.700630 0.034022 0.052521
0 0.589307 0.375000 0.036452 0.056723
0 0.367558 0.697479 0.037667 0.058824
0 0.817132 0.694328 0.037667 0.056723
0 0.140948 0.700630 0.038882 0.060924
0 0.813487 0.322479 0.035237 0.052521
0 0.702309 0.320378 0.036452 0.052521
0 0.311665 0.697479 0.035237 0.063025
0 0.253949 0.322479 0.041312 0.056723
0 0.648238 0.752101 0.035237 0.050420
0 0.367558 0.372899 0.037667 0.065126
0 0.310450 0.754202 0.037667 0.050420
0 0.719320 0.752101 0.024301 0.046218
0 0.253949 0.269958 0.038882 0.048319
0 0.870595 0.267857 0.035237 0.052521
0 0.437424 0.535714 0.029162 0.046218
0 0.084447 0.266807 0.040097 0.058824
0 0.758809 0.373950 0.035237 0.050420
0 0.646416 0.321429 0.036452 0.054622
0 0.026124 0.264706 0.040097 0.063025
0 0.479344 0.211134 0.047388 0.048319
0 0.717497 0.802521 0.023086 0.042017
0 0.143378 0.633403 0.029162 0.039916
0 0.815917 0.757353 0.035237 0.044118
0 0.482382 0.377101 0.051033 0.044118
0 0.479951 0.345588 0.046173 0.048319
0 0.478736 0.529412 0.041312 0.054622
0 0.534022 0.377101 0.037667 0.056723
0 0.310450 0.373950 0.040097 0.058824
0 0.082625 0.373950 0.041312 0.058824
0 0.194411 0.321429 0.038882 0.050420
0 0.422843 0.320378 0.036452 0.048319
0 0.140340 0.264706 0.037667 0.058824
0 0.577157 0.534664 0.024301 0.039916
0 0.534629 0.808824 0.036452 0.063025
0 0.411300 0.481092 0.023086 0.046218
0 0.139733 0.321429 0.038882 0.054622
0 0.813487 0.377101 0.035237 0.056723
0 0.869380 0.320378 0.035237 0.052521
0 0.411300 0.586134 0.025516 0.046218
0 0.411300 0.428571 0.025516 0.046218
0 0.717497 0.697479 0.023086 0.046218
0 0.411300 0.535714 0.023086 0.042017
0 0.815917 0.803571 0.035237 0.052521
0 0.717497 0.533613 0.025516 0.046218
0 0.691373 0.696429 0.026731 0.048319
0 0.083232 0.321429 0.037667 0.050420
0 0.028554 0.811975 0.040097 0.056723
0 0.195626 0.373950 0.038882 0.054622
0 0.537060 0.752101 0.034022 0.046218
0 0.423451 0.370798 0.040097 0.056723
0 0.690765 0.750000 0.025516 0.042017
0 0.479344 0.128151 0.047388 0.050420
0 0.069866 0.647059 0.025516 0.054622
0 0.537060 0.696429 0.031592 0.060924
0 0.140340 0.377101 0.035237 0.056723
0 0.367558 0.320378 0.035237 0.044118
0 0.071081 0.483193 0.023086 0.046218
0 0.252734 0.214286 0.038882 0.054622
0 0.140948 0.758403 0.041312 0.054622
0 0.660389 0.535714 0.025516 0.046218
0 0.688943 0.429622 0.021871 0.044118
0 0.027339 0.701681 0.040097 0.054622
0 0.099635 0.756303 0.024301 0.042017
0 0.423451 0.809874 0.040097 0.052521
0 0.411300 0.859244 0.023086 0.042017
0 0.367558 0.804622 0.037667 0.054622
0 0.645200 0.373950 0.036452 0.054622
0 0.578372 0.647059 0.024301 0.042017
0 0.577764 0.426471 0.023086 0.042017
0 0.717497 0.641807 0.023086 0.044118
0 0.927704 0.262605 0.037667 0.046218
0 0.868165 0.372899 0.035237 0.052521
0 0.072296 0.809874 0.025516 0.048319
0 0.027339 0.323529 0.042527 0.050420
0 0.702309 0.371849 0.036452 0.054622
0 0.480559 0.579832 0.030377 0.046218
0 0.411300 0.646008 0.023086 0.044118
0 0.579587 0.699580 0.024301 0.042017
0 0.659781 0.427521 0.021871 0.044118
0 0.097205 0.431723 0.026731 0.048319
0 0.648238 0.803571 0.040097 0.056723
0 0.252734 0.153361 0.041312 0.071429
0 0.608141 0.643908 0.025516 0.039916
0 0.632442 0.535714 0.020656 0.042017
0 0.071081 0.912815 0.025516 0.048319
0 0.026124 0.373950 0.042527 0.058824
0 0.098420 0.588235 0.021871 0.046218
0 0.605711 0.534664 0.023086 0.039916
0 0.069866 0.535714 0.023086 0.042017
0 0.436209 0.481092 0.024301 0.046218
0 0.099635 0.699580 0.024301 0.046218
0 0.608141 0.699580 0.025516 0.042017
0 0.436209 0.429622 0.024301 0.044118
0 0.072296 0.860294 0.025516 0.044118
0 0.926488 0.156513 0.040097 0.065126
0 0.069866 0.701681 0.023086 0.046218
0 0.027339 0.756303 0.040097 0.054622
0 0.577764 0.585084 0.023086 0.044118
0 0.927096 0.319328 0.038882 0.058824
0 0.097205 0.536765 0.024301 0.044118
0 0.069866 0.430672 0.025516 0.046218
0 0.069866 0.588235 0.025516 0.046218
0 0.690158 0.643908 0.026731 0.039916
0 0.604496 0.478992 0.023086 0.042017
0 0.098420 0.482143 0.021871 0.044118
0 0.098420 0.809874 0.021871 0.039916
0 0.633657 0.424370 0.020656 0.037815
0 0.716889 0.429622 0.021871 0.044118
0 0.718712 0.589286 0.025516 0.048319
0 0.691373 0.588235 0.024301 0.050420
0 0.659781 0.480042 0.021871 0.048319
0 0.688943 0.477941 0.021871 0.039916
0 0.605103 0.427521 0.021871 0.039916
0 0.012758 0.429622 0.025516 0.044118
0 0.438639 0.585084 0.026731 0.039916
0 0.411300 0.906513 0.025516 0.044118
0 0.013366 0.486345 0.024301 0.048319
0 0.716889 0.476891 0.021871 0.042017
0 0.606926 0.592437 0.023086 0.046218
0 0.438639 0.643908 0.024301 0.052521
0 0.040705 0.431723 0.025516 0.048319
0 0.071081 0.755252 0.023086 0.039916
0 0.098420 0.859244 0.021871 0.042017
0 0.438032 0.856092 0.023086 0.039916
0 0.099028 0.964286 0.023086 0.042017
0 0.099028 0.912815 0.023086 0.044118
0 0.690158 0.534664 0.021871 0.039916
0 0.041312 0.483193 0.024301 0.042017
0 0.478736 0.084034 0.051033 0.042017
0 0.577764 0.480042 0.023086 0.048319
0 0.632442 0.478992 0.020656 0.042017
0 0.098420 0.644958 0.021871 0.050420
0 0.072296 0.963235 0.023086 0.039916
0 0.494532 0.855042 0.024301 0.033613
0 0.478736 0.172269 0.051033 0.037815
0 0.479951 0.297269 0.051033 0.052521
0 0.661604 0.590336 0.023086 0.046218
0 0.438639 0.905462 0.024301 0.037815
0 0.926488 0.213235 0.040097 0.048319
0 0.478736 0.256303 0.048603 0.042017
0 0.761239 0.804622 0.037667 0.058824
0 0.195626 0.211134 0.036452 0.060924
0 0.590522 0.264706 0.036452 0.058824
0 0.870595 0.212185 0.037667 0.058824
0 0.758809 0.695378 0.035237 0.058824
0 0.758202 0.265756 0.036452 0.056723
0 0.701094 0.265756 0.036452 0.056723
0 0.760024 0.753151 0.035237 0.052521
0 0.478736 0.475840 0.043742 0.056723
