0 0.106548 0.157459 0.039286 0.049724
0 0.495238 0.313996 0.045238 0.034991
0 0.497024 0.345304 0.046429 0.038674
0 0.495833 0.237569 0.046429 0.033149
0 0.880357 0.201657 0.039286 0.027624
0 0.497024 0.089319 0.046429 0.034991
0 0.495833 0.519337 0.034524 0.036832
0 0.495833 0.127072 0.048810 0.036832
0 0.495833 0.164825 0.048810 0.031308
0 0.935714 0.526703 0.030952 0.044199
0 0.495833 0.199816 0.046429 0.046041
0 0.603571 0.297422 0.035714 0.046041
0 0.935119 0.297422 0.036905 0.042357
0 0.495238 0.274401 0.045238 0.047882
0 0.550595 0.202578 0.034524 0.036832
0 0.217857 0.204420 0.035714 0.044199
0 0.050595 0.205341 0.036905 0.042357
0 0.275000 0.205341 0.035714 0.042357
0 0.769048 0.300184 0.035714 0.044199
0 0.658333 0.344383 0.035714 0.044199
0 0.658333 0.296501 0.035714 0.047882
0 0.823214 0.202578 0.036905 0.051565
0 0.273810 0.154696 0.035714 0.058932
0 0.329167 0.104052 0.036905 0.049724
0 0.217857 0.252302 0.038095 0.051565
0 0.603571 0.344383 0.035714 0.047882
0 0.603571 0.392265 0.035714 0.047882
0 0.604167 0.202578 0.036905 0.051565
0 0.935119 0.484346 0.039286 0.044199
0 0.494048 0.430018 0.042857 0.046041
0 0.442262 0.252302 0.036905 0.047882
0 0.329167 0.252302 0.034524 0.047882
0 0.385119 0.252302 0.039286 0.047882
0 0.050595 0.252302 0.039286 0.051565
0 0.441071 0.199816 0.034524 0.053407
0 0.385714 0.104972 0.040476 0.051565
0 0.659524 0.104972 0.035714 0.047882
0 0.935119 0.392265 0.039286 0.044199
0 0.384524 0.154696 0.038095 0.044199
0 0.935119 0.204420 0.036905 0.044199
0 0.713095 0.344383 0.040476 0.047882
0 0.108929 0.104972 0.039286 0.051565
0 0.162500 0.204420 0.036905 0.044199
0 0.657143 0.392265 0.038095 0.044199
0 0.935119 0.436464 0.039286 0.047882
0 0.329167 0.154696 0.036905 0.047882
0 0.275000 0.252302 0.038095 0.051565
0 0.714286 0.247698 0.035714 0.049724
0 0.714286 0.294659 0.038095 0.051565
0 0.767857 0.201657 0.040476 0.049724
0 0.163690 0.104972 0.039286 0.051565
0 0.879167 0.250460 0.039286 0.055249
0 0.051786 0.154696 0.039286 0.058932
0 0.106548 0.256906 0.036905 0.049724
0 0.658333 0.252302 0.038095 0.044199
0 0.494643 0.476980 0.041667 0.047882
0 0.658333 0.204420 0.038095 0.047882
0 0.658333 0.154696 0.035714 0.047882
0 0.162500 0.252302 0.039286 0.051565
0 0.935119 0.154696 0.039286 0.051565
0 0.603571 0.252302 0.038095 0.044199
0 0.549405 0.252302 0.039286 0.051565
0 0.823214 0.252302 0.036905 0.051565
0 0.769048 0.252302 0.035714 0.051565
0 0.549405 0.154696 0.036905 0.058932
0 0.769048 0.347145 0.038095 0.046041
0 0.935119 0.344383 0.039286 0.047882
0 0.769048 0.154696 0.038095 0.047882
0 0.879167 0.154696 0.039286 0.058932
0 0.934524 0.104972 0.040476 0.051565
0 0.768452 0.104972 0.039286 0.051565
0 0.162500 0.156538 0.039286 0.047882
0 0.935119 0.252302 0.039286 0.051565
0 0.107738 0.207182 0.041667 0.049724
0 0.330357 0.205341 0.039286 0.049724
0 0.385714 0.205341 0.040476 0.049724
