0 0.2707070707070707 0.9667250437828371 0.06868686868686882 0.05604203152364273
0 0.17272727272727278 0.4772329246935202 0.07474747474747484 0.05078809106830123
0 0.9232323232323232 0.9168126094570928 0.06868686868686869 0.04378283712784581
0 0.8262626262626263 0.9649737302977233 0.06060606060606055 0.045534150612959734
0 0.9232323232323232 0.9623467600700526 0.07272727272727264 0.05078809106830129
0 0.1707070707070707 0.1882661996497373 0.07474747474747476 0.03677758318739052
0 0.17272727272727278 0.33012259194395793 0.07474747474747484 0.04028021015761829
0 0.3616161616161616 0.9220665499124343 0.06464646464646462 0.04378283712784592
0 0.9272727272727272 0.8721541155866901 0.06464646464646462 0.045534150612959734
0 0.45656565656565656 0.9649737302977233 0.06868686868686869 0.0525394045534151
0 0.3616161616161616 0.9649737302977233 0.06464646464646462 0.045534150612959734
0 0.7363636363636363 0.9667250437828372 0.06666666666666665 0.045534150612959734
0 0.2666666666666667 0.8756567425569177 0.06868686868686857 0.0525394045534151
0 0.3616161616161616 0.8747810858143608 0.06868686868686869 0.05078809106830118
0 0.5474747474747474 0.9194395796847636 0.06464646464646462 0.045534150612959734
0 0.7363636363636363 0.9194395796847636 0.06666666666666665 0.045534150612959734
0 0.6454545454545455 0.9684763572679509 0.06666666666666676 0.04903677758318736
0 0.8282828282828283 0.873029772329247 0.06464646464646462 0.05078809106830118
0 0.6464646464646464 0.873029772329247 0.06060606060606066 0.05078809106830118
0 0.7383838383838384 0.873029772329247 0.06666666666666665 0.05078809106830118
0 0.45656565656565656 0.8747810858143608 0.06464646464646462 0.05078809106830118
0 0.5494949494949495 0.967600700525394 0.06868686868686869 0.04728546409807355
0 0.5464646464646464 0.8756567425569177 0.06262626262626259 0.0525394045534151
0 0.4545454545454546 0.9203152364273205 0.06060606060606061 0.04028021015761829
0 0.5686868686868687 0.8292469352014011 0.03838383838383841 0.03677758318739055
0 0.47373737373737373 0.830122591943958 0.03838383838383841 0.035026269702276736
0 0.1686868686868687 0.25919439579684767 0.0787878787878788 0.04203152364273205
0 0.17474747474747476 0.40017513134851135 0.07474747474747476 0.033274956217162865
0 0.7575757575757576 0.830122591943958 0.036363636363636376 0.035026269702276736
0 0.17272727272727278 0.29772329246935203 0.07474747474747484 0.035026269702276736
0 0.9474747474747475 0.8292469352014011 0.04040404040404044 0.03677758318739055
0 0.17272727272727273 0.15411558669001751 0.0787878787878788 0.03502626970227671
0 0.8515151515151516 0.8292469352014011 0.0383838383838383 0.03677758318739055
0 0.3808080808080808 0.8292469352014011 0.04242424242424242 0.03677758318739055
0 0.17474747474747476 0.37040280210157617 0.07474747474747476 0.033274956217162865
0 0.19494949494949493 0.7845884413309983 0.0383838383838386 0.035026269702276736
0 0.8292929292929293 0.9211908931698773 0.06262626262626259 0.045534150612959734
0 0.28686868686868683 0.830122591943958 0.04040404040404039 0.035026269702276736
0 0.1707070707070707 0.2224168126094571 0.07474747474747476 0.03152364273204905
0 0.6444444444444444 0.9211908931698773 0.06464646464646473 0.045534150612959734
0 0.6636363636363636 0.830122591943958 0.042424242424242364 0.035026269702276736
