0 0.120244 0.825145 0.040740 0.043208
0 0.564086 0.684545 0.042274 0.044977
0 0.347121 0.831031 0.042056 0.043459
0 0.695967 0.928813 0.040305 0.040172
0 0.237280 0.810062 0.043807 0.046746
0 0.643348 0.918768 0.040305 0.040172
0 0.478482 0.890414 0.039870 0.037137
0 0.363231 0.723391 0.040305 0.040172
0 0.256641 0.665618 0.040305 0.040172
0 0.832150 0.775483 0.045122 0.046997
0 0.367269 0.280519 0.038327 0.044224
0 0.727311 0.714925 0.038990 0.039921
0 0.117857 0.422371 0.035924 0.036383
0 0.493934 0.782648 0.041176 0.046244
0 0.706962 0.856842 0.041403 0.038906
0 0.421730 0.697133 0.038554 0.036886
0 0.320477 0.606852 0.037457 0.038152
0 0.650620 0.849205 0.039652 0.035619
0 0.851955 0.637360 0.045122 0.046997
0 0.246852 0.738599 0.041621 0.040424
0 0.667497 0.740931 0.039870 0.037137
0 0.782125 0.728508 0.042056 0.043459
0 0.155387 0.575337 0.041838 0.041941
0 0.241846 0.773509 0.041621 0.040424
0 0.529418 0.224149 0.031760 0.034112
0 0.549427 0.390923 0.045122 0.046997
0 0.488820 0.818317 0.037457 0.038152
0 0.509826 0.676526 0.038990 0.039921
0 0.122422 0.385817 0.041176 0.046244
0 0.531866 0.899826 0.044904 0.045479
0 0.160175 0.541945 0.041403 0.038906
0 0.648572 0.882341 0.040740 0.043208
0 0.410625 0.769863 0.040305 0.040172
0 0.416284 0.730400 0.040740 0.043208
0 0.301464 0.343587 0.040305 0.040172
0 0.781266 0.319787 0.042491 0.046495
0 0.524843 0.571796 0.042926 0.049531
0 0.261429 0.632225 0.040740 0.043208
0 0.657050 0.813787 0.040740 0.043208
0 0.820410 0.442654 0.042056 0.043459
0 0.860206 0.560967 0.044687 0.043961
0 0.290800 0.417961 0.040305 0.040172
0 0.520387 0.607590 0.039652 0.035619
0 0.865430 0.524539 0.044687 0.043961
0 0.786033 0.691829 0.044687 0.043961
0 0.276881 0.524460 0.041176 0.046244
0 0.108177 0.494593 0.043154 0.042193
0 0.603116 0.803491 0.040740 0.043208
0 0.548199 0.795347 0.044469 0.042444
0 0.388694 0.545805 0.040305 0.040172
0 0.499157 0.746220 0.040305 0.040172
0 0.296877 0.785574 0.042491 0.046495
0 0.357785 0.756657 0.038990 0.039921
0 0.701190 0.892385 0.040740 0.043208
0 0.846406 0.676065 0.047100 0.042946
0 0.541660 0.831523 0.041838 0.041941
0 0.776901 0.764936 0.044687 0.043961
0 0.312770 0.679451 0.040305 0.040172
0 0.815404 0.477564 0.042056 0.043459
0 0.722088 0.751353 0.042491 0.046495
0 0.341897 0.867459 0.042056 0.043459
0 0.285468 0.455147 0.037457 0.038152
0 0.359344 0.354636 0.040305 0.040172
0 0.138310 0.275016 0.040305 0.040172
0 0.471119 0.338549 0.037239 0.036635
0 0.514614 0.643134 0.039425 0.042957
0 0.675757 0.673896 0.037674 0.039670
0 0.871202 0.488995 0.043154 0.042193
0 0.411636 0.366958 0.040523 0.041690
0 0.831405 0.370682 0.043154 0.042193
0 0.662273 0.777359 0.040740 0.043208
0 0.174970 0.434053 0.040088 0.038655
0 0.280789 0.487781 0.040305 0.040172
0 0.597676 0.841437 0.040740 0.043208
0 0.266543 0.596556 0.040958 0.044726
0 0.887198 0.377435 0.043807 0.046746
0 0.201413 0.249637 0.040740 0.043208
0 0.717543 0.382473 0.038110 0.042706
0 0.767243 0.431724 0.040523 0.041690
0 0.316677 0.642772 0.041176 0.046244
0 0.431410 0.624911 0.040523 0.041690
0 0.552433 0.756391 0.042491 0.046495
0 0.162659 0.505773 0.045122 0.046997
0 0.302758 0.749272 0.043371 0.043710
0 0.535181 0.499699 0.036141 0.037901
0 0.810181 0.513992 0.041621 0.040424
0 0.196847 0.286191 0.041621 0.040424
0 0.770058 0.397956 0.041403 0.038906
0 0.373242 0.653571 0.040740 0.043208
0 0.439774 0.552437 0.038990 0.039921
0 0.567559 0.650902 0.038337 0.035368
0 0.854983 0.597394 0.044687 0.043961
0 0.271657 0.560888 0.040305 0.040172
0 0.103502 0.531905 0.045122 0.046997
0 0.775498 0.360010 0.042274 0.044977
0 0.426186 0.661339 0.040958 0.044726
0 0.711885 0.421936 0.041176 0.046244
0 0.345940 0.429266 0.040088 0.038655
0 0.557656 0.719963 0.041621 0.040424
0 0.169524 0.467320 0.044469 0.042444
0 0.460781 0.410646 0.040523 0.041690
0 0.405511 0.805532 0.040523 0.041690
0 0.129723 0.344328 0.043589 0.045228
0 0.530175 0.534609 0.038772 0.038404
0 0.731990 0.682292 0.041403 0.038906
0 0.712294 0.819655 0.042491 0.046495
0 0.113069 0.455763 0.044687 0.043961
0 0.364567 0.318208 0.038110 0.042706
0 0.607356 0.769215 0.041838 0.041941
0 0.757231 0.501545 0.040088 0.038655
0 0.261885 0.223756 0.043807 0.046746
0 0.354866 0.795864 0.041838 0.041941
0 0.613128 0.733671 0.040305 0.040172
0 0.451650 0.483753 0.040088 0.038655
0 0.402613 0.439306 0.040305 0.040172
0 0.476342 0.302121 0.038545 0.045742
0 0.383906 0.579197 0.040305 0.040172
0 0.836515 0.330334 0.045557 0.050033
0 0.791147 0.656160 0.044469 0.042444
0 0.326906 0.571435 0.041176 0.046244
0 0.701547 0.494033 0.040088 0.038655
0 0.418174 0.330781 0.040958 0.044726
0 0.396401 0.473206 0.037892 0.041188
0 0.503945 0.712828 0.040740 0.043208
0 0.647722 0.482978 0.040740 0.043208
0 0.367361 0.689873 0.042056 0.043459
0 0.618351 0.697243 0.043807 0.046746
0 0.444998 0.516009 0.041621 0.040424
0 0.824540 0.409136 0.040740 0.043208
0 0.736447 0.646497 0.040740 0.043208
0 0.235991 0.409057 0.042056 0.043459
0 0.519525 0.302568 0.030236 0.023487
0 0.523977 0.262094 0.037457 0.038152
0 0.523125 0.286882 0.027388 0.021467
0 0.593789 0.472682 0.043807 0.046746
0 0.423724 0.292076 0.041176 0.046244
0 0.392493 0.509885 0.040523 0.041690
0 0.296241 0.380015 0.041176 0.046244
0 0.637385 0.555075 0.040523 0.041690
0 0.747225 0.576044 0.042274 0.044977
0 0.582027 0.545287 0.040740 0.043208
0 0.796697 0.617455 0.045557 0.050033
0 0.762677 0.468278 0.041838 0.041941
0 0.254253 0.262843 0.042056 0.043459
0 0.561189 0.318318 0.042491 0.046495
0 0.657951 0.411640 0.040740 0.043208
0 0.696433 0.529702 0.040740 0.043208
0 0.663175 0.375213 0.040740 0.043208
0 0.311688 0.267570 0.045557 0.050033
0 0.454574 0.449225 0.044687 0.043961
0 0.651522 0.447058 0.043154 0.042193
0 0.687410 0.602050 0.040523 0.041690
0 0.609241 0.364917 0.037674 0.039670
0 0.545519 0.427602 0.038990 0.039921
0 0.465896 0.374977 0.041176 0.046244
0 0.377041 0.617651 0.040523 0.041690
0 0.597588 0.436762 0.040523 0.041690
0 0.588566 0.509110 0.040740 0.043208
0 0.352479 0.393090 0.040958 0.044726
0 0.246438 0.336201 0.045122 0.046997
0 0.642826 0.517129 0.040523 0.041690
0 0.691209 0.566130 0.040740 0.043208
0 0.628689 0.625146 0.040523 0.041690
0 0.632161 0.591503 0.040523 0.041690
0 0.502431 0.412359 0.033936 0.049291
0 0.509400 0.368468 0.037882 0.050044
0 0.623466 0.661574 0.040523 0.041690
0 0.741893 0.613231 0.041621 0.040424
0 0.752117 0.537214 0.040740 0.043208
0 0.613807 0.328363 0.042056 0.043459
0 0.436633 0.588483 0.040958 0.044726
0 0.142875 0.238462 0.045122 0.046997
0 0.407619 0.404396 0.040740 0.043208
0 0.186401 0.359046 0.042491 0.046495
0 0.307019 0.309561 0.041838 0.041941
0 0.601496 0.400083 0.040523 0.041690
0 0.668833 0.335749 0.041176 0.046244
0 0.682622 0.635442 0.040523 0.041690
0 0.207294 0.213335 0.042491 0.046495
0 0.336038 0.498328 0.040740 0.043208
0 0.572238 0.618268 0.041621 0.040424
0 0.340826 0.464935 0.040305 0.040172
0 0.251112 0.298889 0.040523 0.041690
0 0.241214 0.372629 0.042056 0.043459
0 0.708966 0.461143 0.040523 0.041690
0 0.578228 0.581207 0.043589 0.045228
0 0.881540 0.416898 0.043371 0.043710
0 0.539855 0.462387 0.041176 0.046244
0 0.805284 0.548143 0.042709 0.048013
0 0.591463 0.875337 0.040523 0.041690
0 0.287306 0.857037 0.043371 0.043710
0 0.670969 0.707288 0.040305 0.040172
0 0.401381 0.839050 0.035706 0.034866
0 0.074566 0.743135 0.042491 0.046495
0 0.144718 0.645031 0.040958 0.044726
0 0.332130 0.535007 0.040305 0.040172
0 0.069016 0.781839 0.044904 0.045479
0 0.094257 0.601092 0.040523 0.041690
0 0.088485 0.636636 0.044687 0.043961
0 0.537639 0.864282 0.040305 0.040172
0 0.876316 0.453326 0.040740 0.043208
0 0.536184 0.195812 0.030889 0.028041
0 0.587664 0.911257 0.039870 0.037137
0 0.307982 0.712844 0.040305 0.040172
0 0.062586 0.817257 0.044687 0.043961
0 0.079898 0.705948 0.044469 0.042444
0 0.291763 0.821243 0.041838 0.041941
0 0.134712 0.719531 0.042274 0.044977
0 0.099594 0.568584 0.041621 0.040424
0 0.134511 0.310936 0.040088 0.038655
0 0.252733 0.702297 0.043371 0.043710
0 0.837809 0.736019 0.042056 0.043459
0 0.127218 0.785933 0.043807 0.046746
0 0.802251 0.583430 0.038346 0.026512
0 0.150708 0.607970 0.041621 0.040424
0 0.556074 0.353987 0.039662 0.026763
0 0.180084 0.398384 0.040740 0.043208
0 0.483705 0.853986 0.041176 0.046244
0 0.395717 0.873835 0.038327 0.044224
0 0.139604 0.680700 0.040305 0.040172
0 0.716973 0.787022 0.039662 0.026763
0 0.849946 0.707928 0.040968 0.035870
0 0.084355 0.670153 0.039870 0.037137
0 0.190417 0.321608 0.036141 0.037901
0 0.722989 0.349206 0.040315 0.031317
0 0.129266 0.752797 0.040977 0.027014
