0 0.9059107358262968 0.7585278276481149 0.024125452352231624 0.037701974865350096
0 0.939686369119421 0.7989228007181328 0.024125452352231513 0.032315978456014416
0 0.09469240048250906 0.6166965888689407 0.022919179734620043 0.04129263913824066
0 0.6580217129071171 0.3931777378815081 0.020506634499396825 0.03231597845601436
0 0.09469240048250906 0.570915619389587 0.022919179734620043 0.03231597845601453
0 0.43305186972255727 0.7594254937163376 0.02412545235223157 0.03949730700179532
0 0.9662243667068757 0.8456014362657092 0.024125452352231624 0.03949730700179532
0 0.09650180940892641 0.7127468581687613 0.02653799758745476 0.03949730700179532
0 0.4324487334137515 0.8904847396768403 0.02533172496984315 0.03949730700179532
0 0.09589867310012062 0.6642728904847397 0.025331724969843178 0.03949730700179532
0 0.9662243667068757 0.7998204667863554 0.024125452352231624 0.03770197486535021
0 0.45958986731001206 0.9389587073608618 0.024125452352231624 0.03949730700179532
0 0.3914354644149578 0.7154398563734292 0.03980699638118218 0.05206463195691191
0 0.4601930036188179 0.7594254937163376 0.022919179734620043 0.03590664272890487
0 0.40470446320868514 0.4371633752244165 0.022919179734620043 0.04129263913824055
0 0.5048250904704463 0.09605026929982047 0.051869722557297826 0.04129263913824058
0 0.45898673100120624 0.8913824057450628 0.022919179734620043 0.04129263913824055
0 0.09589867310012062 0.526032315978456 0.02291917973462 0.032315978456014305
0 0.8799758745476478 0.25673249551166966 0.0229191797346201 0.03231597845601439
0 0.503015681544029 0.2800718132854578 0.04825090470446325 0.03949730700179532
0 0.9644149577804584 0.5278276481149013 0.02533172496984326 0.03590664272890487
0 0.6833534378769601 0.4380610412926391 0.02533172496984315 0.035906642728904814
0 0.8811821471652593 0.7576301615798923 0.022919179734619988 0.03590664272890476
0 0.12424607961399278 0.6669658886894074 0.026537997587454745 0.04129263913824077
0 0.4324487334137515 0.800718132854578 0.02533172496984315 0.03590664272890487
0 0.12484921592279855 0.7594254937163376 0.025331724969843192 0.03949730700179532
0 0.09589867310012062 0.3913824057450629 0.02291917973462 0.03231597845601436
0 0.8811821471652593 0.7998204667863554 0.022919179734619988 0.03770197486535021
0 0.7955367913148372 0.4362657091561939 0.02533172496984315 0.03949730700179532
0 0.4463208685162847 0.7154398563734291 0.041013268998793706 0.04847396768402157
0 0.09650180940892641 0.43357271095152605 0.024125452352231597 0.037701974865350096
0 0.40470446320868514 0.39138240574506283 0.025331724969843206 0.03590664272890487
0 0.2647768395657419 0.7585278276481149 0.022919179734619988 0.037701974865350096
0 0.1230398069963812 0.4371633752244165 0.024125452352231583 0.04129263913824055
0 0.12364294330518696 0.6193895870736086 0.027744270205066354 0.03949730700179521
0 0.23582629674306393 0.3922800718132855 0.022919179734620043 0.03411131059245959
0 0.23642943305186973 0.4380610412926391 0.024125452352231624 0.035906642728904814
0 0.9059107358262968 0.303411131059246 0.026537997587454787 0.03949730700179538
0 0.9366706875753921 0.39138240574506283 0.022919179734619988 0.03590664272890487
0 0.20928829915560915 0.4353680430879713 0.022919179734620015 0.037701974865350096
0 0.503015681544029 0.5242369838420107 0.033775633293124274 0.03949730700179532
0 0.5024125452352233 0.20646319569120286 0.04704463208685172 0.046678635547576314
0 0.09770808202653801 0.48204667863554757 0.026537997587454787 0.04129263913824055
0 0.05247285886610374 0.7154398563734291 0.039806996381182146 0.04847396768402157
0 0.3914354644149578 0.34560143626570916 0.03980699638118218 0.052064631956911966
0 0.10916767189384802 0.34560143626570916 0.037394451145958976 0.04847396768402157
0 0.9372738238841978 0.48204667863554757 0.024125452352231513 0.037701974865350096
0 0.6562123039806996 0.4362657091561939 0.02171290711700835 0.03590664272890487
0 0.2207478890229192 0.7163375224416517 0.041013268998793734 0.05385996409335714
0 0.9632086851628467 0.4353680430879713 0.0229191797346201 0.037701974865350096
0 0.8516284680337756 0.3043087971274686 0.021712907117008462 0.03411131059245959
0 0.1646562123039807 0.7163375224416517 0.03498190591073583 0.04667863554757634
0 0.12364294330518699 0.5269299820466786 0.025331724969843164 0.037701974865350096
0 0.9499396863691194 0.710951526032316 0.039806996381182125 0.04667863554757623
0 0.22255729794933654 0.6678635547576302 0.03739445114595899 0.04667863554757634
0 0.05307599517490953 0.2989228007181328 0.0361881785283474 0.04488330341113106
0 0.8244873341375151 0.3043087971274686 0.022919179734619988 0.03411131059245959
0 0.7955367913148372 0.39497307001795334 0.02533172496984315 0.035906642728904814
0 0.9644149577804584 0.39407540394973073 0.022919179734619988 0.03411131059245959
0 0.850422195416164 0.2594254937163375 0.024125452352231624 0.03770197486535007
0 0.16586248492159228 0.3473967684021544 0.03739445114595896 0.04847396768402151
0 0.7273823884197829 0.7127468581687613 0.0386007237635706 0.05745062836624781
0 0.7834740651387213 0.7127468581687613 0.039806996381182125 0.04667863554757612
0 0.16706875753920386 0.2513464991023339 0.039806996381182125 0.05026929982046677
0 0.27744270205066346 0.6678635547576302 0.03618817852834744 0.04667863554757634
0 0.9493365500603137 0.663375224416517 0.03860072376357049 0.044883303411131004
0 0.4457177322074789 0.6678635547576302 0.039806996381182125 0.04667863554757634
0 0.9366706875753921 0.4371633752244165 0.027744270205066313 0.04129263913824055
0 0.27744270205066346 0.6149012567324955 0.0386007237635706 0.05206463195691202
0 0.6139927623642943 0.21005385996409337 0.036188178528347326 0.046678635547576314
0 0.109167671893848 0.3007181328545781 0.03498190591073583 0.044883303411131115
0 0.9493365500603137 0.34919210053859967 0.03618817852834744 0.044883303411131004
0 0.9662243667068757 0.48114901256732495 0.026537997587454787 0.03590664272890487
0 0.8944511459589868 0.7091561938958707 0.03739445114595907 0.050269299820466795
0 0.3341375150784077 0.6669658886894076 0.03618817852834744 0.044883303411131226
0 0.16586248492159228 0.6669658886894075 0.0349819059107358 0.04847396768402157
0 0.21049457177322073 0.39138240574506283 0.025331724969843178 0.03949730700179532
0 0.10916767189384802 0.25224416517055653 0.03980699638118214 0.04847396768402154
0 0.6706875753920386 0.7136445242369839 0.0386007237635706 0.05206463195691202
0 0.05307599517490953 0.6193895870736086 0.04101326899879373 0.05385996409335714
0 0.6833534378769601 0.39497307001795334 0.02533172496984315 0.035906642728904814
0 0.39022919179734616 0.6687612208258527 0.03739445114595902 0.044883303411131226
0 0.05307599517490953 0.6687612208258528 0.03860072376357057 0.04847396768402157
0 0.16586248492159228 0.618491921005386 0.0349819059107358 0.05206463195691202
0 0.7822677925211098 0.6669658886894076 0.03739445114595896 0.044883303411131226
0 0.22195416164053078 0.2971274685816876 0.03618817852834741 0.041292639138240606
0 0.5591073582629674 0.3007181328545781 0.03739445114595896 0.044883303411131115
0 0.4457177322074789 0.6193895870736086 0.039806996381182125 0.050269299820466795
0 0.05247285886610374 0.34560143626570916 0.042219541616405315 0.04847396768402157
0 0.7273823884197829 0.6166965888689409 0.0386007237635706 0.05206463195691191
0 0.6706875753920386 0.3500897666068223 0.0386007237635706 0.050269299820466795
0 0.8377563329312425 0.7136445242369839 0.039806996381182125 0.05206463195691202
0 0.27864897466827504 0.30161579892280077 0.03618817852834744 0.04308797127468583
0 0.39022919179734616 0.30161579892280077 0.03739445114595902 0.04308797127468583
0 0.3896260554885404 0.618491921005386 0.03618817852834744 0.055655296229802254
0 0.22255729794933657 0.618491921005386 0.03980699638118218 0.05206463195691202
0 0.22195416164053078 0.3464991023339318 0.04101326899879376 0.050269299820466795
0 0.3341375150784077 0.3007181328545781 0.03618817852834744 0.044883303411131115
0 0.560313630880579 0.25673249551166966 0.0349819059107358 0.043087971274685805
0 0.3341375150784077 0.7154398563734291 0.0386007237635706 0.04847396768402157
0 0.6151990349819059 0.25493716337522443 0.03618817852834744 0.043087971274685805
0 0.05307599517490953 0.2513464991023339 0.04101326899879373 0.05385996409335725
0 0.6706875753920386 0.6651705565529624 0.036188178528347326 0.04847396768402168
0 0.16586248492159228 0.3007181328545781 0.039806996381182125 0.044883303411131115
0 0.838962605548854 0.6678635547576302 0.03739445114595896 0.04667863554757634
0 0.6718938480096501 0.6166965888689409 0.03860072376357049 0.05206463195691191
0 0.22195416164053078 0.25224416517055653 0.03860072376357057 0.04847396768402154
0 0.27744270205066346 0.25224416517055653 0.03618817852834744 0.04847396768402154
0 0.8932448733413751 0.663375224416517 0.03498190591073591 0.044883303411131004
0 0.39022919179734616 0.25224416517055653 0.03739445114595902 0.052064631956911994
0 0.9499396863691194 0.25763016157989227 0.039806996381182125 0.05206463195691202
0 0.9493365500603137 0.6157989228007181 0.03860072376357049 0.050269299820466684
0 0.8932448733413751 0.6149012567324955 0.03739445114595896 0.048473967684021346
0 0.6151990349819059 0.15888689407540396 0.03377563329312416 0.05206463195691202
0 0.3341375150784077 0.3491921005385996 0.03618817852834744 0.05565529622980253
0 0.7822677925211097 0.618491921005386 0.039806996381182125 0.05206463195691202
0 0.7810615199034983 0.3473967684021544 0.039806996381182125 0.05206463195691202
0 0.7810615199034983 0.25583482944344704 0.03739445114595907 0.04847396768402157
0 0.503015681544029 0.43177737881508077 0.04583835946924014 0.05206463195691202
0 0.44813027744270206 0.3007181328545781 0.03739445114595896 0.044883303411131115
0 0.3353437876960193 0.6166965888689409 0.0386007237635706 0.05206463195691191
0 0.6706875753920386 0.25583482944344704 0.036188178528347326 0.04847396768402157
0 0.9499396863691194 0.3043087971274686 0.03739445114595896 0.044883303411131115
0 0.3341375150784077 0.2513464991023339 0.0386007237635706 0.05026929982046677
0 0.6706875753920386 0.3043087971274686 0.036188178528347326 0.044883303411131115
0 0.44813027744270206 0.2513464991023339 0.03739445114595896 0.046678635547576314
0 0.838962605548854 0.6166965888689409 0.03498190591073591 0.05206463195691191
0 0.7249698431845597 0.25583482944344704 0.036188178528347326 0.04847396768402157
0 0.6151990349819059 0.3043087971274686 0.03618817852834744 0.04847396768402151
0 0.7249698431845597 0.3043087971274686 0.036188178528347326 0.044883303411131115
0 0.7249698431845597 0.3509874326750449 0.036188178528347326 0.05206463195691202
0 0.5597104945717732 0.20646319569120286 0.03618817852834744 0.05026929982046677
0 0.503015681544029 0.4802513464991023 0.043425814234016924 0.04847396768402151
0 0.503015681544029 0.2459605026929982 0.04583835946924014 0.03231597845601436
0 0.06513872135102533 0.8913824057450628 0.031363088057901084 0.044883303411131004
0 0.5168878166465621 0.7540394973070018 0.02291917973462021 0.032315978456014305
0 0.4342581423401689 0.9398563734290843 0.02412545235223157 0.037701974865350096
0 0.9390832328106151 0.8438061041292639 0.02533172496984315 0.03590664272890487
0 0.4342581423401689 0.8456014362657092 0.02653799758745473 0.03949730700179532
0 0.06574185765983112 0.7989228007181328 0.030156815440289503 0.03949730700179532
0 0.09589867310012062 0.7576301615798923 0.02291917973462 0.03590664272890476
0 0.8835946924004825 0.8904847396768403 0.02533172496984326 0.03590664272890487
0 0.9384800965018094 0.8913824057450628 0.026537997587454676 0.037701974865350096
0 0.9662243667068757 0.7576301615798924 0.024125452352231624 0.03949730700179532
0 0.06453558504221954 0.7594254937163375 0.025331724969843178 0.032315978456014305
0 0.4034981905910736 0.800718132854578 0.025331724969843206 0.03590664272890487
0 0.9077201447527141 0.803411131059246 0.022919179734619988 0.037701974865350096
0 0.9059107358262968 0.25673249551166966 0.024125452352231624 0.03231597845601439
0 0.45958986731001206 0.7998204667863555 0.024125452352231624 0.034111310592459754
0 0.8522316043425815 0.3464991023339318 0.02533172496984315 0.03590664272890487
0 0.5585042219541616 0.348294434470377 0.03860072376357049 0.035906642728904814
0 0.12424607961399275 0.39138240574506283 0.021712907117008448 0.03590664272890487
0 0.2798552472858866 0.34560143626570916 0.0386007237635706 0.04847396768402157
0 0.8823884197828709 0.8456014362657092 0.02533172496984315 0.03590664272890476
0 0.12364294330518699 0.573608617594255 0.025331724969843164 0.034111310592459754
0 0.939686369119421 0.9398563734290843 0.026537997587454787 0.04129263913824055
0 0.2647768395657419 0.7998204667863554 0.022919179734619988 0.03770197486535021
0 0.27744270205066346 0.7127468581687613 0.0386007237635706 0.04667863554757612
0 0.9089264173703258 0.8922800718132855 0.0229191797346201 0.03590664272890487
0 0.503015681544029 0.3509874326750449 0.04825090470446325 0.037701974865350096
0 0.2925211097708082 0.7998204667863555 0.022919179734619988 0.034111310592459754
0 0.96562123039807 0.9398563734290843 0.02533172496984315 0.037701974865350096
0 0.4016887816646562 0.7576301615798923 0.02895054282267795 0.03590664272890476
0 0.5048250904704463 0.3168761220825853 0.04704463208685172 0.03411131059245959
0 0.5036188178528348 0.17055655296229802 0.05186972255729799 0.03231597845601436
0 0.45355850422195415 0.3491921005385996 0.024125452352231624 0.041292639138240606
0 0.8823884197828709 0.9362657091561939 0.02533172496984315 0.037701974865349985
0 0.8238841978287093 0.25493716337522443 0.024125452352231624 0.03590664272890487
0 0.96562123039807 0.8904847396768403 0.02533172496984315 0.03949730700179532
0 0.2925211097708082 0.7576301615798922 0.022919179734619988 0.032315978456014194
0 0.9384800965018094 0.7540394973070017 0.026537997587454676 0.03590664272890487
0 0.1230398069963812 0.7127468581687613 0.024125452352231583 0.03949730700179532
0 0.503015681544029 0.1355475763016158 0.04825090470446325 0.04129263913824058
