0 0.6501154734411085 0.4605734767025089 0.036951501154734334 0.04301075268817195
0 0.7032332563510393 0.4121863799283154 0.03464203233256358 0.04659498207885304
0 0.5975750577367205 0.1881720430107527 0.03348729792147809 0.04301075268817206
0 0.4913394919168591 0.18369175627240142 0.045034642032332595 0.04480286738351255
0 0.0640877598152425 0.08870967741935484 0.04041570438799076 0.05197132616487456
0 0.651270207852194 0.5510752688172043 0.0323325635103926 0.04121863799283154
0 0.16916859122401848 0.5994623655913979 0.03810623556581988 0.04480286738351258
0 0.16916859122401848 0.41666666666666663 0.035796766743648956 0.044802867383512524
0 0.2222863741339492 0.3709677419354839 0.035796766743648956 0.03942652329749108
0 0.8643187066974596 0.3682795698924731 0.033487297921477976 0.04480286738351258
0 0.4382217090069284 0.4632616487455197 0.03348729792147809 0.04121863799283154
0 0.5456120092378753 0.460573476702509 0.035796766743648956 0.04659498207885304
0 0.7586605080831409 0.23207885304659498 0.03464203233256358 0.04121863799283154
0 0.5444572748267898 0.278673835125448 0.038106235565819935 0.04480286738351258
0 0.5444572748267898 0.32437275985663083 0.038106235565819935 0.043010752688172005
0 0.5450346420323327 0.7329749103942652 0.036951501154734445 0.05017921146953408
0 0.9185912240184757 0.22491039426523296 0.038106235565819824 0.05197132616487454
0 0.9185912240184757 0.2786738351254481 0.038106235565819824 0.04838709677419356
0 0.7020785219399538 0.0842293906810036 0.03464203233256358 0.053763440860215075
0 0.7026558891454966 0.1863799283154122 0.03348729792147809 0.04659498207885304
0 0.2759815242494226 0.6451612903225806 0.03926096997690531 0.05017921146953408
0 0.6501154734411085 0.41666666666666663 0.036951501154734334 0.044802867383512524
0 0.4382217090069284 0.5510752688172043 0.03348729792147809 0.04480286738351247
0 0.8106235565819861 0.3709677419354839 0.03464203233256358 0.043010752688172005
0 0.5450346420323327 0.3682795698924731 0.034642032332563466 0.04480286738351258
0 0.5438799076212472 0.41487455197132617 0.03464203233256358 0.04480286738351258
0 0.22344110854503463 0.8279569892473118 0.03348729792147806 0.05017921146953397
0 0.27713625866050806 0.27598566308243727 0.03233256351039254 0.043010752688172005
0 0.2748267898383372 0.3225806451612903 0.03464203233256352 0.04659498207885304
0 0.6489607390300232 0.278673835125448 0.034642032332563466 0.04480286738351258
0 0.6501154734411085 0.5044802867383512 0.036951501154734334 0.044802867383512635
0 0.27829099307159355 0.08602150537634409 0.03926096997690531 0.05017921146953407
0 0.16916859122401848 0.5528673835125448 0.03810623556581988 0.04480286738351258
0 0.7020785219399538 0.23207885304659498 0.03464203233256358 0.04480286738351255
0 0.27713625866050806 0.18369175627240142 0.03464203233256352 0.04838709677419353
0 0.8654734411085451 0.5044802867383513 0.035796766743648956 0.048387096774193616
0 0.6478060046189377 0.08602150537634409 0.03926096997690531 0.05017921146953407
0 0.8106235565819861 0.22939068100358423 0.036951501154734334 0.05017921146953411
0 0.2759815242494226 0.5528673835125448 0.034642032332563466 0.04480286738351258
0 0.6489607390300232 0.23207885304659498 0.034642032332563466 0.04480286738351255
0 0.16916859122401848 0.31899641577060933 0.03810623556581988 0.04659498207885299
0 0.2759815242494226 0.5976702508960573 0.034642032332563466 0.04121863799283143
0 0.8654734411085451 0.4121863799283154 0.035796766743648956 0.043010752688172005
0 0.11720554272517322 0.13440860215053763 0.03579676674364897 0.05376344086021505
0 0.11720554272517321 0.1881720430107527 0.03810623556581985 0.04659498207885304
0 0.7575057736720554 0.18906810035842292 0.036951501154734445 0.04838709677419353
0 0.22170900692840645 0.5071684587813621 0.034642032332563494 0.043010752688172116
0 0.3302540415704388 0.08602150537634409 0.03464203233256352 0.05376344086021505
0 0.5958429561200924 0.23207885304659498 0.034642032332563466 0.04480286738351255
0 0.7575057736720554 0.3682795698924731 0.034642032332563466 0.04480286738351258
0 0.2222863741339492 0.41397849462365593 0.03348729792147806 0.04659498207885304
0 0.7032332563510393 0.13709677419354838 0.0323325635103926 0.04838709677419355
0 0.43822170900692836 0.5062724014336917 0.03810623556581988 0.04838709677419367
0 0.22170900692840645 0.5994623655913979 0.034642032332563494 0.04480286738351258
0 0.22344110854503463 0.7383512544802867 0.03348729792147806 0.043010752688172005
0 0.8643187066974596 0.32258064516129037 0.033487297921477976 0.04301075268817206
0 0.22170900692840645 0.4605734767025089 0.034642032332563494 0.04301075268817195
0 0.8112009237875288 0.5456989247311828 0.038106235565819824 0.05197132616487454
0 0.8106235565819861 0.28046594982078854 0.03464203233256358 0.04480286738351258
0 0.5456120092378753 0.08602150537634409 0.03348729792147809 0.05376344086021505
0 0.5450346420323327 0.6890681003584229 0.036951501154734445 0.04121863799283154
0 0.2759815242494226 0.4605734767025089 0.036951501154734445 0.04301075268817195
0 0.2759815242494226 0.22939068100358423 0.036951501154734445 0.04659498207885304
0 0.33140877598152424 0.18369175627240142 0.036951501154734445 0.04838709677419353
0 0.16916859122401848 0.278673835125448 0.035796766743648956 0.04121863799283154
0 0.22170900692840645 0.23207885304659498 0.034642032332563494 0.04480286738351255
0 0.8654734411085451 0.4560931899641577 0.035796766743648956 0.04480286738351258
0 0.7551963048498845 0.08602150537634409 0.04157043879907629 0.05376344086021505
0 0.22344110854503466 0.3270609318996416 0.03810623556581988 0.048387096774193505
0 0.8620092378752886 0.13440860215053763 0.038106235565819824 0.046594982078853014
0 0.8637413394919169 0.08154121863799282 0.03926096997690531 0.05197132616487456
0 0.16916859122401845 0.18369175627240142 0.03348729792147806 0.05197132616487457
0 0.6501154734411085 0.3709677419354839 0.036951501154734334 0.043010752688172005
0 0.6489607390300232 0.18548387096774194 0.034642032332563466 0.05197132616487454
0 0.7569284064665127 0.41487455197132617 0.038106235565819935 0.048387096774193505
0 0.16916859122401848 0.3700716845878136 0.03810623556581988 0.04838709677419356
0 0.22344110854503463 0.2786738351254481 0.03579676674364898 0.04838709677419356
0 0.43822170900692836 0.4175627240143369 0.03810623556581988 0.04659498207885304
0 0.651270207852194 0.5949820788530465 0.03926096997690531 0.04659498207885293
0 0.33140877598152424 0.28046594982078854 0.036951501154734445 0.04480286738351258
0 0.2222863741339492 0.6478494623655914 0.035796766743648956 0.04480286738351258
0 0.5964203233256351 0.28046594982078854 0.038106235565819935 0.04838709677419356
0 0.38510392609699773 0.18369175627240142 0.03810623556581988 0.04838709677419353
0 0.5438799076212472 0.6424731182795698 0.03464203233256358 0.048387096774193616
0 0.5975750577367205 0.08602150537634409 0.038106235565819824 0.05376344086021505
0 0.43822170900692836 0.28136200716845877 0.03810623556581988 0.04659498207885304
0 0.3308314087759815 0.13440860215053763 0.03579676674364901 0.046594982078853014
0 0.5051963048498845 0.7410394265232974 0.021939953810623747 0.026881720430107392
0 0.5051963048498845 0.71415770609319 0.021939953810623747 0.026881720430107503
0 0.3308314087759815 0.23207885304659498 0.03810623556581988 0.04838709677419353
0 0.43822170900692836 0.22939068100358423 0.03810623556581988 0.05017921146953411
0 0.7575057736720554 0.32258064516129037 0.036951501154734445 0.04301075268817206
0 0.4924942263279446 0.40949820788530467 0.04272517321016167 0.05197132616487454
0 0.6489607390300232 0.3252688172043011 0.036951501154734445 0.04838709677419356
0 0.5456120092378753 0.1881720430107527 0.038106235565819824 0.04659498207885304
0 0.75635103926097 0.1370967741935484 0.03926096997690531 0.05197132616487454
0 0.2222863741339492 0.13530465949820789 0.03810623556581988 0.055555555555555566
0 0.22344110854503463 0.6917562724014337 0.03579676674364898 0.043010752688172005
0 0.5438799076212472 0.13978494623655913 0.03464203233256358 0.05017921146953405
0 0.2222863741339492 0.553763440860215 0.03810623556581988 0.04659498207885304
0 0.437066974595843 0.3682795698924731 0.03810623556581988 0.05197132616487454
0 0.17032332563510394 0.23207885304659498 0.03579676674364898 0.04480286738351255
0 0.38510392609699773 0.23207885304659498 0.03810623556581988 0.04838709677419353
0 0.38394919168591224 0.13709677419354838 0.038106235565819824 0.04838709677419355
0 0.3856812933025404 0.0842293906810036 0.03926096997690531 0.053763440860215075
0 0.22344110854503463 0.1863799283154122 0.03579676674364898 0.04659498207885304
0 0.437066974595843 0.5994623655913978 0.03810623556581988 0.05197132616487454
0 0.6495381062355658 0.13709677419354838 0.038106235565819824 0.04480286738351255
0 0.2748267898383372 0.41397849462365593 0.03695150115473439 0.04659498207885304
0 0.7575057736720554 0.278673835125448 0.034642032332563466 0.04480286738351258
0 0.2759815242494226 0.3682795698924731 0.036951501154734445 0.04480286738351258
0 0.3308314087759815 0.3270609318996416 0.03810623556581988 0.05197132616487454
0 0.8631639722863741 0.278673835125448 0.035796766743648956 0.04480286738351258
0 0.7043879907621247 0.3655913978494624 0.034642032332563466 0.03942652329749102
0 0.8631639722863742 0.18369175627240142 0.038106235565819824 0.05197132616487457
0 0.06293302540415704 0.18548387096774194 0.03810623556581985 0.05197132616487454
0 0.5456120092378753 0.5940860215053763 0.03348729792147809 0.04121863799283154
0 0.8631639722863741 0.22939068100358423 0.035796766743648956 0.04659498207885304
0 0.22170900692840645 0.7813620071684588 0.034642032332563494 0.043010752688172116
0 0.2754041570438799 0.5044802867383512 0.035796766743648956 0.044802867383512635
0 0.4936489607390301 0.2974910394265233 0.04503464203233265 0.03584229390681004
0 0.4936489607390301 0.3270609318996416 0.04503464203233265 0.037634408602150504
0 0.8100461893764435 0.45878136200716846 0.03348729792147809 0.043010752688172005
0 0.8100461893764435 0.4139784946236559 0.03117782909930711 0.03942652329749102
0 0.49191685912240185 0.45340501792114696 0.04157043879907618 0.032258064516129004
0 0.4924942263279446 0.14695340501792115 0.047344110854503574 0.03225806451612903
0 0.7032332563510393 0.3216845878136201 0.03464203233256358 0.04838709677419356
0 0.2748267898383372 0.6917562724014337 0.03464203233256352 0.043010752688172005
0 0.16916859122401845 0.6433691756272402 0.03348729792147806 0.043010752688172116
0 0.16916859122401845 0.8736559139784945 0.03348729792147806 0.04121863799283154
0 0.8666281755196306 0.9157706093189963 0.038106235565819824 0.04659498207885304
0 0.8666281755196306 0.8691756272401434 0.038106235565819824 0.04659498207885304
0 0.49249422632794454 0.11290322580645162 0.04503464203233254 0.03942652329749104
0 0.2748267898383372 0.8763440860215054 0.03695150115473439 0.05017921146953408
0 0.7043879907621247 0.507168458781362 0.036951501154734445 0.050179211469534135
0 0.9174364896073903 0.32437275985663083 0.038106235565819824 0.043010752688172005
0 0.5450346420323327 0.7840501792114696 0.036951501154734445 0.04480286738351247
0 0.49249422632794454 0.07347670250896057 0.04503464203233254 0.039426523297491044
0 0.06235565819861432 0.32258064516129037 0.03464203233256351 0.04301075268817206
0 0.5450346420323327 0.8279569892473118 0.036951501154734445 0.05017921146953397
0 0.17032332563510394 0.735663082437276 0.03810623556581985 0.04480286738351258
0 0.5444572748267898 0.5017921146953406 0.038106235565819935 0.03584229390681004
0 0.49249422632794454 0.21953405017921146 0.04503464203233254 0.03405017921146955
0 0.7043879907621247 0.460573476702509 0.034642032332563466 0.04659498207885304
0 0.16916859122401848 0.7813620071684588 0.03810623556581988 0.05017921146953397
0 0.062355658198614314 0.4659498207885304 0.039260969976905306 0.04301075268817206
0 0.0617782909930716 0.3682795698924731 0.03810623556581986 0.05197132616487454
0 0.5456120092378753 0.5483870967741935 0.038106235565819824 0.05017921146953397
0 0.2759815242494226 0.7329749103942651 0.034642032332563466 0.043010752688171894
0 0.865473441108545 0.5528673835125448 0.038106235565819824 0.048387096774193505
0 0.8100461893764435 0.32437275985663083 0.035796766743648956 0.05017921146953408
0 0.16916859122401848 0.6917562724014337 0.03810623556581988 0.04659498207885304
0 0.5444572748267898 0.8718637992831542 0.038106235565819935 0.04480286738351247
0 0.8654734411085451 0.5967741935483871 0.035796766743648956 0.03942652329749108
0 0.8660508083140878 0.7329749103942651 0.03464203233256358 0.043010752688171894
0 0.5975750577367206 0.1370967741935484 0.035796766743648956 0.05197132616487454
0 0.5456120092378753 0.9211469534050178 0.038106235565819824 0.05376344086021512
0 0.8677829099307159 0.8279569892473118 0.035796766743648956 0.043010752688172116
0 0.16916859122401848 0.5071684587813621 0.03810623556581988 0.04659498207885304
0 0.16916859122401848 0.9202508960573477 0.03810623556581988 0.051971326164874654
0 0.43937644341801385 0.3216845878136201 0.035796766743648956 0.03405017921146952
0 0.865473441108545 0.6890681003584229 0.03348729792147809 0.04480286738351258
0 0.8666281755196306 0.7795698924731183 0.038106235565819824 0.04659498207885304
0 0.865473441108545 0.6406810035842294 0.038106235565819824 0.04480286738351269
0 0.27829099307159355 0.9229390681003584 0.03695150115473439 0.043010752688172005
0 0.062355658198614314 0.5116487455197133 0.039260969976905306 0.04838709677419356
0 0.27713625866050806 0.7795698924731183 0.03464203233256352 0.043010752688172116
0 0.0617782909930716 0.22939068100358423 0.035796766743648956 0.03942652329749102
0 0.5456120092378753 0.23476702508960573 0.035796766743648956 0.04301075268817203
0 0.062355658198614314 0.41935483870967744 0.039260969976905306 0.04659498207885304
0 0.06293302540415704 0.27598566308243727 0.03810623556581985 0.05017921146953408
0 0.16916859122401848 0.8297491039426523 0.03810623556581988 0.04659498207885304
0 0.27713625866050806 0.13440860215053763 0.03233256351039254 0.043010752688172046
0 0.17147806004618937 0.08602150537634409 0.035796766743648956 0.046594982078853056
0 0.27829099307159355 0.8279569892473118 0.034642032332563466 0.04659498207885304
0 0.9174364896073903 0.3682795698924731 0.038106235565819824 0.05197132616487454
0 0.16916859122401848 0.46326164874551967 0.035796766743648956 0.044802867383512524
0 0.1697459584295612 0.13261648745519714 0.03464203233256352 0.04659498207885304
0 0.4936489607390301 0.2562724014336918 0.04503464203233265 0.04301075268817206
0 0.8100461893764435 0.5026881720430108 0.035796766743648956 0.04121863799283171
0 0.06293302540415704 0.13709677419354838 0.03810623556581985 0.04480286738351255
0 0.7043879907621247 0.27598566308243727 0.034642032332563466 0.043010752688172005
