0 0.2603013550135502 0.37937023333081626 0.029970731707317063 0.03705102066500546
0 0.5699989159891599 0.43655767827028114 0.023310569105691077 0.028996450955221652
0 0.3058124661246613 0.480857811674092 0.029970731707317063 0.027385537013264863
0 0.5699989159891599 0.5839563039593245 0.023310569105691077 0.03060736489717835
0 0.5572336043360433 0.24888620403231893 0.03108075880758808 0.03382919278109197
0 0.07104173441734417 0.5211306602230109 0.02664065040650407 0.03382919278109184
0 0.2608563685636856 0.7579350096906542 0.03330081300813007 0.0402728485489189
0 0.30359241192411923 0.4502504467769136 0.029970731707317063 0.03382919278109193
0 0.6504758807588076 0.28513176772634596 0.03330081300813011 0.03544010672304867
0 0.07326178861788618 0.338291927810919 0.02664065040650405 0.038661934606962156
0 0.651030894308943 0.24646983311938378 0.032190785907859135 0.038661934606962246
0 0.2619663956639567 0.6838329683606433 0.03330081300813007 0.037051020665005416
0 0.46565636856368564 0.47038687105137306 0.03219078590785898 0.04188376249087551
0 0.30470243902439026 0.2698280852777568 0.0299707317073171 0.03382919278109193
0 0.30359241192411923 0.29962999320395683 0.029970731707317063 0.03221827883913514
0 0.21479024390243898 0.37937023333081626 0.025530623306233072 0.04027284854891873
0 0.4201452574525745 0.7555186387777191 0.03441084010840109 0.04510559037478918
0 0.07215176151761518 0.29238088046515137 0.02664065040650407 0.03382919278109193
0 0.42070027100271 0.6105363840016109 0.03330081300813011 0.041883762490875776
0 0.26085636856368566 0.6218127815953083 0.03108075880758808 0.03544010672304872
0 0.07437181571815718 0.6838329683606433 0.03108075880758808 0.0402728485489189
0 0.5117224932249322 0.21344609730927028 0.03330081300813004 0.040272848548918945
0 0.21479024390243903 0.5452943693523622 0.0299707317073171 0.037051020665005416
0 0.30470243902439026 0.3310428150721136 0.0299707317073171 0.03382919278109189
0 0.46565636856368564 0.39145208789549196 0.03219078590785898 0.0515492461426162
0 0.1204379403794038 0.7563240957486974 0.029970731707317063 0.049938332200659456
0 0.21479024390243898 0.580734476075411 0.03219078590785909 0.037051020665005506
0 0.07215176151761517 0.39306300183744874 0.028860704607046074 0.038661934606962205
0 0.21257018970189703 0.4599159304286541 0.029970731707317063 0.0402728485489189
0 0.3396682926829268 0.12242945958871354 0.028860704607046046 0.03544010672304865
0 0.26141138211382114 0.5855672179012812 0.03219078590785906 0.033829192781091755
0 0.2603013550135502 0.550932568149211 0.029970731707317063 0.0354401067230488
0 0.07326178861788618 0.43736313524125947 0.031080758807588087 0.040272848548918994
0 0.30470243902439026 0.2094188124543784 0.0299707317073171 0.038661934606962184
0 0.21257018970189703 0.41883762490875676 0.029970731707317063 0.03866193460696229
0 0.1193279132791328 0.6846384253316217 0.03441084010840109 0.04188376249087569
0 0.42070027100271 0.46555412922550277 0.03108075880758808 0.04832741825870267
0 0.2591913279132791 0.4478340758639784 0.029970731707317063 0.03544010672304872
0 0.25974634146341463 0.1691459639054595 0.03108075880758808 0.038661934606962156
0 0.213680216802168 0.5034106068614865 0.0299707317073171 0.04349467643283248
0 0.2591913279132791 0.41481034005386497 0.029970731707317063 0.037051020665005416
0 0.16539403794037938 0.16672959299252435 0.03108075880758806 0.04349467643283243
0 0.651030894308943 0.20861335548340001 0.032190785907859135 0.040272848548918945
0 0.07104173441734417 0.1715623348183946 0.028860704607046074 0.04349467643283243
0 0.25974634146341463 0.30526819200080546 0.03108075880758808 0.03382919278109189
0 0.25974634146341463 0.23519343552568653 0.03108075880758808 0.03544010672304863
0 0.2591913279132791 0.48407963955800554 0.029970731707317063 0.037051020665005416
0 0.3740791327913278 0.2102242694253568 0.03108075880758808 0.040272848548918924
0 0.6044097560975609 0.21264064033829194 0.03441084010840109 0.041883762490875644
0 0.1193279132791328 0.3962848297213622 0.03219078590785907 0.04832741825870267
0 0.12099295392953931 0.6097309270306325 0.03330081300813009 0.04671650431674597
0 0.07437181571815718 0.7555186387777191 0.03552086720867208 0.04832741825870275
0 0.5117224932249322 0.1699514208764379 0.03330081300813004 0.0467165043167459
0 0.07270677506775068 0.48246872561604864 0.02997073170731707 0.037051020665005416
0 0.21257018970189703 0.3374864708399406 0.03219078590785909 0.040272848548918945
0 0.46565636856368564 0.28352085378438924 0.0299707317073171 0.04510559037478918
0 0.2603013550135502 0.34231921266581083 0.029970731707317063 0.040272848548918945
0 0.023310569105691063 0.2102242694253568 0.0355208672086721 0.040272848548918924
0 0.5572336043360433 0.2126406403382919 0.03108075880758808 0.038661934606962114
0 0.4212552845528455 0.16914596390545955 0.03219078590785906 0.0451055903747892
0 0.21257018970189703 0.17236779178937303 0.029970731707317063 0.04188376249087562
0 0.07104173441734417 0.24727529009036217 0.031080758807588097 0.040272848548918994
0 0.07270677506775068 0.608925470059654 0.032190785907859086 0.0418837624908756
0 0.4201452574525745 0.3181555035364595 0.03441084010840109 0.04671650431674597
0 0.21257018970189703 0.2964081653200433 0.029970731707317063 0.038661934606962156
0 0.024420596205962066 0.16834050693448113 0.0333008130081301 0.04349467643283239
0 0.46732140921409215 0.16914596390545955 0.03330081300813011 0.0451055903747892
0 0.3058124661246613 0.559792594829973 0.03219078590785909 0.024163709129351375
0 0.3058124661246613 0.5863726748722596 0.029970731707317063 0.028996450955221652
0 0.30470243902439026 0.36165017996929194 0.0299707317073171 0.027385537013264863
0 0.30359241192411923 0.17075687784741628 0.029970731707317063 0.038661934606962114
0 0.22256043360433606 0.6516146895215083 0.021090514905149082 0.027385537013264863
0 0.5699989159891599 0.6177854967404164 0.023310569105691077 0.03060736489717844
0 0.5472433604336043 0.6185909537113947 0.019980487804878065 0.03221827883913514
0 0.34466341463414635 0.41078305519897307 0.018870460704607052 0.028996450955221652
0 0.46621138211382107 0.683027511389665 0.028860704607046123 0.038661934606962205
0 0.5472433604336043 0.5017996929195297 0.019980487804878065 0.027385537013264863
0 0.5677788617886179 0.6516146895215083 0.02553062330623311 0.03060736489717835
0 0.47786666666666666 0.6508092325505298 0.021090514905149044 0.03221827883913514
0 0.5722189701897018 0.46635958619648116 0.023310569105691 0.03060736489717835
0 0.5711089430894309 0.5549598530041028 0.021090514905149044 0.024163709129351375
0 0.5688888888888889 0.4083666842860379 0.021090514905149044 0.030607364897178396
0 0.5483533875338753 0.47360869893528657 0.019980487804878065 0.03221827883913505
0 0.5699989159891599 0.5259634020488811 0.023310569105691077 0.03060736489717844
0 0.27251165311653114 0.653225603463465 0.018870460704607052 0.027385537013264776
0 0.5699989159891599 0.49455058018072445 0.023310569105691077 0.02899645095522183
0 0.5472433604336043 0.5863726748722595 0.022200542005420022 0.03221827883913523
0 0.3041474254742548 0.5058269777744216 0.03108075880758808 0.028996450955221565
0 0.0854720867208672 0.649198318608573 0.019980487804878048 0.028996450955221652
0 0.5472433604336043 0.5283797729618163 0.019980487804878065 0.028996450955221652
0 0.5477983739837399 0.5557653099750811 0.021090514905149044 0.028996450955221475
0 0.3169127371273713 0.649198318608573 0.016650406504065057 0.028996450955221652
0 0.5705539295392954 0.37775931938885954 0.019980487804878065 0.027385537013264863
0 0.30692249322493226 0.683027511389665 0.0299707317073171 0.03544010672304863
0 0.5588986449864499 0.6846384253316217 0.0299707317073171 0.04188376249087569
0 0.5494634146341464 0.40997759822799473 0.0222005420054201 0.030607364897178396
0 0.5572336043360434 0.7224949029676055 0.03552086720867207 0.03382919278109193
0 0.4323555555555556 0.649198318608573 0.02109051490514897 0.03221827883913514
0 0.5705539295392954 0.3463464975207028 0.019980487804878065 0.03221827883913514
0 0.3396682926829268 0.15625865236980543 0.028860704607046046 0.03221827883913514
0 0.46565636856368564 0.7595459236326109 0.03219078590785898 0.037051020665005416
0 0.5494634146341464 0.4397795061541947 0.0222005420054201 0.03221827883913514
0 0.5688888888888889 0.31412821868156765 0.021090514905149044 0.03221827883913514
0 0.5566785907859079 0.7603513806035893 0.0299707317073171 0.0418837624908756
0 0.13209322493224934 0.6508092325505299 0.019980487804878086 0.028996450955221652
0 0.5489084010840108 0.38017569030179466 0.023310569105691077 0.028996450955221652
0 0.46621138211382107 0.7208839890256489 0.03108075880758808 0.037051020665005416
0 0.21534525745257452 0.6822220544186867 0.03108075880758808 0.040272848548918994
0 0.3457734417344174 0.3753429484759244 0.021090514905149158 0.03221827883913505
0 0.649920867208672 0.39547937275038386 0.0299707317073171 0.040272848548918945
0 0.21479024390243903 0.7200785320546704 0.0299707317073171 0.03544010672304863
0 0.21479024390243898 0.7579350096906542 0.03219078590785909 0.0402728485489189
0 0.6504758807588076 0.3189609605074379 0.03108075880758808 0.03544010672304867
0 0.30470243902439026 0.24083163432253515 0.03219078590785906 0.027385537013264953
0 0.26141138211382114 0.5203252032520325 0.027750677506775068 0.03221827883913514
0 0.46399132791327913 0.5452943693523622 0.03108075880758808 0.0402728485489189
0 0.42181029810298104 0.6838329683606433 0.03330081300813004 0.04349467643283248
0 0.3063674796747967 0.6177854967404164 0.028860704607046084 0.03382919278109184
0 0.30525745257452574 0.5356288857006217 0.03330081300813007 0.03060736489717844
0 0.5477983739837399 0.34956832540461624 0.021090514905149044 0.03221827883913514
0 0.30359241192411923 0.38984117395353524 0.029970731707317063 0.03221827883913514
0 0.651030894308943 0.3560119811724433 0.032190785907859135 0.038661934606962156
0 0.3407783197831978 0.082962068010773 0.02664065040650405 0.033829192781091894
0 0.07326178861788618 0.5589871378589947 0.02664065040650405 0.03544010672304863
0 0.2591913279132791 0.27143899921971354 0.029970731707317063 0.037051020665005416
0 0.2591913279132791 0.202169699715573 0.029970731707317063 0.03060736489717844
0 0.34022330623306235 0.0523547031135946 0.023310569105691077 0.027385537013264863
0 0.4678764227642276 0.6105363840016109 0.032190785907859135 0.04510559037478926
0 0.5588986449864499 0.28271539681341085 0.0299707317073171 0.03382919278109189
0 0.3058124661246613 0.719273075083692 0.029970731707317063 0.037051020665005416
0 0.2619663956639567 0.7208839890256489 0.03330081300813007 0.037051020665005416
0 0.5489084010840108 0.31654458959450277 0.023310569105691077 0.030607364897178396
0 0.30359241192411923 0.4180321679377785 0.029970731707317063 0.03060736489717835
0 0.30525745257452574 0.7603513806035893 0.03330081300813007 0.038661934606962205
0 0.21534525745257452 0.6177854967404164 0.03330081300813011 0.037051020665005326
0 0.1193279132791328 0.5058269777744216 0.03219078590785907 0.05154924614261633
0 0.6504758807588076 0.1683405069344811 0.03330081300813011 0.040272848548918924
0 0.3757441734417345 0.16753504996350277 0.029970731707317174 0.04188376249087562
0 0.5583436314363144 0.16834050693448113 0.03330081300813011 0.04349467643283239
0 0.21257018970189703 0.255329859800146 0.03441084010840105 0.0402728485489189
0 0.1187728997289973 0.28271539681341085 0.03330081300813007 0.04349467643283243
0 0.6038547425474254 0.16834050693448113 0.03330081300813011 0.04349467643283239
0 0.21479024390243898 0.21344609730927028 0.03219078590785909 0.040272848548918945
0 0.16428401084010838 0.21022426942535677 0.03330081300813007 0.04349467643283239
0 0.1187728997289973 0.16672959299252438 0.03330081300813007 0.04671650431674594
