0 0.8278787878787879 0.16159695817490494 0.033939393939393936 0.045627376425855515
0 0.4806060606060606 0.46673003802281376 0.0472727272727273 0.03612167300380237
0 0.38363636363636366 0.4220532319391635 0.023030303030303012 0.041825095057034245
0 0.41333333333333333 0.9572243346007605 0.026666666666666672 0.03992395437262364
0 0.3703030303030303 0.5199619771863118 0.032727272727272716 0.04752851711026612
0 0.08606060606060606 0.12547528517110268 0.03636363636363636 0.05323193916349807
0 0.8703030303030304 0.15874524714828897 0.046060606060606024 0.04752851711026618
0 0.14363636363636365 0.9077946768060836 0.039999999999999994 0.0513307984790875
0 0.41333333333333333 0.903041825095057 0.024242424242424288 0.041825095057034245
0 0.4393939393939394 0.06463878326996197 0.023030303030303068 0.04182509505703422
0 0.38363636363636366 0.3231939163498099 0.023030303030303012 0.041825095057034245
0 0.08666666666666667 0.5209125475285171 0.035151515151515156 0.045627376425855515
0 0.48303030303030303 0.2908745247148289 0.0472727272727273 0.03802281368821292
0 0.5515151515151515 0.9534220532319391 0.029090909090909056 0.04372623574144485
0 0.25636363636363635 0.7138783269961977 0.03757575757575757 0.051330798479087614
0 0.4127272727272727 0.8032319391634981 0.025454545454545452 0.03612167300380231
0 0.14484848484848484 0.9581749049429658 0.03757575757575757 0.049429657794676785
0 0.14363636363636365 0.7148288973384032 0.039999999999999994 0.041825095057034134
0 0.4121212121212121 0.5190114068441065 0.024242424242424232 0.03802281368821292
0 0.9333333333333333 0.903041825095057 0.036363636363636376 0.04562737642585546
0 0.0890909090909091 0.9068441064638784 0.04242424242424242 0.05323193916349811
0 0.41333333333333333 0.7119771863117872 0.024242424242424288 0.039923954372623416
0 0.8745454545454545 0.9524714828897338 0.040000000000000036 0.05323193916349811
0 0.4121212121212121 0.5655893536121673 0.024242424242424232 0.04372623574144496
0 0.5242424242424242 0.42015209125475284 0.023030303030303068 0.04182509505703419
0 0.9333333333333333 0.9524714828897338 0.036363636363636376 0.05323193916349811
0 0.7636363636363637 0.6159695817490495 0.036363636363636376 0.04562737642585546
0 0.8175757575757576 0.6140684410646389 0.035151515151515156 0.04562737642585535
0 0.08787878787878789 0.7129277566539923 0.039999999999999994 0.04562737642585568
0 0.7054545454545454 0.5171102661596958 0.036363636363636376 0.04942965779467684
0 0.9315151515151515 0.7585551330798479 0.037575757575757596 0.04562737642585546
0 0.4121212121212121 0.6644486692015208 0.024242424242424232 0.039923954372623416
0 0.48424242424242425 0.32794676806083645 0.0472727272727273 0.03992395437262347
0 0.4121212121212121 0.6150190114068441 0.024242424242424232 0.04372623574144474
0 0.08787878787878788 0.9600760456273765 0.04242424242424242 0.05323193916349811
0 0.0296969696969697 0.1796577946768061 0.04242424242424242 0.05133079847908745
0 0.9315151515151515 0.8536121673003803 0.040000000000000036 0.049429657794676785
0 0.9315151515151515 0.8041825095057034 0.040000000000000036 0.049429657794676785
0 0.9303030303030303 0.32129277566539916 0.037575757575757596 0.053231939163498054
0 0.08848484848484849 0.8602661596958174 0.0412121212121212 0.047528517110266066
0 0.4818181818181818 0.21387832699619774 0.0472727272727273 0.036121673003802285
0 0.41454545454545455 0.852661596958175 0.024242424242424288 0.04372623574144485
0 0.38303030303030305 0.470532319391635 0.024242424242424232 0.03992395437262353
0 0.5933333333333333 0.3203422053231939 0.037575757575757485 0.05133079847908745
0 0.14242424242424243 0.6178707224334601 0.03757575757575758 0.04562737642585546
0 0.8206060606060606 0.5180608365019012 0.043636363636363584 0.04752851711026618
0 0.5945454545454545 0.5171102661596958 0.035151515151515045 0.04182509505703419
0 0.4806060606060606 0.13403041825095058 0.04969696969696974 0.032319391634981
0 0.41333333333333333 0.7576045627376427 0.026666666666666672 0.03992395437262364
0 0.3545454545454545 0.06653992395437262 0.027878787878787892 0.04182509505703422
0 0.5521212121212121 0.42015209125475284 0.023030303030302957 0.045627376425855515
0 0.5527272727272727 0.9039923954372624 0.029090909090909056 0.04372623574144485
0 0.9303030303030303 0.5161596958174905 0.035151515151515156 0.04372623574144485
0 0.14363636363636365 0.4724334600760456 0.039999999999999994 0.05133079847908745
0 0.49636363636363634 0.7423954372623573 0.025454545454545563 0.024714828897338337
0 0.49696969696969695 0.7661596958174905 0.026666666666666672 0.026615969581749055
0 0.8187878787878788 0.4220532319391635 0.039999999999999925 0.03802281368821292
0 0.4806060606060606 0.054182509505703434 0.04969696969696974 0.039923954372623596
0 0.4806060606060606 0.09410646387832698 0.0472727272727273 0.04752851711026618
0 0.4818181818181818 0.17395437262357416 0.0472727272727273 0.04752851711026615
0 0.7042424242424242 0.37167300380228135 0.036363636363636376 0.0513307984790875
0 0.25515151515151513 0.2747148288973384 0.040000000000000036 0.051330798479087475
0 0.14181818181818182 0.17870722433460076 0.0412121212121212 0.049429657794676785
0 0.5375757575757576 0.32129277566539927 0.037575757575757596 0.04942965779467673
0 0.6484848484848484 0.4695817490494296 0.036363636363636376 0.045627376425855515
0 0.8721212121212121 0.2195817490494297 0.037575757575757485 0.05133079847908745
0 0.7624242424242424 0.3678707224334601 0.038787878787878816 0.04752851711026618
0 0.7642424242424243 0.6653992395437262 0.040000000000000036 0.049429657794676674
0 0.7636363636363637 0.7614068441064639 0.038787878787878816 0.05133079847908739
0 0.19818181818181818 0.0693916349809886 0.04242424242424242 0.05893536121673006
0 0.5375757575757576 0.2718631178707225 0.035151515151515156 0.049429657794676785
0 0.8745454545454545 0.6121673003802282 0.035151515151515156 0.049429657794676674
0 0.5927272727272728 0.12072243346007605 0.036363636363636376 0.05133079847908746
0 0.5927272727272728 0.46863117870722437 0.033939393939393936 0.05133079847908745
0 0.703030303030303 0.22148288973384034 0.041212121212121255 0.05513307984790869
0 0.8175757575757576 0.21958174904942973 0.039999999999999925 0.055133079847908745
0 0.8733333333333333 0.41920152091254753 0.035151515151515156 0.04752851711026618
0 0.6472727272727272 0.2709125475285171 0.036363636363636265 0.047528517110266066
0 0.8733333333333333 0.37167300380228135 0.037575757575757596 0.0513307984790875
0 0.5933333333333333 0.06463878326996197 0.037575757575757485 0.06083650190114068
0 0.5375757575757576 0.17300380228136883 0.037575757575757596 0.05323193916349811
0 0.8721212121212121 0.27281368821292784 0.037575757575757485 0.05133079847908745
0 0.8733333333333333 0.46863117870722437 0.035151515151515156 0.05133079847908745
0 0.6496969696969697 0.37262357414448666 0.036363636363636376 0.049429657794676896
0 0.7624242424242424 0.4686311787072243 0.036363636363636376 0.04752851711026618
0 0.3109090909090909 0.17775665399239543 0.037575757575757596 0.05133079847908745
0 0.3103030303030303 0.12547528517110268 0.036363636363636376 0.04942965779467681
0 0.6472727272727272 0.32129277566539916 0.036363636363636265 0.053231939163498054
0 0.5363636363636364 0.12072243346007605 0.040000000000000036 0.05133079847908746
0 0.5933333333333333 0.373574144486692 0.039999999999999925 0.05133079847908756
0 0.7624242424242424 0.41825095057034223 0.038787878787878816 0.053231939163498054
0 0.25515151515151513 0.17680608365019013 0.040000000000000036 0.05323193916349808
0 0.6496969696969697 0.4220532319391635 0.036363636363636376 0.049429657794676785
0 0.14181818181818182 0.12737642585551331 0.0412121212121212 0.0494296577946768
0 0.5375757575757576 0.223384030418251 0.037575757575757596 0.047528517110266205
0 0.14303030303030304 0.3754752851711027 0.041212121212121214 0.05133079847908739
0 0.25515151515151513 0.06939163498098859 0.03757575757575757 0.06273764258555134
0 0.030303030303030304 0.3745247148288974 0.041212121212121214 0.049429657794676785
0 0.8733333333333333 0.32224334600760457 0.035151515151515156 0.047528517110266066
0 0.6496969696969697 0.6663498098859316 0.036363636363636376 0.051330798479087614
0 0.8175757575757576 0.6606463878326996 0.035151515151515156 0.047528517110266066
0 0.8163636363636364 0.31939163498098855 0.035151515151515156 0.04942965779467684
0 0.4806060606060606 0.41539923954372626 0.0472727272727273 0.05513307984790877
0 0.7612121212121212 0.217680608365019 0.036363636363636376 0.0551330798479088
0 0.8181818181818181 0.2709125475285171 0.036363636363636265 0.047528517110266066
0 0.1993939393939394 0.1796577946768061 0.04000000000000001 0.05893536121673004
0 0.7042424242424242 0.2718631178707224 0.036363636363636376 0.04562737642585549
0 0.3696969696969697 0.6159695817490495 0.036363636363636376 0.049429657794676674
0 0.25696969696969696 0.6197718631178708 0.03636363636363635 0.053231939163498
0 0.6484848484848484 0.5180608365019012 0.036363636363636376 0.04752851711026618
0 0.8733333333333333 0.5180608365019012 0.035151515151515156 0.04752851711026618
0 0.14303030303030304 0.32414448669201523 0.041212121212121214 0.05133079847908745
0 0.8745454545454545 0.7585551330798479 0.035151515151515156 0.049429657794676896
0 0.2545454545454545 0.22813688212927757 0.03636363636363635 0.04562737642585549
0 0.3090909090909091 0.07319391634980991 0.036363636363636376 0.051330798479087454
0 0.5915151515151515 0.2718631178707224 0.033939393939393936 0.04562737642585549
0 0.6484848484848484 0.5655893536121674 0.038787878787878705 0.04752851711026629
0 0.9303030303030303 0.467680608365019 0.037575757575757596 0.049429657794676785
0 0.030303030303030304 0.4268060836501901 0.041212121212121214 0.05133079847908745
0 0.5933333333333333 0.22243346007604564 0.037575757575757485 0.04942965779467687
0 0.25575757575757574 0.5665399239543727 0.03636363636363635 0.049429657794676896
0 0.2539393939393939 0.12357414448669202 0.040000000000000036 0.045627376425855515
0 0.1993939393939394 0.12642585551330798 0.04242424242424242 0.05133079847908745
0 0.3812121212121212 0.2737642585551331 0.025454545454545452 0.04182509505703419
0 0.25696969696969696 0.6682509505703421 0.03636363636363635 0.04372623574144474
0 0.08727272727272728 0.4724334600760456 0.03878787878787879 0.05133079847908745
0 0.8745454545454545 0.8079847908745248 0.040000000000000036 0.049429657794676785
0 0.5933333333333334 0.1720532319391635 0.035151515151515156 0.04752851711026618
0 0.5927272727272728 0.42015209125475284 0.036363636363636376 0.04182509505703419
0 0.7630303030303031 0.855513307984791 0.037575757575757596 0.049429657794676785
0 0.14363636363636365 0.5703422053231939 0.042424242424242434 0.05323193916349811
0 0.9290909090909091 0.217680608365019 0.040000000000000036 0.0551330798479088
0 0.5515151515151515 0.8536121673003803 0.029090909090909056 0.049429657794676785
0 0.5945454545454545 0.564638783269962 0.035151515151515045 0.05323193916349822
0 0.25515151515151513 0.3745247148288974 0.040000000000000036 0.049429657794676785
0 0.25636363636363635 0.42585551330798477 0.03757575757575757 0.053231939163498054
0 0.7078787878787879 0.7576045627376427 0.038787878787878816 0.05513307984790872
0 0.25636363636363635 0.32604562737642584 0.04000000000000001 0.04752851711026623
0 0.7630303030303031 0.7110266159695817 0.040000000000000036 0.049429657794676896
0 0.76 0.2737642585551331 0.036363636363636376 0.053231939163498054
0 0.5951515151515152 0.6178707224334601 0.036363636363636265 0.053231939163498
0 0.7078787878787879 0.706273764258555 0.036363636363636376 0.04752851711026629
0 0.08727272727272728 0.2756653992395437 0.03878787878787879 0.04942965779467684
0 0.7042424242424242 0.3203422053231939 0.036363636363636376 0.05133079847908745
0 0.14242424242424243 0.7623574144486691 0.039999999999999994 0.053231939163498
0 0.9315151515151515 0.6140684410646389 0.037575757575757596 0.049429657794676674
0 0.8175757575757576 0.7100760456273764 0.035151515151515156 0.051330798479087614
0 0.4121212121212121 0.2718631178707224 0.024242424242424232 0.04562737642585549
0 0.9303030303030303 0.41920152091254753 0.035151515151515156 0.04372623574144485
0 0.5515151515151515 0.470532319391635 0.026666666666666616 0.04372623574144485
0 0.8187878787878788 0.855513307984791 0.039999999999999925 0.049429657794676785
0 0.08606060606060606 0.1796577946768061 0.03878787878787879 0.05133079847908745
0 0.14242424242424243 0.5209125475285171 0.039999999999999994 0.045627376425855515
0 0.9303030303030303 0.37262357414448666 0.037575757575757596 0.049429657794676896
0 0.5515151515151515 0.7595057034220531 0.026666666666666616 0.04372623574144485
0 0.8745454545454545 0.5636882129277567 0.032727272727272716 0.04372623574144496
0 0.3703030303030303 0.5665399239543727 0.032727272727272716 0.04562737642585568
0 0.7066666666666667 0.6615969581749048 0.036363636363636376 0.049429657794676785
0 0.1412121212121212 0.2262357414448669 0.03757575757575758 0.045627376425855515
0 0.48303030303030303 0.25285171102661597 0.0472727272727273 0.04562737642585554
0 0.7078787878787879 0.903041825095057 0.038787878787878816 0.049429657794676896
0 0.14121212121212123 0.2756653992395437 0.04000000000000001 0.04942965779467684
0 0.8187878787878788 0.8060836501901141 0.042424242424242364 0.05323193916349811
0 0.030303030303030304 0.32604562737642584 0.041212121212121214 0.04752851711026623
0 0.41333333333333333 0.37072243346007605 0.024242424242424288 0.04182509505703419
0 0.08666666666666667 0.4220532319391635 0.04000000000000001 0.04562737642585546
0 0.8757575757575757 0.9011406844106464 0.040000000000000036 0.049429657794676785
0 0.029090909090909094 0.12547528517110265 0.04121212121212121 0.057034220532319435
0 0.8187878787878788 0.7576045627376427 0.037575757575757485 0.04372623574144485
0 0.7066666666666667 0.8536121673003803 0.036363636363636376 0.05323193916349811
0 0.14242424242424243 0.42395437262357416 0.039999999999999994 0.045627376425855515
0 0.5515151515151515 0.7110266159695817 0.029090909090909056 0.041825095057034356
0 0.3539393939393939 0.12357414448669202 0.026666666666666672 0.0418250950570342
0 0.38303030303030305 0.373574144486692 0.024242424242424232 0.03992395437262353
0 0.40969696969696967 0.12167300380228137 0.021818181818181792 0.04182509505703422
0 0.030303030303030304 0.27851711026615966 0.041212121212121214 0.04752851711026612
0 0.8200000000000001 0.9049429657794676 0.042424242424242364 0.049429657794676785
0 0.9315151515151515 0.564638783269962 0.037575757575757596 0.05323193916349822
0 0.5242424242424242 0.5190114068441064 0.023030303030303068 0.04182509505703419
0 0.4121212121212121 0.22338403041825097 0.024242424242424232 0.04372623574144491
0 0.7042424242424242 0.41920152091254753 0.036363636363636376 0.04752851711026618
0 0.7636363636363637 0.8079847908745248 0.036363636363636376 0.04562737642585557
0 0.4406060606060606 0.12357414448669202 0.023030303030303068 0.0418250950570342
0 0.553939393939394 0.5655893536121673 0.024242424242424288 0.03992395437262375
0 0.8757575757575757 0.8564638783269962 0.037575757575757596 0.04372623574144485
0 0.8200000000000001 0.46863117870722437 0.042424242424242364 0.05133079847908745
0 0.25515151515151513 0.4724334600760456 0.040000000000000036 0.03992395437262358
0 0.7630303030303031 0.9543726235741445 0.037575757575757596 0.057034220532319435
0 0.08666666666666667 0.5665399239543727 0.03757575757575757 0.049429657794676896
0 0.7630303030303031 0.903041825095057 0.037575757575757596 0.04562737642585546
0 0.08727272727272728 0.37547528517110274 0.041212121212121214 0.04752851711026612
0 0.2545454545454546 0.5180608365019012 0.033939393939393964 0.05133079847908745
0 0.5254545454545454 0.564638783269962 0.023030303030303068 0.03802281368821292
0 0.08727272727272728 0.6178707224334601 0.03878787878787879 0.053231939163498
0 0.8745454545454545 0.7110266159695817 0.035151515151515156 0.04562737642585557
0 0.4121212121212121 0.4724334600760456 0.024242424242424232 0.03992395437262358
0 0.7612121212121212 0.32129277566539927 0.036363636363636376 0.04562737642585546
0 0.7066666666666667 0.6150190114068441 0.036363636363636376 0.047528517110266066
0 0.7054545454545454 0.46863117870722437 0.036363636363636376 0.05133079847908745
0 0.5527272727272727 0.5171102661596958 0.024242424242424176 0.04562737642585546
0 0.5527272727272727 0.6131178707224335 0.024242424242424176 0.04372623574144474
0 0.4121212121212121 0.42015209125475284 0.024242424242424232 0.045627376425855515
0 0.4109090909090909 0.1749049429657795 0.024242424242424232 0.038022813688212975
0 0.5242424242424242 0.4686311787072243 0.023030303030303068 0.04372623574144485
0 0.5515151515151515 0.8070342205323193 0.026666666666666616 0.03992395437262364
0 0.35393939393939394 0.1749049429657795 0.024242424242424288 0.038022813688212975
0 0.030303030303030304 0.22813688212927757 0.041212121212121214 0.05323193916349811
0 0.9315151515151515 0.6644486692015208 0.037575757575757596 0.047528517110266066
0 0.08666666666666667 0.6692015209125476 0.04000000000000001 0.049429657794676896
0 0.08727272727272728 0.7604562737642586 0.03878787878787879 0.049429657794676785
0 0.7624242424242424 0.5684410646387833 0.036363636363636376 0.049429657794676896
0 0.7066666666666667 0.8060836501901141 0.036363636363636376 0.04562737642585546
0 0.08666666666666667 0.3260456273764259 0.04000000000000001 0.05513307984790872
0 0.08545454545454545 0.2262357414448669 0.03515151515151514 0.045627376425855515
0 0.9278787878787879 0.2718631178707224 0.035151515151515156 0.04562737642585549
0 0.14363636363636365 0.8574144486692015 0.039999999999999994 0.049429657794676785
0 0.9309090909090909 0.7100760456273764 0.036363636363636376 0.04752851711026618
0 0.08787878787878789 0.8098859315589353 0.039999999999999994 0.049429657794676785
0 0.14242424242424243 0.811787072243346 0.039999999999999994 0.04562737642585557
0 0.4115151515151515 0.32129277566539927 0.023030303030303012 0.04182509505703419
0 0.40969696969696967 0.0655893536121673 0.024242424242424232 0.043726235741444866
0 0.8175757575757576 0.564638783269962 0.037575757575757485 0.04942965779467701
0 0.7078787878787879 0.9534220532319392 0.038787878787878816 0.05133079847908739
0 0.5527272727272727 0.6596958174904943 0.024242424242424176 0.041825095057034245
0 0.14121212121212123 0.6682509505703422 0.04000000000000001 0.05513307984790883
0 0.7054545454545454 0.5655893536121673 0.036363636363636376 0.051330798479087614
0 0.38 0.22623574144486694 0.025454545454545452 0.038022813688212975
0 0.8200000000000001 0.9543726235741445 0.042424242424242364 0.049429657794676785
0 0.7624242424242424 0.5180608365019012 0.036363636363636376 0.05133079847908745
0 0.5375757575757576 0.06749049429657794 0.039999999999999925 0.05513307984790874
0 0.6478787878787878 0.22148288973384034 0.035151515151515156 0.047528517110266205
0 0.8745454545454545 0.6644486692015208 0.035151515151515156 0.05133079847908728
0 0.6496969696969697 0.6140684410646389 0.038787878787878816 0.049429657794676674
0 0.14121212121212123 0.07129277566539924 0.04000000000000001 0.05893536121673004
0 0.8181818181818181 0.37262357414448666 0.038787878787878705 0.053231939163498165
0 0.5375757575757576 0.37072243346007605 0.037575757575757596 0.04942965779467684
