0 0.532325 0.645359 0.022008 0.022767
0 0.517194 0.569177 0.035763 0.017513
0 0.517194 0.368651 0.038514 0.026270
0 0.530949 0.689142 0.022008 0.022767
0 0.530261 0.667250 0.023384 0.021016
0 0.091472 0.896673 0.034388 0.042032
0 0.517882 0.521016 0.034388 0.026270
0 0.517194 0.330998 0.038514 0.024518
0 0.275103 0.582312 0.033012 0.029772
0 0.530261 0.733800 0.023384 0.024518
0 0.697387 0.518389 0.035763 0.031524
0 0.941541 0.550788 0.034388 0.033275
0 0.152682 0.923818 0.035763 0.033275
0 0.153370 0.748687 0.037139 0.040280
0 0.090784 0.683012 0.035763 0.038529
0 0.275103 0.556918 0.035763 0.052539
0 0.091472 0.507881 0.031637 0.038529
0 0.940853 0.753065 0.033012 0.031524
0 0.091472 0.647986 0.034388 0.038529
0 0.758597 0.481611 0.037139 0.028021
0 0.455983 0.786340 0.037139 0.035026
0 0.879642 0.788967 0.037139 0.036778
0 0.698762 0.539405 0.038514 0.049037
0 0.091472 0.477233 0.034388 0.036778
0 0.880330 0.514886 0.035763 0.035026
0 0.531637 0.622592 0.020633 0.022767
0 0.528198 0.895797 0.022008 0.022767
0 0.091472 0.615587 0.037139 0.029772
0 0.940853 0.929072 0.038514 0.036778
0 0.879642 0.550788 0.037139 0.036778
0 0.513755 0.833625 0.031637 0.031524
0 0.879642 0.753065 0.037139 0.038529
0 0.455983 0.753065 0.034388 0.031524
0 0.517194 0.464098 0.035763 0.038529
0 0.939477 0.788967 0.038514 0.036778
0 0.455983 0.823117 0.037139 0.038529
0 0.759285 0.411559 0.035763 0.035026
0 0.530261 0.601576 0.023384 0.026270
0 0.396149 0.820490 0.035763 0.036778
0 0.153370 0.785464 0.037139 0.036778
0 0.213893 0.891419 0.034388 0.038529
0 0.151994 0.720665 0.034388 0.036778
0 0.880330 0.619965 0.035763 0.031524
0 0.090096 0.583187 0.037139 0.038529
0 0.940853 0.859019 0.038514 0.033275
0 0.940853 0.891419 0.038514 0.038529
0 0.456671 0.721541 0.033012 0.031524
0 0.880330 0.893170 0.035763 0.031524
0 0.941541 0.721541 0.037139 0.031524
0 0.530261 0.922067 0.023384 0.026270
0 0.455983 0.855517 0.034388 0.033275
0 0.819120 0.786340 0.037139 0.035026
0 0.457359 0.408056 0.034388 0.031524
0 0.396836 0.443082 0.037139 0.035026
0 0.396836 0.546410 0.034388 0.031524
0 0.757909 0.891419 0.035763 0.038529
0 0.575653 0.924694 0.034388 0.035026
0 0.636864 0.717163 0.035763 0.033275
0 0.154058 0.477233 0.035763 0.036778
0 0.213205 0.821366 0.038514 0.035026
0 0.575653 0.651489 0.034388 0.031524
0 0.213893 0.647986 0.034388 0.031524
0 0.153370 0.406305 0.037139 0.042032
0 0.941541 0.652364 0.039890 0.036778
0 0.819807 0.515762 0.035763 0.033275
0 0.757909 0.753065 0.035763 0.031524
0 0.819120 0.858144 0.037139 0.035026
0 0.574966 0.822242 0.035763 0.036778
0 0.818432 0.892294 0.038514 0.036778
0 0.637552 0.890543 0.037139 0.036778
0 0.637552 0.822242 0.037139 0.033275
0 0.698762 0.407180 0.035763 0.036778
0 0.940853 0.413310 0.038514 0.038529
0 0.456671 0.549912 0.035763 0.035026
0 0.758597 0.720665 0.034388 0.036778
0 0.577717 0.515762 0.035763 0.033275
0 0.456671 0.371278 0.035763 0.038529
0 0.273728 0.785464 0.038514 0.036778
0 0.213205 0.546410 0.035763 0.031524
0 0.275791 0.439580 0.034388 0.035026
0 0.696011 0.927320 0.035763 0.033275
0 0.275791 0.476357 0.034388 0.038529
0 0.273728 0.683888 0.035763 0.036778
0 0.152682 0.616462 0.035763 0.035026
0 0.575653 0.890543 0.034388 0.036778
0 0.152682 0.546410 0.035763 0.035026
0 0.274415 0.613835 0.034388 0.036778
0 0.273728 0.717163 0.038514 0.036778
0 0.396149 0.478109 0.035763 0.035026
0 0.819807 0.583187 0.038514 0.031524
0 0.758597 0.616462 0.037139 0.031524
0 0.819807 0.444834 0.035763 0.031524
0 0.214580 0.683888 0.035763 0.036778
0 0.757909 0.855517 0.035763 0.033275
0 0.213205 0.581436 0.035763 0.035026
0 0.697387 0.684764 0.035763 0.035026
0 0.395461 0.514011 0.034388 0.036778
0 0.213893 0.717163 0.037139 0.036778
0 0.879642 0.482487 0.037139 0.033275
0 0.213893 0.615587 0.037139 0.036778
0 0.456671 0.685639 0.033012 0.036778
0 0.819120 0.550788 0.037139 0.036778
0 0.636864 0.924694 0.035763 0.035026
0 0.214580 0.440455 0.035763 0.033275
0 0.820495 0.411559 0.037139 0.035026
0 0.396836 0.615587 0.037139 0.033275
0 0.335626 0.514886 0.035763 0.031524
0 0.759285 0.549912 0.035763 0.035026
0 0.698762 0.583187 0.035763 0.031524
0 0.698762 0.785464 0.035763 0.033275
0 0.577717 0.481611 0.035763 0.038529
0 0.395461 0.720665 0.037139 0.036778
0 0.396149 0.407180 0.038514 0.036778
0 0.637552 0.371278 0.034388 0.038529
0 0.576341 0.370403 0.035763 0.036778
0 0.637552 0.788967 0.034388 0.033275
0 0.334250 0.549912 0.035763 0.035026
0 0.517882 0.434326 0.034388 0.017513
0 0.515818 0.415061 0.035763 0.021016
0 0.518569 0.393170 0.038514 0.022767
0 0.517194 0.352890 0.035763 0.019264
0 0.517194 0.547285 0.030261 0.022767
0 0.530949 0.711033 0.022008 0.021016
0 0.396149 0.683888 0.035763 0.033275
0 0.879642 0.587566 0.037139 0.036778
0 0.090096 0.821366 0.037139 0.035026
0 0.879642 0.721541 0.037139 0.031524
0 0.879642 0.823117 0.034388 0.035026
0 0.819120 0.720665 0.037139 0.036778
0 0.396149 0.785464 0.038514 0.036778
0 0.941541 0.514011 0.034388 0.036778
0 0.819120 0.753940 0.037139 0.036778
0 0.941541 0.688266 0.037139 0.035026
0 0.090096 0.858144 0.037139 0.038529
0 0.214580 0.927320 0.035763 0.033275
0 0.151994 0.822242 0.039890 0.036778
0 0.759285 0.512259 0.038514 0.040280
0 0.090096 0.753065 0.034388 0.031524
0 0.152682 0.683888 0.033012 0.033275
0 0.880330 0.929072 0.035763 0.033275
0 0.819120 0.929072 0.039890 0.033275
0 0.455983 0.891419 0.037139 0.031524
0 0.273728 0.752189 0.038514 0.033275
0 0.214580 0.751313 0.035763 0.031524
0 0.396149 0.854641 0.038514 0.035026
0 0.396836 0.924694 0.039890 0.035026
0 0.213893 0.859895 0.037139 0.038529
0 0.090096 0.785464 0.037139 0.036778
0 0.880330 0.652364 0.035763 0.033275
0 0.456671 0.924694 0.035763 0.035026
0 0.090096 0.717163 0.034388 0.036778
0 0.275791 0.923818 0.042641 0.033275
0 0.152682 0.891419 0.038514 0.038529
0 0.940853 0.823993 0.038514 0.036778
0 0.881706 0.371278 0.035763 0.038529
0 0.575653 0.855517 0.034388 0.033275
0 0.940853 0.619965 0.038514 0.031524
0 0.154058 0.443958 0.035763 0.033275
0 0.819807 0.688266 0.035763 0.035026
0 0.819120 0.822242 0.037139 0.036778
0 0.696699 0.716287 0.034388 0.031524
0 0.275103 0.892294 0.038514 0.036778
0 0.880330 0.859019 0.035763 0.036778
0 0.151994 0.652364 0.034388 0.036778
0 0.091472 0.440455 0.037139 0.036778
0 0.757909 0.928196 0.035763 0.035026
0 0.577717 0.407180 0.035763 0.036778
0 0.274415 0.514011 0.034388 0.033275
0 0.152682 0.583187 0.035763 0.038529
0 0.396836 0.652364 0.037139 0.036778
0 0.940853 0.446585 0.038514 0.031524
0 0.941541 0.584063 0.037139 0.036778
0 0.941541 0.480736 0.037139 0.036778
0 0.759285 0.684764 0.035763 0.031524
0 0.879642 0.411559 0.037139 0.035026
0 0.396149 0.891419 0.038514 0.038529
0 0.273728 0.821366 0.038514 0.035026
0 0.275791 0.400175 0.037139 0.040280
0 0.577717 0.549912 0.035763 0.031524
0 0.819807 0.615587 0.035763 0.033275
0 0.758597 0.822242 0.037139 0.036778
0 0.275103 0.855517 0.035763 0.036778
0 0.819807 0.652364 0.035763 0.036778
0 0.940165 0.374781 0.039890 0.038529
0 0.759285 0.375657 0.038514 0.043783
0 0.151994 0.854641 0.039890 0.035026
0 0.395461 0.753065 0.037139 0.031524
0 0.335626 0.583187 0.038514 0.038529
0 0.396836 0.369527 0.037139 0.038529
0 0.455983 0.584063 0.034388 0.036778
0 0.697387 0.855517 0.035763 0.033275
0 0.758597 0.788967 0.037139 0.036778
0 0.758597 0.584063 0.037139 0.033275
0 0.880330 0.445709 0.035763 0.036778
0 0.698074 0.653240 0.037139 0.031524
0 0.396836 0.582312 0.037139 0.036778
0 0.637552 0.855517 0.037139 0.036778
0 0.636176 0.651489 0.034388 0.031524
0 0.213205 0.513135 0.035763 0.035026
0 0.213893 0.402802 0.037139 0.038529
0 0.456671 0.652364 0.035763 0.033275
0 0.090096 0.545534 0.037139 0.036778
0 0.880330 0.688266 0.035763 0.038529
0 0.456671 0.619089 0.033012 0.033275
0 0.638239 0.582312 0.035763 0.033275
0 0.274415 0.647986 0.034388 0.035026
0 0.697387 0.822242 0.035763 0.036778
0 0.698074 0.752189 0.034388 0.036778
0 0.696699 0.891419 0.034388 0.038529
0 0.335626 0.480736 0.035763 0.036778
0 0.154058 0.509632 0.035763 0.035026
0 0.575653 0.620841 0.034388 0.033275
0 0.637552 0.514011 0.037139 0.033275
0 0.214580 0.784588 0.038514 0.038529
0 0.758597 0.651489 0.037139 0.035026
0 0.819807 0.481611 0.035763 0.038529
0 0.335626 0.407180 0.038514 0.036778
0 0.698762 0.370403 0.035763 0.036778
0 0.575653 0.753065 0.034388 0.031524
0 0.698074 0.444834 0.037139 0.038529
0 0.457359 0.477233 0.034388 0.033275
0 0.090784 0.402802 0.038514 0.038529
0 0.574966 0.788967 0.035763 0.036778
0 0.637552 0.753065 0.037139 0.038529
0 0.638239 0.478109 0.035763 0.035026
0 0.637552 0.683888 0.034388 0.036778
0 0.638927 0.408932 0.034388 0.036778
0 0.638239 0.443958 0.033012 0.036778
0 0.335626 0.443958 0.038514 0.036778
0 0.759285 0.450088 0.038514 0.038529
0 0.575653 0.684764 0.034388 0.035026
0 0.635488 0.547285 0.041265 0.036778
0 0.576341 0.583187 0.035763 0.038529
0 0.698762 0.619089 0.035763 0.036778
0 0.575653 0.720665 0.034388 0.033275
0 0.334250 0.369527 0.041265 0.038529
0 0.577717 0.444834 0.035763 0.038529
0 0.213893 0.476357 0.034388 0.038529
0 0.698074 0.480736 0.037139 0.036778
0 0.457359 0.443958 0.034388 0.036778
0 0.638239 0.615587 0.035763 0.033275
0 0.456671 0.514011 0.035763 0.036778
0 0.820495 0.373905 0.039890 0.040280
