0 0.0609103078982597 0.4429347826086957 0.046854082998661305 0.056159420289855044
0 0.3099062918340027 0.39945652173913043 0.04417670682730923 0.05253623188405798
0 0.49665327978580986 0.23822463768115942 0.04016064257028118 0.048913043478260865
0 0.8688085676037482 0.5018115942028986 0.045515394912985285 0.05434782608695654
0 0.4979919678714859 0.365036231884058 0.037483266398929016 0.05253623188405798
0 0.3112449799196787 0.6394927536231885 0.04417670682730923 0.05434782608695643
0 0.37416331994645247 0.5769927536231884 0.04417670682730923 0.05253623188405787
0 0.8125836680053548 0.9085144927536232 0.04016064257028118 0.04166666666666674
0 0.5642570281124497 0.8152173913043479 0.04417670682730923 0.047101449275362195
0 0.37416331994645247 0.8170289855072463 0.04149933065595718 0.047101449275362306
0 0.6231593038821954 0.6105072463768118 0.038821954484605126 0.04710144927536242
0 0.06224899598393575 0.6503623188405796 0.041499330655957165 0.05434782608695665
0 0.6224899598393574 0.3559782608695652 0.04016064257028107 0.05253623188405793
0 0.18741633199464525 0.3931159420289855 0.040160642570281097 0.0579710144927536
0 0.37416331994645247 0.302536231884058 0.03882195448460507 0.050724637681159424
0 0.7449799196787149 0.28260869565217395 0.03614457831325302 0.04710144927536236
0 0.5615796519410978 0.7255434782608695 0.04417670682730923 0.05253623188405787
0 0.6258366800535475 0.7246376811594202 0.04417670682730923 0.05434782608695643
0 0.5602409638554217 0.3541666666666667 0.038821954484605126 0.05253623188405798
0 0.5595716198125836 0.2391304347826087 0.03748326639892907 0.047101449275362306
0 0.8072289156626506 0.36231884057971014 0.04016064257028107 0.050724637681159424
0 0.8728246318607764 0.8134057971014492 0.04016064257028118 0.04710144927536242
0 0.6204819277108433 0.23731884057971012 0.038821954484605015 0.04710144927536225
0 0.12315930388219545 0.2817028985507246 0.040160642570281124 0.04891304347826092
0 0.3728246318607764 0.8623188405797102 0.04149933065595718 0.04710144927536242
0 0.249665327978581 0.7282608695652174 0.04417670682730923 0.05797101449275366
0 0.249665327978581 0.8659420289855072 0.0388219544846051 0.04347826086956519
0 0.18674698795180722 0.7282608695652174 0.04417670682730923 0.05434782608695654
0 0.249665327978581 0.911231884057971 0.0388219544846051 0.04710144927536242
0 0.500669344042838 0.6521739130434783 0.04283801874163323 0.05797101449275377
0 0.43775100401606426 0.266304347826087 0.04819277108433745 0.047101449275362334
0 0.8105756358768407 0.8152173913043479 0.038821954484605126 0.047101449275362195
0 0.18741633199464525 0.3161231884057971 0.04283801874163315 0.056159420289855044
0 0.8701472556894243 0.6476449275362319 0.04016064257028107 0.05253623188405798
0 0.37349397590361444 0.4302536231884059 0.040160642570281124 0.05253623188405804
0 0.499330655957162 0.5063405797101449 0.04283801874163323 0.05615942028985499
0 0.498661311914324 0.5751811594202899 0.04685408299866134 0.059782608695652106
0 0.3112449799196787 0.7264492753623188 0.04417670682730923 0.05434782608695654
0 0.0642570281124498 0.9139492753623188 0.04819277108433735 0.05253623188405798
0 0.31258366800535475 0.9103260869565217 0.04685408299866134 0.05253623188405798
0 0.6887550200803212 0.8170289855072463 0.04417670682730923 0.05072463768115931
0 0.3119143239625167 0.5534420289855073 0.03748326639892907 0.05615942028985499
0 0.3755020080321285 0.7282608695652174 0.04417670682730923 0.05434782608695654
0 0.37416331994645247 0.6503623188405796 0.04417670682730923 0.05434782608695665
0 0.5622489959839357 0.48641304347826086 0.03748326639892907 0.05253623188405793
0 0.7449799196787148 0.2346014492753623 0.038821954484605015 0.0525362318840579
0 0.37349397590361444 0.365036231884058 0.037483266398929016 0.05253623188405798
0 0.8085676037483267 0.5742753623188406 0.04016064257028107 0.05797101449275344
0 0.8085676037483267 0.6422101449275361 0.04016064257028107 0.05253623188405798
0 0.31258366800535475 0.47916666666666674 0.038821954484605126 0.05253623188405809
0 0.8072289156626506 0.4329710144927536 0.04016064257028107 0.050724637681159424
0 0.499330655957162 0.43297101449275366 0.040160642570281124 0.054347826086956486
0 0.43775100401606426 0.30797101449275366 0.04819277108433745 0.043478260869565244
0 0.38755020080321284 0.7753623188405797 0.028112449799196804 0.03623188405797095
0 0.4504685408299866 0.730072463768116 0.025435073627844695 0.03260869565217395
0 0.5020080321285141 0.7273550724637681 0.042838018741633066 0.0561594202898551
0 0.6874163319946452 0.7255434782608695 0.041499330655957234 0.05253623188405787
0 0.06224899598393574 0.29891304347826086 0.04417670682730923 0.05434782608695654
0 0.31258366800535475 0.8161231884057971 0.04685408299866134 0.048913043478260754
0 0.24832663989290496 0.3931159420289855 0.04149933065595718 0.054347826086956486
0 0.8065595716198126 0.29981884057971014 0.04417670682730923 0.05253623188405798
0 0.6827309236947792 0.23641304347826086 0.04016064257028107 0.05253623188405798
0 0.8674698795180722 0.4266304347826087 0.045515394912985285 0.05253623188405798
0 0.8681392235609102 0.36141304347826086 0.04149933065595712 0.05253623188405804
0 0.5140562248995983 0.7717391304347826 0.02677376171352075 0.032608695652173836
0 0.07295850066934405 0.7717391304347826 0.033467202141900944 0.03985507246376829
0 0.4364123159303882 0.22735507246376813 0.04819277108433734 0.03442028985507248
0 0.43641231593038826 0.33423913043478265 0.0508701472556895 0.04166666666666674
0 0.8855421686746987 0.7717391304347826 0.025435073627844695 0.03623188405797095
0 0.6385542168674698 0.7735507246376812 0.02409638554216864 0.032608695652173836
0 0.5769745649263722 0.7726449275362319 0.02409638554216864 0.034420289855072395
0 0.249665327978581 0.23550724637681159 0.0388219544846051 0.05434782608695651
0 0.06224899598393574 0.5842391304347827 0.04417670682730923 0.0561594202898551
0 0.06091030789825971 0.3686594202898551 0.044176706827309245 0.056159420289855044
0 0.31258366800535475 0.2391304347826087 0.04417670682730923 0.050724637681159424
0 0.928380187416332 0.28351449275362317 0.04417670682730934 0.04528985507246386
0 0.24832663989290493 0.5679347826086957 0.0441767068273092 0.05253623188405809
0 0.6847389558232932 0.5733695652173914 0.04417670682730923 0.05253623188405798
0 0.6860776439089693 0.6476449275362319 0.04417670682730923 0.0561594202898551
0 0.8085676037483267 0.5045289855072465 0.04016064257028107 0.05615942028985499
0 0.3728246318607764 0.240036231884058 0.03882195448460507 0.05253623188405804
0 0.06224899598393575 0.23550724637681159 0.041499330655957165 0.05434782608695651
0 0.3755020080321285 0.5036231884057971 0.04417670682730923 0.05797101449275366
0 0.8681392235609102 0.2971014492753623 0.04417670682730923 0.050724637681159424
0 0.8065595716198126 0.23550724637681156 0.04149933065595712 0.05072463768115937
0 0.8668005354752343 0.23641304347826086 0.038821954484605126 0.05253623188405798
0 0.18607764390896925 0.47916666666666674 0.040160642570281097 0.05253623188405809
0 0.1887550200803213 0.6385869565217391 0.04551539491298523 0.05615942028985499
0 0.928380187416332 0.23369565217391303 0.038821954484605126 0.047101449275362306
0 0.12583668005354753 0.2355072463768116 0.040160642570281166 0.04710144927536225
0 0.30990629183400265 0.32065217391304346 0.04149933065595718 0.05797101449275355
0 0.5609103078982597 0.6123188405797102 0.04016064257028118 0.05434782608695643
0 0.18607764390896925 0.23641304347826086 0.040160642570281097 0.05253623188405798
0 0.6820615796519411 0.3007246376811594 0.038821954484605015 0.047101449275362306
0 0.8125836680053548 0.7219202898550725 0.045515394912985174 0.05253623188405798
0 0.249665327978581 0.8170289855072463 0.04149933065595715 0.05072463768115931
0 0.43507362784471215 0.41304347826086957 0.04551539491298523 0.05434782608695654
0 0.8701472556894243 0.5733695652173914 0.04283801874163318 0.05253623188405798
0 0.06091030789825971 0.5217391304347826 0.044176706827309245 0.0579710144927536
0 0.20147255689424365 0.7744565217391305 0.025435073627844723 0.034420289855072506
0 0.8246318607764391 0.7690217391304348 0.02677376171352075 0.03442028985507262
0 0.26305220883534136 0.7753623188405798 0.025435073627844695 0.03260869565217395
0 0.3253012048192771 0.7735507246376812 0.02409638554216864 0.036231884057971064
0 0.500669344042838 0.9085144927536233 0.04016064257028107 0.05253623188405798
0 0.7001338688085676 0.7708333333333334 0.02409638554216864 0.030797101449275388
0 0.43641231593038826 0.08423913043478262 0.0508701472556895 0.03804347826086954
0 0.43574297188755023 0.17119565217391303 0.052208835341365556 0.052536231884057955
0 0.06291834002677377 0.8197463768115942 0.04551539491298527 0.05253623188405798
0 0.6887550200803212 0.9048913043478262 0.04417670682730923 0.05253623188405798
0 0.5642570281124497 0.9067028985507246 0.04417670682730923 0.05253623188405798
0 0.501338688085676 0.8188405797101449 0.044176706827309176 0.05797101449275366
0 0.06157965194109773 0.723731884057971 0.042838018741633205 0.05253623188405798
0 0.5629183400267738 0.8605072463768115 0.041499330655957234 0.0434782608695653
0 0.8728246318607764 0.8596014492753623 0.04016064257028118 0.04528985507246375
0 0.06157965194109773 0.8659420289855072 0.040160642570281124 0.047101449275362306
0 0.6271753681392236 0.8134057971014492 0.04417670682730923 0.04710144927536242
0 0.6820615796519411 0.4990942028985507 0.03614457831325302 0.048913043478260865
0 0.6238286479250335 0.48097826086956524 0.03748326639892907 0.05253623188405798
0 0.37416331994645247 0.907608695652174 0.04417670682730923 0.047101449275362306
0 0.8734939759036144 0.9067028985507246 0.04417670682730923 0.048913043478260865
0 0.31258366800535475 0.8623188405797102 0.04149933065595712 0.0434782608695653
0 0.8125836680053548 0.8623188405797102 0.04016064257028118 0.04710144927536242
0 0.6258366800535475 0.9048913043478262 0.04417670682730923 0.05253623188405798
0 0.18875502008032125 0.5588768115942029 0.04016064257028115 0.05253623188405798
0 0.43507362784471215 0.12318840579710146 0.050870147255689446 0.043478260869565216
0 0.18808567603748327 0.8188405797101449 0.04149933065595712 0.047101449275362306
0 0.498661311914324 0.30344202898550726 0.036144578313252906 0.05253623188405798
0 0.18674698795180722 0.9085144927536233 0.04685408299866131 0.05253623188405798
0 0.8714859437751004 0.723731884057971 0.045515394912985285 0.05253623188405798
0 0.6820615796519411 0.4266304347826087 0.038821954484605015 0.05253623188405798
0 0.6820615796519411 0.3596014492753623 0.04417670682730923 0.05253623188405798
