0 0.666111 0.451320 0.021111 0.037954
0 0.616111 0.410891 0.023333 0.033003
0 0.294444 0.372112 0.033333 0.044554
0 0.614444 0.287129 0.022222 0.033003
0 0.616667 0.455446 0.022222 0.033003
0 0.643333 0.410891 0.022222 0.033003
0 0.591667 0.455446 0.025556 0.036304
0 0.294444 0.289604 0.037778 0.041254
0 0.617778 0.537954 0.022222 0.036304
0 0.590556 0.287129 0.023333 0.036304
0 0.591667 0.538779 0.021111 0.031353
0 0.617778 0.495875 0.022222 0.031353
0 0.644444 0.827558 0.026667 0.037954
0 0.910556 0.286304 0.036667 0.047855
0 0.717222 0.450495 0.023333 0.036304
0 0.756111 0.328383 0.036667 0.039604
0 0.642222 0.452970 0.020000 0.034653
0 0.550556 0.245050 0.032222 0.034653
0 0.589444 0.328383 0.023333 0.033003
0 0.616667 0.577558 0.022222 0.033003
0 0.590556 0.410066 0.023333 0.031353
0 0.345556 0.246700 0.033333 0.034653
0 0.616111 0.369637 0.023333 0.029703
0 0.073333 0.417492 0.022222 0.036304
0 0.346667 0.329208 0.035556 0.031353
0 0.591667 0.497525 0.023333 0.037954
0 0.644444 0.745875 0.020000 0.036304
0 0.616667 0.329208 0.022222 0.031353
0 0.666111 0.412541 0.021111 0.036304
0 0.672778 0.912541 0.023333 0.039604
0 0.190556 0.330858 0.036667 0.037954
0 0.716111 0.411716 0.021111 0.034653
0 0.190556 0.248350 0.038889 0.031353
0 0.073333 0.457096 0.024444 0.036304
0 0.670556 0.746700 0.021111 0.031353
0 0.807222 0.329208 0.034444 0.041254
0 0.140556 0.330858 0.036667 0.031353
0 0.645556 0.868812 0.026667 0.037954
0 0.910556 0.329208 0.034444 0.041254
0 0.671667 0.827558 0.025556 0.034653
0 0.718333 0.532178 0.023333 0.034653
0 0.645556 0.912541 0.026667 0.036304
0 0.100556 0.417492 0.023333 0.029703
0 0.398333 0.330858 0.036667 0.041254
0 0.671111 0.869637 0.022222 0.039604
0 0.501111 0.533003 0.028889 0.039604
0 0.073333 0.499175 0.024444 0.037954
0 0.500556 0.141089 0.047778 0.037954
0 0.551667 0.328383 0.036667 0.023102
0 0.294444 0.327558 0.033333 0.037954
0 0.500556 0.179868 0.043333 0.039604
0 0.501667 0.376238 0.045556 0.036304
0 0.670556 0.785479 0.023333 0.036304
0 0.513333 0.740099 0.022222 0.031353
0 0.075556 0.538779 0.024444 0.037954
0 0.254444 0.415842 0.022222 0.029703
0 0.499444 0.240924 0.043333 0.046205
0 0.501667 0.341584 0.045556 0.036304
0 0.500556 0.208746 0.047778 0.031353
0 0.501111 0.317657 0.044444 0.034653
0 0.501667 0.287954 0.043333 0.041254
0 0.500556 0.449670 0.041111 0.041254
0 0.449444 0.376238 0.038889 0.042904
0 0.910556 0.370462 0.036667 0.041254
0 0.448333 0.329208 0.034444 0.041254
0 0.706111 0.699670 0.036667 0.049505
0 0.858333 0.330033 0.032222 0.039604
0 0.654444 0.701320 0.037778 0.049505
0 0.551667 0.287129 0.036667 0.042904
0 0.345556 0.287129 0.037778 0.042904
0 0.604444 0.706271 0.037778 0.049505
0 0.656667 0.617987 0.035556 0.057756
0 0.705556 0.287954 0.037778 0.047855
0 0.704444 0.369637 0.037778 0.049505
0 0.397222 0.287954 0.034444 0.047855
0 0.806667 0.283003 0.033333 0.047855
0 0.138333 0.371287 0.036667 0.046205
0 0.604444 0.621287 0.033333 0.047855
0 0.756667 0.286304 0.035556 0.047855
0 0.449444 0.289604 0.032222 0.041254
0 0.857222 0.371287 0.034444 0.042904
0 0.857222 0.287129 0.034444 0.046205
0 0.191667 0.371287 0.038889 0.046205
0 0.087778 0.332508 0.037778 0.041254
0 0.756667 0.370462 0.035556 0.047855
0 0.190556 0.288779 0.036667 0.042904
0 0.550556 0.198020 0.036667 0.052805
0 0.653333 0.368812 0.037778 0.047855
0 0.346111 0.371287 0.036667 0.049505
0 0.293333 0.242574 0.035556 0.049505
0 0.707778 0.621287 0.035556 0.051155
0 0.087222 0.372937 0.038889 0.042904
0 0.551667 0.369637 0.036667 0.049505
0 0.807778 0.372937 0.035556 0.046205
0 0.345556 0.198845 0.035556 0.057756
0 0.500000 0.495050 0.040000 0.042904
0 0.190556 0.202145 0.036667 0.054455
0 0.140556 0.290429 0.034444 0.042904
0 0.241667 0.288779 0.036667 0.049505
0 0.448333 0.245875 0.034444 0.049505
0 0.242222 0.372937 0.035556 0.042904
0 0.140556 0.242574 0.034444 0.049505
0 0.087222 0.288779 0.038889 0.049505
0 0.398333 0.375413 0.036667 0.044554
0 0.652222 0.288779 0.033333 0.049505
0 0.590556 0.369637 0.023333 0.039604
0 0.644444 0.783003 0.022222 0.037954
0 0.241667 0.332508 0.036667 0.037954
