0 0.675845 0.311343 0.040050 0.062500
0 0.448686 0.841435 0.038798 0.067130
0 0.675845 0.369213 0.037547 0.053241
0 0.506258 0.162037 0.048811 0.050926
0 0.506258 0.109954 0.053817 0.048611
0 0.675845 0.252315 0.037547 0.050926
0 0.851064 0.251157 0.037547 0.053241
0 0.850438 0.365741 0.041302 0.046296
0 0.505632 0.347222 0.047559 0.050926
0 0.505006 0.256944 0.048811 0.050926
0 0.506884 0.439815 0.050063 0.041667
0 0.506258 0.211806 0.051314 0.043981
0 0.793492 0.370370 0.037547 0.046296
0 0.507509 0.655093 0.036295 0.050926
0 0.506884 0.398148 0.047559 0.041667
0 0.521902 0.961806 0.025031 0.030093
0 0.618273 0.375000 0.037547 0.055556
0 0.506258 0.304398 0.046308 0.043981
0 0.507509 0.600694 0.043805 0.057870
0 0.563204 0.839120 0.037547 0.062500
0 0.675845 0.429398 0.040050 0.062500
0 0.851064 0.423611 0.040050 0.064815
0 0.507509 0.538194 0.046308 0.062500
0 0.733417 0.311343 0.037547 0.067130
0 0.793492 0.315972 0.035044 0.057870
0 0.675219 0.189815 0.038798 0.074074
0 0.520651 0.932870 0.025031 0.037037
0 0.966834 0.365741 0.041302 0.037037
0 0.448686 0.776620 0.036295 0.067130
0 0.561952 0.771991 0.037547 0.067130
0 0.618273 0.315972 0.035044 0.057870
0 0.447434 0.378472 0.041302 0.062500
0 0.793492 0.251157 0.040050 0.067130
0 0.965582 0.250000 0.043805 0.064815
0 0.735920 0.771991 0.037547 0.067130
0 0.733417 0.378472 0.040050 0.067130
0 0.966834 0.313657 0.036295 0.062500
0 0.448060 0.311343 0.035044 0.062500
0 0.618273 0.253472 0.037547 0.062500
0 0.558824 0.312500 0.038798 0.064815
0 0.738423 0.833333 0.042553 0.060185
0 0.908010 0.371528 0.041302 0.062500
0 0.737797 0.950231 0.041302 0.067130
0 0.908010 0.309028 0.036295 0.067130
0 0.737171 0.892361 0.037547 0.057870
0 0.560075 0.375000 0.033792 0.060185
0 0.849186 0.311343 0.041302 0.062500
0 0.849812 0.186343 0.037547 0.076389
