0 0.411901 0.172979 0.041015 0.051138
0 0.683303 0.282405 0.037729 0.050309
0 0.454574 0.550556 0.040452 0.046291
0 0.856641 0.401625 0.038824 0.050585
0 0.536932 0.356788 0.035697 0.041953
0 0.457884 0.588805 0.041015 0.051138
0 0.175052 0.876439 0.040294 0.054094
0 0.071720 0.432684 0.042672 0.056263
0 0.319726 0.753421 0.042485 0.054647
0 0.871262 0.527661 0.039199 0.053817
0 0.201985 0.656751 0.038449 0.047354
0 0.546773 0.441620 0.038824 0.050585
0 0.198207 0.614462 0.036634 0.050032
0 0.722168 0.607722 0.037167 0.045461
0 0.626003 0.672753 0.035539 0.049756
0 0.225603 0.860348 0.036634 0.050032
0 0.642296 0.375919 0.037729 0.050309
0 0.631784 0.712873 0.035539 0.049756
0 0.900972 0.351346 0.039357 0.046014
0 0.551020 0.487948 0.041577 0.055986
0 0.277545 0.851389 0.041202 0.052754
0 0.387853 0.441834 0.036259 0.046801
0 0.230289 0.900744 0.036634 0.050032
0 0.841581 0.281521 0.038637 0.048969
0 0.063537 0.352423 0.039919 0.050862
0 0.480447 0.312008 0.048306 0.049843
0 0.671602 0.618827 0.035351 0.048140
0 0.234788 0.939524 0.038824 0.050585
0 0.132675 0.506272 0.038449 0.047354
0 0.123475 0.422109 0.037729 0.050309
0 0.937435 0.636521 0.040107 0.052478
0 0.850312 0.361644 0.037354 0.047077
0 0.926780 0.554390 0.042297 0.053031
0 0.314571 0.708985 0.042297 0.053031
0 0.486375 0.834414 0.041015 0.051138
0 0.528014 0.275049 0.037354 0.047077
0 0.426077 0.766481 0.037729 0.050309
0 0.461969 0.147862 0.046649 0.044719
0 0.159430 0.751488 0.042297 0.053031
0 0.421672 0.728509 0.039732 0.049246
0 0.946432 0.714082 0.042297 0.053031
0 0.464262 0.182209 0.045928 0.047674
0 0.496029 0.917630 0.041577 0.055986
0 0.645562 0.831638 0.039357 0.046014
0 0.635469 0.754353 0.034976 0.044908
0 0.308977 0.670481 0.040107 0.052478
0 0.154556 0.709475 0.037542 0.048693
0 0.865387 0.486734 0.033881 0.044632
0 0.471769 0.713363 0.039545 0.047630
0 0.740740 0.772676 0.033881 0.044632
0 0.152154 0.669334 0.037354 0.047077
0 0.292793 0.973109 0.038449 0.047354
0 0.481689 0.794018 0.040640 0.047907
0 0.942027 0.676110 0.037354 0.047077
0 0.728043 0.648649 0.039919 0.050862
0 0.951681 0.759326 0.042297 0.053031
0 0.142782 0.588542 0.039919 0.050862
0 0.932655 0.595317 0.039919 0.050862
0 0.774767 0.171991 0.039012 0.052201
0 0.695032 0.820808 0.036101 0.054603
0 0.732542 0.687429 0.037354 0.047077
0 0.491155 0.875618 0.040827 0.049523
0 0.430763 0.806877 0.037729 0.050309
0 0.477433 0.281169 0.044271 0.042550
0 0.467918 0.213718 0.046807 0.036916
0 0.641344 0.795281 0.038795 0.041167
0 0.745332 0.812265 0.036634 0.050032
0 0.164116 0.791884 0.032786 0.044355
0 0.692818 0.782283 0.038045 0.034703
0 0.540790 0.735019 0.030596 0.043802
0 0.499892 0.494206 0.042268 0.043612
0 0.439588 0.887808 0.036259 0.046801
0 0.147655 0.630554 0.039919 0.050862
0 0.665821 0.578708 0.037167 0.045461
0 0.057835 0.308125 0.039387 0.055433
0 0.920718 0.511846 0.037729 0.050309
0 0.648713 0.878242 0.042860 0.057878
0 0.735137 0.267652 0.041015 0.051138
0 0.169897 0.832003 0.039732 0.049246
0 0.737134 0.727018 0.037917 0.051925
0 0.681255 0.702043 0.037729 0.050309
0 0.379749 0.357395 0.039919 0.050862
0 0.261993 0.255739 0.039919 0.050862
0 0.364659 0.227319 0.040857 0.058941
0 0.717575 0.568133 0.039919 0.050862
0 0.476816 0.752005 0.041390 0.054370
0 0.411284 0.643815 0.036634 0.050032
0 0.066940 0.391479 0.037354 0.047077
0 0.288013 0.931905 0.039012 0.052201
0 0.860513 0.444722 0.034631 0.051095
0 0.169621 0.368045 0.036446 0.048416
0 0.324965 0.332144 0.040482 0.055709
0 0.724482 0.185521 0.038824 0.050585
0 0.219719 0.352900 0.041015 0.051138
0 0.173212 0.408718 0.038637 0.048969
0 0.835987 0.243017 0.040452 0.046291
0 0.445650 0.930352 0.041577 0.055986
0 0.137815 0.545722 0.039732 0.049246
0 0.638518 0.333630 0.040294 0.054094
0 0.628144 0.253922 0.038291 0.055156
0 0.164654 0.325225 0.036634 0.050032
0 0.618304 0.169090 0.042110 0.051415
0 0.285813 0.465938 0.041015 0.051138
0 0.596791 0.430652 0.037729 0.050309
0 0.290139 0.508088 0.039545 0.047630
0 0.621317 0.632357 0.042110 0.051415
0 0.375250 0.318615 0.039919 0.050862
0 0.678335 0.239585 0.040107 0.052478
0 0.739384 0.313981 0.039012 0.052201
0 0.661948 0.535611 0.039919 0.050862
0 0.424800 0.303608 0.034256 0.047863
0 0.229466 0.436924 0.041015 0.051138
0 0.402005 0.563830 0.040827 0.049523
0 0.383527 0.399684 0.040294 0.054094
0 0.610756 0.551033 0.037917 0.051925
0 0.697815 0.402647 0.036446 0.048416
0 0.187739 0.533946 0.041015 0.051138
0 0.266867 0.297751 0.039919 0.050862
0 0.816118 0.071737 0.041577 0.055986
0 0.439953 0.424520 0.041202 0.052754
0 0.235341 0.477852 0.040827 0.049523
0 0.784607 0.256823 0.038824 0.050585
0 0.276707 0.382583 0.042297 0.053031
0 0.280580 0.425680 0.037729 0.050309
0 0.769987 0.130787 0.038824 0.050585
0 0.224686 0.395720 0.041202 0.052754
0 0.720156 0.143370 0.035539 0.049756
0 0.622990 0.209486 0.037729 0.050309
0 0.668682 0.156368 0.037729 0.050309
0 0.572705 0.223016 0.040107 0.052478
0 0.631735 0.294595 0.034602 0.041676
0 0.431050 0.347767 0.036634 0.050032
0 0.715361 0.097180 0.039387 0.055433
0 0.687989 0.322801 0.037729 0.050309
0 0.273580 0.807485 0.041202 0.052754
0 0.779640 0.214003 0.038637 0.048969
0 0.176710 0.448583 0.038824 0.050585
0 0.794981 0.336531 0.041577 0.055986
0 0.206671 0.697147 0.041015 0.051138
0 0.448699 0.509628 0.038824 0.050585
0 0.882948 0.186253 0.037917 0.051925
0 0.210973 0.267791 0.041577 0.055986
0 0.462664 0.630009 0.043767 0.056539
0 0.422117 0.261042 0.036821 0.051648
0 0.703142 0.443713 0.037729 0.050309
0 0.567925 0.181812 0.039919 0.050862
0 0.295185 0.546730 0.041015 0.051138
0 0.541258 0.398938 0.037917 0.051925
0 0.244901 0.560260 0.041202 0.052754
0 0.911439 0.431862 0.042297 0.053031
0 0.444013 0.469232 0.036634 0.050032
0 0.821367 0.116981 0.041202 0.052754
0 0.652857 0.457242 0.041922 0.049799
0 0.494549 0.448155 0.046145 0.058708
0 0.256557 0.208880 0.040669 0.057325
0 0.613869 0.121146 0.040107 0.052478
0 0.205631 0.221740 0.041015 0.051138
0 0.687411 0.745395 0.039919 0.050862
0 0.436825 0.849421 0.037917 0.051925
0 0.128442 0.464929 0.040482 0.055709
0 0.109308 0.295127 0.040136 0.061896
0 0.692675 0.363197 0.035164 0.046524
0 0.487945 0.376642 0.050122 0.047164
0 0.484477 0.346749 0.044804 0.037979
0 0.406597 0.603419 0.040640 0.047907
0 0.414678 0.216352 0.041577 0.055986
0 0.268519 0.763857 0.039012 0.052201
0 0.258051 0.683341 0.041202 0.052754
0 0.656355 0.497107 0.037354 0.047077
0 0.663434 0.111125 0.035914 0.052987
0 0.394088 0.481007 0.037542 0.048693
0 0.601477 0.471049 0.037729 0.050309
0 0.300059 0.588742 0.036634 0.050032
0 0.896286 0.310950 0.037542 0.048693
0 0.831395 0.203429 0.036634 0.050032
0 0.886632 0.227733 0.039919 0.050862
0 0.219728 0.819420 0.036821 0.051648
0 0.673462 0.197573 0.037542 0.048693
0 0.915859 0.474820 0.038449 0.047354
0 0.906472 0.389042 0.037729 0.050309
0 0.181677 0.491403 0.036446 0.048416
0 0.210810 0.737681 0.039545 0.047630
0 0.826334 0.159801 0.043205 0.051692
0 0.283420 0.892317 0.041015 0.051138
0 0.676569 0.661647 0.039919 0.050862
0 0.606257 0.512253 0.037542 0.048693
0 0.052132 0.263827 0.037729 0.050309
0 0.192425 0.574342 0.038824 0.050585
0 0.578861 0.266367 0.036101 0.054603
0 0.216315 0.313843 0.036259 0.046801
0 0.530884 0.319230 0.035539 0.049756
0 0.118695 0.380905 0.035351 0.048140
0 0.239933 0.517440 0.038449 0.047354
0 0.615536 0.592237 0.037729 0.050309
0 0.369094 0.275263 0.037729 0.050309
0 0.729262 0.226725 0.039012 0.052201
0 0.711513 0.525590 0.042297 0.053031
0 0.563491 0.133868 0.038291 0.055156
0 0.416157 0.685827 0.041015 0.051138
0 0.706921 0.486002 0.037729 0.050309
0 0.160595 0.280513 0.037196 0.054880
0 0.847456 0.322448 0.038824 0.050585
0 0.791296 0.295050 0.036259 0.046801
0 0.765740 0.084459 0.037196 0.054880
0 0.646982 0.416315 0.037729 0.050309
0 0.590729 0.388109 0.037542 0.048693
0 0.435267 0.384123 0.033506 0.041400
0 0.215229 0.780640 0.038637 0.048969
0 0.466348 0.671490 0.041015 0.051138
0 0.587873 0.348914 0.036072 0.045185
0 0.249680 0.601464 0.038824 0.050585
0 0.114557 0.340371 0.036821 0.051648
0 0.253271 0.642137 0.036259 0.046801
0 0.893884 0.270808 0.037729 0.050309
0 0.304198 0.629277 0.039545 0.047630
0 0.397585 0.520872 0.039545 0.047630
0 0.471666 0.246035 0.050496 0.050396
0 0.271740 0.339763 0.037354 0.047077
0 0.583281 0.309325 0.036634 0.050032
0 0.262925 0.725353 0.036446 0.048416
0 0.241038 0.978515 0.043393 0.042970
