0 0.087730 0.866609 0.038037 0.043029
0 0.086503 0.907917 0.035583 0.046472
0 0.544785 0.906196 0.036810 0.049914
0 0.939264 0.343373 0.038037 0.043029
0 0.372393 0.777108 0.035583 0.039587
0 0.940491 0.427711 0.035583 0.043029
0 0.881595 0.160929 0.040491 0.049914
0 0.027607 0.476764 0.035583 0.041308
0 0.315337 0.866609 0.036810 0.043029
0 0.200000 0.259036 0.036810 0.043029
0 0.882209 0.646299 0.041718 0.046472
0 0.655828 0.471601 0.033129 0.041308
0 0.202454 0.910499 0.039264 0.041308
0 0.085276 0.518072 0.035583 0.041308
0 0.710429 0.209983 0.031902 0.041308
0 0.430061 0.302926 0.035583 0.044750
0 0.881595 0.256454 0.040491 0.044750
0 0.823926 0.212565 0.035583 0.049914
0 0.768098 0.209983 0.036810 0.044750
0 0.711656 0.389845 0.039264 0.049914
0 0.142331 0.345955 0.034356 0.041308
0 0.428834 0.689329 0.035583 0.043029
0 0.711656 0.345955 0.034356 0.041308
0 0.485890 0.471601 0.044172 0.048193
0 0.541104 0.163511 0.036810 0.048193
0 0.258896 0.604991 0.036810 0.043029
0 0.028834 0.646299 0.038037 0.046472
0 0.087730 0.604991 0.038037 0.039587
0 0.428834 0.209983 0.035583 0.048193
0 0.823926 0.253873 0.035583 0.039587
0 0.769939 0.430293 0.040491 0.044750
0 0.086503 0.647160 0.035583 0.041308
0 0.200000 0.602410 0.036810 0.037866
0 0.085276 0.345955 0.033129 0.041308
0 0.428834 0.607573 0.035583 0.041308
0 0.826380 0.561102 0.035583 0.044750
0 0.882822 0.471601 0.038037 0.041308
0 0.028834 0.562823 0.040491 0.041308
0 0.428834 0.476764 0.038037 0.044750
0 0.201227 0.955250 0.036810 0.041308
0 0.882822 0.343373 0.038037 0.046472
0 0.430061 0.518072 0.038037 0.041308
0 0.314724 0.821859 0.035583 0.043029
0 0.258896 0.908778 0.036810 0.041308
0 0.086503 0.209983 0.040491 0.048193
0 0.655215 0.256454 0.034356 0.041308
0 0.430061 0.648881 0.038037 0.041308
0 0.314724 0.644578 0.035583 0.043029
0 0.655215 0.209983 0.034356 0.044750
0 0.028834 0.520654 0.038037 0.043029
0 0.085276 0.478485 0.040491 0.041308
0 0.372393 0.735800 0.035583 0.043029
0 0.542331 0.212565 0.036810 0.046472
0 0.428834 0.389845 0.035583 0.043029
0 0.542331 0.345955 0.034356 0.041308
0 0.315951 0.908778 0.040491 0.044750
0 0.202454 0.864028 0.039264 0.048193
0 0.257669 0.345955 0.034356 0.037866
0 0.430061 0.733219 0.038037 0.041308
0 0.543558 0.647160 0.036810 0.048193
0 0.258282 0.777969 0.038037 0.041308
0 0.371166 0.209983 0.035583 0.044750
0 0.257669 0.259036 0.034356 0.043029
0 0.143558 0.735800 0.036810 0.043029
0 0.198773 0.518072 0.036810 0.044750
0 0.428834 0.562823 0.042945 0.048193
0 0.768712 0.474182 0.040491 0.043029
0 0.654601 0.301205 0.033129 0.048193
0 0.314724 0.602410 0.035583 0.041308
0 0.656442 0.430293 0.034356 0.044750
0 0.144172 0.648881 0.038037 0.041308
0 0.768098 0.301205 0.039264 0.044750
0 0.257669 0.432014 0.036810 0.044750
0 0.144172 0.259036 0.038037 0.043029
0 0.655215 0.345955 0.031902 0.041308
0 0.142945 0.604991 0.038037 0.043029
0 0.144172 0.562823 0.038037 0.041308
0 0.030061 0.347676 0.035583 0.044750
0 0.143558 0.209983 0.039264 0.055077
0 0.826380 0.432014 0.035583 0.044750
0 0.315951 0.777969 0.035583 0.044750
0 0.428221 0.259036 0.034356 0.043029
0 0.372393 0.429432 0.035583 0.039587
0 0.314724 0.518072 0.040491 0.048193
0 0.258896 0.821859 0.036810 0.043029
0 0.142331 0.822719 0.036810 0.044750
0 0.314724 0.562823 0.038037 0.041308
0 0.200000 0.562823 0.036810 0.041308
0 0.201227 0.819277 0.036810 0.044750
0 0.260123 0.735800 0.036810 0.043029
0 0.086503 0.387263 0.035583 0.041308
0 0.542945 0.256454 0.035583 0.044750
0 0.710429 0.253873 0.036810 0.046472
0 0.826380 0.343373 0.035583 0.043029
0 0.202454 0.735800 0.036810 0.043029
0 0.201227 0.775387 0.036810 0.043029
0 0.315951 0.733219 0.035583 0.041308
0 0.427607 0.432014 0.035583 0.041308
0 0.542331 0.303787 0.036810 0.043029
0 0.200000 0.693632 0.039264 0.041308
0 0.198773 0.301205 0.039264 0.041308
0 0.313497 0.259036 0.038037 0.043029
0 0.826380 0.387263 0.035583 0.041308
0 0.371166 0.560241 0.038037 0.043029
0 0.198773 0.343373 0.036810 0.043029
0 0.314724 0.209983 0.040491 0.048193
0 0.257669 0.209983 0.039264 0.048193
0 0.258896 0.647160 0.036810 0.041308
0 0.315337 0.474182 0.036810 0.043029
0 0.087117 0.259036 0.039264 0.043029
0 0.655215 0.387263 0.034356 0.041308
0 0.542331 0.387263 0.036810 0.044750
0 0.823926 0.299484 0.038037 0.044750
0 0.029448 0.434596 0.034356 0.043029
0 0.198773 0.476764 0.036810 0.041308
0 0.768712 0.343373 0.035583 0.043029
0 0.314724 0.343373 0.035583 0.043029
0 0.315337 0.301205 0.036810 0.041308
0 0.542331 0.432014 0.036810 0.044750
0 0.086503 0.434596 0.035583 0.046472
0 0.768098 0.253873 0.039264 0.046472
0 0.372393 0.647160 0.035583 0.041308
0 0.198773 0.387263 0.036810 0.041308
0 0.200000 0.432014 0.036810 0.044750
0 0.371166 0.256454 0.038037 0.048193
0 0.258896 0.388124 0.036810 0.046472
0 0.200000 0.209983 0.039264 0.051635
0 0.314724 0.432014 0.035583 0.044750
0 0.142331 0.387263 0.036810 0.044750
0 0.372393 0.387263 0.035583 0.044750
0 0.371166 0.345955 0.035583 0.044750
0 0.200000 0.647160 0.036810 0.048193
0 0.086503 0.560241 0.040491 0.043029
0 0.142945 0.432014 0.035583 0.044750
0 0.315337 0.387263 0.036810 0.041308
0 0.314724 0.691910 0.038037 0.044750
0 0.257669 0.475904 0.034356 0.039587
0 0.939264 0.205680 0.040491 0.053356
0 0.657669 0.775387 0.036810 0.039587
0 0.086503 0.733219 0.035583 0.044750
0 0.882209 0.513769 0.036810 0.043029
0 0.542331 0.864028 0.036810 0.037866
0 0.144172 0.474182 0.035583 0.039587
0 0.938650 0.256454 0.039264 0.044750
0 0.257669 0.562823 0.036810 0.041308
0 0.028834 0.209983 0.038037 0.044750
0 0.030061 0.866609 0.040491 0.043029
0 0.501840 0.765921 0.024540 0.030981
0 0.486503 0.185886 0.047853 0.037866
0 0.485890 0.291738 0.046626 0.032702
0 0.485890 0.151463 0.046626 0.030981
0 0.487117 0.361446 0.044172 0.030981
0 0.485890 0.219449 0.051534 0.029260
0 0.486503 0.509466 0.042945 0.020654
0 0.543558 0.603270 0.036810 0.032702
0 0.499387 0.787435 0.029448 0.008606
0 0.142331 0.303787 0.034356 0.043029
0 0.543558 0.691050 0.036810 0.039587
0 0.258282 0.691050 0.030675 0.039587
0 0.031288 0.908778 0.035583 0.044750
0 0.031288 0.955250 0.035583 0.048193
0 0.543558 0.777969 0.034356 0.041308
0 0.142945 0.866609 0.038037 0.043029
0 0.031288 0.775387 0.035583 0.043029
0 0.258896 0.302926 0.036810 0.044750
0 0.371166 0.821859 0.035583 0.043029
0 0.655828 0.691050 0.035583 0.043029
0 0.710429 0.160929 0.034356 0.049914
0 0.488344 0.392427 0.044172 0.034423
0 0.657669 0.950947 0.034356 0.043029
0 0.939264 0.301205 0.038037 0.041308
0 0.031288 0.735800 0.038037 0.043029
0 0.030061 0.693632 0.035583 0.044750
0 0.028834 0.301205 0.040491 0.041308
0 0.371166 0.303787 0.035583 0.039587
0 0.030061 0.822719 0.042945 0.044750
0 0.086503 0.955250 0.035583 0.044750
0 0.883436 0.557659 0.036810 0.044750
0 0.656442 0.516351 0.036810 0.041308
0 0.372393 0.604991 0.035583 0.043029
0 0.371166 0.471601 0.038037 0.037866
0 0.655215 0.602410 0.036810 0.044750
0 0.030061 0.387263 0.033129 0.041308
0 0.143558 0.955250 0.041718 0.044750
0 0.372393 0.691050 0.035583 0.046472
0 0.488344 0.327022 0.044172 0.041308
0 0.827607 0.476764 0.035583 0.041308
0 0.884049 0.600688 0.038037 0.041308
0 0.428834 0.821859 0.035583 0.043029
0 0.711656 0.301205 0.036810 0.048193
0 0.655828 0.560241 0.035583 0.043029
0 0.086503 0.691910 0.035583 0.044750
0 0.656442 0.733219 0.036810 0.044750
0 0.656442 0.820138 0.036810 0.043029
0 0.430061 0.345955 0.033129 0.037866
0 0.656442 0.649742 0.039264 0.046472
0 0.882209 0.430293 0.036810 0.044750
0 0.258896 0.952668 0.039264 0.046472
0 0.430061 0.950947 0.042945 0.049914
0 0.542331 0.476764 0.036810 0.044750
0 0.372393 0.907917 0.035583 0.046472
0 0.543558 0.562823 0.036810 0.041308
0 0.938650 0.471601 0.036810 0.044750
0 0.938650 0.516351 0.039264 0.048193
0 0.142945 0.518933 0.038037 0.046472
0 0.144172 0.777969 0.035583 0.041308
0 0.655215 0.160929 0.034356 0.046472
0 0.371166 0.513769 0.038037 0.049914
0 0.428834 0.777969 0.035583 0.044750
0 0.768098 0.160929 0.034356 0.046472
0 0.144172 0.693632 0.035583 0.041308
0 0.485890 0.254733 0.046626 0.041308
0 0.373620 0.952668 0.040491 0.043029
0 0.656442 0.862306 0.036810 0.041308
0 0.598773 0.303787 0.034356 0.049914
0 0.086503 0.822719 0.035583 0.044750
0 0.087117 0.303787 0.036810 0.036145
0 0.881595 0.209983 0.040491 0.044750
0 0.542331 0.520654 0.036810 0.043029
0 0.314724 0.953528 0.038037 0.044750
0 0.768712 0.388124 0.035583 0.039587
0 0.028834 0.604991 0.035583 0.039587
0 0.543558 0.821859 0.036810 0.043029
0 0.881595 0.301205 0.038037 0.041308
0 0.087730 0.777969 0.038037 0.041308
0 0.656442 0.906196 0.036810 0.043029
0 0.258896 0.864028 0.036810 0.044750
0 0.257669 0.520654 0.034356 0.043029
0 0.825153 0.160929 0.035583 0.049914
0 0.030061 0.256454 0.040491 0.044750
0 0.428834 0.163511 0.035583 0.044750
0 0.372393 0.861446 0.040491 0.046472
0 0.938650 0.385542 0.036810 0.041308
0 0.144172 0.911360 0.038037 0.046472
0 0.827607 0.516351 0.035583 0.041308
0 0.430061 0.906196 0.038037 0.043029
0 0.544172 0.733219 0.033129 0.044750
0 0.880982 0.388124 0.034356 0.039587
0 0.428834 0.862306 0.035583 0.041308
