0 0.912222 0.331967 0.033333 0.037705
0 0.704444 0.329508 0.033333 0.042623
0 0.757222 0.621311 0.036667 0.042623
0 0.757222 0.665574 0.036667 0.042623
0 0.809444 0.662295 0.032222 0.042623
0 0.757778 0.746721 0.035556 0.044262
0 0.758889 0.538525 0.037778 0.044262
0 0.757222 0.287705 0.036667 0.047541
0 0.757222 0.495902 0.038889 0.040984
0 0.808333 0.537705 0.036667 0.042623
0 0.140556 0.155738 0.038889 0.052459
0 0.758333 0.581148 0.036667 0.040984
0 0.655556 0.580328 0.035556 0.045902
0 0.809444 0.203279 0.038889 0.052459
0 0.190556 0.156557 0.038889 0.047541
0 0.859444 0.415574 0.038889 0.044262
0 0.190000 0.287705 0.040000 0.047541
0 0.653333 0.663115 0.035556 0.047541
0 0.808333 0.332787 0.036667 0.042623
0 0.705556 0.581148 0.033333 0.044262
0 0.654444 0.495082 0.037778 0.045902
0 0.808333 0.375410 0.036667 0.039344
0 0.757222 0.790164 0.036667 0.042623
0 0.808333 0.621311 0.034444 0.042623
0 0.808333 0.415574 0.034444 0.040984
0 0.652778 0.331148 0.036667 0.042623
0 0.706667 0.625410 0.035556 0.044262
0 0.706667 0.705738 0.035556 0.047541
0 0.654444 0.787705 0.037778 0.044262
0 0.858333 0.498361 0.036667 0.045902
0 0.757222 0.704918 0.032222 0.039344
0 0.808333 0.290984 0.036667 0.044262
0 0.706667 0.538525 0.033333 0.040984
0 0.809444 0.703279 0.036667 0.042623
0 0.705556 0.495902 0.031111 0.040984
0 0.860556 0.244262 0.038889 0.052459
0 0.757778 0.330328 0.033333 0.040984
0 0.705556 0.454918 0.033333 0.040984
0 0.190556 0.240164 0.038889 0.044262
0 0.706667 0.829508 0.037778 0.042623
0 0.653333 0.370492 0.033333 0.042623
0 0.704444 0.413115 0.033333 0.039344
0 0.808333 0.454918 0.034444 0.040984
0 0.655556 0.913115 0.033333 0.045902
0 0.758889 0.913115 0.037778 0.045902
0 0.705556 0.912295 0.037778 0.044262
0 0.860556 0.831148 0.036667 0.045902
0 0.652222 0.288525 0.035556 0.042623
0 0.704444 0.290164 0.033333 0.042623
0 0.809444 0.828689 0.036667 0.040984
0 0.808333 0.495082 0.036667 0.042623
0 0.757222 0.829508 0.036667 0.042623
0 0.859444 0.332787 0.038889 0.042623
0 0.860556 0.665574 0.036667 0.042623
0 0.859444 0.372951 0.036667 0.037705
0 0.912222 0.415574 0.037778 0.044262
0 0.757222 0.372131 0.036667 0.042623
0 0.809444 0.871311 0.036667 0.047541
0 0.653333 0.745902 0.035556 0.042623
0 0.859444 0.787705 0.032222 0.040984
0 0.860556 0.581967 0.034444 0.042623
0 0.706667 0.787705 0.037778 0.044262
0 0.190556 0.199180 0.038889 0.037705
0 0.653333 0.415574 0.035556 0.044262
0 0.860556 0.622951 0.036667 0.042623
0 0.858333 0.746721 0.034444 0.044262
0 0.808333 0.580328 0.036667 0.042623
0 0.810556 0.745082 0.036667 0.044262
0 0.654444 0.622131 0.031111 0.037705
0 0.914444 0.666393 0.040000 0.047541
0 0.859444 0.541803 0.032222 0.037705
0 0.859444 0.706557 0.036667 0.042623
0 0.654444 0.540164 0.033333 0.037705
0 0.757222 0.415574 0.036667 0.044262
0 0.602778 0.286885 0.034444 0.042623
0 0.859444 0.290984 0.036667 0.040984
0 0.757778 0.455738 0.035556 0.039344
0 0.858333 0.458197 0.034444 0.037705
0 0.809444 0.248361 0.036667 0.040984
0 0.602222 0.333607 0.035556 0.044262
0 0.912222 0.457377 0.037778 0.042623
0 0.912222 0.288525 0.033333 0.045902
0 0.810556 0.913934 0.036667 0.037705
0 0.241111 0.622131 0.040000 0.044262
0 0.705556 0.665574 0.033333 0.039344
0 0.757222 0.868852 0.036667 0.042623
0 0.653333 0.704918 0.033333 0.039344
0 0.705556 0.370492 0.035556 0.042623
0 0.926667 0.581148 0.020000 0.031148
0 0.913889 0.500820 0.038889 0.044262
0 0.912778 0.542623 0.038889 0.042623
0 0.086667 0.152459 0.033333 0.049180
0 0.654444 0.830328 0.033333 0.037705
0 0.913333 0.619672 0.037778 0.045902
0 0.912222 0.370492 0.037778 0.042623
0 0.653333 0.456557 0.033333 0.037705
0 0.706667 0.747541 0.033333 0.036066
0 0.705556 0.869672 0.037778 0.040984
0 0.240556 0.581148 0.038889 0.044262
0 0.653333 0.867213 0.033333 0.039344
0 0.240000 0.664754 0.040000 0.040984
0 0.810556 0.786885 0.034444 0.042623
