0 0.09052753623188406 0.6899494665918023 0.026713043478260885 0.03449747332959016
0 0.400695652173913 0.4822459292532285 0.027702415458937216 0.035934868051656396
0 0.25723671497584544 0.6554519932622123 0.027702415458937216 0.03449747332959008
0 0.5228830917874396 0.6841998877035373 0.026713043478260867 0.031622683885457616
0 0.17462415458937194 0.6554519932622123 0.028691787439613543 0.037372262773722624
0 0.4833082125603864 0.6841998877035373 0.026713043478260867 0.031622683885457616
0 0.35963671497584543 0.6870746771476698 0.026713043478260867 0.02874789444132515
0 0.2577314009661836 0.5533969679955082 0.026713043478260867 0.031622683885457616
0 0.17363478260869564 0.518899494665918 0.026713043478260885 0.031622683885457525
0 0.6064850241545894 0.518899494665918 0.029681159420289836 0.037372262773722624
0 0.21419903381642516 0.1444581695676586 0.02473429951690821 0.035934868051656375
0 0.5233777777777777 0.4815272318921954 0.02572367149758452 0.031622683885457616
0 0.04650048309178744 0.3191016282987086 0.02374492753623188 0.028747894441325063
0 0.35963671497584543 0.5850196518809657 0.026713043478260867 0.037372262773722624
0 0.5233777777777777 0.6159236384053903 0.027702415458937216 0.03018528916339138
0 0.2978009661835749 0.5188994946659181 0.025723671497584557 0.028747894441325063
0 0.21419903381642516 0.4534980348119034 0.02473429951690821 0.03018528916339138
0 0.4813294685990339 0.6187984278495228 0.02671304347826079 0.02731049971925883
0 0.6064850241545894 0.38809657495788885 0.029681159420289836 0.03737226277372258
0 0.17412946859903378 0.5878944413250983 0.027702415458937195 0.031622683885457616
0 0.48231884057971014 0.5160247052217856 0.026713043478260867 0.02874789444132515
0 0.5649314009661836 0.4844020213363279 0.027702415458937216 0.03449747332959008
0 0.09003285024154589 0.45349803481190337 0.027702415458937205 0.033060078607523934
0 0.17412946859903378 0.6209545199326222 0.027702415458937195 0.031622683885457616
0 0.32698743961352655 0.06396406513194834 0.02077681159420289 0.027310499719258842
0 0.35914202898550723 0.21417181358787202 0.029681159420289836 0.037372262773722645
0 0.35963671497584543 0.6187984278495228 0.024734299516908247 0.03018528916339138
0 0.36013140096618357 0.4844020213363279 0.025723671497584595 0.031622683885457616
0 0.046005797101449274 0.28460415496911845 0.026713043478260867 0.037372262773722624
0 0.39970628019323673 0.6863559797866368 0.029681159420289913 0.035934868051656306
0 0.09003285024154589 0.42187535092644574 0.027702415458937205 0.030185289163391294
0 0.4833082125603864 0.6497024143739473 0.026713043478260867 0.03449747332959008
0 0.29730628019323674 0.5878944413250983 0.026713043478260867 0.031622683885457616
0 0.29730628019323674 0.5505221785513756 0.026713043478260867 0.03449747332959008
0 0.17264541062801933 0.21417181358787196 0.026713043478260867 0.03162268388545757
0 0.5213990338164252 0.10780460415496912 0.02770241545893714 0.037372262773722624
0 0.36013140096618357 0.3852217855137563 0.02770241545893714 0.040247052217855135
0 0.17363478260869564 0.4872768107804605 0.026713043478260885 0.03449747332959025
0 0.48231884057971014 0.5850196518809657 0.026713043478260867 0.03449747332959008
0 0.5629526570048309 0.21417181358787196 0.027702415458937216 0.03449747332959012
0 0.6045062801932367 0.31622683885457603 0.029681159420289913 0.03449747332959012
0 0.17264541062801933 0.28460415496911845 0.026713043478260867 0.031622683885457616
0 0.3606260869565217 0.4190005614823133 0.026713043478260867 0.02731049971925883
0 0.6045062801932367 0.28172936552498595 0.029681159420289913 0.03449747332959012
0 0.5639420289855073 0.44990454800673785 0.029681159420289836 0.03449747332959016
0 0.17363478260869564 0.3852217855137563 0.026713043478260885 0.037372262773722714
0 0.0469951690821256 0.38737787759685566 0.028691787439613526 0.033060078607523885
0 0.44175458937198075 0.5850196518809657 0.02671304347826079 0.03449747332959008
0 0.400695652173913 0.5871757439640651 0.029681159420289836 0.03306007860752384
0 0.2577314009661836 0.3852217855137563 0.026713043478260867 0.03162268388545757
0 0.35963671497584543 0.5505221785513756 0.026713043478260867 0.031622683885457616
0 0.21568309178743963 0.6223919146546883 0.027702415458937178 0.037372262773722624
0 0.25723671497584544 0.5850196518809657 0.02572367149758452 0.031622683885457616
0 0.5228830917874396 0.6497024143739473 0.026713043478260867 0.03449747332959008
0 0.6064850241545894 0.4247501403705784 0.03165990338164253 0.03306007860752376
0 0.39970628019323673 0.6216732172936552 0.027702415458937216 0.03306007860752384
0 0.5649314009661836 0.518899494665918 0.029681159420289836 0.03449747332959008
0 0.21617777777777777 0.5217742841100506 0.026713043478260867 0.031622683885457616
0 0.5629526570048309 0.24723189219539582 0.027702415458937216 0.03449747332959012
0 0.5233777777777777 0.5160247052217856 0.027702415458937216 0.037372262773722624
0 0.25723671497584544 0.6899494665918023 0.027702415458937216 0.03449747332959016
0 0.17264541062801933 0.3198203256597418 0.024734299516908264 0.030185289163391426
0 0.21617777777777777 0.21417181358787196 0.026713043478260867 0.03162268388545757
0 0.046005797101449274 0.17967434025828186 0.026713043478260867 0.031622683885457616
0 0.29631690821256035 0.17967434025828186 0.02473429951690821 0.028747894441325108
0 0.36013140096618357 0.4527793374508703 0.025723671497584595 0.03449747332959008
0 0.4813294685990338 0.4527793374508703 0.02473429951690817 0.0316226838854577
0 0.6050009661835749 0.24795058955642896 0.028691787439613564 0.03306007860752384
0 0.2557526570048309 0.21632790567097135 0.026713043478260867 0.033060078607523885
0 0.5634473429951691 0.1458955642897249 0.028691787439613488 0.033060078607523864
0 0.48231884057971014 0.5505221785513756 0.026713043478260867 0.03449747332959008
0 0.08953816425120774 0.3198203256597418 0.026713043478260878 0.030185289163391426
0 0.17264541062801933 0.3507243121841662 0.026713043478260867 0.031622683885457435
0 0.44175458937198075 0.6209545199326221 0.02671304347826079 0.03449747332959016
0 0.17363478260869564 0.4534980348119034 0.026713043478260885 0.035934868051656396
0 0.6050009661835749 0.14230207748455923 0.028691787439613564 0.03737226277372258
0 0.08953816425120774 0.14517686692869175 0.026713043478260878 0.03449747332959012
0 0.4813294685990338 0.1767995508141494 0.02473429951690817 0.03449747332959008
0 0.5228830917874396 0.21345311622683885 0.026713043478260867 0.03306007860752384
0 0.21518840579710147 0.48727681078046037 0.026713043478260867 0.037372262773722624
0 0.29730628019323674 0.450623245367771 0.026713043478260867 0.03306007860752384
0 0.39970628019323673 0.5505221785513756 0.027702415458937216 0.037372262773722624
0 0.08805410628019324 0.38809657495788885 0.029681159420289864 0.03737226277372258
0 0.21617777777777777 0.5878944413250983 0.028691787439613526 0.03449747332959016
0 0.36013140096618357 0.3169455362156092 0.023744927536231822 0.03018528916339138
0 0.5629526570048309 0.28172936552498595 0.027702415458937216 0.031622683885457616
0 0.09003285024154589 0.17967434025828186 0.027702415458937205 0.031622683885457616
0 0.5213990338164252 0.18183043234138124 0.02770241545893714 0.03018528916339136
0 0.2577314009661836 0.4872768107804605 0.026713043478260867 0.03449747332959025
0 0.2958222222222222 0.3823469960696238 0.025723671497584557 0.0316226838854577
0 0.39970628019323673 0.4506232453677708 0.02572367149758452 0.02731049971925892
0 0.6045062801932367 0.3507243121841662 0.029681159420289913 0.03449747332959012
0 0.17363478260869564 0.41971925884334643 0.026713043478260885 0.031622683885457616
0 0.04748985507246377 0.422594048287479 0.029681159420289854 0.037372262773722624
0 0.5213990338164252 0.1458955642897249 0.02770241545893714 0.035934868051656375
0 0.29730628019323674 0.48512071869736106 0.026713043478260867 0.035934868051656396
0 0.4813294685990339 0.21417181358787202 0.02671304347826079 0.037372262773722645
0 0.2141990338164251 0.2853228523301516 0.026713043478260867 0.03018528916339134
0 0.39970628019323673 0.5160247052217856 0.027702415458937216 0.031622683885457616
0 0.08904347826086959 0.35144300954519936 0.029681159420289843 0.03306007860752376
0 0.29631690821256035 0.24795058955642896 0.026713043478260905 0.03306007860752384
0 0.29730628019323674 0.6216732172936552 0.026713043478260867 0.03306007860752384
0 0.0469951690821256 0.24507580011229646 0.028691787439613526 0.035934868051656396
0 0.36013140096618357 0.35000561482313314 0.025723671497584595 0.03018528916339125
0 0.5233777777777777 0.4506232453677709 0.027702415458937216 0.030185289163391294
0 0.5233777777777777 0.5807074677147671 0.027702415458937216 0.03737226277372254
0 0.04650048309178744 0.3507243121841662 0.029681159420289854 0.03449747332959012
0 0.21617777777777777 0.17967434025828186 0.02473429951690821 0.03449747332959012
0 0.4412599033816425 0.5526782706344749 0.02770241545893714 0.033060078607523934
0 0.5228830917874396 0.2795732734418866 0.026713043478260867 0.03018528916339138
0 0.13109178743961353 0.11067939359910163 0.028691787439613526 0.037372262773722624
0 0.25921545893719805 0.6216732172936552 0.027702415458937216 0.03306007860752384
0 0.44175458937198075 0.518899494665918 0.02671304347826079 0.031622683885457525
0 0.29730628019323674 0.3169455362156092 0.026713043478260867 0.03018528916339138
0 0.25674202898550724 0.28460415496911845 0.026713043478260867 0.031622683885457616
0 0.29631690821256035 0.14517686692869175 0.02473429951690821 0.037372262773722624
0 0.2577314009661836 0.4168444693992139 0.026713043478260867 0.031622683885457616
0 0.5629526570048309 0.10780460415496912 0.029681159420289836 0.040247052217855135
0 0.5639420289855073 0.41612577203818074 0.029681159420289836 0.03306007860752384
0 0.21518840579710147 0.4197192588433464 0.026713043478260867 0.037372262773722624
0 0.4813294685990339 0.2824480628860191 0.02671304347826079 0.03018528916339138
0 0.25674202898550724 0.18183043234138124 0.026713043478260867 0.035934868051656375
0 0.2557526570048309 0.3169455362156092 0.02473429951690821 0.03306007860752384
0 0.35963671497584543 0.518899494665918 0.026713043478260867 0.03449747332959008
0 0.44076521739130436 0.28172936552498595 0.026713043478260867 0.03449747332959012
0 0.25723671497584544 0.5217742841100507 0.027702415458937216 0.03449747332958999
0 0.44175458937198075 0.4844020213363279 0.028691787439613488 0.037372262773722714
0 0.2958222222222222 0.3478495227400337 0.027702415458937216 0.0316226838854577
0 0.5624579710144928 0.18254912970241438 0.026713043478260867 0.03449747332959012
0 0.5228830917874396 0.4168444693992139 0.026713043478260867 0.03449747332959016
0 0.13158647342995167 0.2860415496911847 0.027702415458937195 0.03449747332959012
0 0.3279768115942029 0.13798989331836042 0.02077681159420293 0.017248736664795015
0 0.3269874396135266 0.09989893318360471 0.024734299516908285 0.03018528916339135
0 0.3289661835748792 0.12289724873666479 0.01879806763285027 0.015811341942728808
0 0.40020096618357487 0.28172936552498595 0.028691787439613564 0.037372262773722624
0 0.25674202898550724 0.14517686692869175 0.026713043478260867 0.037372262773722624
0 0.25674202898550724 0.35144300954519936 0.026713043478260867 0.03306007860752376
0 0.17264541062801933 0.24866928691746207 0.026713043478260867 0.037372262773722624
0 0.44076521739130436 0.350005614823133 0.026713043478260867 0.0330600786075238
0 0.5233777777777777 0.350005614823133 0.027702415458937216 0.03593486805165635
0 0.39921159420289853 0.3507243121841662 0.026713043478260867 0.03449747332959012
0 0.5639420289855073 0.37947220662549125 0.029681159420289836 0.040247052217855135
0 0.5233777777777777 0.24795058955642896 0.027702415458937216 0.03306007860752384
0 0.12960772946859903 0.14805165637282425 0.027702415458937195 0.03449747332959012
0 0.36013140096618357 0.14517686692869175 0.02770241545893714 0.037372262773722624
0 0.44076521739130436 0.21417181358787196 0.026713043478260867 0.03449747332959012
0 0.4813294685990339 0.31622683885457603 0.02671304347826079 0.03449747332959012
0 0.44076521739130436 0.17967434025828186 0.026713043478260867 0.03449747332959012
0 0.17215072463768116 0.14230207748455923 0.029681159420289874 0.040247052217855135
0 0.2958222222222222 0.28460415496911845 0.029681159420289874 0.03449747332959012
0 0.43977584541062803 0.24795058955642896 0.028691787439613564 0.03306007860752384
0 0.48231884057971014 0.38450308815272316 0.026713043478260867 0.03306007860752384
0 0.40020096618357487 0.17967434025828186 0.024734299516908247 0.031622683885457616
0 0.36013140096618357 0.24866928691746212 0.025723671497584595 0.03162268388545757
0 0.29631690821256035 0.21417181358787202 0.026713043478260905 0.037372262773722645
0 0.25674202898550724 0.45349803481190337 0.026713043478260867 0.033060078607523934
0 0.39921159420289853 0.24795058955642896 0.026713043478260867 0.03306007860752384
0 0.40020096618357487 0.31622683885457603 0.026713043478260867 0.03449747332959012
0 0.21518840579710147 0.2508253790005615 0.026713043478260867 0.03593486805165635
0 0.13158647342995167 0.21704660303200451 0.029681159420289854 0.037372262773722624
0 0.44076521739130436 0.31407074677147667 0.026713043478260867 0.03306007860752384
0 0.4813294685990339 0.3507243121841662 0.02671304347826079 0.03449747332959012
0 0.44175458937198075 0.41612577203818074 0.02671304347826079 0.03306007860752384
0 0.44076521739130436 0.38450308815272316 0.026713043478260867 0.03306007860752384
0 0.32698743961352655 0.24220101066816396 0.02077681159420289 0.041684446939921405
0 0.32748212560386475 0.20051656372824256 0.023744927536231974 0.041684446939921384
0 0.44175458937198075 0.450623245367771 0.02671304347826079 0.03306007860752384
0 0.5233777777777777 0.3852217855137563 0.027702415458937216 0.03162268388545757
0 0.5228830917874396 0.3133520494104436 0.026713043478260867 0.03449747332959012
0 0.39970628019323673 0.14517686692869175 0.027702415458937216 0.03449747332959012
0 0.29730628019323674 0.41612577203818085 0.026713043478260867 0.035934868051656396
0 0.0455111111111111 0.14517686692869175 0.029681159420289843 0.037372262773722624
0 0.25674202898550724 0.2515440763615946 0.026713043478260867 0.03449747332959012
0 0.09003285024154589 0.24866928691746207 0.027702415458937205 0.037372262773722624
0 0.1731400966183575 0.18183043234138124 0.027702415458937178 0.033060078607523885
0 0.39822222222222214 0.21345311622683885 0.026713043478260944 0.03306007860752384
0 0.44076521739130436 0.14230207748455923 0.026713043478260867 0.03737226277372258
0 0.48231884057971014 0.41612577203818074 0.026713043478260867 0.03306007860752384
0 0.09003285024154589 0.11067939359910163 0.027702415458937205 0.037372262773722624
0 0.2141990338164251 0.3507243121841662 0.026713043478260867 0.03449747332959012
0 0.39970628019323673 0.41971925884334643 0.027702415458937216 0.031622683885457616
0 0.2141990338164251 0.31910162829870864 0.026713043478260867 0.0316226838854577
0 0.13109178743961353 0.18183043234138124 0.026713043478260867 0.033060078607523885
0 0.13158647342995167 0.2515440763615946 0.027702415458937195 0.03449747332959012
0 0.4833082125603864 0.25082537900056145 0.026713043478260867 0.03306007860752384
0 0.40020096618357487 0.38450308815272316 0.028691787439613564 0.03593486805165648
0 0.6050009661835749 0.17967434025828186 0.028691787439613564 0.03449747332959012
0 0.35963671497584543 0.28172936552498595 0.026713043478260867 0.037372262773722624
0 0.5629526570048309 0.31407074677147667 0.027702415458937216 0.03880965749578886
0 0.44076521739130436 0.6532959011791128 0.026713043478260867 0.03306007860752384
0 0.21617777777777777 0.6899494665918023 0.028691787439613526 0.03449747332959016
0 0.4813294685990339 0.4844020213363279 0.02671304347826079 0.031622683885457616
0 0.2978009661835749 0.6532959011791128 0.023744927536231898 0.02731049971925883
0 0.048479227053140096 0.6223919146546883 0.027702415458937195 0.037372262773722624
0 0.08953816425120774 0.5196181920269511 0.026713043478260878 0.035934868051656396
0 0.21518840579710147 0.3852217855137563 0.026713043478260867 0.03162268388545757
0 0.04847922705314009 0.6590454800673778 0.029681159420289836 0.035934868051656396
0 0.047984541062801936 0.4879955081414936 0.026713043478260867 0.033060078607523934
0 0.04748985507246377 0.5217742841100507 0.029681159420289854 0.03449747332958999
0 0.40020096618357487 0.6525772038180797 0.026713043478260867 0.031622683885457616
0 0.6050009661835749 0.21417181358787196 0.026713043478260867 0.03449747332959012
0 0.3289661835748792 0.0366535654126895 0.020776811594202967 0.021560920830993823
0 0.44175458937198075 0.6870746771476698 0.02671304347826079 0.02874789444132515
0 0.21617777777777777 0.5533969679955082 0.026713043478260867 0.031622683885457616
0 0.04748985507246377 0.6928242560359349 0.029681159420289854 0.03449747332959008
0 0.04847922705314009 0.5871757439640651 0.029681159420289836 0.03306007860752384
0 0.21568309178743963 0.6561706906232453 0.027702415458937178 0.03306007860752384
0 0.09003285024154589 0.5900505334081976 0.027702415458937205 0.035934868051656396
0 0.048479227053140096 0.45709152161706906 0.027702415458937195 0.031622683885457616
0 0.0469951690821256 0.21345311622683888 0.026713043478260857 0.03018528916339134
0 0.17462415458937194 0.5533969679955081 0.028691787439613543 0.03449747332959016
0 0.6064850241545893 0.48152723189219543 0.027702415458937216 0.03449747332959016
0 0.09151690821256038 0.6525772038180797 0.028691787439613543 0.037372262773722624
0 0.5644367149758454 0.3471308253790005 0.026713043478260867 0.0186861313868614
0 0.09003285024154589 0.4844020213363279 0.027702415458937205 0.031622683885457616
0 0.36013140096618357 0.17895564289724875 0.02770241545893714 0.018686131386861357
0 0.08953816425120774 0.2860415496911847 0.026713043478260878 0.03449747332959012
0 0.35963671497584543 0.6525772038180797 0.026713043478260867 0.037372262773722624
0 0.29730628019323674 0.6863559797866368 0.024734299516908247 0.035934868051656306
0 0.08953816425120774 0.5533969679955082 0.026713043478260878 0.031622683885457616
0 0.5233777777777777 0.5498034811903425 0.027702415458937216 0.01868613138686127
0 0.6124212560386474 0.4534980348119034 0.027702415458937216 0.02731049971925883
0 0.047984541062801936 0.5533969679955082 0.026713043478260867 0.02874789444132515
0 0.08904347826086956 0.21345311622683888 0.023744927536231898 0.03018528916339134
0 0.48182415458937206 0.14517686692869172 0.02770241545893714 0.022998315553060117
0 0.08953816425120774 0.6216732172936552 0.028691787439613533 0.018686131386861357
