0 0.699041 0.775930 0.040767 0.056751
0 0.128897 0.579256 0.025180 0.043053
0 0.157674 0.582192 0.025180 0.045010
0 0.128897 0.729941 0.022782 0.043053
0 0.086930 0.729941 0.037170 0.050881
0 0.157074 0.682975 0.023981 0.046967
0 0.142086 0.379648 0.039568 0.054795
0 0.130096 0.677104 0.025180 0.043053
0 0.031175 0.284736 0.040767 0.056751
0 0.366307 0.780822 0.039568 0.050881
0 0.809952 0.775930 0.037170 0.052838
0 0.933453 0.382583 0.025180 0.045010
0 0.157074 0.783757 0.026379 0.045010
0 0.377098 0.436399 0.025180 0.043053
0 0.544964 0.382583 0.025180 0.048924
0 0.253597 0.233855 0.037170 0.045010
0 0.031175 0.385519 0.040767 0.054795
0 0.866307 0.780822 0.041966 0.054795
0 0.129496 0.627202 0.026379 0.041096
0 0.865108 0.727984 0.039568 0.050881
0 0.198441 0.283757 0.037170 0.050881
0 0.544964 0.432485 0.025180 0.043053
0 0.423861 0.780822 0.034772 0.050881
0 0.921463 0.287671 0.034772 0.050881
0 0.865108 0.387476 0.039568 0.054795
0 0.755396 0.727984 0.038369 0.046967
0 0.588129 0.233855 0.037170 0.048924
0 0.379496 0.481409 0.025180 0.039139
0 0.586930 0.178082 0.034772 0.058708
0 0.754796 0.777886 0.039568 0.056751
0 0.142086 0.281800 0.039568 0.062622
0 0.809353 0.337573 0.035971 0.048924
0 0.197242 0.230920 0.039568 0.054795
0 0.085132 0.382583 0.035971 0.052838
0 0.810552 0.675147 0.035971 0.058708
0 0.863909 0.337573 0.037170 0.048924
0 0.696643 0.337573 0.035971 0.048924
0 0.642686 0.332681 0.035971 0.046967
0 0.086930 0.677104 0.037170 0.054795
0 0.253597 0.284736 0.039568 0.056751
0 0.699041 0.675147 0.035971 0.058708
0 0.366906 0.334638 0.038369 0.050881
0 0.921463 0.233855 0.041966 0.056751
0 0.309353 0.334638 0.038369 0.046967
0 0.588129 0.284736 0.039568 0.052838
0 0.477218 0.472603 0.043165 0.056751
0 0.086930 0.780822 0.039568 0.054795
0 0.253597 0.178082 0.039568 0.062622
0 0.754197 0.334638 0.038369 0.046967
0 0.476619 0.523483 0.044365 0.048924
0 0.531775 0.284736 0.034772 0.052838
0 0.865108 0.675147 0.039568 0.058708
0 0.365707 0.680039 0.035971 0.056751
0 0.642086 0.382583 0.039568 0.056751
0 0.809353 0.385519 0.035971 0.046967
0 0.755396 0.675147 0.038369 0.058708
0 0.422662 0.730920 0.039568 0.048924
0 0.809353 0.281800 0.035971 0.058708
0 0.479017 0.348337 0.046763 0.039139
0 0.881295 0.972603 0.028777 0.039139
0 0.477818 0.305284 0.046763 0.046967
0 0.476619 0.271037 0.046763 0.037182
0 0.476619 0.188845 0.049161 0.033268
0 0.479017 0.385519 0.046763 0.043053
0 0.922662 0.332681 0.039568 0.035225
0 0.476619 0.573386 0.039568 0.046967
0 0.770384 0.974560 0.025180 0.039139
0 0.479017 0.111546 0.049161 0.039139
0 0.366906 0.730920 0.035971 0.048924
0 0.155875 0.432485 0.021583 0.043053
0 0.878297 0.828767 0.029976 0.041096
0 0.767986 0.828767 0.025180 0.037182
0 0.479017 0.151663 0.046763 0.041096
0 0.821942 0.828767 0.025180 0.045010
0 0.476619 0.228963 0.046763 0.046967
0 0.086331 0.334638 0.035971 0.046967
0 0.824341 0.873777 0.025180 0.041096
0 0.769185 0.876712 0.029976 0.043053
0 0.491007 0.818004 0.022782 0.031311
0 0.101319 0.927593 0.025180 0.039139
0 0.934053 0.432485 0.026379 0.043053
0 0.031175 0.334638 0.038369 0.046967
0 0.157674 0.534247 0.025180 0.039139
0 0.101319 0.876712 0.025180 0.039139
0 0.129496 0.435421 0.026379 0.045010
0 0.697842 0.725049 0.035971 0.048924
0 0.155875 0.732877 0.023981 0.041096
0 0.198441 0.334638 0.039568 0.046967
0 0.810552 0.727984 0.038369 0.050881
0 0.101319 0.833659 0.027578 0.039139
0 0.530576 0.334638 0.039568 0.043053
0 0.128297 0.531311 0.023981 0.045010
0 0.128297 0.483366 0.023981 0.043053
0 0.879496 0.876712 0.027578 0.043053
0 0.157674 0.483366 0.025180 0.046967
0 0.086331 0.284736 0.035971 0.056751
0 0.366906 0.281800 0.038369 0.054795
0 0.421463 0.334638 0.037170 0.050881
0 0.421463 0.677104 0.039568 0.058708
0 0.422662 0.278865 0.039568 0.052838
0 0.309353 0.281800 0.035971 0.054795
0 0.754197 0.281800 0.038369 0.054795
0 0.421463 0.382583 0.034772 0.048924
0 0.696643 0.284736 0.038369 0.056751
0 0.697842 0.385519 0.035971 0.050881
0 0.754197 0.382583 0.035971 0.048924
0 0.531775 0.228963 0.039568 0.054795
0 0.865108 0.284736 0.039568 0.056751
0 0.642086 0.279843 0.039568 0.058708
0 0.366906 0.382583 0.038369 0.052838
0 0.309353 0.382583 0.040767 0.052838
