0 0.5272096128170894 0.17868061345663105 0.013671562082777058 0.024255286894565267
0 0.5925767690253672 0.5740417898380454 0.02648865153538054 0.02910634427347823
0 0.33751668891855807 0.4277015589075015 0.015380507343124208 0.02102124864195661
0 0.518237650200267 0.27651027059804445 0.021361815754339163 0.029106344273478364
0 0.5161014686248331 0.7017863008160894 0.023925233644859815 0.03557442077869581
0 0.5447263017356475 0.5691907324591324 0.014526034712950633 0.02910634427347841
0 0.47081441922563416 0.3419995452133707 0.015380507343124137 0.027489325147174015
0 0.5088384512683578 0.18029763258293538 0.014526034712950633 0.02425528689456531
0 0.5169559412550067 0.6678288991636979 0.023925233644859815 0.03557442077869572
0 0.5460080106809079 0.5376588594961974 0.015380507343124208 0.027489325147174105
0 0.18114819759679573 0.27651027059804445 0.022216288384512665 0.03557442077869577
0 0.5643791722296395 0.2102124864195659 0.014526034712950633 0.029106344273478364
0 0.18072096128170895 0.24902094545087042 0.02307076101468624 0.042042497283913176
0 0.3306809078771695 0.3533186790975012 0.020507343124165515 0.024255286894565267
0 0.5165287049399199 0.6330629879481544 0.02307076101468624 0.03395740165239151
0 0.5165287049399199 0.732509664215872 0.02648865153538054 0.03234038252608702
0 0.5648064085447263 0.3428080547765229 0.015380507343124137 0.029106344273478364
0 0.48875834445927907 0.3428080547765229 0.013671562082776987 0.029106344273478364
0 0.18029372496662216 0.311276181813588 0.022216288384512665 0.037191439905000116
0 0.518237650200267 0.5344248212435888 0.023070761014686313 0.037191439905000206
0 0.32982643524699595 0.17787210389347888 0.02050734312416559 0.032340382526087064
0 0.5643791722296395 0.3080421435609793 0.012817089452603483 0.02425528689456531
0 0.5545527369826435 0.6670203896005459 0.023925233644859815 0.03395740165239133
0 0.5460080106809079 0.503701457843806 0.015380507343124208 0.027489325147174015
0 0.518237650200267 0.311276181813588 0.02477970627503332 0.037191439905000116
0 0.17943925233644858 0.4414462214810884 0.023925233644859815 0.02910634427347832
0 0.5178104138851802 0.6023396245483716 0.023925233644859815 0.030723363399782624
0 0.5541255006675567 0.6338714975113066 0.021361815754339163 0.03234038252608711
0 0.3306809078771695 0.24336137850880518 0.020507343124165515 0.04042547815760882
0 0.4797863818424566 0.31208469137674016 0.02477970627503339 0.032340382526087064
0 0.06622162883845126 0.6969352434371764 0.02307076101468625 0.03234038252608711
0 0.3311081441922563 0.20859546729326162 0.02136181575433909 0.029106344273478364
0 0.21831775700934578 0.2740847419085879 0.02477970627503339 0.030723363399782714
0 0.5536982643524699 0.7017863008160894 0.023925233644859815 0.03557442077869581
0 0.44176234979973295 0.6330629879481544 0.023925233644859815 0.030723363399782714
0 0.5545527369826435 0.6015311149852195 0.02050734312416559 0.03557442077869572
0 0.5272096128170894 0.5045099674069583 0.015380507343124208 0.02910634427347841
0 0.06707610146862483 0.20859546729326162 0.02307076101468625 0.03557442077869577
0 0.06493991989319092 0.5045099674069583 0.022216288384512683 0.0355744207786959
0 0.06579439252336448 0.6662118800373936 0.022216288384512683 0.03234038252608702
0 0.10339118825100133 0.5683822228959802 0.02050734312416555 0.030723363399782714
0 0.40373831775700936 0.311276181813588 0.02307076101468624 0.03395740165239142
0 0.5648064085447263 0.4099143485181535 0.013671562082777058 0.02748932514717415
0 0.5460080106809079 0.24336137850880518 0.013671562082777058 0.027489325147174015
0 0.5934312416555407 0.5053184769701106 0.02477970627503339 0.03395740165239151
0 0.5643791722296395 0.4406377119179363 0.014526034712950633 0.027489325147174015
0 0.5460080106809079 0.4713610753177189 0.015380507343124208 0.027489325147173924
0 0.40416555407209614 0.6678288991636979 0.023925233644859815 0.0291063442734785
0 0.18114819759679573 0.3419995452133707 0.022216288384512665 0.03395740165239142
0 0.5925767690253672 0.27893579928750095 0.02136181575433909 0.030723363399782714
0 0.5079839786381842 0.47055256575456683 0.014526034712950562 0.02910634427347832
0 0.5643791722296395 0.27812728972434875 0.014526034712950633 0.029106344273478364
0 0.06536715620827771 0.30885065312413146 0.024779706275033384 0.032340382526087064
0 0.5934312416555407 0.47459511357032774 0.02477970627503339 0.03395740165239142
0 0.518237650200267 0.5691907324591324 0.023070761014686313 0.0355744207786959
0 0.5930040053404539 0.5392758786225019 0.025634178905206965 0.03395740165239133
0 0.06536715620827771 0.5982970767326107 0.02307076101468625 0.03234038252608702
0 0.40373831775700936 0.700169281689785 0.02477970627503339 0.03234038252608711
0 0.5934312416555407 0.4107228580813058 0.01965287049399194 0.03234038252608702
0 0.5272096128170894 0.4713610753177189 0.015380507343124208 0.027489325147173924
0 0.5272096128170894 0.4398292023547841 0.015380507343124208 0.025872306020869616
0 0.44005340453938585 0.7017863008160894 0.023925233644859815 0.02910634427347841
0 0.10467289719626169 0.3411910356502186 0.021361815754339108 0.029106344273478364
0 0.06536715620827771 0.6330629879481544 0.02307076101468625 0.03395740165239151
0 0.29265687583444594 0.6023396245483716 0.02307076101468624 0.03395740165239142
0 0.4409078771695594 0.5691907324591324 0.023925233644859815 0.0355744207786959
0 0.40416555407209614 0.636297026200763 0.023925233644859815 0.03395740165239133
0 0.14184245660881176 0.503701457843806 0.023925233644859815 0.03395740165239142
0 0.2546328437917223 0.7025948103792415 0.023925233644859815 0.03395740165239142
0 0.21660881174899868 0.7017863008160894 0.02477970627503339 0.03557442077869581
0 0.40416555407209614 0.27893579928750095 0.023925233644859815 0.03395740165239142
0 0.2930841121495327 0.7349351929053286 0.022216288384512665 0.03395740165239142
0 0.2170360480640854 0.7357437024684808 0.02563417890520693 0.03234038252608702
0 0.1042456608811749 0.24336137850880518 0.022216288384512683 0.03395740165239142
0 0.44176234979973295 0.47055256575456683 0.023925233644859815 0.03234038252608702
0 0.2943658210947931 0.20859546729326162 0.02307076101468624 0.03557442077869577
0 0.5930040053404539 0.24740392632456604 0.023925233644859815 0.03557442077869577
0 0.1042456608811749 0.4050632911392405 0.022216288384512683 0.03395740165239142
0 0.17773030707610146 0.636297026200763 0.022216288384512665 0.03395740165239133
0 0.14269692923898533 0.4398292023547841 0.023925233644859815 0.03234038252608702
0 0.25548731642189587 0.6031481341115237 0.023925233644859815 0.0291063442734785
0 0.4028838451268358 0.5392758786225019 0.02136181575433909 0.03395740165239133
0 0.14098798397863818 0.6031481341115238 0.023925233644859815 0.03557442077869581
0 0.10467289719626169 0.2740847419085879 0.023070761014686258 0.030723363399782714
0 0.2930841121495327 0.5699992420222846 0.022216288384512665 0.030723363399782714
0 0.21831775700934578 0.20940397685641376 0.02477970627503339 0.037191439905000116
0 0.25634178905206945 0.3080421435609793 0.0222162883845127 0.03395740165239142
0 0.2935113484646195 0.5053184769701106 0.02307076101468624 0.03395740165239151
0 0.2546328437917223 0.7357437024684808 0.025634178905206965 0.03234038252608702
0 0.06579439252336448 0.47055256575456683 0.023925233644859815 0.03234038252608702
0 0.21660881174899868 0.6371055357639153 0.02477970627503339 0.03557442077869581
0 0.5934312416555407 0.3428080547765229 0.02307076101468624 0.032340382526087064
0 0.441762349799733 0.3080421435609793 0.02221628838451274 0.030723363399782714
0 0.4028838451268358 0.5699992420222846 0.023070761014686313 0.03395740165239151
0 0.1042456608811749 0.3080421435609793 0.022216288384512683 0.03395740165239142
0 0.21660881174899868 0.5045099674069583 0.02477970627503339 0.0355744207786959
0 0.10339118825100133 0.535233330806741 0.023925233644859815 0.03234038252608702
0 0.3669959946595461 0.6670203896005459 0.02136181575433909 0.03395740165239133
0 0.441762349799733 0.407488819828697 0.02050734312416559 0.03234038252608711
0 0.217890520694259 0.4066803102655449 0.023925233644859815 0.033957401652391465
0 0.17901201602136183 0.5724247707117411 0.023070761014686275 0.03234038252608693
0 0.4028838451268358 0.4713610753177189 0.02136181575433909 0.030723363399782714
0 0.3669959946595461 0.47459511357032774 0.02136181575433909 0.030723363399782624
0 0.25548731642189587 0.407488819828697 0.022216288384512665 0.03234038252608711
0 0.14226969292389854 0.27651027059804445 0.02307076101468624 0.032340382526087064
0 0.3665687583444593 0.6023396245483716 0.022216288384512665 0.03395740165239142
0 0.2935113484646195 0.37272290861315344 0.02307076101468624 0.03395740165239142
0 0.25548731642189587 0.6338714975113066 0.023925233644859815 0.03234038252608711
0 0.48918558077436586 0.3767654564289143 0.016234979973297713 0.029106344273478364
0 0.4020293724966622 0.5045099674069583 0.02307076101468624 0.0355744207786959
0 0.3665687583444593 0.311276181813588 0.022216288384512665 0.030723363399782714
0 0.06622162883845126 0.4058718007023927 0.024779706275033384 0.03557442077869581
0 0.5934312416555407 0.3767654564289144 0.02477970627503339 0.03557442077869586
0 0.40373831775700936 0.4414462214810884 0.02307076101468624 0.02910634427347832
0 0.44218958611481973 0.2773187801611966 0.02307076101468624 0.03395740165239142
0 0.4797863818424566 0.27893579928750095 0.02307076101468624 0.03395740165239142
0 0.44218958611481973 0.24497839763510953 0.02307076101468624 0.03395740165239142
0 0.1790120160213618 0.7357437024684808 0.02648865153538054 0.03234038252608702
0 0.3665687583444593 0.6338714975113066 0.022216288384512665 0.03234038252608711
0 0.14226969292389854 0.24336137850880518 0.02307076101468624 0.03395740165239142
0 0.2550600801068091 0.47055256575456683 0.02307076101468624 0.02910634427347832
0 0.29265687583444594 0.6678288991636979 0.02477970627503339 0.03557442077869572
0 0.48064085447263016 0.24740392632456604 0.02307076101468624 0.03234038252608711
0 0.217890520694259 0.4406377119179363 0.023925233644859815 0.03395740165239142
0 0.14184245660881176 0.3080421435609793 0.022216288384512683 0.037191439905000116
0 0.17943925233644858 0.4697440561914146 0.023925233644859815 0.03395740165239142
0 0.2550600801068091 0.4398292023547841 0.02307076101468624 0.03234038252608702
0 0.40416555407209614 0.24740392632456604 0.023925233644859815 0.03234038252608711
0 0.2930841121495327 0.5392758786225019 0.023925233644859815 0.03395740165239133
0 0.21660881174899868 0.3419995452133707 0.02477970627503339 0.03395740165239142
0 0.217890520694259 0.37272290861315344 0.023925233644859815 0.03395740165239142
0 0.44218958611481973 0.2102124864195659 0.02307076101468624 0.03557442077869577
0 0.14226969292389854 0.4066803102655449 0.02307076101468624 0.033957401652391465
0 0.25548731642189587 0.5045099674069583 0.022216288384512665 0.0355744207786959
0 0.21660881174899868 0.5699992420222846 0.02477970627503339 0.03395740165239151
0 0.17943925233644858 0.5045099674069583 0.023925233644859815 0.0355744207786959
0 0.10381842456608811 0.47055256575456683 0.021361815754339125 0.03234038252608702
0 0.17858477970627504 0.7017863008160894 0.023925233644859815 0.03557442077869581
0 0.25634178905206945 0.20940397685641376 0.02392523364485978 0.037191439905000116
0 0.4413351134846462 0.37595694686576214 0.021361815754339163 0.030723363399782714
0 0.48064085447263016 0.1794891230197832 0.02307076101468624 0.03557442077869577
0 0.25591455273698266 0.2773187801611966 0.024779706275033356 0.03395740165239142
0 0.3669959946595461 0.7009777912529371 0.02136181575433909 0.03395740165239142
0 0.25548731642189587 0.5732332802748933 0.022216288384512665 0.03395740165239142
0 0.2170360480640854 0.5384673690593497 0.02563417890520693 0.03234038252608693
0 0.18114819759679573 0.37514843730261 0.023925233644859815 0.032340382526087064
0 0.21660881174899868 0.603956643674676 0.02477970627503339 0.03395740165239133
0 0.2935113484646195 0.311276181813588 0.02307076101468624 0.03395740165239142
0 0.3665687583444593 0.5045099674069583 0.022216288384512665 0.0355744207786959
0 0.14141522029372497 0.5384673690593497 0.023070761014686258 0.03557442077869581
0 0.10381842456608811 0.4390206927916319 0.02307076101468624 0.03395740165239142
0 0.25591455273698266 0.3403825260870664 0.021361815754339125 0.03395740165239142
0 0.3665687583444593 0.24497839763510953 0.022216288384512665 0.030723363399782714
0 0.2550600801068091 0.6686374087268502 0.02477970627503339 0.03719143990500003
0 0.40373831775700936 0.37595694686576214 0.02307076101468624 0.03395740165239142
0 0.17943925233644858 0.5392758786225019 0.023925233644859815 0.03395740165239133
0 0.25634178905206945 0.24497839763510953 0.02392523364485978 0.03395740165239142
0 0.3665687583444593 0.5392758786225019 0.022216288384512665 0.03395740165239133
0 0.4413351134846462 0.3419995452133707 0.021361815754339163 0.03395740165239142
0 0.48064085447263016 0.2142550342353268 0.02307076101468624 0.033957401652391375
0 0.18114819759679573 0.407488819828697 0.023925233644859815 0.03557442077869577
0 0.3661415220293725 0.3428080547765229 0.02136181575433909 0.032340382526087064
0 0.4028838451268358 0.3419995452133707 0.023070761014686313 0.03395740165239142
0 0.3665687583444593 0.4066803102655449 0.022216288384512665 0.030723363399782714
0 0.3665687583444593 0.27812728972434875 0.022216288384512665 0.03557442077869577
0 0.25591455273698266 0.37514843730261 0.02307076101468624 0.03557442077869577
0 0.40416555407209614 0.4099143485181536 0.023925233644859815 0.033957401652391465
0 0.14184245660881176 0.37514843730261 0.022216288384512683 0.03557442077869577
0 0.40373831775700936 0.20940397685641376 0.02477970627503339 0.037191439905000116
0 0.3661415220293725 0.37757396599206655 0.02136181575433909 0.03395740165239151
0 0.2939385847797063 0.4406377119179363 0.022216288384512665 0.03395740165239142
0 0.2935113484646195 0.4066803102655449 0.02307076101468624 0.033957401652391465
0 0.2939385847797063 0.24336137850880518 0.023925233644859815 0.03395740165239142
0 0.2939385847797063 0.27812728972434875 0.022216288384512665 0.029106344273478364
0 0.3665687583444593 0.2102124864195659 0.023925233644859746 0.03880845903130447
0 0.3665687583444593 0.4406377119179363 0.022216288384512665 0.03395740165239142
0 0.14141522029372497 0.5699992420222846 0.023070761014686258 0.030723363399782714
0 0.21831775700934578 0.24336137850880518 0.02477970627503339 0.03395740165239142
0 0.5088384512683578 0.4066803102655449 0.014526034712950633 0.033957401652391465
0 0.4413351134846462 0.5376588594961975 0.023070761014686313 0.030723363399782624
0 0.10339118825100133 0.6015311149852195 0.023925233644859815 0.03557442077869572
0 0.4409078771695594 0.6670203896005459 0.023925233644859815 0.03395740165239133
0 0.5930040053404539 0.4406377119179363 0.022216288384512665 0.03395740165239142
0 0.5178104138851802 0.3460420930291316 0.023925233644859815 0.029106344273478364
0 0.1042456608811749 0.37272290861315344 0.022216288384512683 0.03395740165239142
0 0.29265687583444594 0.7017863008160894 0.02307076101468624 0.02910634427347841
0 0.10339118825100133 0.6338714975113066 0.023925233644859815 0.03234038252608711
0 0.33837116154873165 0.44872280754945815 0.013671562082777058 0.02102124864195661
0 0.33837116154873165 0.48995679527021907 0.013671562082777058 0.019404229515652124
0 0.3387983978638184 0.5093610247858713 0.012817089452603554 0.01617019126304342
0 0.1794392523364486 0.6670203896005459 0.0222162883845127 0.03395740165239133
0 0.4413351134846462 0.603956643674676 0.023070761014686313 0.03395740165239133
0 0.18029372496662216 0.2102124864195659 0.022216288384512665 0.03557442077869577
0 0.10296395193591454 0.6670203896005459 0.024779706275033373 0.03395740165239133
0 0.32982643524699595 0.27974430885065316 0.022216288384512665 0.03557442077869577
0 0.14226969292389854 0.3411910356502186 0.021361815754339125 0.029106344273478364
0 0.06622162883845126 0.27651027059804445 0.024779706275033384 0.03557442077869577
0 0.1042456608811749 0.20859546729326162 0.022216288384512683 0.03557442077869577
0 0.5930040053404539 0.1794891230197832 0.023925233644859815 0.03557442077869577
0 0.14226969292389854 0.20859546729326162 0.02307076101468624 0.03557442077869577
0 0.06493991989319092 0.535233330806741 0.022216288384512683 0.03234038252608702
0 0.14226969292389854 0.47055256575456683 0.02307076101468624 0.03234038252608702
0 0.5643791722296395 0.24336137850880518 0.014526034712950633 0.027489325147174015
0 0.5195193591455274 0.24497839763510953 0.02050734312416559 0.03395740165239142
0 0.3311081441922563 0.3783824755552187 0.02136181575433909 0.029106344273478364
0 0.33837116154873165 0.46974405619141457 0.013671562082777058 0.02425528689456513
0 0.5195193591455274 0.20940397685641376 0.023925233644859815 0.030723363399782714
0 0.3306809078771695 0.6435736122691327 0.022216288384512665 0.02910634427347832
0 0.1042456608811749 0.7317011546527199 0.025634178905206948 0.03395740165239142
0 0.06493991989319092 0.5683822228959802 0.023925233644859815 0.03395740165239142
0 0.5464352469959947 0.4398292023547841 0.014526034712950633 0.02910634427347841
0 0.06579439252336448 0.3719143990500013 0.025634178905206948 0.032340382526087064
0 0.5652336448598131 0.37595694686576214 0.014526034712950562 0.03395740165239142
0 0.21660881174899868 0.6686374087268501 0.02477970627503339 0.030723363399782804
0 0.518237650200267 0.37514843730261 0.023070761014686313 0.029106344273478364
0 0.508411214953271 0.4414462214810884 0.015380507343124137 0.02910634427347832
0 0.5472897196261682 0.21263801510902247 0.014526034712950562 0.030723363399782714
0 0.4699599465954606 0.37595694686576214 0.015380507343124137 0.030723363399782714
0 0.06493991989319092 0.3411910356502186 0.025634178905206938 0.032340382526087064
0 0.14226969292389854 0.7349351929053286 0.02477970627503339 0.03395740165239142
0 0.2930841121495327 0.6338714975113066 0.023925233644859815 0.03234038252608711
0 0.06664886515353804 0.7317011546527199 0.02734312416555408 0.037191439905000116
0 0.3669959946595461 0.5699992420222846 0.02136181575433909 0.030723363399782714
0 0.14098798397863818 0.6371055357639152 0.023925233644859815 0.03234038252608693
0 0.10381842456608811 0.5045099674069583 0.02307076101468624 0.0355744207786959
0 0.40373831775700936 0.732509664215872 0.02477970627503339 0.03557442077869581
0 0.441762349799733 0.4406377119179363 0.02221628838451274 0.030723363399782714
0 0.17901201602136183 0.6031481341115238 0.021361815754339125 0.03557442077869581
0 0.5460080106809079 0.30885065312413146 0.015380507343124208 0.029106344273478364
0 0.06622162883845126 0.24336137850880518 0.024779706275033384 0.03395740165239142
0 0.2546328437917223 0.5392758786225018 0.02050734312416555 0.030723363399782804
0 0.14184245660881176 0.7009777912529371 0.023925233644859815 0.03395740165239142
0 0.5934312416555407 0.2142550342353268 0.02307076101468624 0.033957401652391375
0 0.2170360480640854 0.4713610753177189 0.0222162883845127 0.030723363399782714
0 0.14141522029372497 0.6678288991636979 0.023070761014686258 0.0291063442734785
0 0.2170360480640854 0.30723363399782716 0.02563417890520693 0.03557442077869577
0 0.40416555407209614 0.6023396245483716 0.022216288384512665 0.03395740165239142
0 0.2935113484646195 0.3428080547765229 0.02307076101468624 0.029106344273478364
0 0.5930040053404539 0.311276181813588 0.022216288384512665 0.03395740165239142
0 0.5460080106809079 0.3411910356502186 0.013671562082777058 0.029106344273478364
0 0.3669959946595461 0.7317011546527199 0.02136181575433909 0.030723363399782714
0 0.5276368491321762 0.4099143485181536 0.016234979973297783 0.033957401652391465
0 0.2939385847797063 0.47459511357032774 0.022216288384512665 0.030723363399782624
0 0.5460080106809079 0.407488819828697 0.015380507343124208 0.029106344273478364
0 0.44176234979973295 0.5045099674069583 0.023925233644859815 0.0355744207786959
0 0.4413351134846462 0.732509664215872 0.021361815754339163 0.03234038252608702
0 0.5460080106809079 0.27893579928750095 0.013671562082777058 0.02425528689456531
0 0.5460080106809079 0.37514843730261 0.015380507343124208 0.029106344273478364
0 0.10381842456608811 0.7009777912529371 0.02477970627503339 0.03395740165239142
0 0.06622162883845126 0.4390206927916319 0.02307076101468625 0.03395740165239142
