0 0.798504 0.988312 0.036727 0.023377
0 0.351272 0.830986 0.037592 0.052824
0 0.412836 0.763541 0.037369 0.051221
0 0.630510 0.703154 0.040857 0.053810
0 0.620033 0.411790 0.040634 0.052207
0 0.574232 0.357857 0.038457 0.051549
0 0.411343 0.391354 0.039323 0.050275
0 0.595312 0.573065 0.038457 0.051549
0 0.563728 0.437385 0.037592 0.052824
0 0.762916 0.497554 0.040215 0.056688
0 0.423592 0.311518 0.037146 0.049617
0 0.640582 0.622660 0.043481 0.057674
0 0.586998 0.649077 0.036280 0.050892
0 0.354382 0.417587 0.037592 0.052824
0 0.344645 0.495675 0.037369 0.051221
0 0.416700 0.352875 0.037146 0.049617
0 0.669014 0.426585 0.038457 0.051549
0 0.405651 0.432238 0.037369 0.051221
0 0.696762 0.602039 0.038457 0.051549
0 0.294897 0.482319 0.038011 0.048343
0 0.466770 0.367999 0.037146 0.049617
0 0.334894 0.577937 0.035834 0.047685
0 0.602092 0.532510 0.036504 0.052495
0 0.556626 0.476172 0.036280 0.050892
0 0.371346 0.295736 0.037146 0.049617
0 0.457032 0.446088 0.037369 0.051221
0 0.619461 0.782517 0.036280 0.050892
0 0.430708 0.268558 0.040215 0.056688
0 0.585184 0.275123 0.039769 0.053481
0 0.546554 0.556666 0.038457 0.051549
0 0.233667 0.547359 0.038904 0.054756
0 0.462501 0.406807 0.037146 0.049617
0 0.327904 0.615922 0.037369 0.051221
0 0.284071 0.560078 0.038234 0.049946
0 0.787818 0.709739 0.039546 0.051878
0 0.623213 0.372653 0.038011 0.048343
0 0.808939 0.549883 0.037146 0.049617
0 0.712302 0.482265 0.042588 0.051261
0 0.830995 0.766221 0.037369 0.051221
0 0.669195 0.800046 0.038681 0.053153
0 0.680174 0.346420 0.040634 0.052207
0 0.608300 0.862682 0.036280 0.050892
0 0.208011 0.332440 0.038011 0.048343
0 0.429354 0.644897 0.041723 0.052536
0 0.395258 0.510964 0.033657 0.047028
0 0.652496 0.545229 0.036727 0.054098
0 0.719083 0.441710 0.038904 0.054756
0 0.222297 0.624954 0.037592 0.052824
0 0.780313 0.376669 0.038904 0.054756
0 0.575837 0.729242 0.038457 0.051549
0 0.260047 0.345652 0.037592 0.052824
0 0.306057 0.402154 0.038457 0.051549
0 0.130473 0.518693 0.041499 0.050932
0 0.322435 0.655203 0.034969 0.048960
0 0.474415 0.329376 0.037369 0.051221
0 0.379006 0.252940 0.038681 0.053153
0 0.338953 0.536559 0.036699 0.046411
0 0.558984 0.850291 0.041304 0.057017
0 0.321710 0.281578 0.036280 0.050892
0 0.480442 0.286087 0.037815 0.054427
0 0.635978 0.663873 0.037564 0.045136
0 0.735935 0.320661 0.039127 0.056359
0 0.216703 0.669209 0.038457 0.051549
0 0.277444 0.224768 0.038904 0.054756
0 0.200297 0.787052 0.038681 0.053153
0 0.685531 0.307941 0.038457 0.051549
0 0.158765 0.694312 0.038234 0.049946
0 0.566698 0.395679 0.035388 0.044479
0 0.842156 0.686056 0.039099 0.048672
0 0.685601 0.682204 0.035834 0.047685
0 0.312363 0.735697 0.041499 0.050932
0 0.580106 0.690434 0.036280 0.050892
0 0.674887 0.759162 0.038457 0.051549
0 0.316967 0.694484 0.037369 0.051221
0 0.260536 0.725053 0.039323 0.050275
0 0.608119 0.489221 0.036057 0.049289
0 0.864477 0.525726 0.037369 0.051221
0 0.242316 0.468942 0.040411 0.050604
0 0.819946 0.845584 0.041499 0.050932
0 0.316018 0.322462 0.038234 0.049946
0 0.724551 0.402429 0.038234 0.049946
0 0.837553 0.727269 0.037146 0.049617
0 0.158151 0.319885 0.039323 0.050275
0 0.773742 0.419794 0.039099 0.048672
0 0.210802 0.707524 0.034746 0.047356
0 0.383330 0.592568 0.039546 0.051878
0 0.706834 0.521546 0.038457 0.051549
0 0.597670 0.189511 0.039797 0.061169
0 0.819430 0.474528 0.037146 0.049617
0 0.779838 0.750767 0.036922 0.048014
0 0.141633 0.438528 0.039769 0.053481
0 0.310326 0.363346 0.036280 0.050892
0 0.450796 0.486808 0.036057 0.049289
0 0.690860 0.640354 0.036922 0.048014
0 0.629017 0.330967 0.038904 0.054756
0 0.673282 0.387777 0.035834 0.047685
0 0.238270 0.506146 0.037788 0.046740
0 0.858674 0.567412 0.036922 0.048014
0 0.698031 0.218157 0.038904 0.054756
0 0.361818 0.376394 0.037788 0.046740
0 0.440515 0.564732 0.036922 0.048014
0 0.434823 0.605616 0.037146 0.049617
0 0.267107 0.681929 0.039127 0.056359
0 0.825122 0.433644 0.037369 0.051221
0 0.874857 0.451173 0.037592 0.052824
0 0.399848 0.473924 0.036476 0.044807
0 0.759805 0.910953 0.039769 0.053481
0 0.793301 0.666286 0.036280 0.050892
0 0.614341 0.452674 0.037788 0.046740
0 0.880995 0.407082 0.039992 0.055085
0 0.147325 0.397644 0.039546 0.051878
0 0.305583 0.776252 0.037369 0.051221
0 0.507980 0.458972 0.043481 0.057674
0 0.662666 0.468106 0.034746 0.047356
0 0.825638 0.804700 0.039099 0.048672
0 0.804001 0.593500 0.039769 0.053481
0 0.205654 0.748573 0.038234 0.049946
0 0.679700 0.720519 0.036922 0.048014
0 0.253700 0.387174 0.038234 0.049946
0 0.295511 0.856746 0.042169 0.055742
0 0.564676 0.809407 0.040634 0.052207
0 0.195247 0.831471 0.040634 0.052207
0 0.389357 0.549279 0.037369 0.051221
0 0.350658 0.456559 0.035611 0.046082
0 0.272910 0.640243 0.033880 0.048631
0 0.298077 0.443182 0.035834 0.047685
0 0.809121 0.923343 0.037369 0.051221
0 0.102669 0.722476 0.040857 0.053810
0 0.624818 0.744038 0.037564 0.045136
0 0.893244 0.327246 0.039546 0.051878
0 0.301314 0.815060 0.041723 0.052536
0 0.768608 0.456670 0.036922 0.048014
0 0.590178 0.609941 0.035388 0.044479
0 0.203086 0.371885 0.041499 0.050932
0 0.093685 0.803299 0.043034 0.054468
0 0.602496 0.904367 0.038457 0.051549
0 0.568945 0.770599 0.038011 0.048343
0 0.164178 0.276596 0.037146 0.049617
0 0.264107 0.304275 0.038457 0.051549
0 0.367510 0.335510 0.035388 0.044479
0 0.180333 0.531248 0.038011 0.048343
0 0.119312 0.598858 0.041499 0.050932
0 0.446527 0.525616 0.037788 0.046740
0 0.937845 0.381651 0.039769 0.053481
0 0.170805 0.611906 0.037369 0.051221
0 0.193126 0.451577 0.037369 0.051221
0 0.847625 0.646775 0.034522 0.045753
0 0.144089 0.816018 0.038904 0.054756
0 0.148693 0.774805 0.037788 0.046740
0 0.256700 0.764827 0.038011 0.048343
0 0.114109 0.261471 0.037146 0.049617
0 0.327513 0.239892 0.038904 0.054756
0 0.748645 0.981222 0.042392 0.037555
0 0.657644 0.504181 0.034522 0.045753
0 0.289428 0.521599 0.037788 0.046740
0 0.535994 0.257758 0.047165 0.054180
0 0.552567 0.517550 0.036699 0.046411
0 0.517787 0.755146 0.038457 0.051549
0 0.943313 0.342371 0.039099 0.048672
0 0.534417 0.635700 0.038681 0.053153
0 0.612903 0.821469 0.035611 0.046082
0 0.908645 0.579165 0.038011 0.048343
0 0.249710 0.802813 0.037369 0.051221
0 0.580036 0.316172 0.038011 0.048343
0 0.771301 0.828383 0.033015 0.049905
0 0.904474 0.621344 0.039546 0.051878
0 0.245316 0.846595 0.038457 0.051549
0 0.152682 0.359165 0.037369 0.051221
0 0.541197 0.595145 0.035388 0.044479
0 0.747333 0.234720 0.038262 0.057634
0 0.497085 0.920141 0.038681 0.053153
0 0.136165 0.477809 0.039099 0.048672
0 0.899117 0.659823 0.039099 0.048672
0 0.226831 0.209479 0.039992 0.055085
0 0.270552 0.266125 0.035834 0.047685
0 0.425085 0.683705 0.034746 0.047356
0 0.124781 0.559577 0.041723 0.052536
0 0.776993 0.787499 0.037146 0.049617
0 0.120889 0.220916 0.039546 0.051878
0 0.829837 0.391629 0.037369 0.051221
0 0.107328 0.302026 0.039546 0.051878
0 0.124516 0.178573 0.042169 0.055742
0 0.886687 0.366198 0.036699 0.046411
0 0.186024 0.490364 0.038234 0.049946
0 0.419393 0.724589 0.037146 0.049617
0 0.913667 0.543091 0.038234 0.049946
0 0.597349 0.945416 0.037146 0.049617
0 0.893314 0.701509 0.039992 0.055085
0 0.691670 0.263851 0.038681 0.053153
0 0.248008 0.428058 0.040634 0.052207
0 0.513728 0.796523 0.037146 0.049617
0 0.814478 0.884864 0.036922 0.048014
0 0.899606 0.281552 0.040215 0.056688
0 0.113620 0.639742 0.037369 0.051221
0 0.373593 0.670656 0.034522 0.045753
0 0.408233 0.804753 0.039323 0.050275
0 0.527707 0.325426 0.046719 0.050973
0 0.924493 0.465331 0.038011 0.048343
0 0.530692 0.674673 0.036699 0.046411
0 0.852772 0.605727 0.036280 0.050892
0 0.814073 0.513007 0.036699 0.046411
0 0.361679 0.748087 0.037369 0.051221
0 0.765497 0.870069 0.034299 0.044150
0 0.220595 0.250199 0.035611 0.046082
0 0.480807 0.735622 0.025787 0.035435
0 0.592285 0.236336 0.040579 0.036832
0 0.869500 0.489652 0.034914 0.033584
0 0.540458 0.225692 0.047110 0.038804
0 0.523243 0.357491 0.045826 0.044560
0 0.174529 0.572934 0.038457 0.051549
0 0.647139 0.583708 0.040133 0.033625
0 0.518137 0.386022 0.048003 0.045218
0 0.237450 0.589434 0.024922 0.036710
0 0.530971 0.293832 0.045602 0.042957
0 0.808984 0.635103 0.023833 0.036381
0 0.754336 0.950234 0.040383 0.042916
0 0.550586 0.161088 0.046495 0.049370
0 0.401676 0.843705 0.039099 0.048672
0 0.544810 0.194428 0.046495 0.049370
0 0.397072 0.884918 0.039323 0.050275
0 0.948796 0.298917 0.041081 0.055414
0 0.153073 0.735196 0.040634 0.052207
0 0.169981 0.234910 0.032345 0.045096
0 0.164568 0.652626 0.035611 0.046082
0 0.701477 0.560025 0.035388 0.044479
0 0.346668 0.872199 0.039099 0.048672
0 0.277291 0.600634 0.036280 0.050892
0 0.919904 0.502371 0.037369 0.051221
0 0.357075 0.789300 0.036253 0.043204
0 0.507827 0.834838 0.033434 0.045424
0 0.730243 0.361545 0.035834 0.047685
0 0.367580 0.709773 0.033657 0.047028
0 0.502023 0.876523 0.038681 0.053153
0 0.379062 0.631376 0.036922 0.048014
0 0.804852 0.962151 0.036922 0.048014
0 0.108696 0.679187 0.038234 0.049946
0 0.741739 0.278975 0.038234 0.049946
0 0.097200 0.761757 0.039741 0.045794
0 0.214038 0.289151 0.038457 0.051549
0 0.525558 0.711548 0.037146 0.049617
0 0.198818 0.410693 0.038876 0.047068
0 0.175673 0.194026 0.037369 0.051221
0 0.931818 0.424940 0.039323 0.050275
