0 0.5321100917431192 0.39342806394316165 0.033639143730886834 0.04085257548845472
0 0.5321100917431192 0.3543516873889876 0.033639143730886834 0.037300177619893404
0 0.36085626911314983 0.20426287744227356 0.04281345565749234 0.03197158081705148
0 0.10168195718654434 0.19982238010657194 0.04128440366972477 0.026642984014209586
0 0.7652905198776758 0.7451154529307282 0.041284403669724745 0.026642984014209614
0 0.5328746177370031 0.22735346358792186 0.032110091743119185 0.028419182948490246
0 0.5344036697247707 0.3099467140319716 0.03211009174311941 0.03374777975133214
0 0.768348623853211 0.20426287744227353 0.041284403669724856 0.028419182948490218
0 0.5818042813455657 0.2033747779751332 0.041284403669724634 0.023090586145648323
0 0.36009174311926606 0.37388987566607457 0.041284403669724745 0.04085257548845472
0 0.3570336391437309 0.7078152753108349 0.041284403669724745 0.04085257548845467
0 0.8914373088685015 0.8268206039076377 0.04281345565749228 0.04085257548845478
0 0.29434250764525993 0.7078152753108349 0.0412844036697248 0.04085257548845467
0 0.8922018348623852 0.7451154529307282 0.041284403669724745 0.04085257548845467
0 0.5772171253822629 0.7033747779751334 0.04434250764526004 0.04262877442273527
0 0.9564220183486238 0.9103019538188277 0.04740061162079512 0.04085257548845478
0 0.8922018348623852 0.785968028419183 0.041284403669724745 0.04085257548845467
0 0.231651376146789 0.497335701598579 0.041284403669724745 0.03197158081705148
0 0.5795107033639144 0.37388987566607457 0.04281345565749228 0.04085257548845472
0 0.577217125382263 0.827708703374778 0.041284403669724856 0.04262877442273538
0 0.10091743119266056 0.911190053285968 0.045871559633027525 0.04618117229129659
0 0.35779816513761464 0.8285968028419183 0.04281345565749234 0.04085257548845478
0 0.7041284403669725 0.8285968028419183 0.041284403669724634 0.03374777975133214
0 0.9548929663608563 0.41474245115452935 0.041284403669724745 0.037300177619893404
0 0.231651376146789 0.8285968028419183 0.04434250764525993 0.04440497335701599
0 0.29434250764525993 0.8312611012433393 0.04740061162079512 0.04262877442273527
0 0.5787461773700306 0.6616341030195382 0.041284403669724745 0.03730017761989335
0 0.10168195718654434 0.8268206039076377 0.04128440366972477 0.04085257548845478
0 0.231651376146789 0.7078152753108349 0.04434250764525993 0.04085257548845467
0 0.9533639143730887 0.8721136767317939 0.04434250764525993 0.039076376554174064
0 0.9548929663608563 0.3321492007104796 0.041284403669724745 0.04262877442273533
0 0.29434250764525993 0.3321492007104796 0.0412844036697248 0.039076376554174064
0 0.231651376146789 0.7912966252220248 0.041284403669724745 0.03730017761989346
0 0.7041284403669725 0.7895204262877442 0.04434250764526004 0.044404973357015876
0 0.7041284403669725 0.9094138543516874 0.04434250764526004 0.039076376554174064
0 0.3570336391437309 0.5799289520426287 0.041284403669724745 0.04085257548845467
0 0.7041284403669725 0.6660746003552398 0.04434250764526004 0.039076376554174064
0 0.35856269113149847 0.497335701598579 0.041284403669724745 0.04262877442273533
0 0.8914373088685015 0.7033747779751331 0.04587155963302758 0.039076376554174064
0 0.7025993883792049 0.625222024866785 0.041284403669724856 0.04262877442273527
0 0.2928134556574924 0.7460035523978686 0.041284403669724745 0.04262877442273538
0 0.8922018348623852 0.5390763765541741 0.041284403669724745 0.04085257548845478
0 0.9564220183486238 0.7042628774422736 0.04434250764525993 0.04085257548845478
0 0.7025993883792049 0.539076376554174 0.041284403669724856 0.03730017761989346
0 0.10168195718654434 0.41474245115452935 0.04128440366972477 0.04085257548845472
0 0.9564220183486238 0.5426287744227354 0.041284403669724745 0.0444049733570161
0 0.48241590214067276 0.4982238010657193 0.0412844036697248 0.04085257548845478
0 0.2958715596330275 0.7895204262877442 0.041284403669724745 0.03730017761989335
0 0.5787461773700306 0.7895204262877442 0.041284403669724745 0.03730017761989335
0 0.8914373088685015 0.41563055062166965 0.04281345565749228 0.039076376554174064
0 0.7668195718654434 0.7824156305506217 0.041284403669724745 0.04440497335701599
0 0.8302752293577982 0.411190053285968 0.03975535168195721 0.03730017761989346
0 0.3593272171253823 0.2877442273534636 0.04281345565749234 0.04262877442273533
0 0.23012232415902142 0.7495559502664298 0.0412844036697248 0.04262877442273538
0 0.5795107033639143 0.5799289520426287 0.03975535168195732 0.04085257548845467
0 0.9541284403669725 0.6216696269982238 0.04281345565749228 0.04262877442273538
0 0.422782874617737 0.5834813499111899 0.041284403669724745 0.044404973357015876
0 0.10321100917431192 0.7460035523978686 0.04434250764525993 0.04262877442273538
0 0.581039755351682 0.24511545293072828 0.03669724770642202 0.042628774422735355
0 0.7025993883792049 0.5799289520426287 0.041284403669724856 0.04085257548845467
0 0.8914373088685015 0.29218472468916523 0.04281345565749228 0.04085257548845472
0 0.10091743119266056 0.5381882770870338 0.04281345565749235 0.04262877442273538
0 0.8287461773700306 0.369449378330373 0.04587155963302758 0.04262877442273538
0 0.8914373088685015 0.6216696269982238 0.04281345565749228 0.039076376554174064
0 0.8295107033639144 0.3330373001776199 0.041284403669724745 0.03730017761989346
0 0.2951070336391437 0.24600355239786859 0.04281345565749234 0.04085257548845478
0 0.2308868501529052 0.28596802841918295 0.04281345565749234 0.04262877442273538
0 0.10321100917431192 0.285968028419183 0.04434250764525993 0.03907637655417401
0 0.7652905198776758 0.6207815275310835 0.04434250764525993 0.04085257548845467
0 0.8302752293577982 0.6225577264653641 0.042813455657492394 0.04440497335701599
0 0.48394495412844035 0.5390763765541741 0.041284403669724745 0.04085257548845478
0 0.16743119266055045 0.3312611012433393 0.04434250764525993 0.04085257548845472
0 0.4831804281345565 0.6216696269982238 0.04281345565749234 0.04262877442273538
0 0.7041284403669725 0.41474245115452935 0.041284403669724634 0.037300177619893404
0 0.7652905198776758 0.2912966252220249 0.041284403669724745 0.04262877442273538
0 0.2928134556574924 0.625222024866785 0.04434250764525999 0.04618117229129659
0 0.16743119266055045 0.24511545293072828 0.04434250764525993 0.042628774422735355
0 0.10244648318042812 0.3703374777975133 0.04587155963302751 0.04440497335701599
0 0.29357798165137616 0.6669626998223801 0.04281345565749234 0.04085257548845478
0 0.29434250764525993 0.5799289520426287 0.0412844036697248 0.04440497335701599
0 0.6406727828746177 0.37388987566607457 0.042813455657492394 0.04085257548845472
0 0.7660550458715596 0.6625222024866785 0.04281345565749228 0.04262877442273538
0 0.231651376146789 0.4573712255772646 0.041284403669724745 0.04085257548845461
0 0.768348623853211 0.455595026642984 0.041284403669724856 0.04085257548845467
0 0.10015290519877676 0.5799289520426287 0.04434250764525993 0.04085257548845467
0 0.7668195718654434 0.5373001776198933 0.041284403669724745 0.04085257548845467
0 0.10091743119266056 0.6634103019538189 0.04281345565749235 0.04085257548845467
0 0.8922018348623854 0.5799289520426287 0.04434250764525993 0.04085257548845467
0 0.231651376146789 0.37300177619893427 0.04434250764525993 0.039076376554174064
0 0.231651376146789 0.6634103019538188 0.04434250764525993 0.04440497335701599
0 0.9556574923547401 0.4564831261101243 0.042813455657492394 0.046181172291296646
0 0.3570336391437309 0.6225577264653641 0.041284403669724745 0.04085257548845478
0 0.42125382262996947 0.41474245115452935 0.038226299694189614 0.04085257548845472
0 0.7056574923547401 0.24600355239786859 0.041284403669724856 0.04085257548845478
0 0.7652905198776758 0.7042628774422736 0.04434250764525993 0.04085257548845478
0 0.3570336391437309 0.539076376554174 0.038226299694189614 0.03730017761989346
0 0.10015290519877675 0.6225577264653641 0.041284403669724745 0.04085257548845478
0 0.3593272171253823 0.24600355239786859 0.03975535168195715 0.04085257548845478
0 0.7033639143730887 0.3321492007104796 0.042813455657492394 0.039076376554174064
0 0.5802752293577982 0.41474245115452935 0.03822629969418956 0.037300177619893404
0 0.7041284403669725 0.45293072824156305 0.041284403669724634 0.039076376554174064
0 0.3570336391437309 0.41474245115452935 0.041284403669724745 0.04085257548845472
0 0.231651376146789 0.5799289520426287 0.04434250764525993 0.04440497335701599
0 0.8295107033639144 0.5799289520426287 0.041284403669724745 0.04085257548845467
0 0.7652905198776758 0.3312611012433393 0.04434250764525993 0.04085257548845472
0 0.2958715596330275 0.41474245115452935 0.04434250764525993 0.04085257548845472
0 0.10244648318042812 0.327708703374778 0.04587155963302751 0.04440497335701599
0 0.35779816513761464 0.6669626998223801 0.045871559633027525 0.04440497335701599
0 0.16666666666666666 0.4982238010657193 0.045871559633027525 0.04440497335701593
0 0.23318042813455658 0.3285968028419183 0.04128440366972477 0.046181172291296646
0 0.36009174311926606 0.3321492007104796 0.041284403669724745 0.04618117229129659
0 0.7668195718654434 0.41474245115452935 0.041284403669724745 0.04085257548845472
0 0.5787461773700306 0.4564831261101243 0.041284403669724745 0.046181172291296646
0 0.7033639143730887 0.37388987566607457 0.042813455657492394 0.04085257548845472
0 0.6406727828746177 0.5426287744227354 0.04587155963302747 0.0444049733570161
0 0.16666666666666666 0.45293072824156305 0.045871559633027525 0.04618117229129659
0 0.8914373088685015 0.24600355239786856 0.04281345565749228 0.04795737122557725
0 0.35856269113149847 0.455595026642984 0.041284403669724745 0.04085257548845467
0 0.2951070336391437 0.2904085257548845 0.04281345565749234 0.04085257548845472
0 0.4243119266055046 0.5381882770870338 0.041284403669724745 0.04618117229129659
0 0.16743119266055045 0.285968028419183 0.04434250764525993 0.046181172291296646
0 0.577217125382263 0.5390763765541741 0.041284403669724856 0.04085257548845478
0 0.7652905198776758 0.37300177619893427 0.04434250764525993 0.04262877442273533
0 0.6414373088685015 0.2904085257548845 0.041284403669724856 0.04085257548845472
0 0.6391437308868502 0.497335701598579 0.04587155963302758 0.04262877442273533
0 0.422782874617737 0.3330373001776199 0.041284403669724745 0.04085257548845467
0 0.8295107033639144 0.24955595026642985 0.041284403669724745 0.04440497335701599
0 0.10321100917431192 0.24067495559502666 0.04434250764525993 0.044404973357016014
0 0.7033639143730888 0.497335701598579 0.04587155963302758 0.046181172291296535
0 0.7041284403669725 0.29040852575488457 0.04434250764526004 0.04440497335701599
0 0.8914373088685015 0.3330373001776199 0.04587155963302758 0.04085257548845467
0 0.6391437308868502 0.3312611012433393 0.042813455657492394 0.04085257548845472
0 0.6406727828746177 0.455595026642984 0.04587155963302747 0.04085257548845467
0 0.2958715596330275 0.4564831261101243 0.04434250764525993 0.039076376554174064
0 0.48241590214067276 0.37300177619893427 0.0412844036697248 0.04262877442273533
0 0.4831804281345565 0.2904085257548845 0.04281345565749234 0.04085257548845472
0 0.5795107033639143 0.3321492007104796 0.03975535168195732 0.04262877442273533
0 0.4235474006116208 0.24511545293072826 0.04281345565749234 0.046181172291296646
0 0.6414373088685015 0.24511545293072826 0.041284403669724856 0.046181172291296646
0 0.8302752293577982 0.29218472468916523 0.042813455657492394 0.04085257548845472
0 0.4235474006116208 0.2912966252220249 0.045871559633027525 0.04618117229129659
0 0.48394495412844035 0.3312611012433393 0.041284403669724745 0.04085257548845472
0 0.231651376146789 0.41563055062166965 0.04434250764525993 0.046181172291296646
0 0.2958715596330275 0.5008880994671403 0.04434250764525993 0.0461811722912967
0 0.48394495412844035 0.41474245115452935 0.041284403669724745 0.04085257548845472
0 0.48394495412844035 0.4573712255772646 0.041284403669724745 0.04085257548845461
0 0.7668195718654434 0.24511545293072826 0.041284403669724745 0.046181172291296646
0 0.231651376146789 0.5373001776198935 0.04434250764525993 0.04440497335701599
0 0.48547400611620795 0.24866785079928952 0.0412844036697248 0.04262877442273533
0 0.5336391437308868 0.17850799289520425 0.030581039755351647 0.023090586145648323
0 0.5344036697247707 0.19982238010657194 0.03211009174311941 0.023090586145648268
0 0.48394495412844035 0.9129662522202486 0.041284403669724745 0.04262877442273538
0 0.422782874617737 0.4964476021314387 0.041284403669724745 0.04085257548845472
0 0.16437308868501527 0.369449378330373 0.04128440366972477 0.039076376554174064
0 0.4831804281345566 0.7868561278863233 0.03975535168195721 0.04262877442273527
0 0.10091743119266056 0.8685612788632326 0.045871559633027525 0.04262877442273527
0 0.9533639143730887 0.8321492007104796 0.04434250764525993 0.04085257548845467
0 0.10168195718654434 0.785968028419183 0.04128440366972477 0.03730017761989335
0 0.5787461773700306 0.7451154529307282 0.041284403669724745 0.0444049733570161
0 0.23012232415902142 0.9138543516873889 0.0412844036697248 0.04085257548845467
0 0.5787461773700306 0.8685612788632326 0.041284403669724745 0.035523978685612856
0 0.2285932721712538 0.8730017761989343 0.04128440366972477 0.04085257548845478
0 0.10015290519877676 0.4964476021314387 0.04434250764525993 0.04085257548845472
0 0.5344036697247707 0.11722912966252222 0.03211009174311941 0.03197158081705148
0 0.48394495412844035 0.8321492007104796 0.041284403669724745 0.04085257548845467
0 0.8914373088685015 0.8676731793960923 0.04587155963302758 0.04085257548845467
0 0.5787461773700306 0.6207815275310835 0.041284403669724745 0.04085257548845467
0 0.8295107033639144 0.497335701598579 0.041284403669724745 0.046181172291296535
0 0.7668195718654434 0.5799289520426287 0.041284403669724745 0.04085257548845467
0 0.4839449541284404 0.8730017761989343 0.038226299694189614 0.03730017761989335
0 0.4831804281345566 0.6660746003552398 0.03975535168195721 0.039076376554174064
0 0.8922018348623854 0.497335701598579 0.04434250764525993 0.046181172291296535
0 0.5328746177370031 0.14920071047957373 0.032110091743119185 0.03197158081705151
0 0.9556574923547401 0.58348134991119 0.039755351681957096 0.03730017761989335
0 0.3570336391437309 0.8730017761989343 0.038226299694189614 0.04085257548845478
0 0.8922018348623854 0.3747779751332149 0.04434250764525993 0.039076376554174064
0 0.48547400611620795 0.5799289520426287 0.0412844036697248 0.03730017761989346
0 0.8922018348623852 0.6616341030195383 0.041284403669724745 0.04085257548845489
0 0.4831804281345565 0.7078152753108349 0.04281345565749234 0.04085257548845467
0 0.35856269113149847 0.7486678507992894 0.041284403669724745 0.04085257548845467
0 0.9533639143730888 0.6634103019538189 0.041284403669724745 0.03730017761989357
0 0.29434250764525993 0.8730017761989343 0.0412844036697248 0.03730017761989335
0 0.231651376146789 0.6216696269982238 0.03822629969418964 0.035523978685612856
0 0.577217125382263 0.9103019538188277 0.041284403669724856 0.04085257548845478
0 0.5795107033639143 0.2877442273534636 0.03975535168195732 0.04262877442273533
0 0.9556574923547401 0.497335701598579 0.042813455657492394 0.04262877442273533
0 0.8929663608562691 0.9103019538188277 0.04587155963302747 0.04085257548845478
0 0.7041284403669725 0.7451154529307282 0.04434250764526004 0.0444049733570161
0 0.8302752293577982 0.5390763765541741 0.03975535168195721 0.04085257548845478
0 0.2958715596330275 0.9138543516873889 0.04434250764525993 0.04440497335701599
0 0.7025993883792049 0.7042628774422736 0.041284403669724856 0.04085257548845478
0 0.7652905198776758 0.9103019538188277 0.041284403669724745 0.04085257548845478
0 0.5787461773700306 0.4973357015985791 0.041284403669724745 0.0355239786856128
0 0.35856269113149847 0.7895204262877442 0.041284403669724745 0.04085257548845478
0 0.7652905198776758 0.8685612788632326 0.041284403669724745 0.04262877442273527
0 0.48394495412844035 0.7460035523978685 0.041284403669724745 0.039076376554174064
0 0.4212538226299694 0.37388987566607457 0.04434250764525993 0.04085257548845472
0 0.9548929663608563 0.2824156305506217 0.041284403669724745 0.04262877442273533
0 0.9556574923547401 0.3738898756660746 0.04587155963302747 0.04440497335701599
0 0.3570336391437309 0.9138543516873889 0.04434250764525993 0.04085257548845467
0 0.7652905198776758 0.8268206039076377 0.04434250764525993 0.04085257548845478
0 0.231651376146789 0.24422735346358793 0.03822629969418964 0.04085257548845464
0 0.10015290519877675 0.455595026642984 0.041284403669724745 0.04085257548845467
0 0.2958715596330275 0.5399644760213144 0.041284403669724745 0.035523978685612745
0 0.29434250764525993 0.37033747779751336 0.0412844036697248 0.04085257548845472
0 0.9548929663608563 0.24067495559502666 0.041284403669724745 0.040852575488454695
0 0.7041284403669725 0.8676731793960923 0.04434250764526004 0.04440497335701599
0 0.42125382262996947 0.4564831261101243 0.038226299694189614 0.039076376554174064
0 0.7668195718654434 0.4937833037300178 0.041284403669724745 0.03907637655417401
0 0.8922018348623852 0.4564831261101243 0.03822629969418967 0.039076376554174064
0 0.9548929663608563 0.7486678507992894 0.041284403669724745 0.04085257548845467
0 0.10015290519877676 0.7042628774422736 0.04434250764525993 0.04085257548845478
0 0.6406727828746177 0.41474245115452935 0.03669724770642191 0.04085257548845472
0 0.16743119266055045 0.411190053285968 0.04128440366972477 0.04085257548845467
0 0.9533639143730887 0.7868561278863233 0.04434250764525993 0.04262877442273527
0 0.8302752293577982 0.4520426287744227 0.042813455657492394 0.04085257548845472
