0 0.4256198347107438 0.1317157712305026 0.03896103896103892 0.04506065857885616
0 0.6965761511216058 0.317157712305026 0.0354191263282172 0.04506065857885616
0 0.4244391971664699 0.5363951473136914 0.038961038961038974 0.03986135181975725
0 0.8636363636363636 0.48700173310225303 0.03659976387249109 0.04506065857885605
0 0.5342384887839433 0.3561525129982669 0.03423848878394342 0.036395147313691534
0 0.423258559622196 0.5771230502599654 0.038961038961038974 0.045060658578856216
0 0.09208972845336481 0.8024263431542461 0.03778040141676506 0.048526863084922045
0 0.03778040141676506 0.3128249566724437 0.04014167650531287 0.050259965337954904
0 0.2585596221959858 0.7123050259965338 0.04014167650531286 0.048526863084922156
0 0.8636363636363636 0.6221837088388215 0.03659976387249109 0.048526863084922045
0 0.14698937426210154 0.5805892547660312 0.03659976387249114 0.04159445407279028
0 0.5342384887839433 0.44714038128249567 0.03659976387249109 0.045060658578856105
0 0.14817001180637546 0.535528596187175 0.03423848878394334 0.045060658578856105
0 0.6977567886658795 0.6663778162911611 0.0354191263282172 0.03986135181975736
0 0.58913813459268 0.708838821490468 0.03305785123966942 0.045060658578856216
0 0.1469893742621015 0.7989601386481803 0.03423848878394334 0.045060658578856216
0 0.6422668240850059 0.4038128249566725 0.03541912632821731 0.04506065857885616
0 0.590318772136954 0.7521663778162913 0.03305785123966942 0.04506065857885633
0 0.9161747343565525 0.4462738301559792 0.037780401416765086 0.03986135181975736
0 0.5330578512396694 0.49653379549393417 0.03896103896103886 0.05025996533795496
0 0.2024793388429752 0.8032928942807626 0.038961038961038946 0.04679376083188913
0 0.3677685950413223 0.4055459272097054 0.03423848878394331 0.04159445407279033
0 0.1469893742621015 0.8422876949740035 0.03423848878394334 0.045060658578856216
0 0.8624557260920898 0.3578856152512998 0.0365997638724912 0.04332755632582325
0 0.03896103896103896 0.2270363951473137 0.03778040141676506 0.04506065857885616
0 0.48051948051948057 0.29462738301559793 0.04722550177095641 0.04159445407279028
0 0.6434474616292798 0.6646447140381282 0.03305785123966942 0.04332755632582319
0 0.14698937426210154 0.8838821490467937 0.03659976387249114 0.045060658578856216
0 0.09268004722550177 0.4055459272097054 0.03659976387249114 0.04159445407279033
0 0.09327036599763872 0.31542461005199307 0.03541912632821724 0.045060658578856105
0 0.9197166469893743 0.7530329289428076 0.037780401416765086 0.04679376083188913
0 0.8618654073199528 0.44367417677642984 0.03541912632821731 0.04159445407279033
0 0.9185360094451004 0.6646447140381282 0.04014167650531286 0.04679376083188913
0 0.2585596221959858 0.6646447140381282 0.04014167650531286 0.04679376083188913
0 0.423258559622196 0.8405545927209706 0.038961038961038974 0.045060658578856216
0 0.5348288075560802 0.26863084922010394 0.03541912632821731 0.04159445407279033
0 0.3683589138134593 0.7538994800693242 0.035419126328217254 0.045060658578856105
0 0.4811097992916175 0.11871750433275566 0.046044864226682525 0.03639514731369149
0 0.09090909090909091 0.6681109185441941 0.04014167650531286 0.04679376083188913
0 0.3683589138134593 0.7131715771230502 0.03778040141676503 0.04332755632582319
0 0.9197166469893743 0.8362218370883883 0.04014167650531286 0.04679376083188902
0 0.4793388429752066 0.15511265164644714 0.044864226682408526 0.03986135181975736
0 0.423258559622196 0.9298093587521664 0.038961038961038974 0.05025996533795496
0 0.5903187721369539 0.8795493934142113 0.037780401416765086 0.03986135181975736
0 0.58913813459268 0.7963604852686308 0.03305785123966942 0.03986135181975736
0 0.25737898465171194 0.623050259965338 0.03778040141676503 0.04679376083188902
0 0.09090909090909091 0.623050259965338 0.03541912632821724 0.04332755632582319
0 0.8624557260920898 0.5779896013864818 0.031877213695395534 0.03986135181975736
0 0.42266824085005905 0.7105719237435009 0.03778040141676503 0.04159445407279028
0 0.6971664698937426 0.8431542461005199 0.031877213695395534 0.03986135181975736
0 0.09327036599763872 0.5805892547660312 0.03541912632821724 0.04159445407279028
0 0.20365997638724911 0.9341421143847487 0.03659976387249114 0.04159445407279039
0 0.423258559622196 0.7972270363951472 0.038961038961038974 0.04159445407279028
0 0.9197166469893743 0.7954939341421144 0.03541912632821731 0.041594454072790166
0 0.6989374262101535 0.7105719237435009 0.037780401416764975 0.045060658578856216
0 0.9197166469893743 0.8847487001733102 0.04014167650531286 0.04679376083188913
0 0.09327036599763872 0.49393414211438474 0.037780401416765044 0.045060658578856105
0 0.9197166469893743 0.708838821490468 0.037780401416765086 0.045060658578856216
0 0.8057851239669421 0.22616984402079723 0.03659976387249109 0.046793760831889075
0 0.6434474616292798 0.8812824956672444 0.03305785123966942 0.05025996533795496
0 0.6989374262101535 0.7521663778162913 0.0354191263282172 0.04159445407279028
0 0.423258559622196 0.8847487001733103 0.038961038961038974 0.04332755632582319
0 0.3683589138134593 0.7972270363951474 0.035419126328217254 0.045060658578855994
0 0.48110979929161746 0.2616984402079723 0.04368358913813458 0.034662045060658564
0 0.4793388429752066 0.18890814558058927 0.0472255017709563 0.02772963604852688
0 0.5903187721369539 0.8405545927209706 0.037780401416765086 0.03466204506065851
0 0.6971664698937426 0.8856152512998268 0.03423848878394331 0.045060658578856105
0 0.09090909090909091 0.7114384748700173 0.030696576151121605 0.03986135181975736
0 0.6458087367178276 0.8405545927209706 0.037780401416764975 0.02772963604852685
0 0.49232585596221956 0.7512998266897748 0.02833530106257376 0.03986135181975736
0 0.4787485242030697 0.48960138648180246 0.041322314049586806 0.036395147313691534
0 0.3677685950413223 0.8838821490467939 0.03423848878394331 0.04159445407279028
0 0.09327036599763872 0.5389948006932409 0.037780401416765044 0.045060658578856216
0 0.6422668240850059 0.621317157712305 0.03541912632821731 0.03986135181975725
0 0.03837072018890201 0.17937608318890813 0.03659976387249114 0.05025996533795493
0 0.9173553719008265 0.6187175043327555 0.0354191263282172 0.045060658578856105
0 0.5879574970484062 0.92894280762565 0.04014167650531286 0.051993067590987874
0 0.7526564344746163 0.31542461005199307 0.038961038961038974 0.045060658578856105
0 0.09208972845336481 0.7547660311958406 0.03778040141676506 0.04332755632582319
0 0.6989374262101535 0.7946273830155979 0.0354191263282172 0.04679376083188902
0 0.6434474616292798 0.7538994800693242 0.03541912632821731 0.045060658578856105
0 0.3695395513577332 0.31542461005199307 0.03778040141676503 0.045060658578856105
0 0.2585596221959858 0.17850953206239167 0.03778040141676506 0.04506065857885616
0 0.3695395513577332 0.1759098786828423 0.03778040141676503 0.053726169844020816
0 0.6977567886658795 0.6239168110918545 0.037780401416764975 0.045060658578856105
0 0.423258559622196 0.7521663778162911 0.038961038961038974 0.048526863084922045
0 0.3677685950413223 0.6221837088388216 0.03423848878394331 0.045060658578856105
0 0.03778040141676505 0.26863084922010394 0.03541912632821724 0.04159445407279033
0 0.20365997638724911 0.889948006932409 0.03659976387249114 0.04679376083188902
0 0.8624557260920898 0.5329289428076256 0.031877213695395534 0.04679376083188902
0 0.14817001180637546 0.2712305025996534 0.03423848878394334 0.04332755632582325
0 0.3152302243211334 0.27469670710571925 0.037780401416765086 0.05025996533795496
0 0.7514757969303424 0.2270363951473137 0.03659976387249109 0.04506065857885616
0 0.2024793388429752 0.268630849220104 0.038961038961038946 0.04506065857885613
0 0.14698937426210154 0.3145580589254766 0.03659976387249114 0.04332755632582319
0 0.8612750885478158 0.31629116117850953 0.038961038961038974 0.03986135181975736
0 0.3689492325855962 0.9298093587521664 0.03896103896103892 0.05025996533795496
0 0.09327036599763872 0.4480069324090121 0.037780401416765044 0.04332755632582319
0 0.6434474616292798 0.35875216637781626 0.037780401416765086 0.04852686308492199
0 0.6422668240850059 0.2729636048526863 0.03541912632821731 0.05025996533795496
0 0.14817001180637546 0.22530329289428075 0.03423848878394334 0.045060658578856105
0 0.6422668240850059 0.18197573656845756 0.04014167650531286 0.04506065857885613
0 0.2579693034238489 0.4038128249566725 0.038961038961038974 0.04506065857885616
0 0.587957497048406 0.4488734835355286 0.0354191263282172 0.04506065857885616
0 0.25737898465171194 0.4488734835355286 0.03778040141676503 0.04159445407279028
0 0.58913813459268 0.6655112651646446 0.04014167650531286 0.045060658578856105
0 0.3695395513577332 0.2738301559792028 0.03778040141676503 0.04506065857885616
0 0.6965761511216056 0.27123050259965337 0.037780401416765086 0.04679376083188913
0 0.7514757969303424 0.3648180242634316 0.03659976387249109 0.046793760831889075
0 0.6434474616292798 0.5753899480069324 0.037780401416765086 0.045060658578856105
0 0.423258559622196 0.2712305025996534 0.031877213695395534 0.04332755632582325
0 0.2024793388429752 0.35875216637781626 0.038961038961038946 0.04506065857885616
0 0.3677685950413223 0.5363951473136914 0.038961038961038974 0.04332755632582319
0 0.3683589138134593 0.3604852686308492 0.03778040141676503 0.04852686308492199
0 0.587957497048406 0.5779896013864818 0.0354191263282172 0.04679376083188913
0 0.6971664698937426 0.4462738301559792 0.03423848878394331 0.04332755632582319
0 0.14698937426210154 0.4488734835355286 0.038961038961038974 0.04506065857885616
0 0.2585596221959858 0.22357019064124783 0.03778040141676506 0.04506065857885616
0 0.8612750885478158 0.13258232235701906 0.038961038961038974 0.05025996533795496
0 0.4244391971664699 0.40121317157712305 0.038961038961038974 0.04679376083188913
0 0.20365997638724911 0.402946273830156 0.038961038961038974 0.04332755632582325
0 0.8057851239669421 0.317157712305026 0.03659976387249109 0.04506065857885616
0 0.2585596221959858 0.3145580589254766 0.04014167650531286 0.046793760831889075
0 0.25737898465171194 0.3604852686308492 0.035419126328217226 0.04506065857885616
0 0.8057851239669421 0.18197573656845756 0.03659976387249109 0.04506065857885613
0 0.2024793388429752 0.3145580589254766 0.038961038961038946 0.046793760831889075
0 0.7520661157024793 0.18197573656845756 0.03305785123966942 0.04506065857885613
0 0.6422668240850059 0.22530329289428075 0.03541912632821731 0.045060658578856105
0 0.6965761511216058 0.18197573656845756 0.0354191263282172 0.04506065857885613
0 0.5879574970484062 0.22616984402079723 0.037780401416765086 0.046793760831889075
0 0.641086186540732 0.31629116117850953 0.03305785123966942 0.036395147313691534
0 0.4244391971664699 0.3188908145580589 0.03423848878394331 0.04506065857885616
0 0.7526564344746163 0.13258232235701906 0.03659976387249109 0.05025996533795496
0 0.6965761511216058 0.3604852686308492 0.0354191263282172 0.04506065857885616
0 0.20365997638724911 0.7564991334488735 0.038961038961038974 0.04679376083188902
0 0.8057851239669421 0.2712305025996534 0.03659976387249109 0.04332755632582325
0 0.14580873671782763 0.35701906412478335 0.03659976387249114 0.04506065857885616
0 0.806965761511216 0.40294627383015597 0.038961038961038974 0.05025996533795496
0 0.14698937426210154 0.6239168110918545 0.038961038961038974 0.045060658578856105
0 0.42325855962219594 0.4922010398613518 0.03659976387249114 0.04506065857885616
0 0.9173553719008265 0.26949740034662045 0.0354191263282172 0.0467937608318891
0 0.20365997638724911 0.17764298093587522 0.038961038961038974 0.05025996533795496
0 0.423258559622196 0.621317157712305 0.04132231404958675 0.05025996533795496
0 0.4256198347107438 0.22616984402079723 0.034238488783943366 0.046793760831889075
0 0.6977567886658795 0.49046793760831886 0.0354191263282172 0.04506065857885616
0 0.5879574970484062 0.18197573656845756 0.037780401416765086 0.04506065857885613
0 0.2579693034238489 0.49046793760831886 0.038961038961038974 0.04506065857885616
0 0.5336481700118063 0.40121317157712305 0.0354191263282172 0.04679376083188913
0 0.20365997638724911 0.4913344887348353 0.038961038961038974 0.046793760831889075
0 0.9173553719008265 0.5329289428076256 0.04014167650531297 0.04679376083188902
0 0.423258559622196 0.4488734835355286 0.03423848878394331 0.04506065857885616
0 0.8612750885478158 0.18110918544194107 0.038961038961038974 0.046793760831889075
0 0.6434474616292798 0.4913344887348353 0.04014167650531286 0.04332755632582325
0 0.4787485242030697 0.44020797227036396 0.04368358913813464 0.051993067590987874
0 0.2585596221959858 0.12824956672443674 0.03778040141676506 0.051993067590987874
0 0.6434474616292798 0.13084922010398614 0.037780401416765086 0.0467937608318891
0 0.20365997638724911 0.12824956672443674 0.038961038961038974 0.04506065857885616
0 0.6446280991735537 0.8006932409012132 0.037780401416765086 0.045060658578856216
0 0.3695395513577332 0.8431542461005199 0.035419126328217254 0.04679376083188913
0 0.09327036599763872 0.3613518197573657 0.037780401416765044 0.05025996533795496
0 0.09386068476977567 0.17937608318890813 0.03659976387249114 0.057192374350086644
0 0.6965761511216058 0.4038128249566725 0.03305785123966942 0.04159445407279033
0 0.4805194805194805 0.36395147313691506 0.04958677685950408 0.03812824956672445
0 0.4805194805194805 0.33188908145580587 0.044864226682408526 0.02946273830155982
0 0.3677685950413223 0.5788561525129983 0.038961038961038974 0.04159445407279039
0 0.423258559622196 0.17764298093587522 0.038961038961038974 0.05025996533795496
0 0.20365997638724911 0.7097053726169844 0.03659976387249114 0.04679376083188913
0 0.2024793388429752 0.623050259965338 0.038961038961038946 0.04679376083188902
0 0.6422668240850059 0.533795493934142 0.03541912632821731 0.04159445407279028
0 0.6965761511216058 0.1334488734835355 0.03305785123966942 0.04852686308492202
0 0.3695395513577332 0.4480069324090121 0.035419126328217254 0.04332755632582319
0 0.587957497048406 0.4922010398613518 0.0354191263282172 0.04506065857885616
0 0.2579693034238489 0.535528596187175 0.03423848878394334 0.045060658578856105
0 0.9161747343565525 0.402946273830156 0.0354191263282172 0.04332755632582325
0 0.8612750885478158 0.2738301559792028 0.03423848878394342 0.04506065857885616
0 0.9161747343565525 0.31369150779896016 0.037780401416765086 0.04506065857885616
0 0.14580873671782763 0.7547660311958406 0.03423848878394331 0.04679376083188902
0 0.6965761511216058 0.2261698440207972 0.0354191263282172 0.04332755632582319
0 0.9167650531286895 0.5788561525129983 0.03659976387249109 0.04159445407279039
0 0.9173553719008265 0.48700173310225303 0.0354191263282172 0.04506065857885605
0 0.14580873671782763 0.402946273830156 0.03423848878394331 0.04332755632582325
0 0.14639905548996457 0.6672443674176776 0.03778040141676506 0.04159445407279028
0 0.8612750885478158 0.2270363951473137 0.04132231404958675 0.04506065857885616
0 0.20365997638724911 0.8474870017331022 0.038961038961038974 0.045060658578856105
0 0.6434474616292798 0.7105719237435009 0.037780401416765086 0.045060658578856216
0 0.587957497048406 0.5363951473136914 0.0354191263282172 0.04332755632582319
0 0.03778040141676505 0.1317157712305026 0.03541912632821724 0.04506065857885616
0 0.14698937426210154 0.4922010398613518 0.03659976387249114 0.04506065857885616
0 0.58913813459268 0.2729636048526863 0.03305785123966942 0.05025996533795496
0 0.20365997638724911 0.22703639514731366 0.03423848878394331 0.04159445407279025
0 0.5324675324675325 0.31542461005199307 0.03305785123966942 0.045060658578856105
0 0.09327036599763873 0.2712305025996534 0.03305785123966942 0.04332755632582325
0 0.20365997638724911 0.44540727902946275 0.03659976387249114 0.04159445407279028
0 0.587957497048406 0.6221837088388216 0.0354191263282172 0.045060658578856105
0 0.3683589138134593 0.2270363951473137 0.035419126328217254 0.04506065857885616
0 0.7514757969303424 0.27123050259965337 0.03659976387249109 0.04679376083188913
0 0.6965761511216056 0.5779896013864818 0.04014167650531286 0.04679376083188913
0 0.58913813459268 0.13084922010398614 0.03541912632821731 0.05025996533795493
0 0.3677685950413223 0.6672443674176777 0.038961038961038974 0.045060658578856216
0 0.6965761511216058 0.535528596187175 0.0354191263282172 0.045060658578856105
0 0.14935064935064934 0.17764298093587522 0.03423848878394334 0.05025996533795496
0 0.8636363636363636 0.40207972270363956 0.03659976387249109 0.04506065857885616
0 0.80814639905549 0.35875216637781626 0.03423848878394342 0.04159445407279033
0 0.806965761511216 0.13258232235701906 0.03423848878394331 0.05025996533795496
0 0.6422668240850059 0.44714038128249567 0.03541912632821731 0.045060658578856105
0 0.5867768595041323 0.402946273830156 0.0354191263282172 0.04332755632582325
0 0.4244391971664699 0.3578856152512998 0.031877213695395534 0.03639514731369148
0 0.14580873671782763 0.7131715771230502 0.03659976387249114 0.04332755632582319
0 0.42207792207792205 0.6655112651646446 0.03896103896103892 0.045060658578856105
0 0.588547815820543 0.3613518197573657 0.03423848878394331 0.03986135181975736
0 0.20365997638724911 0.535528596187175 0.03659976387249114 0.045060658578856105
0 0.09386068476977569 0.22790294627383015 0.034238488783943324 0.046793760831889075
0 0.2024793388429752 0.5788561525129983 0.03423848878394334 0.04159445407279039
0 0.9185360094451003 0.3604852686308492 0.0354191263282172 0.04506065857885616
0 0.25737898465171194 0.5788561525129983 0.03778040141676503 0.04159445407279039
0 0.3683589138134593 0.49046793760831886 0.03778040141676503 0.04159445407279033
0 0.4793388429752067 0.22357019064124783 0.049586776859504245 0.04159445407279028
0 0.2585596221959858 0.26863084922010394 0.035419126328217226 0.04159445407279033
0 0.588547815820543 0.3188908145580589 0.03423848878394331 0.04506065857885616
0 0.2024793388429752 0.6681109185441941 0.03423848878394334 0.0433275563258233
0 0.14817001180637546 0.9315424610051993 0.04132231404958678 0.04679376083188913
