0 0.36325382262996936 0.3123025871920911 0.022964322120285412 0.03242871108540902
0 0.36325382262996936 0.28128382006691727 0.022964322120285412 0.029608823164938642
0 0.24634454638124362 0.16214355542704506 0.029227319062181435 0.025378991284233113
0 0.06941488277268093 0.1586186955264571 0.02818348623853211 0.02114915940352761
0 0.5224383282364934 0.5914714913186556 0.028183486238532094 0.021149159403527632
0 0.3637757390417941 0.1804728269101023 0.02192048929663603 0.022559103363762798
0 0.36481957186544345 0.24603522106103792 0.021920489296636182 0.026788935244468303
0 0.5245259938837921 0.16214355542704503 0.028183486238532167 0.022559103363762777
0 0.39717838939857286 0.16143858344692744 0.028183486238532018 0.018329271483057272
0 0.24582262996941898 0.2967932036295042 0.028183486238532094 0.03242871108540902
0 0.24373496432212027 0.561862668153717 0.028183486238532094 0.03242871108540898
0 0.6085545361875637 0.6563289134894736 0.029227319062181397 0.03242871108540907
0 0.20093781855249745 0.561862668153717 0.028183486238532132 0.03242871108540898
0 0.6090764525993884 0.5914714913186556 0.028183486238532094 0.03242871108540898
0 0.3940468909276248 0.5583378082531292 0.030271151885830856 0.03383865504564412
0 0.6529174311926605 0.7225962796205269 0.03235881753312947 0.03242871108540907
0 0.6090764525993884 0.6239002024040646 0.028183486238532094 0.03242871108540898
0 0.1581406727828746 0.39478430886584875 0.028183486238532094 0.025378991284233113
0 0.3956126401630989 0.2967932036295042 0.029227319062181397 0.03242871108540902
0 0.39404689092762485 0.6570338854695912 0.028183486238532167 0.03383865504564421
0 0.06889296636085628 0.7233012516006444 0.031314984709480125 0.0366585429661145
0 0.24425688073394494 0.6577388574497087 0.029227319062181435 0.03242871108540907
0 0.48068501529051993 0.6577388574497087 0.028183486238532018 0.026788935244468303
0 0.6518735983690113 0.32922191471491324 0.028183486238532094 0.029608823164938642
0 0.1581406727828746 0.6577388574497087 0.03027115188583078 0.03524859900587936
0 0.20093781855249745 0.6598537733900616 0.03235881753312947 0.03383865504564412
0 0.39509072375127424 0.5252041251876024 0.028183486238532094 0.029608823164938597
0 0.06941488277268093 0.6563289134894736 0.02818348623853211 0.03242871108540907
0 0.1581406727828746 0.561862668153717 0.03027115188583078 0.03242871108540898
0 0.6508297655453619 0.6922824844754705 0.03027115188583078 0.03101876712517383
0 0.6518735983690113 0.2636595205639776 0.028183486238532094 0.033838655045644164
0 0.20093781855249745 0.2636595205639776 0.028183486238532132 0.03101876712517383
0 0.1581406727828746 0.6281300342847701 0.028183486238532094 0.029608823164938684
0 0.48068501529051993 0.6267200903245349 0.030271151885830856 0.03524859900587927
0 0.48068501529051993 0.7218913076404092 0.030271151885830856 0.03101876712517383
0 0.24373496432212027 0.4603467030167844 0.028183486238532094 0.03242871108540898
0 0.48068501529051993 0.5287289850881903 0.030271151885830856 0.03101876712517383
0 0.2447787971457696 0.39478430886584875 0.028183486238532094 0.033838655045644164
0 0.6085545361875637 0.558337808253129 0.03131498470948016 0.03101876712517383
0 0.47964118246687054 0.49630027400278126 0.028183486238532167 0.03383865504564412
0 0.19989398572884814 0.5921764632987733 0.028183486238532094 0.03383865504564421
0 0.6090764525993884 0.42791799193137536 0.028183486238532094 0.03242871108540907
0 0.6529174311926605 0.5590427802332466 0.03027115188583078 0.03242871108540907
0 0.47964118246687054 0.4279179919313753 0.028183486238532167 0.029608823164938684
0 0.06941488277268093 0.32922191471491324 0.02818348623853211 0.03242871108540902
0 0.6529174311926605 0.43073787985184575 0.028183486238532094 0.03524859900587945
0 0.3293292558613659 0.3954892808459663 0.028183486238532132 0.03242871108540907
0 0.2019816513761468 0.6267200903245349 0.028183486238532094 0.029608823164938597
0 0.39509072375127424 0.6267200903245349 0.028183486238532094 0.029608823164938597
0 0.6085545361875637 0.3299268866950308 0.029227319062181397 0.03101876712517383
0 0.5234821610601427 0.6210803144835942 0.028183486238532094 0.03524859900587936
0 0.5668012232415902 0.32640202679444286 0.027139653414882788 0.029608823164938684
0 0.2453007135575943 0.22841092155809825 0.029227319062181435 0.033838655045644164
0 0.1570968399592253 0.5949963512192435 0.028183486238532132 0.03383865504564421
0 0.3956126401630988 0.4603467030167844 0.027139653414882864 0.03242871108540898
0 0.6513516819571866 0.493480386082311 0.029227319062181397 0.03383865504564421
0 0.2886197757390418 0.46316659093725465 0.028183486238532094 0.03524859900587927
0 0.07045871559633027 0.5921764632987733 0.03027115188583078 0.03383865504564421
0 0.3966564729867482 0.19457226651245407 0.025051987767584098 0.03383865504564419
0 0.47964118246687054 0.4603467030167844 0.028183486238532167 0.03242871108540898
0 0.6085545361875637 0.2319357814586862 0.029227319062181397 0.03242871108540902
0 0.06889296636085628 0.4272130199512578 0.029227319062181446 0.03383865504564421
0 0.5657573904179409 0.29326834372891625 0.03131498470948016 0.03383865504564421
0 0.6085545361875637 0.493480386082311 0.029227319062181397 0.03101876712517383
0 0.5662793068297656 0.26436449254409516 0.028183486238532094 0.029608823164938684
0 0.2014597349643221 0.19527723849257164 0.029227319062181435 0.03242871108540907
0 0.15761875637104994 0.22700097759786306 0.029227319062181435 0.03383865504564421
0 0.07045871559633027 0.2270009775978631 0.03027115188583078 0.031018767125173787
0 0.5224383282364934 0.49277541410219344 0.03027115188583078 0.03242871108540898
0 0.5668012232415902 0.4941853580624286 0.029227319062181473 0.03524859900587936
0 0.3303730886850153 0.42791799193137536 0.028183486238532094 0.03242871108540907
0 0.11429969418960244 0.26295454858386 0.03027115188583078 0.03242871108540902
0 0.3298511722731906 0.493480386082311 0.029227319062181435 0.03383865504564421
0 0.48068501529051993 0.32922191471491324 0.028183486238532018 0.029608823164938642
0 0.5224383282364934 0.23123080947856858 0.028183486238532094 0.03383865504564421
0 0.19989398572884814 0.49630027400278126 0.030271151885830818 0.0366585429661145
0 0.11429969418960244 0.19457226651245407 0.03027115188583078 0.03383865504564419
0 0.0699367991845056 0.2939733157090338 0.03131498470948012 0.03524859900587936
0 0.20041590214067279 0.5294339570683079 0.029227319062181435 0.03242871108540907
0 0.20093781855249745 0.4603467030167844 0.028183486238532132 0.03524859900587936
0 0.43736595310907234 0.2967932036295042 0.029227319062181473 0.03242871108540902
0 0.522960244648318 0.5259090971677199 0.029227319062181397 0.03383865504564421
0 0.1581406727828746 0.36306056976055734 0.028183486238532094 0.032428711085408936
0 0.5245259938837921 0.3616506258003222 0.028183486238532167 0.03242871108540898
0 0.0683710499490316 0.4603467030167844 0.03027115188583078 0.03242871108540898
0 0.5234821610601427 0.42650804797114017 0.028183486238532094 0.03242871108540898
0 0.06889296636085628 0.5266140691478376 0.029227319062181446 0.03242871108540898
0 0.6090764525993884 0.4603467030167844 0.03027115188583078 0.03242871108540898
0 0.1581406727828746 0.2960882316493866 0.03027115188583078 0.03101876712517383
0 0.1581406727828746 0.5266140691478376 0.03027115188583078 0.03524859900587936
0 0.6523955147808359 0.36235559778043974 0.029227319062181473 0.036658542966114545
0 0.24373496432212027 0.4941853580624286 0.028183486238532094 0.03242871108540907
0 0.2875759429153925 0.32922191471491324 0.026095820591233443 0.03242871108540902
0 0.4817288481141692 0.19527723849257164 0.028183486238532167 0.03242871108540907
0 0.5224383282364934 0.5590427802332466 0.03027115188583078 0.03242871108540907
0 0.24373496432212027 0.4279179919313753 0.026095820591233443 0.029608823164938684
0 0.06837104994903159 0.4941853580624286 0.028183486238532094 0.03242871108540907
0 0.2453007135575943 0.19527723849257164 0.02713965341488275 0.03242871108540907
0 0.4801630988786952 0.2636595205639776 0.029227319062181473 0.03101876712517383
0 0.3961345565749236 0.32922191471491324 0.026095820591233405 0.029608823164938642
0 0.48068501529051993 0.3595357098599694 0.028183486238532018 0.03101876712517383
0 0.24373496432212027 0.32922191471491324 0.028183486238532094 0.03242871108540902
0 0.1581406727828746 0.4603467030167844 0.03027115188583078 0.03524859900587936
0 0.5662793068297656 0.4603467030167844 0.028183486238532094 0.03242871108540898
0 0.5224383282364934 0.26295454858386 0.03027115188583078 0.03242871108540902
0 0.2019816513761468 0.32922191471491324 0.03027115188583078 0.03242871108540902
0 0.0699367991845056 0.26013466066338964 0.03131498470948012 0.03524859900587936
0 0.24425688073394494 0.5294339570683079 0.031314984709480125 0.03524859900587936
0 0.11377777777777777 0.3954892808459663 0.031314984709480125 0.03524859900587931
0 0.15918450560652397 0.26083963264350724 0.02818348623853211 0.036658542966114545
0 0.24582262996941898 0.2636595205639776 0.028183486238532094 0.0366585429661145
0 0.5234821610601427 0.32922191471491324 0.028183486238532094 0.03242871108540902
0 0.39509072375127424 0.36235559778043974 0.028183486238532094 0.036658542966114545
0 0.4801630988786952 0.2967932036295042 0.029227319062181473 0.03242871108540902
0 0.43736595310907234 0.43073787985184575 0.03131498470948008 0.03524859900587945
0 0.11377777777777777 0.3595357098599694 0.031314984709480125 0.0366585429661145
0 0.6085545361875637 0.19527723849257164 0.029227319062181397 0.03806848692634969
0 0.2447787971457696 0.3616506258003222 0.028183486238532094 0.03242871108540898
0 0.2014597349643221 0.23052583749845096 0.029227319062181435 0.03242871108540902
0 0.28966360856269113 0.4272130199512578 0.028183486238532094 0.0366585429661145
0 0.11429969418960244 0.2270009775978631 0.03027115188583078 0.036658542966114545
0 0.39404689092762485 0.42791799193137536 0.028183486238532167 0.03242871108540907
0 0.5224383282364934 0.2960882316493866 0.03027115188583078 0.033838655045644164
0 0.43788786952089703 0.23052583749845096 0.028183486238532167 0.03242871108540902
0 0.43632212028542305 0.39478430886584875 0.03131498470948016 0.033838655045644164
0 0.2886197757390418 0.26436449254409516 0.028183486238532094 0.03242871108540898
0 0.5662793068297656 0.198097126413042 0.028183486238532094 0.03524859900587936
0 0.07045871559633027 0.19104740661186612 0.03027115188583078 0.03524859900587938
0 0.48016309887869524 0.39478430886584875 0.03131498470948016 0.03665854296611446
0 0.48068501529051993 0.23052583749845101 0.030271151885830856 0.03524859900587936
0 0.6085545361875637 0.26436449254409516 0.03131498470948016 0.03242871108540898
0 0.43632212028542305 0.26295454858386 0.029227319062181473 0.03242871108540902
0 0.43736595310907234 0.3616506258003222 0.03131498470948008 0.03242871108540898
0 0.2019816513761468 0.36235559778043974 0.03027115188583078 0.03101876712517383
0 0.3293292558613659 0.2960882316493866 0.028183486238532132 0.033838655045644164
0 0.3298511722731906 0.23052583749845096 0.029227319062181435 0.03242871108540902
0 0.3956126401630988 0.2636595205639776 0.027139653414882864 0.033838655045644164
0 0.28914169215086644 0.19457226651245405 0.029227319062181435 0.036658542966114545
0 0.43788786952089703 0.19457226651245405 0.028183486238532167 0.036658542966114545
0 0.5668012232415902 0.2319357814586862 0.029227319062181473 0.03242871108540902
0 0.28914169215086644 0.23123080947856858 0.031314984709480125 0.0366585429661145
0 0.3303730886850153 0.26295454858386 0.028183486238532094 0.03242871108540902
0 0.1581406727828746 0.3299268866950308 0.03027115188583078 0.036658542966114545
0 0.2019816513761468 0.39760419678631914 0.03027115188583078 0.03665854296611459
0 0.3303730886850153 0.32922191471491324 0.028183486238532094 0.03242871108540902
0 0.3303730886850153 0.36306056976055734 0.028183486238532094 0.032428711085408936
0 0.5234821610601427 0.19457226651245405 0.028183486238532094 0.036658542966114545
0 0.1581406727828746 0.4265080479711402 0.03027115188583078 0.03524859900587936
0 0.33141692150866464 0.1973921544329244 0.028183486238532132 0.033838655045644164
0 0.36429765545361875 0.141699368003635 0.020876656472986723 0.018329271483057272
0 0.36481957186544345 0.1586186955264571 0.021920489296636182 0.01832927148305723
0 0.3303730886850153 0.7247111955608795 0.028183486238532094 0.03383865504564421
0 0.2886197757390418 0.39407933688573116 0.028183486238532094 0.03242871108540902
0 0.11221202854230375 0.29326834372891625 0.02818348623853211 0.03101876712517383
0 0.3298511722731906 0.6246051743841822 0.027139653414882788 0.03383865504564412
0 0.06889296636085628 0.6894625965550002 0.031314984709480125 0.03383865504564412
0 0.6508297655453619 0.6605587453701791 0.03027115188583078 0.03242871108540898
0 0.06941488277268093 0.6239002024040646 0.02818348623853211 0.029608823164938597
0 0.39509072375127424 0.5914714913186556 0.028183486238532094 0.03524859900587945
0 0.1570968399592253 0.7254161675409971 0.028183486238532132 0.03242871108540898
0 0.39509072375127424 0.6894625965550002 0.028183486238532094 0.02819887920470354
0 0.15605300713557593 0.6929874564555881 0.02818348623853211 0.03242871108540907
0 0.0683710499490316 0.39407933688573116 0.03027115188583078 0.03242871108540902
0 0.36481957186544345 0.09305630137552151 0.021920489296636182 0.025378991284233113
0 0.3303730886850153 0.6605587453701791 0.028183486238532094 0.03242871108540898
0 0.6085545361875637 0.6887576245748827 0.03131498470948016 0.03242871108540898
0 0.39509072375127424 0.49277541410219344 0.028183486238532094 0.03242871108540898
0 0.5662793068297656 0.39478430886584875 0.028183486238532094 0.03665854296611446
0 0.5234821610601427 0.4603467030167844 0.028183486238532094 0.03242871108540898
0 0.3303730886850153 0.6929874564555881 0.026095820591233443 0.029608823164938597
0 0.3298511722731906 0.5287289850881903 0.027139653414882788 0.03101876712517383
0 0.6090764525993884 0.39478430886584875 0.03027115188583078 0.03665854296611446
0 0.3637757390417941 0.11843529265975465 0.02192048929663603 0.025378991284233137
0 0.6523955147808359 0.46316659093725476 0.02713965341488271 0.029608823164938597
0 0.24373496432212027 0.6929874564555881 0.026095820591233443 0.03242871108540907
0 0.6090764525993884 0.2974981756096218 0.03027115188583078 0.03101876712517383
0 0.33141692150866464 0.4603467030167844 0.028183486238532132 0.029608823164938684
0 0.6090764525993884 0.5252041251876025 0.028183486238532094 0.03242871108540915
0 0.3298511722731906 0.561862668153717 0.029227319062181435 0.03242871108540898
0 0.2447787971457696 0.5942913792391259 0.028183486238532094 0.03242871108540898
0 0.650829765545362 0.5266140691478376 0.028183486238532094 0.029608823164938774
0 0.20093781855249745 0.6929874564555881 0.028183486238532132 0.029608823164938597
0 0.1581406727828746 0.493480386082311 0.026095820591233464 0.02819887920470354
0 0.39404689092762485 0.7225962796205269 0.028183486238532167 0.03242871108540907
0 0.3956126401630988 0.22841092155809825 0.027139653414882864 0.033838655045644164
0 0.6523955147808359 0.39478430886584875 0.029227319062181473 0.033838655045644164
0 0.609598369011213 0.7225962796205269 0.03131498470948008 0.03242871108540907
0 0.48068501529051993 0.5914714913186556 0.030271151885830856 0.03524859900587945
0 0.5668012232415902 0.42791799193137536 0.027139653414882788 0.03242871108540907
0 0.2019816513761468 0.7254161675409971 0.03027115188583078 0.03524859900587936
0 0.47964118246687054 0.5590427802332466 0.028183486238532167 0.03242871108540907
0 0.5224383282364934 0.7225962796205269 0.028183486238532094 0.03242871108540907
0 0.39509072375127424 0.3947843088658488 0.028183486238532094 0.028198879204703493
0 0.2447787971457696 0.6267200903245349 0.028183486238532094 0.03242871108540907
0 0.5224383282364934 0.6894625965550002 0.028183486238532094 0.03383865504564412
0 0.3303730886850153 0.5921764632987732 0.028183486238532094 0.03101876712517383
0 0.28757594291539246 0.2967932036295042 0.03027115188583078 0.03242871108540902
0 0.6518735983690113 0.22418108967739273 0.028183486238532094 0.033838655045644164
0 0.6523955147808359 0.2967932036295042 0.03131498470948008 0.03524859900587936
0 0.24373496432212027 0.7254161675409971 0.03027115188583078 0.03242871108540898
0 0.5224383282364934 0.6563289134894736 0.03027115188583078 0.03242871108540907
0 0.1581406727828746 0.19386729453233648 0.026095820591233464 0.03242871108540896
0 0.06837104994903159 0.3616506258003222 0.028183486238532094 0.03242871108540898
0 0.2019816513761468 0.42862296391149296 0.028183486238532094 0.02819887920470345
0 0.20093781855249745 0.29397331570903384 0.028183486238532132 0.03242871108540902
0 0.6518735983690113 0.19104740661186612 0.028183486238532094 0.032428711085409
0 0.48068501529051993 0.6887576245748827 0.030271151885830856 0.03524859900587936
0 0.2875759429153925 0.36235559778043974 0.026095820591233443 0.03101876712517383
0 0.5234821610601427 0.3919644209453785 0.028183486238532094 0.031018767125173787
0 0.6090764525993884 0.36235559778043974 0.02609582059123348 0.03101876712517383
0 0.6518735983690113 0.5942913792391259 0.028183486238532094 0.03242871108540898
0 0.0683710499490316 0.5590427802332466 0.03027115188583078 0.03242871108540907
0 0.43736595310907234 0.32922191471491324 0.025051987767584022 0.03242871108540902
0 0.11429969418960244 0.32640202679444286 0.02818348623853211 0.03242871108540898
0 0.6508297655453619 0.6246051743841822 0.03027115188583078 0.03383865504564412
0 0.5668012232415902 0.3588307378798518 0.029227319062181473 0.03242871108540902
