0 0.4073426573426573 0.32722007722007723 0.03613053613053613 0.05984555984555984
0 0.6748251748251748 0.3281853281853282 0.037296037296037254 0.05405405405405406
0 0.5675990675990675 0.3783783783783784 0.034965034965035 0.046332046332046295
0 0.4603729603729604 0.32722007722007723 0.03496503496503495 0.055984555984555984
0 0.460955710955711 0.7268339768339769 0.03846153846153849 0.05212355212355213
0 0.6212121212121212 0.3783783783783784 0.034965034965035 0.050193050193050204
0 0.8350815850815851 0.32722007722007723 0.03613053613053607 0.05212355212355213
0 0.7826340326340326 0.37934362934362936 0.036130536130536184 0.04826254826254828
0 0.460955710955711 0.778957528957529 0.03613053613053613 0.04826254826254828
0 0.35256410256410253 0.8252895752895753 0.03846153846153849 0.055984555984556095
0 0.5681818181818181 0.32625482625482627 0.03379953379953371 0.05405405405405406
0 0.35256410256410253 0.3774131274131274 0.033799533799533765 0.04826254826254822
0 0.4073426573426573 0.7760617760617761 0.03613053613053613 0.050193050193050204
0 0.24242424242424243 0.3301158301158301 0.034965034965035 0.050193050193050204
0 0.18997668997668998 0.8310810810810811 0.034965034965034975 0.05598455598455587
0 0.35256410256410253 0.3281853281853282 0.033799533799533765 0.05405405405405406
0 0.6771561771561772 0.7268339768339769 0.03263403263403264 0.04826254826254828
0 0.62004662004662 0.4276061776061776 0.034965034965035 0.052123552123552186
0 0.4073426573426573 0.723938223938224 0.03613053613053613 0.054054054054053946
0 0.8385780885780886 0.721042471042471 0.036130536130536184 0.05212355212355202
0 0.18997668997668998 0.7268339768339769 0.03729603729603731 0.05598455598455587
0 0.8350815850815851 0.37934362934362936 0.03379953379953371 0.04826254826254828
0 0.7284382284382285 0.3774131274131274 0.034965034965035 0.04826254826254822
0 0.3537296037296037 0.7239382239382239 0.03379953379953382 0.05791505791505791
0 0.29836829836829837 0.37934362934362936 0.03962703962703962 0.05212355212355213
0 0.6765734265734266 0.774131274131274 0.03379953379953382 0.04633204633204613
0 0.4073426573426573 0.42567567567567566 0.03613053613053613 0.05984555984555989
0 0.35256410256410253 0.7760617760617761 0.03613053613053613 0.04633204633204635
0 0.7447552447552448 0.774131274131274 0.023310023310023298 0.042471042471042275
0 0.29836829836829837 0.3310810810810811 0.037296037296037254 0.044401544401544424
0 0.8898601398601399 0.32915057915057916 0.03379953379953382 0.04826254826254828
0 0.47435897435897434 0.5752895752895753 0.02797202797202797 0.0424710424710425
0 0.13578088578088576 0.3281853281853282 0.038461538461538464 0.05405405405405406
0 0.7826340326340326 0.4266409266409266 0.03379953379953382 0.04633204633204624
0 0.6748251748251748 0.3783783783783784 0.034965034965035 0.050193050193050204
0 0.07983682983682984 0.32625482625482627 0.03846153846153846 0.05791505791505791
0 0.5145687645687647 0.27702702702702703 0.045454545454545525 0.044401544401544424
0 0.7430069930069929 0.8204633204633205 0.022144522144522116 0.03861003861003853
0 0.19230769230769232 0.665057915057915 0.02797202797202797 0.036679536679536495
0 0.8374125874125874 0.778957528957529 0.03379953379953382 0.04054054054054057
0 0.5174825174825175 0.4295366795366795 0.04895104895104885 0.04054054054054046
0 0.5151515151515151 0.4005791505791506 0.044289044289044344 0.04440154440154437
0 0.513986013986014 0.5694980694980696 0.03962703962703967 0.050193050193050204
0 0.5670163170163169 0.4295366795366795 0.03613053613053607 0.052123552123552075
0 0.35256410256410253 0.4266409266409267 0.03846153846153849 0.05405405405405406
0 0.13403263403263405 0.4266409266409267 0.03962703962703963 0.05405405405405406
0 0.24125874125874128 0.3783783783783784 0.03729603729603731 0.046332046332046295
0 0.4603729603729604 0.37741312741312744 0.03496503496503495 0.044401544401544424
0 0.1893939393939394 0.32625482625482627 0.03613053613053613 0.05405405405405406
0 0.6083916083916083 0.5743243243243243 0.023310023310023298 0.03667953667953672
0 0.5675990675990675 0.8262548262548262 0.034965034965035 0.05791505791505802
0 0.44930069930069927 0.5250965250965252 0.022144522144522172 0.0424710424710425
0 0.1888111888111888 0.3783783783783784 0.03729603729603728 0.050193050193050204
0 0.8350815850815851 0.4295366795366795 0.03379953379953371 0.052123552123552075
0 0.8886946386946387 0.3774131274131274 0.03379953379953382 0.04826254826254822
0 0.4493006993006993 0.6216216216216217 0.02447552447552448 0.0424710424710425
0 0.4493006993006993 0.4768339768339768 0.02447552447552448 0.0424710424710425
0 0.7430069930069929 0.7239382239382239 0.022144522144522116 0.042471042471042386
0 0.44930069930069927 0.5752895752895753 0.022144522144522172 0.038610038610038644
0 0.8374125874125874 0.8214285714285714 0.03379953379953382 0.04826254826254839
0 0.7430069930069929 0.5733590733590734 0.02447552447552448 0.0424710424710425
0 0.717948717948718 0.722972972972973 0.02564102564102555 0.04440154440154431
0 0.1346153846153846 0.3783783783783784 0.03613053613053613 0.046332046332046295
0 0.08216783216783216 0.8291505791505791 0.03846153846153845 0.05212355212355202
0 0.24242424242424243 0.4266409266409267 0.03729603729603734 0.05019305019305026
0 0.56993006993007 0.774131274131274 0.03263403263403253 0.042471042471042275
0 0.460955710955711 0.42374517374517373 0.03846153846153849 0.05212355212355202
0 0.7173659673659674 0.7722007722007722 0.02447552447552448 0.03861003861003842
0 0.5145687645687647 0.2007722007722008 0.045454545454545525 0.04633204633204635
0 0.1217948717948718 0.6776061776061777 0.024475524475524493 0.050193050193050204
0 0.5699300699300699 0.722972972972973 0.030303030303030276 0.055984555984555984
0 0.1893939393939394 0.4295366795366795 0.03379953379953382 0.052123552123552075
0 0.40734265734265734 0.37741312741312744 0.03379953379953382 0.04054054054054057
0 0.12296037296037296 0.527027027027027 0.022144522144522158 0.0424710424710425
0 0.2972027972027972 0.2799227799227799 0.03729603729603731 0.050193050193050204
0 0.18997668997668998 0.7799227799227799 0.03962703962703962 0.050193050193050204
0 0.6882284382284383 0.5752895752895753 0.02447552447552448 0.0424710424710425
0 0.7156177156177157 0.4777992277992278 0.020979020979020935 0.04054054054054057
0 0.08100233100233101 0.7277992277992278 0.03846153846153847 0.050193050193050204
0 0.15034965034965037 0.7779922779922779 0.023310023310023326 0.03861003861003842
0 0.460955710955711 0.8272200772200773 0.03846153846153849 0.048262548262548166
0 0.44930069930069927 0.8725868725868726 0.022144522144522172 0.038610038610038644
0 0.4073426573426573 0.8223938223938223 0.03613053613053613 0.050193050193050315
0 0.6736596736596736 0.4266409266409267 0.03496503496503489 0.05019305019305026
0 0.6095571095571095 0.6776061776061777 0.023310023310023298 0.038610038610038755
0 0.608974358974359 0.4749034749034749 0.022144522144522116 0.038610038610038644
0 0.7430069930069929 0.6727799227799228 0.022144522144522116 0.04054054054054057
0 0.9446386946386947 0.32432432432432434 0.036130536130536184 0.0424710424710425
0 0.8875291375291375 0.42567567567567566 0.03379953379953382 0.04826254826254822
0 0.12412587412587411 0.8272200772200773 0.024475524475524466 0.04440154440154431
0 0.08100233100233101 0.3803088803088803 0.04079254079254078 0.04633204633204635
0 0.7284382284382285 0.4247104247104247 0.034965034965035 0.05019305019305009
0 0.5157342657342657 0.6158301158301158 0.029137529137529095 0.042471042471042386
0 0.44930069930069927 0.6766409266409268 0.022144522144522172 0.04054054054054068
0 0.6107226107226107 0.7258687258687259 0.023310023310023298 0.03861003861003853
0 0.6876456876456876 0.47586872586872586 0.020979020979020935 0.04054054054054057
0 0.148018648018648 0.4797297297297297 0.025641025641025633 0.044401544401544424
0 0.6765734265734266 0.8214285714285714 0.03846153846153855 0.05212355212355224
0 0.2972027972027972 0.22393822393822393 0.03962703962703962 0.06563706563706562
0 0.6381118881118881 0.6747104247104247 0.02447552447552448 0.03667953667953672
0 0.6614219114219114 0.5752895752895753 0.019813519813519864 0.038610038610038644
0 0.12296037296037296 0.9218146718146718 0.02447552447552448 0.044401544401544535
0 0.07983682983682984 0.4266409266409267 0.0407925407925408 0.05405405405405406
0 0.14918414918414918 0.6235521235521235 0.02097902097902099 0.0424710424710425
0 0.6357808857808858 0.5743243243243243 0.022144522144522116 0.03667953667953672
0 0.12179487179487179 0.5752895752895753 0.022144522144522144 0.038610038610038644
0 0.4731934731934732 0.5250965250965252 0.023310023310023298 0.0424710424710425
0 0.15034965034965037 0.7258687258687259 0.023310023310023326 0.042471042471042386
0 0.6381118881118881 0.7258687258687259 0.02447552447552448 0.03861003861003853
0 0.4731934731934732 0.4777992277992278 0.023310023310023298 0.04054054054054057
0 0.12412587412587411 0.8735521235521235 0.024475524475524466 0.04054054054054057
0 0.9434731934731935 0.22683397683397682 0.03846153846153855 0.05984555984555981
0 0.12179487179487179 0.7277992277992278 0.022144522144522144 0.042471042471042386
0 0.08100233100233101 0.7779922779922781 0.03846153846153847 0.050193050193050204
0 0.608974358974359 0.6206563706563707 0.022144522144522116 0.04054054054054057
0 0.9440559440559441 0.3764478764478765 0.037296037296037365 0.05405405405405406
0 0.148018648018648 0.5762548262548263 0.023310023310023326 0.04054054054054057
0 0.1217948717948718 0.47876447876447875 0.024475524475524493 0.0424710424710425
0 0.1217948717948718 0.6235521235521235 0.024475524475524493 0.0424710424710425
0 0.7167832167832169 0.6747104247104247 0.02564102564102566 0.03667953667953672
0 0.6346153846153846 0.5231660231660231 0.022144522144522116 0.038610038610038644
0 0.14918414918414918 0.5260617760617761 0.02097902097902099 0.04054054054054057
0 0.14918414918414918 0.8272200772200773 0.02097902097902099 0.036679536679536606
0 0.6625874125874126 0.47297297297297297 0.019813519813519864 0.03474903474903479
0 0.7424242424242424 0.4777992277992278 0.020979020979021046 0.04054054054054057
0 0.7441724941724941 0.6245173745173745 0.02447552447552448 0.044401544401544424
0 0.717948717948718 0.6235521235521235 0.02331002331002341 0.04633204633204635
0 0.6876456876456876 0.5241312741312741 0.020979020979020935 0.044401544401544424
0 0.7156177156177157 0.5222007722007722 0.020979020979020935 0.03667953667953672
0 0.6351981351981353 0.47586872586872586 0.020979020979020935 0.03667953667953672
0 0.06701631701631701 0.4777992277992278 0.024475524475524472 0.04054054054054057
0 0.4755244755244755 0.6206563706563707 0.02564102564102566 0.03667953667953672
0 0.4493006993006993 0.916023166023166 0.02447552447552448 0.04054054054054057
0 0.0675990675990676 0.5299227799227799 0.023310023310023298 0.044401544401544424
0 0.7424242424242424 0.5212355212355213 0.020979020979021046 0.038610038610038644
0 0.6369463869463869 0.6274131274131274 0.022144522144522227 0.0424710424710425
0 0.4755244755244755 0.6747104247104247 0.023310023310023298 0.04826254826254839
0 0.09382284382284382 0.4797297297297297 0.02447552447552448 0.044401544401544424
0 0.12296037296037296 0.777027027027027 0.022144522144522158 0.036679536679536495
0 0.14918414918414918 0.8725868725868726 0.02097902097902099 0.038610038610038644
0 0.47494172494172493 0.8696911196911197 0.022144522144522116 0.03667953667953672
0 0.14976689976689977 0.9691119691119692 0.022144522144522144 0.038610038610038644
0 0.14976689976689977 0.9218146718146718 0.022144522144522144 0.04054054054054068
0 0.7167832167832168 0.5743243243243243 0.020979020979021046 0.03667953667953672
0 0.0944055944055944 0.527027027027027 0.023310023310023312 0.038610038610038644
0 0.513986013986014 0.16023166023166024 0.0489510489510489 0.038610038610038616
0 0.608974358974359 0.5241312741312741 0.022144522144522116 0.044401544401544424
0 0.6614219114219114 0.5231660231660231 0.019813519813519864 0.038610038610038644
0 0.14918414918414918 0.6756756756756758 0.02097902097902099 0.04633204633204646
0 0.12412587412587413 0.9681467181467182 0.022144522144522144 0.03667953667953672
0 0.5291375291375291 0.8687258687258688 0.023310023310023298 0.030888030888030937
0 0.513986013986014 0.24131274131274133 0.0489510489510489 0.03474903474903471
0 0.5151515151515151 0.3561776061776062 0.04895104895104885 0.04826254826254828
0 0.6893939393939394 0.6254826254826256 0.022144522144522116 0.0424710424710425
0 0.4755244755244755 0.915057915057915 0.023310023310023298 0.0347490347490349
0 0.9434731934731935 0.27895752895752896 0.03846153846153855 0.044401544401544424
0 0.513986013986014 0.31853281853281856 0.04662004662004671 0.03861003861003859
0 0.784965034965035 0.8223938223938223 0.03613053613053607 0.05405405405405417
0 0.24242424242424243 0.27702702702702703 0.034965034965035 0.055984555984555984
0 0.6212121212121212 0.32625482625482627 0.034965034965035 0.05405405405405406
0 0.8898601398601398 0.277992277992278 0.03613053613053607 0.05405405405405406
0 0.7826340326340326 0.722007722007722 0.03379953379953382 0.054054054054053946
0 0.782051282051282 0.32722007722007723 0.034965034965035 0.05212355212355213
0 0.7272727272727273 0.32722007722007723 0.034965034965035 0.05212355212355213
0 0.7837995337995338 0.7750965250965252 0.03379953379953382 0.04826254826254828
0 0.513986013986014 0.5202702702702703 0.04195804195804198 0.05212355212355213
