0 0.194321 0.409048 0.033069 0.048472
0 0.394998 0.742731 0.030729 0.041873
0 0.195378 0.320295 0.031810 0.040288
0 0.550656 0.831899 0.034061 0.042003
0 0.236465 0.903539 0.039703 0.047104
0 0.291193 0.858427 0.034032 0.040375
0 0.868681 0.396274 0.036223 0.038834
0 0.809809 0.883562 0.034091 0.043631
0 0.709498 0.592900 0.034091 0.043631
0 0.340873 0.907615 0.035201 0.043675
0 0.510109 0.249491 0.045080 0.037552
0 0.921328 0.312794 0.034032 0.040375
0 0.910671 0.929860 0.035201 0.043675
0 0.916278 0.682435 0.037423 0.043761
0 0.239254 0.780640 0.034061 0.042003
0 0.810564 0.842046 0.034061 0.042003
0 0.141963 0.446105 0.031781 0.038660
0 0.556106 0.501376 0.030670 0.038617
0 0.453718 0.416731 0.027367 0.040115
0 0.860133 0.927887 0.038593 0.047061
0 0.606445 0.544887 0.030699 0.040245
0 0.086661 0.645158 0.032921 0.040332
0 0.393920 0.863253 0.037452 0.045389
0 0.393121 0.907211 0.037512 0.048646
0 0.087740 0.524636 0.032980 0.043588
0 0.091927 0.355358 0.030759 0.043501
0 0.512374 0.186039 0.045139 0.040809
0 0.288714 0.903135 0.039733 0.048732
0 0.509452 0.316265 0.044028 0.040765
0 0.245304 0.447696 0.033972 0.037119
0 0.815016 0.597019 0.036312 0.043718
0 0.143774 0.315837 0.037334 0.038877
0 0.656385 0.671474 0.033010 0.045216
0 0.556219 0.586915 0.034091 0.043631
0 0.861256 0.804923 0.038504 0.042177
0 0.654107 0.796836 0.032950 0.041960
0 0.290947 0.780214 0.035201 0.043675
0 0.148517 0.146581 0.031899 0.045173
0 0.146305 0.237732 0.032950 0.041960
0 0.195022 0.278736 0.031899 0.045173
0 0.866151 0.474378 0.034061 0.042003
0 0.869139 0.309942 0.034061 0.042003
0 0.812227 0.719918 0.037452 0.045389
0 0.143229 0.407053 0.032891 0.038704
0 0.864686 0.554969 0.034091 0.043631
0 0.922608 0.272927 0.037393 0.042133
0 0.089204 0.444046 0.037393 0.042133
0 0.088494 0.483120 0.035172 0.042046
0 0.604921 0.628733 0.035231 0.045303
0 0.653709 0.879912 0.037452 0.045389
0 0.764333 0.388941 0.036401 0.048602
0 0.602658 0.753282 0.035201 0.043675
0 0.562224 0.256414 0.034032 0.040375
0 0.291701 0.738698 0.035172 0.042046
0 0.915937 0.640061 0.037423 0.043761
0 0.812426 0.678380 0.038534 0.043805
0 0.709940 0.507382 0.031840 0.041916
0 0.653397 0.835910 0.037393 0.042133
0 0.395708 0.703657 0.030729 0.041873
0 0.344615 0.701662 0.035172 0.042046
0 0.551366 0.792825 0.034061 0.042003
0 0.917814 0.475581 0.035142 0.040418
0 0.145580 0.277620 0.032921 0.040332
0 0.604766 0.667829 0.034002 0.038747
0 0.862919 0.682795 0.037452 0.045389
0 0.506723 0.497004 0.040577 0.034123
0 0.085904 0.564481 0.034876 0.025766
0 0.514200 0.727834 0.021547 0.025245
0 0.401316 0.456231 0.035172 0.042046
0 0.609418 0.381264 0.033010 0.045216
0 0.349112 0.454193 0.035172 0.042046
0 0.399807 0.539263 0.032950 0.041960
0 0.400561 0.497747 0.032980 0.043588
0 0.561470 0.297930 0.036283 0.042090
0 0.820902 0.211933 0.033824 0.028978
0 0.665704 0.158626 0.037157 0.029108
0 0.869803 0.212213 0.033706 0.022466
0 0.514459 0.744136 0.022540 0.018776
0 0.557018 0.542957 0.034091 0.043631
0 0.346139 0.617816 0.035201 0.043675
0 0.402869 0.370756 0.032980 0.043588
0 0.606599 0.505791 0.034091 0.043631
0 0.665830 0.182255 0.027012 0.020578
0 0.820488 0.234726 0.026983 0.018950
0 0.872195 0.233487 0.028093 0.018993
0 0.513068 0.759560 0.020230 0.013805
0 0.653540 0.919822 0.038238 0.027524
0 0.817633 0.391837 0.036312 0.043718
0 0.559605 0.339403 0.034091 0.043631
0 0.242997 0.574687 0.038534 0.043805
0 0.301607 0.285341 0.034150 0.046887
0 0.558851 0.380919 0.034120 0.045259
0 0.817279 0.472470 0.036283 0.042090
0 0.556816 0.462302 0.032950 0.041960
0 0.657538 0.546881 0.035261 0.046931
0 0.713837 0.262333 0.037423 0.043761
0 0.349525 0.370303 0.035142 0.040418
0 0.612052 0.297461 0.033098 0.050100
0 0.818800 0.266431 0.038593 0.047061
0 0.349881 0.411862 0.035231 0.045303
0 0.661621 0.383302 0.037393 0.042133
0 0.604567 0.709367 0.035261 0.046931
0 0.505301 0.452959 0.040814 0.047148
0 0.348758 0.534826 0.032980 0.043588
0 0.765043 0.349867 0.036342 0.045346
0 0.451853 0.458204 0.034179 0.048515
0 0.713115 0.424414 0.035172 0.042046
0 0.661978 0.424862 0.035201 0.043675
0 0.297464 0.452176 0.036283 0.042090
0 0.241117 0.616974 0.034091 0.043631
0 0.295444 0.532745 0.035201 0.043675
0 0.663457 0.343457 0.035201 0.043675
0 0.712316 0.468373 0.035172 0.042046
0 0.402070 0.414715 0.032980 0.043588
0 0.397276 0.617368 0.033010 0.045216
0 0.555494 0.626804 0.034061 0.042003
0 0.613605 0.211986 0.033069 0.048472
0 0.295643 0.491207 0.034061 0.042003
0 0.818402 0.349507 0.034091 0.043631
0 0.247924 0.364707 0.036312 0.043718
0 0.247125 0.408665 0.034091 0.043631
0 0.819156 0.307990 0.038504 0.042177
0 0.142976 0.359795 0.037571 0.051902
0 0.350235 0.331229 0.032921 0.040332
0 0.714194 0.303892 0.035172 0.042046
0 0.714592 0.220817 0.037452 0.045389
0 0.348402 0.493267 0.035113 0.038790
0 0.084152 0.691493 0.038622 0.048689
0 0.345370 0.660146 0.032980 0.043588
0 0.656029 0.629914 0.032980 0.043588
0 0.298461 0.366680 0.035201 0.043675
0 0.195120 0.365089 0.033010 0.045216
0 0.815770 0.555503 0.036283 0.042090
0 0.663130 0.300270 0.033010 0.045216
0 0.293166 0.658108 0.035201 0.043675
0 0.293935 0.615777 0.035261 0.046931
0 0.663587 0.213938 0.035231 0.045303
0 0.816878 0.433353 0.034061 0.042003
0 0.456183 0.372838 0.032980 0.043588
0 0.709741 0.548920 0.033039 0.046844
0 0.605735 0.583961 0.032980 0.043588
0 0.766596 0.264393 0.034150 0.046887
0 0.813136 0.639306 0.038534 0.043805
0 0.919988 0.355916 0.035172 0.042046
0 0.714506 0.347894 0.035172 0.042046
0 0.611253 0.341419 0.032862 0.037075
0 0.923451 0.226527 0.037600 0.053530
0 0.815414 0.513943 0.034091 0.043631
0 0.397971 0.579108 0.032921 0.040332
0 0.716590 0.172017 0.037571 0.051902
0 0.561401 0.209948 0.033128 0.051728
0 0.611696 0.255901 0.032891 0.038704
0 0.600995 0.875410 0.036312 0.043718
0 0.346893 0.576299 0.032950 0.041960
0 0.241473 0.658533 0.034120 0.045259
0 0.241164 0.736725 0.034061 0.042003
0 0.402483 0.330825 0.032950 0.041960
0 0.869451 0.353943 0.036401 0.048602
0 0.351033 0.287270 0.035320 0.050187
0 0.557526 0.423228 0.032891 0.038704
0 0.765242 0.308329 0.032921 0.040332
0 0.607968 0.461040 0.035231 0.045303
0 0.863674 0.641279 0.037423 0.043761
0 0.602444 0.795634 0.034032 0.040375
0 0.713225 0.387761 0.034032 0.040375
0 0.243751 0.533171 0.034120 0.045259
0 0.609263 0.420360 0.034002 0.038747
0 0.659403 0.505409 0.032891 0.038704
0 0.811318 0.800530 0.036312 0.043718
0 0.457508 0.330529 0.031869 0.043544
0 0.244550 0.489212 0.034120 0.045259
0 0.292411 0.699624 0.032891 0.038704
0 0.403748 0.291772 0.031781 0.038660
0 0.299171 0.327606 0.032921 0.040332
0 0.866507 0.515938 0.036312 0.043718
0 0.767395 0.220434 0.034150 0.046887
0 0.248693 0.322377 0.036253 0.040462
0 0.395352 0.662097 0.037423 0.043761
0 0.601749 0.833894 0.034061 0.042003
0 0.297677 0.409824 0.035231 0.045303
0 0.660128 0.465520 0.032921 0.040332
0 0.342738 0.866142 0.037452 0.045389
0 0.919263 0.395805 0.035201 0.043675
0 0.294689 0.574261 0.032950 0.041960
0 0.599070 0.920139 0.036342 0.045346
0 0.862720 0.724333 0.036312 0.043718
0 0.917401 0.559471 0.037393 0.042133
0 0.656697 0.715475 0.035231 0.045303
0 0.405569 0.252742 0.034120 0.045259
0 0.869937 0.265983 0.038681 0.051945
0 0.865043 0.596528 0.036283 0.042090
0 0.918509 0.437321 0.035113 0.038790
0 0.249447 0.280861 0.034061 0.042003
0 0.918155 0.517954 0.035201 0.043675
0 0.147659 0.193795 0.034179 0.048515
0 0.512484 0.149386 0.043939 0.035881
0 0.407855 0.157520 0.035261 0.046931
0 0.914371 0.848543 0.037423 0.043761
0 0.861966 0.765849 0.034061 0.042003
0 0.088892 0.400044 0.032950 0.041960
0 0.239611 0.822200 0.036253 0.040462
0 0.868016 0.432906 0.033972 0.037119
0 0.291859 0.821795 0.034002 0.038747
0 0.240763 0.697608 0.033943 0.035491
0 0.343861 0.743178 0.032921 0.040332
0 0.552919 0.707351 0.031869 0.043544
0 0.342382 0.824583 0.035142 0.040418
0 0.662789 0.257896 0.032950 0.041960
0 0.655928 0.757805 0.035113 0.038790
0 0.394229 0.785061 0.037452 0.045389
0 0.553673 0.665834 0.034002 0.038747
0 0.915155 0.805399 0.037452 0.045389
0 0.860487 0.847254 0.038563 0.045433
0 0.458218 0.291455 0.031692 0.033776
0 0.550332 0.910905 0.034209 0.050144
0 0.237790 0.861230 0.034091 0.043631
0 0.655658 0.589168 0.035142 0.040418
0 0.913661 0.887617 0.035142 0.040418
0 0.807929 0.925849 0.034032 0.040375
0 0.916647 0.600987 0.032921 0.040332
0 0.859792 0.885514 0.034032 0.040375
0 0.394645 0.823364 0.037305 0.037249
0 0.343106 0.784694 0.035231 0.045303
0 0.914413 0.723907 0.030670 0.038617
0 0.508313 0.378946 0.043939 0.035881
0 0.405857 0.206319 0.037482 0.047017
0 0.085239 0.601113 0.028537 0.043414
0 0.553275 0.748910 0.034061 0.042003
0 0.510467 0.352148 0.042799 0.034210
0 0.812028 0.761456 0.036194 0.037206
0 0.106209 0.272825 0.022865 0.036685
0 0.915925 0.763068 0.032950 0.041960
0 0.107718 0.189792 0.025027 0.033516
0 0.108517 0.145834 0.025146 0.040028
0 0.509488 0.283681 0.044961 0.031040
0 0.510701 0.216930 0.044961 0.031040
0 0.152960 0.483193 0.023976 0.036729
0 0.103833 0.311834 0.021695 0.033386
0 0.106963 0.231308 0.022895 0.038313
0 0.551057 0.871017 0.036046 0.029065
