0 0.292667 0.378125 0.036000 0.037500
0 0.809333 0.814063 0.040000 0.037500
0 0.180667 0.524219 0.036000 0.032813
0 0.497333 0.255469 0.032000 0.035937
0 0.810000 0.378125 0.036000 0.034375
0 0.646000 0.524219 0.036000 0.035937
0 0.539333 0.379688 0.036000 0.034375
0 0.539333 0.559375 0.036000 0.031250
0 0.699333 0.740625 0.036000 0.034375
0 0.180000 0.777344 0.037333 0.039062
0 0.646667 0.705469 0.034667 0.035937
0 0.808000 0.671875 0.037333 0.034375
0 0.810000 0.706250 0.036000 0.034375
0 0.181333 0.452344 0.040000 0.039062
0 0.592667 0.631250 0.036000 0.034375
0 0.124667 0.300000 0.038667 0.037500
0 0.236000 0.850000 0.040000 0.037500
0 0.292000 0.340625 0.037333 0.034375
0 0.810000 0.561719 0.036000 0.032813
0 0.454000 0.302344 0.033333 0.042188
0 0.292000 0.450000 0.037333 0.034375
0 0.755333 0.379688 0.036000 0.034375
0 0.540667 0.343750 0.036000 0.037500
0 0.702000 0.342969 0.036000 0.039062
0 0.348000 0.196094 0.040000 0.042188
0 0.236000 0.886719 0.037333 0.032813
0 0.293333 0.267969 0.037333 0.035937
0 0.591333 0.705469 0.036000 0.035937
0 0.236667 0.743750 0.036000 0.037500
0 0.808000 0.777344 0.037333 0.035937
0 0.538000 0.776563 0.036000 0.037500
0 0.454000 0.449219 0.036000 0.039062
0 0.124667 0.887500 0.036000 0.037500
0 0.538000 0.630469 0.036000 0.039062
0 0.292000 0.415625 0.037333 0.037500
0 0.754667 0.887500 0.037333 0.034375
0 0.864667 0.561719 0.036000 0.032813
0 0.180000 0.853125 0.040000 0.037500
0 0.700000 0.631250 0.034667 0.031250
0 0.454000 0.412500 0.033333 0.028125
0 0.347333 0.453125 0.036000 0.037500
0 0.756000 0.776563 0.032000 0.034375
0 0.644000 0.887500 0.037333 0.034375
0 0.293333 0.225000 0.040000 0.040625
0 0.644000 0.850000 0.037333 0.037500
0 0.456667 0.559375 0.030667 0.031250
0 0.810667 0.305469 0.034667 0.039062
0 0.180000 0.815625 0.040000 0.037500
0 0.810000 0.636719 0.036000 0.035937
0 0.236667 0.374219 0.033333 0.032813
0 0.754000 0.740625 0.033333 0.034375
0 0.347333 0.489844 0.033333 0.032813
0 0.808000 0.886719 0.040000 0.035937
0 0.498667 0.289844 0.032000 0.032813
0 0.591333 0.846875 0.036000 0.034375
0 0.236000 0.337500 0.037333 0.037500
0 0.499333 0.411719 0.028000 0.026562
0 0.303333 0.484375 0.028000 0.028125
0 0.455333 0.737500 0.036000 0.031250
0 0.864667 0.633594 0.038667 0.042188
0 0.346000 0.230469 0.041333 0.023438
0 0.498000 0.368750 0.030667 0.021875
0 0.500000 0.389844 0.024000 0.020313
0 0.499333 0.349219 0.028000 0.023438
0 0.538000 0.667969 0.036000 0.035937
0 0.864000 0.306250 0.037333 0.037500
0 0.810667 0.489063 0.032000 0.037500
0 0.236667 0.815625 0.038667 0.034375
0 0.648667 0.379688 0.036000 0.034375
0 0.124000 0.665625 0.037333 0.034375
0 0.455333 0.704688 0.036000 0.037500
0 0.592667 0.452344 0.036000 0.039062
0 0.235333 0.521875 0.036000 0.034375
0 0.179333 0.668750 0.036000 0.034375
0 0.646000 0.415625 0.036000 0.037500
0 0.539333 0.521875 0.036000 0.037500
0 0.236000 0.412500 0.037333 0.037500
0 0.538667 0.595313 0.037333 0.037500
0 0.646667 0.559375 0.034667 0.034375
0 0.236000 0.558594 0.037333 0.039062
0 0.592000 0.415625 0.034667 0.034375
0 0.700667 0.559375 0.036000 0.034375
0 0.756667 0.453125 0.036000 0.034375
0 0.592000 0.303125 0.037333 0.037500
0 0.646000 0.487500 0.036000 0.034375
0 0.702000 0.415625 0.036000 0.034375
0 0.404000 0.302344 0.040000 0.042188
0 0.292667 0.559375 0.041333 0.034375
0 0.756667 0.489844 0.033333 0.035937
0 0.702000 0.489844 0.036000 0.035937
0 0.348667 0.267188 0.038667 0.040625
0 0.756667 0.526563 0.036000 0.034375
0 0.754667 0.668750 0.037333 0.034375
0 0.540667 0.303125 0.036000 0.037500
0 0.755333 0.596094 0.036000 0.035937
0 0.700000 0.596094 0.034667 0.035937
0 0.755333 0.562500 0.036000 0.037500
0 0.237333 0.267969 0.040000 0.035937
0 0.346667 0.524219 0.034667 0.032813
0 0.810000 0.742188 0.036000 0.037500
0 0.238667 0.192188 0.040000 0.037500
0 0.864000 0.527344 0.037333 0.035937
0 0.863333 0.777344 0.036000 0.029687
0 0.455333 0.525000 0.036000 0.034375
0 0.181333 0.340625 0.040000 0.037500
0 0.590000 0.812500 0.038667 0.037500
0 0.498667 0.218750 0.029333 0.028125
0 0.290000 0.742969 0.036000 0.032813
0 0.866000 0.415625 0.036000 0.031250
0 0.646000 0.740625 0.036000 0.034375
0 0.863333 0.812500 0.036000 0.037500
0 0.178000 0.737500 0.033333 0.034375
0 0.864667 0.850000 0.038667 0.037500
0 0.124667 0.850000 0.036000 0.034375
0 0.536000 0.883594 0.037333 0.035937
0 0.591333 0.884375 0.036000 0.034375
0 0.590000 0.778125 0.036000 0.031250
0 0.863333 0.705469 0.036000 0.035937
0 0.700000 0.846875 0.034667 0.034375
0 0.290000 0.706250 0.038667 0.040625
0 0.498667 0.189844 0.026667 0.029687
0 0.124667 0.812500 0.036000 0.037500
0 0.124667 0.778125 0.036000 0.031250
0 0.180667 0.631250 0.036000 0.037500
0 0.647333 0.342969 0.036000 0.039062
0 0.291333 0.846875 0.041333 0.034375
0 0.808000 0.850000 0.037333 0.034375
0 0.646667 0.631250 0.034667 0.034375
0 0.862000 0.743750 0.038667 0.037500
0 0.536000 0.846875 0.037333 0.034375
0 0.291333 0.667969 0.041333 0.039062
0 0.291333 0.812500 0.036000 0.034375
0 0.864000 0.345313 0.037333 0.037500
0 0.810000 0.453125 0.030667 0.031250
0 0.538667 0.812500 0.037333 0.034375
0 0.700667 0.775000 0.030667 0.031250
0 0.122000 0.449219 0.038667 0.035937
0 0.238000 0.230469 0.036000 0.035937
0 0.810667 0.343750 0.034667 0.031250
0 0.646000 0.777344 0.036000 0.035937
0 0.124667 0.375000 0.038667 0.037500
0 0.291333 0.631250 0.036000 0.037500
0 0.124667 0.411719 0.038667 0.035937
0 0.456667 0.886719 0.036000 0.039062
0 0.182000 0.892188 0.036000 0.037500
0 0.454667 0.774219 0.034667 0.035937
0 0.291333 0.884375 0.041333 0.037500
0 0.124667 0.631250 0.036000 0.034375
0 0.864000 0.450000 0.037333 0.034375
0 0.236667 0.631250 0.033333 0.034375
0 0.455333 0.850000 0.036000 0.034375
0 0.591333 0.743750 0.036000 0.037500
0 0.123333 0.742969 0.036000 0.039062
0 0.862000 0.887500 0.041333 0.037500
0 0.700667 0.881250 0.038667 0.034375
0 0.455333 0.631250 0.036000 0.034375
0 0.124667 0.337500 0.038667 0.037500
0 0.122000 0.556250 0.036000 0.034375
0 0.456667 0.340625 0.033333 0.034375
0 0.864667 0.595313 0.036000 0.031250
0 0.290667 0.776563 0.040000 0.034375
0 0.863333 0.671094 0.036000 0.032813
0 0.700667 0.809375 0.036000 0.037500
0 0.754000 0.852344 0.036000 0.032813
0 0.646000 0.812500 0.036000 0.034375
0 0.538000 0.739844 0.036000 0.035937
0 0.238667 0.302344 0.037333 0.035937
0 0.346000 0.558594 0.036000 0.035937
0 0.123333 0.484375 0.038667 0.034375
0 0.864667 0.381250 0.038667 0.034375
0 0.454000 0.489063 0.036000 0.037500
0 0.646667 0.596094 0.034667 0.035937
0 0.454667 0.812500 0.034667 0.037500
0 0.701333 0.381250 0.032000 0.034375
0 0.754000 0.634375 0.033333 0.034375
0 0.179333 0.705469 0.036000 0.032813
0 0.292667 0.303125 0.038667 0.034375
0 0.290000 0.596875 0.038667 0.037500
0 0.292000 0.518750 0.037333 0.040625
0 0.182000 0.377344 0.036000 0.035937
0 0.810000 0.525000 0.036000 0.034375
0 0.647333 0.452344 0.036000 0.035937
0 0.755333 0.304688 0.036000 0.037500
0 0.592667 0.521875 0.033333 0.034375
0 0.592667 0.489063 0.033333 0.031250
0 0.182000 0.414844 0.036000 0.035937
0 0.540667 0.452344 0.036000 0.035937
0 0.235333 0.450000 0.036000 0.034375
0 0.538667 0.704688 0.037333 0.037500
0 0.702667 0.305469 0.032000 0.039062
0 0.123333 0.521875 0.038667 0.034375
0 0.235333 0.704688 0.036000 0.037500
0 0.592667 0.557813 0.036000 0.037500
0 0.122000 0.593750 0.036000 0.034375
0 0.235333 0.486719 0.036000 0.035937
0 0.454000 0.593750 0.036000 0.034375
0 0.454000 0.667969 0.036000 0.035937
0 0.810667 0.417969 0.034667 0.035937
0 0.124667 0.704688 0.038667 0.037500
0 0.648667 0.301563 0.036000 0.040625
0 0.346000 0.337500 0.036000 0.037500
0 0.236667 0.778125 0.036000 0.037500
0 0.346000 0.631250 0.036000 0.037500
0 0.755333 0.706250 0.036000 0.034375
0 0.590667 0.596094 0.034667 0.035937
0 0.591333 0.667969 0.036000 0.039062
0 0.809333 0.596875 0.040000 0.040625
0 0.182667 0.301563 0.037333 0.040625
0 0.348000 0.376563 0.037333 0.037500
0 0.700000 0.525000 0.034667 0.034375
0 0.593333 0.342969 0.037333 0.035937
0 0.180667 0.489063 0.036000 0.034375
0 0.234000 0.667188 0.036000 0.034375
0 0.539333 0.486719 0.036000 0.032813
0 0.756000 0.342969 0.037333 0.039062
0 0.348667 0.304688 0.033333 0.031250
0 0.346000 0.415625 0.038667 0.037500
0 0.754667 0.814844 0.037333 0.039062
0 0.235333 0.596875 0.036000 0.034375
0 0.455333 0.378125 0.036000 0.037500
0 0.180000 0.558594 0.037333 0.035937
0 0.592000 0.379688 0.034667 0.034375
0 0.539333 0.415625 0.036000 0.034375
0 0.346000 0.595313 0.038667 0.037500
0 0.701333 0.453125 0.032000 0.034375
0 0.700667 0.703125 0.033333 0.034375
0 0.754000 0.415625 0.036000 0.034375
0 0.864000 0.489063 0.037333 0.037500
0 0.646667 0.667969 0.037333 0.035937
0 0.702000 0.667188 0.036000 0.034375
0 0.180667 0.595313 0.036000 0.037500
