0 0.877610 0.662791 0.033643 0.046512
0 0.674594 0.417636 0.022042 0.044574
0 0.932715 0.661822 0.037123 0.048450
0 0.622390 0.370155 0.024362 0.038760
0 0.286543 0.324612 0.034803 0.052326
0 0.620650 0.224806 0.023202 0.038760
0 0.622970 0.422481 0.023202 0.038760
0 0.877610 0.713178 0.038283 0.054264
0 0.770882 0.612403 0.033643 0.054264
0 0.650812 0.370155 0.023202 0.038760
0 0.596868 0.422481 0.026682 0.042636
0 0.286543 0.227713 0.039443 0.048450
0 0.624130 0.519380 0.023202 0.042636
0 0.595708 0.224806 0.024362 0.042636
0 0.596868 0.520349 0.022042 0.036822
0 0.877610 0.613372 0.033643 0.056202
0 0.624130 0.469961 0.023202 0.036822
0 0.651972 0.859496 0.027842 0.044574
0 0.929814 0.223837 0.038283 0.056202
0 0.727958 0.416667 0.024362 0.042636
0 0.768561 0.273256 0.038283 0.046512
0 0.649652 0.419574 0.020882 0.040698
0 0.553944 0.175388 0.033643 0.040698
0 0.946636 0.807171 0.027842 0.040698
0 0.594548 0.273256 0.024362 0.038760
0 0.622970 0.565891 0.023202 0.038760
0 0.595708 0.369186 0.024362 0.036822
0 0.339907 0.177326 0.034803 0.040698
0 0.622390 0.321705 0.024362 0.034884
0 0.921694 0.756783 0.024362 0.044574
0 0.920534 0.806202 0.024362 0.042636
0 0.055684 0.377907 0.023202 0.042636
0 0.341067 0.274225 0.037123 0.036822
0 0.933875 0.709302 0.039443 0.050388
0 0.946056 0.757752 0.024362 0.042636
0 0.596868 0.471899 0.024362 0.044574
0 0.651972 0.763566 0.020882 0.042636
0 0.622970 0.274225 0.023202 0.036822
0 0.674594 0.372093 0.022042 0.042636
0 0.681555 0.959302 0.024362 0.046512
0 0.178074 0.276163 0.038283 0.044574
0 0.726798 0.371124 0.022042 0.040698
0 0.178074 0.179264 0.040603 0.036822
0 0.055684 0.424419 0.025522 0.042636
0 0.679234 0.764535 0.022042 0.036822
0 0.821926 0.274225 0.035963 0.048450
0 0.125870 0.276163 0.038283 0.036822
0 0.653132 0.907946 0.027842 0.044574
0 0.929814 0.274225 0.035963 0.048450
0 0.680394 0.859496 0.026682 0.040698
0 0.729118 0.512597 0.024362 0.040698
0 0.653132 0.959302 0.027842 0.042636
0 0.084107 0.377907 0.024362 0.034884
0 0.395012 0.276163 0.038283 0.048450
0 0.679814 0.908915 0.023202 0.046512
0 0.502320 0.513566 0.030162 0.046512
0 0.055684 0.473837 0.025522 0.044574
0 0.501740 0.053295 0.049884 0.044574
0 0.555104 0.273256 0.038283 0.027132
0 0.286543 0.272287 0.034803 0.044574
0 0.501740 0.098837 0.045244 0.046512
0 0.502900 0.329457 0.047564 0.042636
0 0.679234 0.810078 0.024362 0.042636
0 0.515081 0.756783 0.023202 0.036822
0 0.058005 0.520349 0.025522 0.044574
0 0.244780 0.375969 0.023202 0.034884
0 0.500580 0.170543 0.045244 0.054264
0 0.502900 0.288760 0.047564 0.042636
0 0.501740 0.132752 0.049884 0.036822
0 0.502320 0.260659 0.046404 0.040698
0 0.502900 0.225775 0.045244 0.048450
0 0.501740 0.415698 0.042923 0.048450
0 0.448376 0.329457 0.040603 0.050388
0 0.824246 0.662791 0.038283 0.046512
0 0.929814 0.322674 0.038283 0.048450
0 0.447216 0.274225 0.035963 0.048450
0 0.932715 0.607558 0.039443 0.056202
0 0.716357 0.709302 0.038283 0.058140
0 0.875290 0.275194 0.033643 0.046512
0 0.662413 0.711240 0.039443 0.058140
0 0.555104 0.224806 0.038283 0.050388
0 0.339907 0.224806 0.039443 0.050388
0 0.610209 0.717054 0.039443 0.058140
0 0.664733 0.613372 0.037123 0.067829
0 0.715777 0.225775 0.039443 0.056202
0 0.714617 0.321705 0.039443 0.058140
0 0.393852 0.225775 0.035963 0.056202
0 0.821346 0.219961 0.034803 0.056202
0 0.123550 0.323643 0.038283 0.054264
0 0.824246 0.613372 0.038283 0.056202
0 0.610209 0.617248 0.034803 0.056202
0 0.769142 0.223837 0.037123 0.056202
0 0.448376 0.227713 0.033643 0.048450
0 0.874130 0.323643 0.035963 0.050388
0 0.874130 0.224806 0.035963 0.054264
0 0.179234 0.323643 0.040603 0.054264
0 0.070766 0.278101 0.039443 0.048450
0 0.825406 0.711240 0.038283 0.050388
0 0.769142 0.322674 0.037123 0.056202
0 0.178074 0.226744 0.038283 0.050388
0 0.553944 0.120155 0.038283 0.062016
0 0.772042 0.717054 0.038283 0.058140
0 0.661253 0.320736 0.039443 0.056202
0 0.340487 0.323643 0.038283 0.058140
0 0.285383 0.172481 0.037123 0.058140
0 0.718097 0.617248 0.037123 0.060078
0 0.070186 0.325581 0.040603 0.050388
0 0.555104 0.321705 0.038283 0.058140
0 0.770882 0.662791 0.038283 0.050388
0 0.822506 0.325581 0.037123 0.054264
0 0.339907 0.121124 0.037123 0.067829
0 0.501160 0.468992 0.041763 0.050388
0 0.178074 0.125000 0.038283 0.063953
0 0.125870 0.228682 0.035963 0.050388
0 0.231439 0.226744 0.038283 0.058140
0 0.447216 0.176357 0.035963 0.058140
0 0.232019 0.325581 0.037123 0.050388
0 0.125870 0.172481 0.035963 0.058140
0 0.070186 0.226744 0.040603 0.058140
0 0.395012 0.328488 0.038283 0.052326
0 0.660093 0.226744 0.034803 0.058140
0 0.595708 0.321705 0.024362 0.046512
0 0.651972 0.807171 0.023202 0.044574
0 0.231439 0.278101 0.038283 0.044574
