0 0.496000 0.292969 0.029333 0.029687
0 0.498667 0.378125 0.026667 0.021875
0 0.496667 0.362500 0.028000 0.028125
0 0.502667 0.784375 0.024000 0.025000
0 0.496667 0.259375 0.030667 0.031250
0 0.497333 0.400000 0.024000 0.018750
0 0.190000 0.740625 0.033333 0.034375
0 0.498000 0.421094 0.028000 0.023438
0 0.246000 0.740625 0.028000 0.034375
0 0.136000 0.743750 0.026667 0.034375
0 0.290667 0.637500 0.032000 0.031250
0 0.289333 0.490625 0.040000 0.028125
0 0.756000 0.237500 0.034667 0.043750
0 0.235333 0.856250 0.036000 0.043750
0 0.288000 0.528125 0.037333 0.043750
0 0.865333 0.421875 0.040000 0.034375
0 0.865333 0.387500 0.040000 0.034375
0 0.180667 0.853125 0.041333 0.034375
0 0.496000 0.221875 0.029333 0.028125
0 0.180000 0.777344 0.037333 0.039062
0 0.180667 0.814844 0.041333 0.035937
0 0.288667 0.567969 0.038667 0.032813
0 0.811333 0.387500 0.036000 0.034375
0 0.496000 0.193750 0.029333 0.025000
0 0.236667 0.778125 0.033333 0.040625
0 0.289333 0.603125 0.040000 0.034375
0 0.235333 0.814844 0.036000 0.035937
0 0.124000 0.852344 0.042667 0.045312
0 0.866667 0.311719 0.037333 0.039062
0 0.866000 0.459375 0.036000 0.034375
0 0.124000 0.781250 0.040000 0.040625
0 0.866000 0.353125 0.036000 0.034375
0 0.812000 0.314844 0.037333 0.035937
0 0.289333 0.673438 0.040000 0.037500
0 0.811333 0.352344 0.036000 0.035937
0 0.811333 0.275000 0.036000 0.037500
0 0.497333 0.241406 0.026667 0.007812
