0 0.8942196531791907 0.6351606805293005 0.03352601156069368 0.04536862003780717
0 0.6919075144508671 0.3960302457466919 0.021965317919075078 0.04347826086956519
0 0.9491329479768786 0.6342155009451795 0.03699421965317917 0.047258979206049156
0 0.6398843930635838 0.3497164461247637 0.024277456647398887 0.03780718336483935
0 0.30520231213872834 0.30529300567107753 0.034682080924855474 0.05103969754253307
0 0.638150289017341 0.20793950850661624 0.023121387283236983 0.03780718336483932
0 0.6404624277456648 0.4007561436672968 0.023121387283236983 0.03780718336483935
0 0.8942196531791907 0.6843100189035917 0.03815028901734108 0.05293005671077511
0 0.7878612716763006 0.5860113421550095 0.03352601156069368 0.052930056710775
0 0.6682080924855491 0.3497164461247637 0.023121387283236983 0.03780718336483935
0 0.6144508670520231 0.4007561436672968 0.026589595375722475 0.041587901701323204
0 0.30520231213872834 0.21077504725897922 0.03930635838150287 0.04725897920604913
0 0.6416184971098265 0.4952741020793951 0.023121387283236983 0.041587901701323315
0 0.6132947976878613 0.20793950850661624 0.024277456647398776 0.04158790170132318
0 0.6144508670520231 0.4962192816635161 0.021965317919075078 0.035916824196597585
0 0.8942196531791907 0.5869565217391305 0.03352601156069368 0.05482041587901709
0 0.6416184971098265 0.44706994328922495 0.023121387283236983 0.03591682419659736
0 0.669364161849711 0.8270321361058601 0.02774566473988449 0.04347826086956519
0 0.946242774566474 0.20699432892249525 0.03815028901734108 0.05482041587901701
0 0.7450867052023121 0.3950850661625709 0.024277456647398887 0.041587901701323204
0 0.7855491329479769 0.2551984877126654 0.03815028901734108 0.04536862003780717
0 0.6670520231213872 0.39792060491493386 0.020809248554913284 0.039697542533081276
0 0.5716763005780348 0.15973534971644612 0.03352601156069357 0.039697542533081276
0 0.9630057803468208 0.7759924385633271 0.02774566473988438 0.03969754253308122
0 0.6121387283236994 0.2551984877126654 0.024277456647398887 0.03780718336483932
0 0.6404624277456648 0.5406427221172023 0.023121387283236983 0.03780718336483935
0 0.6132947976878613 0.3487712665406427 0.024277456647398776 0.03591682419659736
0 0.3583815028901734 0.16162570888468808 0.034682080924855474 0.03969754253308125
0 0.6398843930635838 0.30245746691871456 0.024277456647398887 0.03402646502835538
0 0.938150289017341 0.7268431001890359 0.024277456647398776 0.0434782608695653
0 0.9369942196531792 0.7750472589792061 0.024277456647398887 0.041587901701323315
0 0.07514450867052022 0.35727788279773154 0.023121387283236997 0.04158790170132326
0 0.35953757225433525 0.2561436672967864 0.03699421965317917 0.03591682419659736
0 0.9502890173410405 0.6805293005671078 0.03930635838150287 0.04914933837429092
0 0.9624277456647399 0.727788279773157 0.024277456647398887 0.041587901701323315
0 0.6144508670520231 0.44896030245746693 0.024277456647398887 0.04347826086956519
0 0.669364161849711 0.7334593572778828 0.020809248554913284 0.041587901701323204
0 0.6404624277456648 0.2561436672967864 0.023121387283236983 0.03591682419659736
0 0.6919075144508671 0.3516068052930057 0.021965317919075078 0.04158790170132326
0 0.6988439306358382 0.9243856332703213 0.024277456647398887 0.045368620037807283
0 0.19710982658959536 0.2580340264650284 0.03815028901734105 0.043478260869565216
0 0.7439306358381503 0.3506616257088847 0.02196531791907519 0.039697542533081276
0 0.19710982658959536 0.16351606805293004 0.04046242774566475 0.03591682419659731
0 0.07514450867052022 0.4026465028355387 0.025433526011560695 0.04158790170132326
0 0.6965317919075145 0.7344045368620038 0.021965317919075078 0.03591682419659736
0 0.838728323699422 0.2561436672967864 0.03583815028901727 0.047258979206049156
0 0.14508670520231215 0.2580340264650283 0.03815028901734105 0.035916824196597336
0 0.6705202312138728 0.8742911153119093 0.02774566473988438 0.04347826086956519
0 0.946242774566474 0.2561436672967864 0.03583815028901727 0.047258979206049156
0 0.6976878612716764 0.8270321361058601 0.026589595375722586 0.03969754253308122
0 0.7462427745664739 0.4886578449905482 0.024277456647398776 0.039697542533081276
0 0.6705202312138728 0.9243856332703213 0.02774566473988438 0.041587901701323315
0 0.10346820809248555 0.35727788279773154 0.024277456647398846 0.034026465028355435
0 0.41329479768786126 0.2580340264650284 0.03815028901734102 0.047258979206049184
0 0.6971098265895954 0.8752362948960303 0.023121387283236983 0.04536862003780717
0 0.5202312138728324 0.48960302457466925 0.030057803468208077 0.04536862003780706
0 0.07514450867052022 0.45085066162570897 0.025433526011560695 0.043478260869565355
0 0.5196531791907515 0.04064272211720227 0.04971098265895968 0.043478260869565216
0 0.5728323699421966 0.2551984877126654 0.03815028901734108 0.026465028355387527
0 0.30520231213872834 0.2542533081285444 0.034682080924855474 0.04347826086956519
0 0.5196531791907515 0.08506616257088848 0.04508670520231228 0.045368620037807186
0 0.5208092485549134 0.3100189035916824 0.04739884393063598 0.04158790170132326
0 0.6965317919075145 0.77882797731569 0.024277456647398887 0.041587901701323204
0 0.5329479768786127 0.726843100189036 0.023121387283237094 0.03591682419659725
0 0.07745664739884393 0.49621928166351603 0.02543352601156068 0.04347826086956519
0 0.2635838150289017 0.3553875236294896 0.023121387283236983 0.03402646502835538
0 0.5184971098265896 0.1550094517958412 0.045086705202312116 0.052930056710775
0 0.5208092485549134 0.2703213610586011 0.04739884393063598 0.041587901701323315
0 0.5196531791907515 0.11814744801512286 0.04971098265895968 0.03591682419659735
0 0.5202312138728323 0.24291115311909267 0.046242774566473965 0.03969754253308125
0 0.5208092485549133 0.20888468809073724 0.045086705202312116 0.047258979206049156
0 0.5196531791907514 0.3941398865784499 0.04277456647398842 0.047258979206049156
0 0.4664739884393063 0.3100189035916824 0.04046242774566472 0.049149338374291085
0 0.8410404624277457 0.6351606805293005 0.03815028901734108 0.04536862003780717
0 0.946242774566474 0.30340264650283555 0.03815028901734108 0.047258979206049156
0 0.4653179190751445 0.2561436672967864 0.03583815028901732 0.047258979206049156
0 0.9491329479768786 0.5812854442344046 0.03930635838150287 0.054820415879017204
0 0.7335260115606936 0.6805293005671078 0.03815028901734108 0.05671077504725908
0 0.891907514450867 0.2570888468809074 0.03352601156069368 0.0453686200378072
0 0.6797687861271676 0.6824196597353498 0.03930635838150298 0.056710775047258966
0 0.5728323699421966 0.20793950850661624 0.03815028901734108 0.04914933837429111
0 0.3583815028901734 0.20793950850661624 0.03930635838150287 0.04914933837429111
0 0.6277456647398845 0.6880907372400755 0.03930635838150287 0.056710775047258966
0 0.6820809248554913 0.5869565217391304 0.03699421965317917 0.06616257088846877
0 0.7329479768786127 0.20888468809073724 0.03930635838150287 0.054820415879017065
0 0.7317919075144508 0.30245746691871456 0.03930635838150287 0.056710775047258966
0 0.41213872832369947 0.20888468809073724 0.03583815028901732 0.054820415879017065
0 0.8381502890173411 0.20321361058601137 0.034682080924855474 0.05482041587901698
0 0.14277456647398845 0.30434782608695654 0.03815028901734105 0.05293005671077505
0 0.8410404624277457 0.5869565217391305 0.03815028901734108 0.05482041587901709
0 0.6277456647398845 0.5907372400756143 0.034682080924855474 0.05482041587901698
0 0.7861271676300579 0.20699432892249525 0.03699421965317928 0.05482041587901701
0 0.4664739884393063 0.21077504725897922 0.033526011560693625 0.04725897920604913
0 0.8907514450867051 0.30434782608695654 0.03583815028901738 0.049149338374291085
0 0.8907514450867051 0.20793950850661624 0.03583815028901738 0.05293005671077508
0 0.1982658959537572 0.30434782608695654 0.04046242774566475 0.05293005671077505
0 0.09017341040462429 0.2599243856332703 0.039306358381502884 0.04725897920604913
0 0.8421965317919076 0.6824196597353497 0.038150289017340966 0.04914933837429114
0 0.7861271676300579 0.30340264650283555 0.03699421965317928 0.05482041587901704
0 0.19710982658959536 0.20982986767485823 0.03815028901734105 0.04914933837429111
0 0.5716763005780348 0.10586011342155009 0.038150289017340966 0.060491493383742906
0 0.7890173410404624 0.6880907372400755 0.03815028901734108 0.056710775047258966
0 0.6786127167630058 0.30151228733459357 0.03930635838150287 0.05482041587901698
0 0.3589595375722543 0.30434782608695654 0.03815028901734102 0.05671077504725902
0 0.3040462427745665 0.15689981096408318 0.03699421965317917 0.056710775047258966
0 0.7352601156069364 0.5907372400756143 0.03699421965317917 0.05860113421550073
0 0.08959537572254336 0.3062381852551985 0.040462427745664734 0.049149338374291085
0 0.5728323699421966 0.30245746691871456 0.03815028901734108 0.056710775047258966
0 0.7878612716763006 0.6351606805293005 0.03815028901734108 0.04914933837429114
0 0.8393063583815029 0.3062381852551985 0.03699421965317917 0.05293005671077505
0 0.3583815028901734 0.10680529300567107 0.03699421965317917 0.06616257088846882
0 0.5190751445086705 0.44612476370510395 0.041618497109826624 0.04914933837429114
0 0.19710982658959536 0.11058601134215501 0.03815028901734105 0.062381852551984876
0 0.14508670520231215 0.2117202268431002 0.03583815028901735 0.04914933837429111
0 0.2502890173410405 0.2098298676748582 0.03815028901734102 0.05671077504725902
0 0.4653179190751445 0.1606805293005671 0.03583815028901732 0.05671077504725899
0 0.2508670520231214 0.3062381852551985 0.03699421965317917 0.049149338374291085
0 0.14508670520231215 0.15689981096408318 0.03583815028901735 0.056710775047258966
0 0.08959537572254336 0.2098298676748582 0.040462427745664734 0.05671077504725902
0 0.41329479768786126 0.3090737240075614 0.03815028901734102 0.05103969754253307
0 0.6774566473988439 0.2098298676748582 0.034682080924855585 0.05671077504725902
0 0.6132947976878613 0.30245746691871456 0.024277456647398776 0.04536862003780717
0 0.669364161849711 0.775992438563327 0.023121387283237094 0.04347826086956519
0 0.2502890173410405 0.25992438563327036 0.03815028901734102 0.043478260869565244
