0 0.12728380024360536 0.9202226345083488 0.03775883069427527 0.048237476808905444
0 0.5243605359317904 0.4962894248608535 0.042630937880633435 0.04267161410018555
0 0.5816077953714982 0.2606679035250464 0.037758830694275214 0.0463821892393321
0 0.5816077953714982 0.2142857142857143 0.04019488428745421 0.0463821892393321
0 0.18331303288672351 0.6873840445269017 0.035322777101096214 0.05009276437847876
0 0.24056029232643117 0.5454545454545454 0.040194884287454324 0.048237476808905444
0 0.5809987819732034 0.11131725417439703 0.03897685749086466 0.05194805194805195
0 0.23934226552984167 0.7328385899814471 0.040194884287454324 0.048237476808905444
0 0.5816077953714982 0.1660482374768089 0.04019488428745421 0.05009276437847868
0 0.23934226552984167 0.401669758812616 0.040194884287454324 0.050092764378478594
0 0.9165651644336175 0.45269016697588127 0.037758830694275214 0.04823747680890539
0 0.23934226552984167 0.7792207792207793 0.040194884287454324 0.048237476808905444
0 0.24056029232643117 0.2597402597402597 0.040194884287454324 0.05194805194805194
0 0.18453105968331304 0.4990723562152134 0.040194884287454324 0.04823747680890539
0 0.4658952496954933 0.4025974025974026 0.040194884287454324 0.051948051948051854
0 0.5803897685749086 0.30890538033395176 0.040194884287454324 0.05009276437847865
0 0.3520097442143727 0.5927643784786643 0.038976857490864825 0.04638218923933202
0 0.6906211936662607 0.4035250463821892 0.03897685749086477 0.04638218923933207
0 0.6370280146163215 0.16512059369202226 0.03654080389768577 0.055658627087198514
0 0.12606577344701583 0.686456400742115 0.035322777101096214 0.048237476808905444
0 0.12606577344701583 0.5927643784786643 0.03775883069427527 0.05009276437847865
0 0.12728380024360536 0.8738404452690167 0.03775883069427527 0.04823747680890533
0 0.6906211936662607 0.35714285714285715 0.03897685749086477 0.04638218923933213
0 0.8611449451887941 0.3580705009276438 0.03897685749086488 0.04823747680890539
0 0.6918392204628502 0.735621521335807 0.03897685749086488 0.05009276437847865
0 0.6918392204628502 0.6855287569573284 0.03897685749086488 0.05009276437847876
0 0.6918392204628502 0.163265306122449 0.04141291108404377 0.05194805194805194
0 0.35322777101096225 0.30797773654916516 0.03654080389768577 0.04823747680890539
0 0.12728380024360536 0.7792207792207793 0.040194884287454324 0.048237476808905444
0 0.5803897685749086 0.4489795918367347 0.040194884287454324 0.051948051948051965
0 0.18331303288672351 0.30890538033395176 0.040194884287454324 0.04638218923933213
0 0.3520097442143727 0.40445269016697594 0.038976857490864825 0.05194805194805191
0 0.5816077953714982 0.3562152133580705 0.035322777101096325 0.04452690166975887
0 0.182095006090134 0.35714285714285715 0.03775883069427527 0.05009276437847865
0 0.18453105968331304 0.7801484230055657 0.03775883069427527 0.05009276437847865
0 0.2971985383678441 0.8701298701298701 0.03654080389768577 0.048237476808905444
0 0.24056029232643117 0.5927643784786643 0.035322777101096214 0.04638218923933202
0 0.915347137637028 0.4044526901669759 0.037758830694275325 0.04823747680890533
0 0.24056029232643117 0.8719851576994434 0.040194884287454324 0.04823747680890533
0 0.12606577344701583 0.26159554730983303 0.03775883069427527 0.055658627087198514
0 0.8057247259439708 0.11410018552875695 0.040194884287454324 0.053803339517625226
0 0.2971985383678441 0.8228200371057514 0.03654080389768577 0.04638218923933213
0 0.182095006090134 0.40538033395176254 0.035322777101096214 0.04638218923933207
0 0.5803897685749086 0.4990723562152134 0.040194884287454324 0.04823747680890539
0 0.23934226552984167 0.6855287569573284 0.03532277710109624 0.05009276437847876
0 0.6918392204628502 0.2142857142857143 0.04141291108404377 0.053803339517625254
0 0.6906211936662607 0.3107606679035251 0.04141291108404388 0.04638218923933207
0 0.3520097442143727 0.6846011131725417 0.038976857490864825 0.04823747680890533
0 0.46711327649208284 0.16233766233766234 0.040194884287454324 0.05009276437847865
0 0.18331303288672351 0.8274582560296846 0.040194884287454324 0.04452690166975892
0 0.35444579780755175 0.5454545454545454 0.03897685749086477 0.048237476808905444
0 0.23934226552984167 0.30890538033395176 0.03532277710109624 0.04638218923933213
0 0.18453105968331304 0.4517625231910946 0.03775883069427527 0.04638218923933213
0 0.6358099878197321 0.26252319109461963 0.03654080389768566 0.04638218923933207
0 0.8617539585870888 0.45361781076066787 0.040194884287454324 0.050092764378478705
0 0.7490864799025578 0.5918367346938775 0.04141291108404388 0.04823747680890533
0 0.8617539585870888 0.2662337662337662 0.040194884287454324 0.0463821892393321
0 0.8617539585870888 0.40538033395176254 0.040194884287454324 0.04638218923933207
0 0.18453105968331304 0.5445269016697588 0.03775883069427527 0.042671614100185495
0 0.4104750304506699 0.590909090909091 0.03654080389768577 0.04638218923933224
0 0.805115712545676 0.36178107606679033 0.03897685749086477 0.05194805194805191
0 0.7490864799025578 0.35714285714285715 0.03897685749086477 0.05009276437847865
0 0.9750304506699148 0.11410018552875696 0.037758830694275214 0.05009276437847868
0 0.46589524969549334 0.21614100185528756 0.03775883069427527 0.053803339517625226
0 0.18331303288672351 0.5899814471243043 0.035322777101096214 0.048237476808905555
0 0.5243605359317904 0.3608534322820037 0.049939098660170544 0.038961038961038974
0 0.5243605359317906 0.326530612244898 0.047503045066991545 0.02968460111317256
0 0.35322777101096225 0.4981447124304267 0.03654080389768577 0.04638218923933207
0 0.2978075517661388 0.6883116883116884 0.03532277710109627 0.048237476808905444
0 0.805115712545676 0.1660482374768089 0.03654080389768577 0.05009276437847868
0 0.9165651644336175 0.16697588126159554 0.037758830694275214 0.04823747680890539
0 0.41169305724725946 0.26345083487940635 0.038976857490864825 0.04823747680890539
0 0.6358099878197321 0.4044526901669759 0.03654080389768566 0.04823747680890533
0 0.7490864799025578 0.4972170686456401 0.03897685749086477 0.04823747680890539
0 0.2399512789281364 0.8256029684601114 0.03654080389768574 0.04452690166975881
0 0.18331303288672351 0.2588126159554731 0.040194884287454324 0.053803339517625226
0 0.4104750304506699 0.45269016697588127 0.03654080389768577 0.04823747680890539
0 0.9750304506699148 0.5009276437847867 0.040194884287454324 0.048237476808905444
0 0.915347137637028 0.30983302411873836 0.037758830694275325 0.04823747680890539
0 0.917783191230207 0.6382189239332097 0.042630937880633435 0.051948051948051854
0 0.8611449451887941 0.21799628942486085 0.03897685749086488 0.05009276437847865
0 0.6906211936662607 0.8738404452690167 0.03897685749086477 0.051948051948051965
0 0.9165651644336175 0.11410018552875695 0.040194884287454324 0.053803339517625226
0 0.7478684531059683 0.40630797773654914 0.04141291108404388 0.04823747680890539
0 0.12728380024360536 0.826530612244898 0.040194884287454324 0.04638218923933213
0 0.18331303288672351 0.6372912801484231 0.035322777101096214 0.046382189239331906
0 0.2971985383678441 0.3552875695732839 0.04141291108404388 0.050092764378478705
0 0.7466504263093787 0.7782931354359925 0.03897685749086477 0.05009276437847865
0 0.18331303288672351 0.7319109461966605 0.035322777101096214 0.042671614100185495
0 0.7478684531059683 0.21706864564007422 0.03654080389768566 0.04823747680890539
0 0.4104750304506699 0.3580705009276438 0.03897685749086477 0.04823747680890539
0 0.46528623629719856 0.3534322820037106 0.036540803897685714 0.04638218923933218
0 0.2971985383678441 0.49907235621521334 0.03654080389768577 0.04452690166975881
0 0.12606577344701583 0.5 0.03775883069427527 0.04638218923933213
0 0.2399512789281364 0.4517625231910946 0.03654080389768574 0.05009276437847865
0 0.35444579780755175 0.7782931354359925 0.03654080389768577 0.04638218923933213
0 0.8045066991473813 0.30890538033395176 0.042630937880633324 0.05009276437847865
0 0.9738124238733252 0.2653061224489796 0.037758830694275325 0.04823747680890536
0 0.7478684531059683 0.16419294990723562 0.04384896467722299 0.053803339517625226
0 0.07064555420219244 0.2597402597402597 0.03897685749086479 0.04823747680890539
0 0.6918392204628502 0.5445269016697588 0.03654080389768577 0.05009276437847876
0 0.9738124238733252 0.45269016697588127 0.037758830694275325 0.04823747680890539
0 0.7478684531059683 0.2634508348794063 0.03410475030450677 0.044526901669758784
0 0.35444579780755175 0.8256029684601114 0.03897685749086477 0.048237476808905444
0 0.5803897685749086 0.823747680890538 0.037758830694275214 0.048237476808905444
0 0.6918392204628502 0.4517625231910946 0.03654080389768577 0.05009276437847865
0 0.9738124238733252 0.21335807050092764 0.037758830694275325 0.051948051948051965
0 0.6918392204628502 0.5927643784786643 0.03654080389768577 0.04638218923933202
0 0.4104750304506699 0.40538033395176254 0.03654080389768577 0.04638218923933207
0 0.2971985383678441 0.6391465677179964 0.03897685749086477 0.05009276437847854
0 0.3520097442143727 0.25788497217068646 0.03654080389768577 0.051948051948051965
0 0.7490864799025578 0.6836734693877551 0.03654080389768577 0.05009276437847854
0 0.46650426309378806 0.3079777365491651 0.03166869671132766 0.04452690166975881
0 0.3520097442143727 0.45269016697588127 0.03654080389768577 0.04452690166975881
0 0.41169305724725946 0.9647495361781075 0.041412911084043824 0.051948051948051854
0 0.35322777101096225 0.7300556586270872 0.03654080389768577 0.04638218923933224
0 0.2971985383678441 0.7328385899814471 0.03654080389768577 0.0445269016697587
0 0.5816077953714982 0.4007421150278293 0.035322777101096325 0.044526901669758756
0 0.07064555420219244 0.5482374768089053 0.03897685749086479 0.04638218923933202
0 0.523142509135201 0.44341372912801486 0.045066991473812434 0.051948051948051965
0 0.12606577344701583 0.5454545454545454 0.03775883069427527 0.04452690166975881
0 0.4104750304506699 0.6846011131725417 0.03410475030450666 0.04823747680890533
0 0.8045066991473813 0.2597402597402597 0.040194884287454324 0.04823747680890539
0 0.917783191230207 0.590909090909091 0.042630937880633435 0.04638218923933224
0 0.24116930572472595 0.9666048237476809 0.0389768574908648 0.04823747680890533
0 0.8605359317904994 0.16419294990723562 0.037758830694275325 0.0575139146567718
0 0.41169305724725946 0.21335807050092764 0.038976857490864825 0.04823747680890539
0 0.29719853836784405 0.7764378478664193 0.034104750304506715 0.042671614100185606
0 0.6906211936662607 0.9712430426716141 0.03897685749086477 0.05380333951762517
0 0.4104750304506699 0.11224489795918369 0.03654080389768577 0.05380333951762524
0 0.7490864799025578 0.11224489795918367 0.04141291108404388 0.05009276437847868
0 0.12606577344701583 0.6391465677179963 0.035322777101096214 0.04638218923933213
0 0.5791717417783191 0.5463821892393321 0.040194884287454324 0.05009276437847865
0 0.2387332521315469 0.3552875695732839 0.03410475030450669 0.042671614100185606
0 0.12667478684531058 0.45269016697588127 0.03654080389768574 0.04823747680890539
0 0.9165651644336175 0.21706864564007422 0.037758830694275214 0.05194805194805194
0 0.4104750304506699 0.5454545454545454 0.03410475030450666 0.048237476808905444
0 0.9165651644336175 0.4981447124304267 0.037758830694275214 0.04638218923933207
0 0.35444579780755175 0.9675324675324675 0.04141291108404388 0.05009276437847865
0 0.6918392204628502 0.26437847866419295 0.03897685749086488 0.0463821892393321
0 0.1851400730816078 0.9666048237476809 0.04141291108404385 0.051948051948051965
0 0.5791717417783191 0.5918367346938777 0.040194884287454324 0.04452690166975892
0 0.6358099878197321 0.21614100185528756 0.03654080389768566 0.0463821892393321
0 0.18331303288672351 0.8738404452690167 0.035322777101096214 0.04452690166975881
0 0.12606577344701583 0.4035250463821892 0.03775883069427527 0.050092764378478594
0 0.915347137637028 0.3580705009276438 0.037758830694275325 0.04823747680890539
0 0.29963459196102316 0.3051948051948052 0.041412911084043824 0.04638218923933213
0 0.7490864799025578 0.8719851576994434 0.03654080389768577 0.04823747680890533
0 0.9738124238733252 0.4035250463821892 0.037758830694275325 0.04638218923933207
0 0.6918392204628502 0.8228200371057514 0.03654080389768577 0.04638218923933213
0 0.4104750304506699 0.6372912801484231 0.03654080389768577 0.046382189239331906
0 0.46650426309378806 0.26437847866419295 0.03410475030450666 0.04267161410018552
0 0.35444579780755175 0.9183673469387755 0.03897685749086477 0.04823747680890533
0 0.5791717417783191 0.6391465677179964 0.040194884287454324 0.05009276437847854
0 0.2971985383678441 0.9675324675324675 0.03897685749086477 0.05009276437847865
0 0.917783191230207 0.6883116883116884 0.040194884287454324 0.048237476808905444
0 0.2971985383678441 0.590909090909091 0.03897685749086477 0.04638218923933224
0 0.6918392204628502 0.6363636363636365 0.03897685749086488 0.0445269016697587
0 0.40925700365408035 0.7755102040816326 0.036540803897685714 0.04452690166975881
0 0.7490864799025578 0.8256029684601114 0.03654080389768577 0.04452690166975881
0 0.2417783191230207 0.9202226345083488 0.03775883069427527 0.04452690166975881
0 0.6364190012180267 0.3580705009276438 0.035322777101096214 0.04081632653061229
0 0.2971985383678441 0.45269016697588127 0.03654080389768577 0.04823747680890539
0 0.2971985383678441 0.4025974025974026 0.03654080389768577 0.04823747680890533
0 0.0712545676004872 0.4035250463821892 0.04019488428745432 0.04638218923933207
0 0.3520097442143727 0.3562152133580705 0.038976857490864825 0.04823747680890539
0 0.7490864799025578 0.5454545454545454 0.03897685749086477 0.048237476808905444
0 0.12606577344701583 0.3107606679035251 0.03775883069427527 0.04638218923933207
0 0.5791717417783191 0.6846011131725417 0.037758830694275436 0.0445269016697587
0 0.9165651644336175 0.5445269016697588 0.040194884287454324 0.04638218923933213
0 0.12606577344701583 0.35714285714285715 0.035322777101096214 0.04638218923933213
0 0.9165651644336176 0.2634508348794063 0.035322777101096214 0.044526901669758784
0 0.6918392204628502 0.49907235621521334 0.03654080389768577 0.04452690166975881
0 0.5791717417783191 0.7291280148423005 0.040194884287454324 0.048237476808905555
0 0.9738124238733252 0.3562152133580705 0.040194884287454324 0.04823747680890539
0 0.4104750304506699 0.4972170686456401 0.03410475030450666 0.044526901669758756
0 0.8605359317904995 0.3116883116883117 0.040194884287454324 0.04823747680890539
0 0.2387332521315469 0.6382189239332097 0.03410475030450669 0.04452690166975881
0 0.2971985383678441 0.5445269016697588 0.03654080389768577 0.04638218923933213
0 0.07003654080389769 0.4517625231910946 0.037758830694275276 0.05009276437847865
0 0.5791717417783191 0.87291280148423 0.0353227771010961 0.04638218923933202
0 0.8063337393422655 0.2142857142857143 0.03654080389768577 0.04267161410018552
0 0.12606577344701583 0.7319109461966604 0.03775883069427527 0.04638218923933213
0 0.2417783191230207 0.5 0.03775883069427527 0.042671614100185495
0 0.7466504263093788 0.30983302411873836 0.03654080389768577 0.04823747680890539
0 0.4104750304506699 0.16419294990723562 0.03897685749086477 0.05009276437847865
0 0.917783191230207 0.87291280148423 0.040194884287454324 0.05009276437847865
0 0.4104750304506699 0.9165120593692022 0.03897685749086477 0.04823747680890533
0 0.0712545676004872 0.5936920222634509 0.04019488428745432 0.04823747680890533
0 0.9738124238733252 0.3116883116883117 0.040194884287454324 0.04452690166975881
0 0.5249695493300852 0.29035250463821893 0.0511571254567601 0.04638218923933213
0 0.07003654080389768 0.35714285714285715 0.04019488428745431 0.05009276437847865
0 0.692448233861145 0.7792207792207793 0.035322777101096214 0.04081632653061218
0 0.35322777101096225 0.6382189239332097 0.034104750304506715 0.04452690166975881
0 0.7466504263093788 0.4517625231910946 0.03654080389768577 0.042671614100185495
0 0.6918392204628502 0.9230055658627088 0.03654080389768577 0.042671614100185606
0 0.9165651644336175 0.7328385899814471 0.040194884287454324 0.048237476808905444
0 0.35444579780755175 0.87291280148423 0.03654080389768577 0.04638218923933202
0 0.7490864799025578 0.637291280148423 0.03654080389768577 0.042671614100185606
0 0.40925700365408035 0.8218923933209648 0.036540803897685714 0.04823747680890533
0 0.2971985383678441 0.2588126159554731 0.03654080389768577 0.04638218923933207
0 0.40925700365408035 0.8692022263450835 0.034104750304506715 0.04638218923933213
0 0.07003654080389768 0.5009276437847867 0.04019488428745431 0.048237476808905444
0 0.9165651644336175 0.9675324675324675 0.040194884287454324 0.05009276437847865
0 0.5803897685749086 0.7773654916512058 0.037758830694275214 0.04452690166975881
0 0.07064555420219244 0.30797773654916516 0.03897685749086479 0.04823747680890539
0 0.9738124238733252 0.16419294990723562 0.037758830694275325 0.05009276437847865
0 0.9165651644336175 0.7810760667903525 0.037758830694275214 0.04452690166975881
0 0.6358099878197321 0.313543599257885 0.03897685749086477 0.05194805194805191
0 0.5791717417783191 0.9202226345083488 0.0353227771010961 0.048237476808905444
0 0.5243605359317904 0.21057513914656772 0.049939098660170544 0.0463821892393321
0 0.1285018270401949 0.9675324675324675 0.03532277710109623 0.04638218923933202
0 0.2971985383678441 0.9183673469387755 0.03654080389768577 0.04823747680890533
0 0.917783191230207 0.9211502782931354 0.040194884287454324 0.04638218923933213
0 0.7490864799025578 0.9675324675324675 0.03410475030450666 0.05009276437847865
0 0.08465286236297198 0.6873840445269016 0.02314250913520098 0.042671614100185495
0 0.9165651644336175 0.8256029684601114 0.037758830694275214 0.04452690166975881
0 0.40925700365408035 0.7319109461966604 0.036540803897685714 0.04638218923933213
0 0.5243605359317906 0.09833024118738404 0.0523751522533496 0.03710575139146567
0 0.056029232643118154 0.7773654916512059 0.0243605359317905 0.04081632653061229
0 0.056029232643118154 0.7300556586270872 0.026796589524969557 0.03896103896103886
0 0.18453105968331301 0.9174397031539889 0.03532277710109624 0.042671614100185606
0 0.08587088915956151 0.8738404452690167 0.025578562728380022 0.03710575139146566
0 0.5803897685749086 0.9675324675324675 0.035322777101096325 0.04638218923933202
0 0.08465286236297198 0.6428571428571428 0.02314250913520098 0.038961038961038974
0 0.5243605359317906 0.1391465677179963 0.047503045066991545 0.044526901669758825
0 0.08465286236297198 0.8265306122448979 0.02314250913520098 0.042671614100185606
0 0.056029232643118154 0.8265306122448979 0.0243605359317905 0.038961038961039085
0 0.05663824604141292 0.9174397031539889 0.023142509135200967 0.042671614100185606
0 0.7490864799025578 0.9183673469387755 0.04141291108404388 0.04823747680890533
0 0.05481120584652863 0.6410018552875696 0.0243605359317905 0.038961038961038974
0 0.08465286236297198 0.7782931354359925 0.02314250913520098 0.03525046382189234
0 0.05724725943970768 0.9693877551020408 0.024360535931790495 0.042671614100185495
0 0.05663824604141292 0.8719851576994434 0.023142509135200967 0.03710575139146566
0 0.08708891595615104 0.9693877551020408 0.025578562728380022 0.042671614100185495
0 0.4104750304506699 0.3107606679035251 0.03654080389768577 0.04638218923933207
0 0.08587088915956151 0.9174397031539889 0.025578562728380022 0.038961038961038974
0 0.08465286236297198 0.728200371057514 0.02314250913520098 0.03525046382189234
0 0.05663824604141292 0.6846011131725417 0.023142509135200967 0.03710575139146566
0 0.535931790499391 0.7764378478664193 0.02436053593179055 0.03525046382189234
0 0.52557856272838 0.25139146567717996 0.049939098660170544 0.03896103896103892
0 0.7478684531059683 0.7319109461966604 0.03654080389768566 0.04638218923933213
0 0.52557856272838 0.17532467532467533 0.052375152253349544 0.03153988868274582
