0 0.744005 0.097584 0.041966 0.053903
0 0.911871 0.101301 0.039568 0.050186
0 0.247002 0.051115 0.040767 0.053903
0 0.415468 0.200743 0.034772 0.044610
0 0.747602 0.822491 0.039568 0.046468
0 0.747602 0.772305 0.039568 0.050186
0 0.633094 0.050186 0.038369 0.055762
0 0.136091 0.157063 0.039568 0.050186
0 0.802758 0.862454 0.039568 0.048327
0 0.360312 0.349442 0.039568 0.048327
0 0.745803 0.150558 0.035971 0.052045
0 0.690647 0.294610 0.038369 0.050186
0 0.693046 0.627323 0.038369 0.046468
0 0.359113 0.439591 0.034772 0.050186
0 0.580336 0.440520 0.035971 0.048327
0 0.688849 0.100372 0.034772 0.055762
0 0.634293 0.105019 0.035971 0.046468
0 0.690647 0.248141 0.035971 0.046468
0 0.357914 0.205390 0.037170 0.046468
0 0.691847 0.391264 0.035971 0.046468
0 0.580336 0.393123 0.035971 0.046468
0 0.691847 0.437732 0.038369 0.053903
0 0.357914 0.105019 0.039568 0.053903
0 0.856715 0.342937 0.039568 0.050186
0 0.801559 0.299257 0.034772 0.048327
0 0.854916 0.249071 0.035971 0.048327
0 0.800959 0.201673 0.035971 0.046468
0 0.693046 0.581784 0.038369 0.048327
0 0.691847 0.486059 0.035971 0.050186
0 0.416667 0.298327 0.037170 0.046468
0 0.747002 0.390335 0.035971 0.048327
0 0.802758 0.722119 0.039568 0.046468
0 0.248201 0.104089 0.035971 0.048327
0 0.747602 0.629182 0.039568 0.050186
0 0.747602 0.580855 0.039568 0.046468
0 0.249400 0.153346 0.035971 0.053903
0 0.523981 0.203532 0.035971 0.053903
0 0.359712 0.050186 0.040767 0.059480
0 0.580336 0.105019 0.035971 0.046468
0 0.137290 0.100372 0.039568 0.059480
0 0.580336 0.203532 0.035971 0.050186
0 0.747602 0.435874 0.034772 0.046468
0 0.801559 0.773234 0.039568 0.048327
0 0.192446 0.101301 0.034772 0.050186
0 0.191847 0.153346 0.035971 0.050186
0 0.525180 0.051115 0.038369 0.053903
0 0.690647 0.344796 0.033573 0.050186
0 0.470024 0.386617 0.045564 0.052045
0 0.580336 0.251859 0.038369 0.046468
0 0.747602 0.725836 0.039568 0.046468
0 0.634293 0.201673 0.035971 0.042751
0 0.304556 0.253717 0.035971 0.053903
0 0.416667 0.248141 0.037170 0.050186
0 0.304556 0.101301 0.035971 0.050186
0 0.693046 0.676580 0.038369 0.048327
0 0.855516 0.391264 0.039568 0.050186
0 0.191847 0.200743 0.035971 0.048327
0 0.745803 0.248141 0.035971 0.050186
0 0.800360 0.346654 0.037170 0.046468
0 0.801559 0.251859 0.034772 0.046468
0 0.854317 0.156134 0.037170 0.044610
0 0.800959 0.153346 0.035971 0.050186
0 0.415468 0.104089 0.037170 0.055762
0 0.747602 0.484201 0.034772 0.046468
0 0.415468 0.154275 0.037170 0.044610
0 0.855516 0.294610 0.034772 0.046468
0 0.746403 0.676580 0.039568 0.044610
0 0.747002 0.298327 0.038369 0.050186
0 0.802758 0.628253 0.039568 0.052045
0 0.854317 0.104089 0.037170 0.059480
0 0.302758 0.203532 0.034772 0.046468
0 0.359113 0.156134 0.039568 0.048327
0 0.579137 0.051115 0.038369 0.057621
0 0.304556 0.154275 0.033573 0.048327
0 0.635492 0.344796 0.035971 0.050186
0 0.524580 0.150558 0.039568 0.052045
0 0.580336 0.346654 0.035971 0.050186
0 0.800360 0.101301 0.037170 0.053903
0 0.580336 0.295539 0.035971 0.048327
0 0.634293 0.153346 0.035971 0.053903
0 0.580336 0.151487 0.040767 0.053903
0 0.523981 0.104089 0.035971 0.048327
0 0.471223 0.301115 0.047962 0.037175
0 0.471223 0.267658 0.045564 0.033457
0 0.483213 0.734201 0.028777 0.029740
0 0.484412 0.708178 0.031175 0.029740
0 0.913070 0.534387 0.037170 0.050186
0 0.470024 0.434015 0.043165 0.035316
0 0.359113 0.822491 0.034772 0.046468
0 0.636691 0.248141 0.035971 0.053903
0 0.359113 0.868030 0.034772 0.048327
0 0.024580 0.200743 0.037170 0.040892
0 0.359113 0.680297 0.037170 0.037175
0 0.913070 0.580855 0.039568 0.046468
0 0.360312 0.777881 0.039568 0.050186
0 0.023381 0.298327 0.041966 0.050186
0 0.023381 0.246283 0.039568 0.050186
0 0.471223 0.113383 0.047962 0.029740
0 0.913070 0.631041 0.039568 0.050186
0 0.136091 0.441450 0.039568 0.046468
0 0.856715 0.722119 0.039568 0.046468
0 0.802758 0.678439 0.039568 0.048327
0 0.911871 0.251859 0.039568 0.050186
0 0.855516 0.435874 0.037170 0.046468
0 0.414269 0.345725 0.034772 0.044610
0 0.691847 0.770446 0.035971 0.053903
0 0.911871 0.201673 0.039568 0.046468
0 0.190647 0.775093 0.038369 0.048327
0 0.190647 0.344796 0.035971 0.050186
0 0.744604 0.199814 0.035971 0.046468
0 0.082134 0.204461 0.037170 0.048327
0 0.747602 0.532528 0.039568 0.053903
0 0.689448 0.201673 0.035971 0.046468
0 0.472422 0.227695 0.045564 0.046468
0 0.801559 0.441450 0.034772 0.050186
0 0.191847 0.391264 0.035971 0.050186
0 0.856715 0.484201 0.039568 0.050186
0 0.856715 0.770446 0.039568 0.050186
0 0.911871 0.151487 0.034772 0.050186
0 0.190647 0.248141 0.035971 0.046468
0 0.247002 0.200743 0.033573 0.044610
0 0.471823 0.150558 0.046763 0.044610
0 0.414269 0.049257 0.034772 0.053903
0 0.360312 0.538104 0.041966 0.050186
0 0.580336 0.486989 0.038369 0.044610
0 0.191847 0.050186 0.038369 0.052045
0 0.359113 0.725836 0.039568 0.050186
0 0.800360 0.392193 0.037170 0.048327
0 0.192446 0.725836 0.041966 0.050186
0 0.191847 0.631970 0.040767 0.048327
0 0.136091 0.251859 0.037170 0.046468
0 0.190647 0.292751 0.035971 0.050186
0 0.191847 0.486989 0.035971 0.048327
0 0.359113 0.486059 0.039568 0.046468
0 0.191847 0.533457 0.038369 0.048327
0 0.688249 0.157993 0.035971 0.048327
0 0.635492 0.297398 0.035971 0.040892
0 0.691847 0.534387 0.035971 0.046468
0 0.746403 0.343866 0.034772 0.040892
0 0.913070 0.488848 0.039568 0.044610
0 0.025779 0.051115 0.039568 0.050186
0 0.024580 0.393123 0.037170 0.042751
0 0.024580 0.154275 0.041966 0.048327
0 0.024580 0.104089 0.039568 0.055762
0 0.912470 0.725836 0.040767 0.050186
0 0.026978 0.347584 0.041966 0.044610
0 0.911871 0.295539 0.039568 0.040892
0 0.747602 0.869888 0.039568 0.048327
0 0.914269 0.675651 0.039568 0.050186
0 0.359113 0.919145 0.039568 0.053903
0 0.191847 0.920074 0.040767 0.048327
0 0.913669 0.773234 0.040767 0.044610
0 0.911871 0.391264 0.037170 0.042751
0 0.856715 0.817844 0.034772 0.040892
0 0.471223 0.036245 0.050360 0.042751
0 0.471823 0.078067 0.046763 0.040892
0 0.359113 0.582714 0.039568 0.046468
0 0.857914 0.534387 0.039568 0.046468
0 0.360312 0.300186 0.039568 0.050186
0 0.080336 0.051115 0.040767 0.053903
0 0.913669 0.868030 0.040767 0.044610
0 0.580336 0.629182 0.035971 0.050186
0 0.024580 0.443309 0.039568 0.050186
0 0.691247 0.917286 0.039568 0.050186
0 0.471823 0.190520 0.046763 0.035316
0 0.914868 0.818773 0.040767 0.050186
0 0.914269 0.916357 0.041966 0.052045
0 0.580336 0.529740 0.038369 0.044610
0 0.580336 0.676580 0.038369 0.048327
0 0.190647 0.869888 0.040767 0.048327
0 0.580336 0.722119 0.038369 0.050186
0 0.911871 0.342937 0.039568 0.057621
0 0.191847 0.823420 0.035971 0.044610
0 0.136091 0.396840 0.039568 0.046468
0 0.747602 0.917286 0.039568 0.050186
0 0.136091 0.490706 0.037170 0.048327
0 0.801559 0.916357 0.039568 0.055762
0 0.359113 0.393123 0.037170 0.042751
0 0.857914 0.917286 0.039568 0.053903
0 0.913070 0.437732 0.039568 0.053903
0 0.357914 0.251859 0.034772 0.046468
0 0.691847 0.866171 0.035971 0.048327
0 0.080935 0.156134 0.039568 0.048327
0 0.359113 0.634758 0.039568 0.053903
0 0.691847 0.722119 0.035971 0.046468
0 0.857914 0.676580 0.037170 0.040892
0 0.856715 0.580855 0.039568 0.050186
0 0.080336 0.105019 0.040767 0.050186
0 0.136091 0.294610 0.039568 0.046468
0 0.801559 0.530669 0.039568 0.050186
0 0.137290 0.345725 0.039568 0.052045
0 0.190647 0.677509 0.038369 0.046468
0 0.692446 0.818773 0.037170 0.046468
0 0.802758 0.817844 0.034772 0.040892
0 0.856715 0.629182 0.034772 0.050186
0 0.910671 0.049257 0.039568 0.053903
0 0.857914 0.862454 0.039568 0.048327
0 0.801559 0.486059 0.037170 0.046468
0 0.191847 0.580855 0.035971 0.046468
0 0.191847 0.440520 0.035971 0.048327
0 0.581535 0.578996 0.040767 0.053903
0 0.136091 0.204461 0.037170 0.044610
0 0.801559 0.580855 0.037170 0.046468
0 0.854317 0.201673 0.034772 0.042751
