0 0.18925962059620596 0.2957410562180579 0.029970731707317025 0.032708688245315184
0 0.6193951219512195 0.6759795570698467 0.03330081300813011 0.032708688245315184
0 0.09601734417344172 0.4231686541737648 0.02997073170731709 0.028620102214650788
0 0.3596487804878049 0.1887563884156729 0.02664065040650409 0.031345826235093674
0 0.619950135501355 0.2957410562180579 0.029970731707317025 0.029982964224872254
0 0.4834168021680217 0.4231686541737648 0.0299707317073171 0.03134582623509372
0 0.3946146341463415 0.2971039182282794 0.029970731707317025 0.029982964224872254
0 0.3946146341463415 0.45383304940374786 0.029970731707317025 0.027257240204429323
0 0.5278178861788618 0.6119250425894378 0.0299707317073171 0.029982964224872254
0 0.09546233062330622 0.6439522998296423 0.03108075880758807 0.03407155025553656
0 0.48397181571815723 0.5812606473594549 0.028860704607046123 0.03134582623509372
0 0.6182850948509485 0.5519591141396933 0.03108075880758808 0.029982964224872254
0 0.619950135501355 0.5819420783645656 0.029970731707317025 0.029982964224872254
0 0.09657235772357725 0.3604770017035775 0.033300813008130085 0.03407155025553661
0 0.43901571815718154 0.5165247018739352 0.0299707317073171 0.029982964224872167
0 0.04939620596205962 0.22759795570698466 0.032190785907859065 0.032708688245315184
0 0.14208346883468834 0.7073253833049404 0.03330081300813007 0.032708688245315184
0 0.18870460704607042 0.26303236797274276 0.03108075880758804 0.029982964224872212
0 0.619950135501355 0.45587734241908 0.029970731707317025 0.028620102214650788
0 0.3235728997289973 0.22964224872231687 0.027750677506775068 0.036797274275979584
0 0.18870460704607042 0.35843270868824534 0.03108075880758804 0.029982964224872212
0 0.5744390243902439 0.2971039182282794 0.0299707317073171 0.029982964224872254
0 0.39572466124661243 0.26575809199318573 0.029970731707317174 0.03270868824531514
0 0.5300379403794038 0.2650766609880749 0.029970731707317025 0.03407155025553661
0 0.2353257452574526 0.13696763202725726 0.03330081300813007 0.03679727427597956
0 0.14208346883468834 0.7393526405451448 0.03108075880758808 0.0286201022146507
0 0.18981463414634148 0.19965928449744463 0.03108075880758808 0.031345826235093674
0 0.4379056910569105 0.5812606473594549 0.029970731707317025 0.03134582623509372
0 0.14263848238482382 0.6146507666098808 0.02997073170731708 0.0327086882453151
0 0.6182850948509485 0.6439522998296423 0.03108075880758808 0.03134582623509363
0 0.39350460704607043 0.6432708688245314 0.029970731707317174 0.0327086882453151
0 0.3235728997289973 0.3577512776831345 0.029970731707317063 0.03407155025553661
0 0.04939620596205962 0.7400340715502555 0.029970731707317077 0.0327086882453151
0 0.39350460704607043 0.5158432708688245 0.029970731707317174 0.03407155025553656
0 0.18870460704607042 0.32844974446337305 0.03108075880758804 0.03270868824531514
0 0.5738840108401083 0.7400340715502555 0.03108075880758808 0.029982964224872167
0 0.6654612466124662 0.45587734241908 0.029970731707317025 0.028620102214650788
0 0.09546233062330622 0.7100511073253833 0.03330081300813007 0.032708688245315184
0 0.5283728997289973 0.5165247018739352 0.028860704607046123 0.027257240204429233
0 0.3235728997289973 0.32572402044293014 0.027750677506775068 0.024531516183986347
0 0.23477073170731705 0.36115843270868825 0.0299707317073171 0.03270868824531514
0 0.5749940379403794 0.6432708688245314 0.02664065040650409 0.029982964224872167
0 0.4817517615176152 0.7400340715502555 0.031080758807588003 0.029982964224872167
0 0.18981463414634148 0.16218057921635434 0.03330081300813011 0.035434412265758095
0 0.4817517615176152 0.7073253833049404 0.031080758807588003 0.032708688245315184
0 0.3257929539295393 0.45383304940374786 0.025530623306233034 0.027257240204429323
0 0.6205051490514905 0.2323679727427598 0.028860704607046046 0.03407155025553665
0 0.09546233062330622 0.6773424190800681 0.03330081300813007 0.032708688245315184
0 0.619950135501355 0.5212947189097104 0.029970731707317025 0.03134582623509363
0 0.14263848238482388 0.29233390119250424 0.027750677506775085 0.028620102214650788
0 0.5733289972899729 0.6119250425894378 0.027750677506775068 0.029982964224872254
0 0.23477073170731705 0.3931856899488927 0.027750677506775106 0.028620102214650743
0 0.6182850948509485 0.7393526405451448 0.03330081300813004 0.03134582623509363
0 0.36075880758807594 0.21873935264054514 0.026640650406504165 0.028620102214650788
0 0.4379056910569105 0.7045996592844974 0.029970731707317025 0.029982964224872254
0 0.14208346883468834 0.26030664395229985 0.03108075880758808 0.03270868824531514
0 0.3613138211382114 0.32504258943781944 0.023310569105691077 0.02316865417376488
0 0.198139837398374 0.3884156729131175 0.023310569105691077 0.024531516183986347
0 0.3246829268292683 0.6091993185689949 0.029970731707317063 0.027257240204429323
0 0.6654612466124662 0.5185689948892674 0.032190785907859135 0.036797274275979494
0 0.23366070460704608 0.16695059625212946 0.034410840108401126 0.02044293015332197
0 0.36020379403794034 0.2875638841567291 0.02553062330623311 0.019080068143100527
0 0.36186883468834685 0.3059625212947189 0.019980487804877992 0.017717206132879016
0 0.3613138211382114 0.2705281090289608 0.023310569105691077 0.020442930153321992
0 0.39350460704607043 0.5485519591141397 0.029970731707317174 0.03134582623509372
0 0.6649062330623305 0.23304940374787053 0.03108075880758808 0.032708688245315184
0 0.6205051490514905 0.3925042589437819 0.02664065040650409 0.03270868824531514
0 0.14263848238482382 0.6773424190800681 0.03219078590785907 0.029982964224872254
0 0.4856368563685637 0.2971039182282794 0.02997073170731695 0.029982964224872254
0 0.04884119241192412 0.5465076660988075 0.03108075880758808 0.029982964224872254
0 0.3246829268292683 0.5805792163543442 0.029970731707317063 0.032708688245315184
0 0.43901571815718154 0.3604770017035775 0.0299707317073171 0.03407155025553661
0 0.14152845528455285 0.42112436115843266 0.0299707317073171 0.029982964224872254
0 0.09490731707317074 0.5492333901192504 0.02997073170731707 0.029982964224872254
0 0.4834168021680217 0.32844974446337305 0.0299707317073171 0.03270868824531514
0 0.3946146341463415 0.42112436115843266 0.029970731707317025 0.032708688245315184
0 0.14208346883468834 0.32572402044293014 0.03108075880758808 0.03270868824531514
0 0.3940596205962059 0.4851788756388416 0.03108075880758808 0.032708688245315184
0 0.48397181571815723 0.45383304940374786 0.028860704607046123 0.029982964224872254
0 0.14208346883468834 0.4531516183986371 0.03108075880758808 0.03407155025553665
0 0.438460704607046 0.32844974446337305 0.028860704607046046 0.029982964224872212
0 0.5289279132791328 0.45383304940374786 0.0299707317073171 0.029982964224872254
0 0.5755490514905148 0.36115843270868825 0.029970731707317025 0.029982964224872212
0 0.4384607046070461 0.2303236797274276 0.03108075880758808 0.032708688245315184
0 0.4834168021680217 0.3911413969335604 0.0299707317073171 0.029982964224872212
0 0.5300379403794038 0.32844974446337305 0.029970731707317025 0.029982964224872212
0 0.2819468834688347 0.22964224872231687 0.03330081300813007 0.036797274275979584
0 0.189259620596206 0.45383304940374786 0.03441084010840109 0.029982964224872254
0 0.5755490514905148 0.3931856899488927 0.027750677506775068 0.031345826235093674
0 0.5300379403794038 0.3931856899488927 0.029970731707317025 0.031345826235093674
0 0.23588075880758802 0.1989778534923339 0.03219078590785909 0.035434412265758074
0 0.5755490514905148 0.4252129471890971 0.029970731707317025 0.029982964224872254
0 0.5738840108401083 0.5492333901192504 0.03108075880758808 0.029982964224872254
0 0.39572466124661243 0.2303236797274276 0.029970731707317174 0.032708688245315184
0 0.5744390243902439 0.4858603066439523 0.0299707317073171 0.03134582623509372
0 0.5283728997289973 0.4858603066439523 0.028860704607046123 0.03134582623509372
0 0.5744390243902439 0.4565587734241908 0.0299707317073171 0.032708688245315184
0 0.14319349593495936 0.19965928449744463 0.03330081300813011 0.031345826235093674
0 0.23421571815718156 0.4231686541737648 0.028860704607046123 0.028620102214650788
0 0.619950135501355 0.6132879045996592 0.029970731707317025 0.0327086882453151
0 0.14430352303523034 0.1335604770017036 0.03330081300813009 0.032708688245315164
0 0.6649062330623305 0.4258943781942078 0.03108075880758808 0.03134582623509372
0 0.6643512195121951 0.6439522998296422 0.0299707317073171 0.025894378194207857
0 0.3246829268292683 0.4238500851788756 0.029970731707317063 0.029982964224872254
0 0.09657235772357725 0.26303236797274276 0.033300813008130085 0.03270868824531514
0 0.43679566395663955 0.6746166950596252 0.03219078590785906 0.032708688245315184
0 0.36075880758807594 0.15672913117546847 0.024420596205962056 0.024531516183986368
0 0.187039566395664 0.6139693356047701 0.029970731707317063 0.028620102214650788
0 0.6665712737127372 0.32844974446337305 0.0299707317073171 0.027257240204429323
0 0.4834168021680217 0.6119250425894378 0.0299707317073171 0.029982964224872254
0 0.6643512195121951 0.6746166950596252 0.0299707317073171 0.032708688245315184
0 0.09379728997289973 0.6091993185689949 0.027750677506775057 0.029982964224872254
0 0.6654612466124662 0.7073253833049404 0.032190785907859135 0.032708688245315184
0 0.04939620596205962 0.7073253833049404 0.029970731707317077 0.029982964224872254
0 0.391839566395664 0.7366269165247019 0.03108075880758808 0.03134582623509363
0 0.4379056910569105 0.7373083475298126 0.029970731707317025 0.029982964224872167
0 0.43679566395663955 0.644633730834753 0.0299707317073171 0.027257240204429323
0 0.6643512195121951 0.5812606473594549 0.0299707317073171 0.03134582623509372
0 0.5283728997289973 0.7045996592844974 0.028860704607046123 0.029982964224872254
0 0.18703956639566396 0.5819420783645656 0.03219078590785906 0.03543441226575812
0 0.3607588075880759 0.13151618398637138 0.022200542005420022 0.025894378194207833
0 0.04939620596205962 0.6746166950596252 0.029970731707317077 0.032708688245315184
0 0.04939620596205962 0.644633730834753 0.029970731707317077 0.027257240204429323
0 0.09601734417344172 0.5165247018739352 0.02997073170731709 0.0327086882453151
0 0.48452682926829266 0.2650766609880749 0.0299707317073171 0.03407155025553661
0 0.18814959349593496 0.7045996592844974 0.03441084010840109 0.029982964224872254
0 0.6182850948509485 0.7073253833049404 0.03108075880758808 0.029982964224872254
0 0.48397181571815723 0.5165247018739352 0.028860704607046123 0.029982964224872167
0 0.6632411924119241 0.6146507666098808 0.03219078590785906 0.0327086882453151
0 0.391839566395664 0.7045996592844974 0.03108075880758808 0.029982964224872254
0 0.18814959349593496 0.5485519591141397 0.03441084010840109 0.03407155025553665
0 0.18814959349593496 0.6746166950596252 0.029970731707317063 0.029982964224872254
0 0.6649062330623305 0.2671209540034072 0.03108075880758808 0.03270868824531514
0 0.619950135501355 0.36115843270868825 0.02553062330623311 0.027257240204429278
0 0.3940596205962059 0.6746166950596252 0.03108075880758808 0.029982964224872254
0 0.5289279132791328 0.6419080068143102 0.025530623306233034 0.027257240204429233
0 0.04717615176151762 0.3577512776831345 0.03219078590785907 0.031345826235093674
0 0.14374850948509485 0.16695059625212946 0.029970731707317063 0.0313458262350937
0 0.6205051490514905 0.26575809199318573 0.028860704607046046 0.027257240204429278
0 0.4834168021680217 0.6439522998296423 0.0299707317073171 0.03134582623509363
0 0.04939620596205962 0.293015332197615 0.032190785907859065 0.032708688245315184
0 0.18814959349593496 0.5165247018739352 0.029970731707317063 0.0327086882453151
0 0.04939620596205962 0.32504258943781944 0.032190785907859065 0.031345826235093674
0 0.3257929539295393 0.7393526405451448 0.0299707317073171 0.03407155025553656
0 0.09712737127371274 0.74412265758092 0.029970731707317063 0.0327086882453151
0 0.32412791327913276 0.6412265758091993 0.028860704607046046 0.03134582623509363
0 0.18814959349593496 0.7373083475298126 0.03441084010840109 0.0327086882453151
0 0.04939620596205962 0.5165247018739352 0.029970731707317077 0.029982964224872167
0 0.6649062330623305 0.35843270868824534 0.03108075880758808 0.029982964224872212
0 0.14263848238482388 0.5165247018739352 0.027750677506775085 0.029982964224872167
0 0.3246829268292683 0.7073253833049404 0.029970731707317063 0.029982964224872254
0 0.4379056910569105 0.6146507666098808 0.029970731707317025 0.0327086882453151
0 0.048286178861788626 0.61396933560477 0.02997073170731707 0.03407155025553656
0 0.663241192411924 0.7400340715502555 0.03441084010840109 0.0327086882453151
0 0.5289279132791328 0.7345826235093696 0.03219078590785906 0.029982964224872167
0 0.3246829268292683 0.5165247018739352 0.029970731707317063 0.029982964224872167
0 0.04939620596205962 0.26030664395229985 0.032190785907859065 0.03270868824531514
0 0.047176151761517626 0.45110732538330495 0.029970731707317087 0.029982964224872254
0 0.3257929539295393 0.26303236797274276 0.027750677506775068 0.029982964224872212
0 0.6654612466124662 0.4851788756388416 0.029970731707317025 0.027257240204429323
0 0.18759457994579945 0.6432708688245314 0.03330081300813004 0.029982964224872167
0 0.6643512195121951 0.5512776831345827 0.0299707317073171 0.028620102214650788
0 0.5289279132791328 0.6718909710391823 0.0299707317073171 0.032708688245315184
0 0.5733289972899729 0.7093696763202726 0.0299707317073171 0.028620102214650788
0 0.4834168021680217 0.6746166950596252 0.0299707317073171 0.029982964224872254
0 0.39350460704607043 0.6112436115843272 0.029970731707317174 0.03134582623509372
0 0.1443035230352304 0.22964224872231687 0.031080758807588097 0.03134582623509372
0 0.23366070460704608 0.4531516183986371 0.0299707317073171 0.03134582623509372
0 0.048286178861788626 0.3884156729131175 0.03219078590785908 0.029982964224872212
0 0.6654612466124662 0.2984667802385009 0.032190785907859135 0.029982964224872254
0 0.3235728997289973 0.3925042589437819 0.029970731707317063 0.03270868824531514
0 0.48397181571815723 0.4858603066439523 0.028860704607046123 0.03134582623509372
0 0.32412791327913276 0.6746166950596252 0.028860704607046046 0.032708688245315184
0 0.5294829268292683 0.2984667802385009 0.02664065040650409 0.029982964224872254
0 0.5733289972899729 0.5192504258943782 0.027750677506775068 0.029982964224872167
0 0.09490731707317074 0.5812606473594549 0.02997073170731707 0.028620102214650788
0 0.18925962059620596 0.2303236797274276 0.03219078590785909 0.029982964224872254
0 0.18703956639566396 0.48654173764906306 0.03219078590785906 0.032708688245315184
0 0.18870460704607042 0.41839863713798975 0.03108075880758804 0.03543441226575812
0 0.09712737127371274 0.2950596252129472 0.029970731707317063 0.03134582623509372
0 0.619950135501355 0.4238500851788756 0.029970731707317025 0.029982964224872254
0 0.48452682926829266 0.3604770017035775 0.0299707317073171 0.031345826235093674
0 0.5744390243902439 0.23168654173764908 0.0299707317073171 0.032708688245315184
0 0.43901571815718154 0.42112436115843266 0.027750677506775068 0.029982964224872254
0 0.43901571815718154 0.3925042589437819 0.027750677506775068 0.027257240204429278
0 0.09712737127371274 0.3277683134582624 0.029970731707317063 0.031345826235093674
0 0.39572466124661243 0.3604770017035775 0.029970731707317174 0.031345826235093674
0 0.14152845528455285 0.35843270868824534 0.0299707317073171 0.029982964224872212
0 0.3940596205962059 0.5805792163543442 0.03108075880758808 0.032708688245315184
0 0.5305929539295393 0.2323679727427598 0.02664065040650409 0.03407155025553665
0 0.048286178861788626 0.42112436115843266 0.03219078590785908 0.029982964224872254
0 0.14152845528455285 0.5805792163543442 0.0299707317073171 0.032708688245315184
0 0.43901571815718154 0.4524701873935264 0.0299707317073171 0.032708688245315184
0 0.047176151761517626 0.48381601362862015 0.029970731707317087 0.029982964224872254
0 0.14152845528455285 0.3904599659284497 0.0299707317073171 0.031345826235093674
0 0.3235728997289973 0.48381601362862015 0.029970731707317063 0.029982964224872254
0 0.3235728997289973 0.5485519591141397 0.029970731707317063 0.03134582623509372
0 0.6205051490514905 0.33049403747870526 0.028860704607046046 0.03134582623509372
0 0.04939620596205962 0.5805792163543442 0.032190785907859065 0.032708688245315184
0 0.4856368563685637 0.22896081771720614 0.02997073170731695 0.03543441226575812
0 0.23366070460704608 0.26030664395229985 0.0299707317073171 0.03270868824531514
0 0.14263848238482382 0.6446337308347531 0.02997073170731708 0.0327086882453151
0 0.23366070460704608 0.5165247018739352 0.0299707317073171 0.0327086882453151
0 0.5744390243902439 0.5819420783645656 0.0299707317073171 0.029982964224872254
0 0.43735067750677503 0.4858603066439523 0.028860704607046046 0.03134582623509372
0 0.4379056910569105 0.5485519591141397 0.029970731707317025 0.03407155025553665
0 0.6193951219512195 0.48654173764906306 0.03330081300813011 0.03543441226575812
0 0.09768238482384824 0.22896081771720614 0.03108075880758808 0.03543441226575812
0 0.2353257452574526 0.29437819420783645 0.031080758807588114 0.032708688245315184
0 0.5283728997289973 0.4238500851788756 0.028860704607046123 0.029982964224872254
0 0.43957073170731703 0.2650766609880749 0.03108075880758808 0.031345826235093674
0 0.09601734417344172 0.3925042589437819 0.02997073170731709 0.029982964224872212
0 0.14041842818428185 0.5478705281090289 0.029970731707317063 0.029982964224872254
0 0.3946146341463415 0.3904599659284497 0.029970731707317025 0.028620102214650743
0 0.5749940379403794 0.2650766609880749 0.03108075880758808 0.03407155025553661
0 0.23588075880758808 0.23168654173764908 0.027750677506775068 0.027257240204429323
0 0.23366070460704608 0.32844974446337305 0.03219078590785906 0.03270868824531514
0 0.5738840108401083 0.6766609880749573 0.03108075880758808 0.03407155025553665
0 0.14152845528455285 0.48654173764906306 0.0299707317073171 0.029982964224872254
0 0.3246829268292683 0.2957410562180579 0.029970731707317063 0.032708688245315184
0 0.09546233062330622 0.4531516183986371 0.03108075880758807 0.03134582623509372
0 0.438460704607046 0.2971039182282794 0.028860704607046046 0.029982964224872254
0 0.3946146341463415 0.32844974446337305 0.029970731707317025 0.029982964224872212
0 0.23366070460704608 0.4851788756388416 0.03219078590785906 0.032708688245315184
0 0.5294829268292683 0.36115843270868825 0.02664065040650409 0.029982964224872212
0 0.5289279132791329 0.5792163543441227 0.027750677506775068 0.029982964224872254
0 0.5733289972899729 0.32844974446337305 0.0299707317073171 0.029982964224872212
0 0.6649062330623305 0.3925042589437819 0.03108075880758808 0.03270868824531514
0 0.48397181571815723 0.5485519591141397 0.03108075880758808 0.03134582623509372
0 0.5300379403794038 0.5478705281090289 0.029970731707317025 0.029982964224872254
0 0.09601734417344172 0.4851788756388416 0.02997073170731709 0.032708688245315184
