0 0.23158006927791103 0.3081725243481943 0.0225099920063949 0.03716653559978224
0 0.10470556887823075 0.1866069808239066 0.021145750066613372 0.04490956384973688
0 0.16916600053290703 0.702292662270885 0.02182787103650409 0.041812352549754905
0 0.16848387956301625 0.3832798983727542 0.02182787103650412 0.03871514124977305
0 0.3901731947775113 0.22996793902365253 0.02182787103650412 0.041812352549754996
0 0.3587956301625366 0.5838243300465792 0.02046362909672262 0.040263746899764
0 0.48464694910738076 0.22841933337366158 0.02250999200639487 0.041812352549754975
0 0.26363975486277647 0.3856028068477406 0.021145750066613372 0.04026374689976409
0 0.19952038369304556 0.5040711390720464 0.021145750066613372 0.041812352549754996
0 0.16916600053290703 0.5838243300465792 0.02046362909672259 0.03716653559978228
0 0.19952038369304556 0.30739822152319884 0.021145750066613372 0.03871514124977314
0 0.23158006927791103 0.5853729356965701 0.021145750066613372 0.04026374689976419
0 0.13608313349320544 0.5853729356965701 0.021145750066613386 0.04026374689976419
0 0.3274180655475619 0.5063940475470329 0.02046362909672262 0.04026374689976409
0 0.19952038369304556 0.4250922509225092 0.021145750066613372 0.04490956384973695
0 0.19952038369304556 0.26713447462343476 0.02250999200639487 0.041812352549754996
0 0.1364241939781508 0.6643518238461074 0.021827871036504166 0.040263746899764
0 0.16916600053290703 0.5040711390720464 0.02046362909672259 0.041812352549754996
0 0.35947775113242736 0.26713447462343476 0.02182787103650412 0.041812352549754996
0 0.13608313349320544 0.4669046034722643 0.021145750066613386 0.04181235254975509
0 0.23158006927791103 0.2679087774484302 0.021145750066613372 0.04026374689976409
0 0.26363975486277647 0.5443348859718106 0.01978150812683187 0.03871514124977328
0 0.26363975486277647 0.503296836247051 0.01978150812683187 0.03716653559978228
0 0.13574207300826008 0.3081725243481943 0.020463629096722637 0.040263746899764044
0 0.1364241939781508 0.5443348859718105 0.02046362909672262 0.041812352549754996
0 0.3267359445776712 0.22764503054866614 0.02046362909672262 0.04026374689976407
0 0.10402344790833999 0.46535599782227327 0.02250999200639487 0.044909563849736996
0 0.13574207300826008 0.4243179480975137 0.020463629096722637 0.040263746899764044
0 0.10470556887823076 0.6643518238461074 0.022509992006394888 0.040263746899764
0 0.3267359445776712 0.2679087774484302 0.02046362909672262 0.04026374689976409
0 0.23158006927791103 0.5427862803218195 0.0225099920063949 0.044909563849736905
0 0.302179589661604 0.6086020204464341 0.015006661337596622 0.02787490169983676
0 0.2960405009325873 0.24003387574859356 0.025920596855848684 0.027874901699836665
0 0.30354383160138554 0.6310568023713025 0.01364241939781506 0.017034662149900237
0 0.29740474287236884 0.2702316859234166 0.027284838795630182 0.03561792994979133
0 0.2963815614175327 0.17808964974895652 0.025238475885957932 0.02787490169983669
0 0.29604050093258727 0.05110398644970056 0.02728483879563012 0.03406932429980038
0 0.42155075939248604 0.19202710059887484 0.020463629096722682 0.04026374689976409
0 0.1364241939781508 0.26636017179843935 0.02046362909672262 0.040263746899764044
0 0.23158006927791103 0.3871514124977315 0.0225099920063949 0.040263746899764044
0 0.23226219024780176 0.6628032181961163 0.02250999200639487 0.04026374689976409
0 0.07332800426325606 0.3081725243481943 0.022509992006394877 0.040263746899764044
0 0.19986144417799093 0.545109188796806 0.02046362909672262 0.04026374689976409
0 0.2002025046629363 0.22609642489867524 0.021145750066613372 0.04026374689976409
0 0.2643218758326672 0.18505837517391568 0.021145750066613372 0.04490956384973686
0 0.04058619770849987 0.30739822152319884 0.023874233946176385 0.04490956384973686
0 0.16848387956301628 0.3081725243481943 0.02046362909672259 0.040263746899764044
0 0.4525872635225153 0.1904784949488839 0.021145750066613372 0.04026374689976407
0 0.2643218758326672 0.7046155707458713 0.021145750066613372 0.04026374689976409
0 0.0726458832933653 0.2679087774484302 0.019781508126831864 0.04026374689976409
0 0.4532693844924061 0.06271852882463251 0.01978150812683187 0.04800677514971871
0 0.4212096989075407 0.23229084749863893 0.021145750066613435 0.040263746899764044
0 0.42086863842259525 0.06271852882463251 0.02046362909672262 0.04490956384973686
0 0.16848387956301628 0.26945738309842115 0.02046362909672259 0.04026374689976409
0 0.3587956301625366 0.18970419212388845 0.02182787103650412 0.04490956384973688
0 0.19986144417799093 0.3863771096727361 0.019099387156941122 0.03871514124977314
0 0.3267359445776712 0.4661303006472688 0.02046362909672262 0.04026374689976409
0 0.42155075939248604 0.3081725243481943 0.021827871036504184 0.04336095819974595
0 0.10470556887823075 0.6240880769463433 0.021145750066613372 0.04026374689976409
0 0.1367652544630962 0.22764503054866614 0.01978150812683187 0.03716653559978224
0 0.26363975486277647 0.2640372633234529 0.01978150812683187 0.03561792994979129
0 0.3267359445776712 0.4258665537475047 0.02046362909672262 0.04026374689976409
0 0.3267359445776712 0.30739822152319884 0.02046362909672262 0.03871514124977314
0 0.16848387956301625 0.22687072772367067 0.02182787103650412 0.04490956384973683
0 0.29569944044764196 0.34069324299800374 0.026602717825739433 0.043360958199745905
0 0.3587956301625366 0.5063940475470329 0.02046362909672262 0.04026374689976409
0 0.3901731947775113 0.4281894622224911 0.02182787103650412 0.03871514124977314
0 0.3587956301625366 0.061944225999637045 0.02182787103650412 0.04645816949972778
0 0.07196376232347455 0.22841933337366163 0.021145750066613372 0.03871514124977314
0 0.23158006927791103 0.5040711390720465 0.01978150812683187 0.03561792994979129
0 0.19952038369304556 0.6233137741213478 0.021145750066613372 0.041812352549754996
0 0.16848387956301628 0.6225394712963522 0.02046362909672259 0.03716653559978219
0 0.48464694910738076 0.2679087774484302 0.02250999200639487 0.04026374689976409
0 0.23158006927791103 0.702292662270885 0.01978150812683187 0.03871514124977319
0 0.13574207300826008 0.6240880769463433 0.020463629096722637 0.0371665355997821
0 0.10470556887823075 0.34533905994797653 0.021145750066613372 0.040263746899764044
0 0.16848387956301628 0.3468876655979674 0.01909938715694109 0.03716653559978224
0 0.23158006927791103 0.18583267799891112 0.0225099920063949 0.04336095819974595
0 0.16848387956301628 0.545109188796806 0.02046362909672259 0.04026374689976409
0 0.5163655742073008 0.18970419212388845 0.02182787103650412 0.04490956384973688
0 0.3267359445776712 0.34766196842296293 0.02182787103650412 0.03871514124977319
0 0.2002025046629363 0.18583267799891112 0.01978150812683187 0.04336095819974595
0 0.35811350919264584 0.1486661423991289 0.02319211297628562 0.04026374689976402
0 0.0726458832933653 0.18815558647389755 0.019781508126831864 0.04181235254975502
0 0.3267359445776712 0.5845986328715748 0.02046362909672262 0.041812352549754996
0 0.23158006927791103 0.7417821063456537 0.021145750066613372 0.043360958199745905
0 0.16916600053290703 0.6612546125461255 0.02182787103650409 0.04026374689976419
0 0.42155075939248604 0.14944044522412436 0.020463629096722682 0.04490956384973686
0 0.04058619770849987 0.1866069808239066 0.022509992006394888 0.04490956384973688
0 0.3898321342925659 0.6233137741213478 0.02250999200639487 0.041812352549754996
0 0.3898321342925659 0.6643518238461074 0.02250999200639487 0.040263746899764
0 0.10402344790833999 0.26481156614844836 0.02250999200639487 0.03716653559978219
0 0.2643218758326672 0.6628032181961163 0.01978150812683187 0.043360958199745905
0 0.20054356514788169 0.6628032181961163 0.02046362909672262 0.04026374689976409
0 0.45326938449240606 0.1486661423991289 0.023874233946176434 0.04026374689976402
0 0.3274180655475619 0.6999697537958987 0.02046362909672262 0.04026374689976409
0 0.07196376232347455 0.545109188796806 0.021145750066613372 0.04026374689976409
0 0.3587956301625366 0.34843627124795834 0.02046362909672262 0.04026374689976409
0 0.16848387956301625 0.4235436452725182 0.02182787103650412 0.041812352549755044
0 0.10470556887823075 0.3081725243481943 0.021145750066613372 0.040263746899764044
0 0.13574207300826008 0.38637710967273603 0.020463629096722637 0.03561792994979129
0 0.10402344790833999 0.4266408565725001 0.02250999200639487 0.03561792994979124
0 0.26500399680255793 0.5822757243965883 0.02250999200639487 0.04026374689976409
0 0.3267359445776712 0.3871514124977315 0.02182787103650412 0.040263746899764044
0 0.07332800426325606 0.3468876655979674 0.02114575006661338 0.03716653559978224
0 0.35811350919264584 0.6628032181961163 0.02319211297628562 0.04026374689976409
0 0.5484252597921663 0.06194422599963706 0.02319211297628562 0.049555380799709614
0 0.04058619770849987 0.6217651684713569 0.023874233946176385 0.044909563849736905
0 0.3587956301625366 0.4281894622224911 0.02182787103650412 0.03871514124977314
0 0.04126831867839062 0.38637710967273603 0.023874233946176392 0.041812352549754996
0 0.38949107380762055 0.18970419212388842 0.02046362909672262 0.041812352549755044
0 0.07332800426325606 0.6643518238461074 0.02114575006661338 0.040263746899764
0 0.4212096989075407 0.1068537898493739 0.021145750066613435 0.04026374689976408
0 0.3587956301625366 0.7797229447704314 0.02182787103650412 0.04800677514971871
0 0.35947775113242736 0.4661303006472687 0.02182787103650412 0.03716653559978219
0 0.26363975486277647 0.7417821063456537 0.02250999200639487 0.04026374689976409
0 0.04058619770849987 0.2648115661484483 0.021145750066613372 0.04026374689976414
0 0.3901731947775113 0.2702316859234166 0.02046362909672262 0.03561792994979133
0 0.3587956301625366 0.230742241848648 0.02182787103650412 0.03406932429980038
0 0.10470556887823076 0.22764503054866614 0.022509992006394888 0.03716653559978224
0 0.16848387956301625 0.46458169499727786 0.02182787103650412 0.03716653559978219
0 0.10470556887823076 0.5056197447220374 0.022509992006394888 0.03871514124977309
0 0.3587956301625366 0.39102292662270893 0.02046362909672262 0.04181235254975509
0 0.13608313349320544 0.18505837517391568 0.021145750066613386 0.04490956384973686
0 0.5163655742073008 0.3484362712479584 0.02046362909672262 0.03716653559978224
0 0.04058619770849987 0.22764503054866614 0.021145750066613372 0.03716653559978224
0 0.1364241939781508 0.702292662270885 0.02046362909672262 0.03871514124977319
0 0.48464694910738076 0.3856028068477406 0.01978150812683187 0.04026374689976409
0 0.10470556887823076 0.7828201560704132 0.022509992006394888 0.04490956384973681
0 0.42155075939248604 0.34843627124795834 0.020463629096722682 0.04026374689976409
0 0.04126831867839062 0.3468876655979674 0.022509992006394877 0.03716653559978224
0 0.19952038369304556 0.34533905994797653 0.01978150812683187 0.03716653559978224
0 0.3274180655475619 0.7828201560704132 0.02046362909672262 0.041812352549754996
0 0.48464694910738076 0.3066239186982034 0.01978150812683187 0.04026374689976409
0 0.48532907007727155 0.346113362772972 0.01841726618705037 0.03561792994979133
0 0.5477431388222755 0.23151654467364344 0.02182787103650412 0.04490956384973686
0 0.3267359445776712 0.6597060068961346 0.019099387156941122 0.03716653559978228
0 0.3901731947775113 0.3058496158732079 0.02182787103650412 0.03561792994979129
0 0.10470556887823076 0.545109188796806 0.022509992006394888 0.04026374689976409
0 0.3901731947775113 0.7402335006956627 0.02046362909672262 0.03716653559978219
0 0.10470556887823076 0.7053898735708668 0.022509992006394888 0.03871514124977309
0 0.04058619770849987 0.5791785130966064 0.022509992006394888 0.04026374689976409
0 0.549107380762057 0.5420119774968242 0.02319211297628562 0.04026374689976409
0 0.19952038369304556 0.7030669650958804 0.021145750066613372 0.03716653559978228
0 0.5477431388222755 0.4645816949972778 0.02046362909672262 0.04026374689976409
0 0.5477431388222755 0.1912527977738794 0.02046362909672262 0.03561792994979131
0 0.4212096989075407 0.6999697537958987 0.021145750066613435 0.04026374689976409
0 0.16711963762323476 0.7417821063456537 0.019099387156941122 0.03716653559978228
0 0.23158006927791103 0.4243179480975138 0.021145750066613372 0.030972112999818523
0 0.4212096989075407 0.6217651684713569 0.021145750066613435 0.03561792994979138
0 0.42155075939248604 0.7789486419454358 0.020463629096722682 0.049555380799709614
0 0.5484252597921663 0.4258665537475047 0.02046362909672262 0.04026374689976409
0 0.4843058886224354 0.5040711390720464 0.019099387156941122 0.041812352549754996
0 0.45395150546229684 0.2330651503236344 0.021145750066613372 0.041812352549754996
0 0.5497895017319477 0.5845986328715748 0.02182787103650412 0.041812352549754996
0 0.5167066346922462 0.23229084749863893 0.021145750066613372 0.040263746899764044
0 0.5497895017319477 0.6217651684713569 0.02182787103650412 0.03871514124977309
0 0.5163655742073008 0.3863771096727361 0.02046362909672262 0.03871514124977314
0 0.5163655742073008 0.4250922509225092 0.02182787103650412 0.04490956384973695
0 0.5484252597921663 0.2702316859234166 0.02046362909672262 0.03561792994979133
0 0.5163655742073008 0.5048454418970418 0.02046362909672262 0.04026374689976409
0 0.5170476951771916 0.5420119774968242 0.02046362909672262 0.04026374689976409
0 0.5477431388222755 0.3468876655979674 0.02182787103650412 0.03716653559978224
0 0.549107380762057 0.662028915371121 0.02319211297628562 0.041812352549754996
0 0.5484252597921663 0.5017482305970601 0.02319211297628562 0.04026374689976409
0 0.5160245137223555 0.10607948702437844 0.02250999200639487 0.054201197749682406
0 0.5484252597921663 0.38637710967273603 0.02319211297628562 0.041812352549754996
0 0.4212096989075407 0.4661303006472687 0.021145750066613435 0.03716653559978219
0 0.26398081534772183 0.6194422599963705 0.019099387156941122 0.03716653559978228
0 0.35811350919264584 0.7379105922206763 0.02046362909672262 0.03561792994979129
0 0.5170476951771916 0.6999697537958987 0.02182787103650412 0.043360958199745905
0 0.5170476951771916 0.6225394712963522 0.02182787103650412 0.040263746899764
0 0.04126831867839062 0.6628032181961163 0.022509992006394877 0.03406932429980038
0 0.5494484412470024 0.784368761720404 0.02250999200639487 0.04800677514971862
0 0.5170476951771916 0.7797229447704312 0.02046362909672262 0.041812352549754996
0 0.5177298161470824 0.5815014215715928 0.02046362909672262 0.04181235254975509
0 0.23158006927791103 0.7828201560704131 0.021145750066613372 0.032520718649809474
0 0.5497895017319477 0.7394591978706673 0.02046362909672262 0.04181235254975509
0 0.5170476951771916 0.6604803097211299 0.02046362909672262 0.03871514124977319
0 0.2960405009325873 0.08439900792450548 0.025920596855848684 0.03561792994979129
0 0.29604050093258727 0.115371120924324 0.028649080735411652 0.026326296049845748
0 0.5170476951771916 0.7402335006956627 0.02182787103650412 0.03716653559978219
0 0.20020250466293635 0.46225878652229146 0.0225099920063949 0.026326296049845762
0 0.5525179856115108 0.702292662270885 0.016370903277378057 0.03561792994979138
0 0.4218918198774314 0.7363619865706853 0.022509992006394933 0.026326296049845762
0 0.29569944044764196 0.38482850402274515 0.026602717825739433 0.032520718649809474
0 0.3587956301625366 0.5435605831468151 0.02046362909672262 0.04026374689976419
0 0.3587956301625366 0.30739822152319884 0.02046362909672262 0.03871514124977314
0 0.26363975486277647 0.7828201560704132 0.02250999200639487 0.03871514124977319
0 0.04058619770849987 0.5040711390720465 0.022509992006394888 0.03561792994979129
0 0.5163655742073008 0.4669046034722643 0.02182787103650412 0.03871514124977319
0 0.38949107380762055 0.5838243300465792 0.019099387156941122 0.03716653559978228
0 0.39085531574740207 0.703841267920876 0.021827871036504184 0.03561792994979129
0 0.3587956301625366 0.7015183594458896 0.02182787103650412 0.040263746899764
0 0.2953583799626965 0.14634323392414253 0.02592059685584862 0.03561792994979129
0 0.48498800959232613 0.4638073921722824 0.02046362909672262 0.03561792994979129
0 0.3267359445776712 0.5443348859718106 0.02182787103650412 0.03561792994979129
0 0.04126831867839062 0.5420119774968241 0.02114575006661338 0.03716653559978219
0 0.07196376232347455 0.503296836247051 0.018417266187050363 0.04026374689976409
0 0.51568345323741 0.1502147480491198 0.02046362909672262 0.03716653559978217
0 0.07332800426325606 0.7828201560704132 0.022509992006394877 0.041812352549754996
0 0.42155075939248604 0.4289637650474866 0.021827871036504184 0.043360958199745996
0 0.5477431388222755 0.1068537898493739 0.02182787103650412 0.04026374689976408
0 0.42155075939248604 0.3871514124977315 0.020463629096722682 0.040263746899764044
0 0.23158006927791103 0.6248623797713386 0.0225099920063949 0.03561792994979129
0 0.42155075939248604 0.545109188796806 0.021827871036504184 0.04026374689976409
0 0.4212096989075407 0.5048454418970418 0.022509992006394933 0.04026374689976409
0 0.35811350919264584 0.6240880769463433 0.02319211297628562 0.0371665355997821
0 0.0726458832933653 0.6256366825963342 0.019781508126831864 0.040263746899764
0 0.38949107380762055 0.4669046034722642 0.02046362909672262 0.03561792994979129
0 0.48464694910738076 0.1502147480491198 0.01978150812683187 0.03716653559978217
0 0.0726458832933653 0.7030669650958804 0.022509992006394888 0.03716653559978228
0 0.10368238742339463 0.7417821063456537 0.019099387156941122 0.03716653559978228
0 0.32707700506261655 0.7417821063456537 0.01978150812683187 0.04026374689976409
0 0.51568345323741 0.26945738309842115 0.02046362909672262 0.03406932429980038
0 0.16848387956301625 0.7820458532454178 0.02319211297628562 0.043360958199745905
0 0.48464694910738076 0.10607948702437844 0.01978150812683187 0.048006775149718725
0 0.3901731947775113 0.7797229447704312 0.02046362909672262 0.041812352549754996
0 0.42155075939248604 0.5845986328715748 0.021827871036504184 0.041812352549754996
0 0.5477431388222755 0.1509890508741153 0.02182787103650412 0.04490956384973686
0 0.0726458832933653 0.7394591978706673 0.022509992006394888 0.04181235254975509
0 0.10470556887823076 0.5845986328715745 0.022509992006394888 0.03871514124977319
0 0.04126831867839062 0.702292662270885 0.022509992006394877 0.04490956384973681
0 0.38949107380762055 0.545109188796806 0.019099387156941122 0.04026374689976409
0 0.35811350919264584 0.1068537898493739 0.02046362909672262 0.04336095819974594
0 0.4218918198774314 0.6597060068961346 0.022509992006394933 0.043360958199745996
0 0.04126831867839062 0.42664085657250017 0.022509992006394877 0.03871514124977319
0 0.13608313349320544 0.503296836247051 0.021145750066613386 0.03406932429980029
0 0.42155075939248604 0.2686830802734257 0.020463629096722682 0.03561792994979129
0 0.3901731947775113 0.5048454418970418 0.02046362909672262 0.04026374689976409
0 0.3267359445776712 0.6248623797713386 0.02046362909672262 0.03561792994979129
0 0.3901731947775113 0.387925715322727 0.02046362909672262 0.03871514124977314
0 0.07332800426325606 0.4258665537475046 0.02114575006661338 0.03716653559978219
0 0.04126831867839062 0.46535599782227327 0.022509992006394877 0.044909563849736996
0 0.1364241939781508 0.7402335006956627 0.02046362909672262 0.04026374689976409
0 0.04126831867839062 0.7874659730203859 0.023874233946176392 0.041812352549754996
0 0.51568345323741 0.30739822152319884 0.02046362909672262 0.03871514124977314
0 0.48464694910738076 0.18738128364890205 0.01978150812683187 0.04026374689976409
0 0.3267359445776712 0.18815558647389755 0.02046362909672262 0.04181235254975502
0 0.1364241939781508 0.7828201560704132 0.021827871036504166 0.041812352549754996
0 0.16848387956301628 0.18505837517391568 0.02046362909672259 0.03871514124977316
0 0.5477431388222755 0.30739822152319884 0.02182787103650412 0.041812352549754996
0 0.20088462563282708 0.7394591978706673 0.01978150812683184 0.03871514124977309
0 0.20020250466293635 0.5838243300465792 0.0225099920063949 0.03716653559978228
0 0.07332800426325606 0.4645816949972778 0.02114575006661338 0.04026374689976409
0 0.19952038369304556 0.7812715504204222 0.021145750066613372 0.044909563849736905
0 0.0726458832933653 0.5869215413465609 0.019781508126831864 0.04026374689976409
0 0.38949107380762055 0.346113362772972 0.019099387156941122 0.041812352549754996
0 0.04195043964828137 0.7448793176456354 0.022509992006394888 0.04026374689976409
0 0.2960405009325873 0.20828745992377953 0.025920596855848684 0.03871514124977309
0 0.48532907007727155 0.42664085657250017 0.02250999200639487 0.041812352549754996
0 0.4532693844924061 0.10762809267436937 0.02250999200639487 0.04181235254975501
0 0.1364241939781508 0.34688766559796747 0.019099387156941122 0.04026374689976409
0 0.23158006927791103 0.22687072772367067 0.0225099920063949 0.04490956384973683
0 0.2643218758326672 0.22764503054866614 0.02250999200639487 0.04026374689976407
0 0.26363975486277647 0.4661303006472687 0.01978150812683187 0.03716653559978219
0 0.0726458832933653 0.387925715322727 0.022509992006394888 0.04490956384973686
0 0.23158006927791103 0.34688766559796747 0.0225099920063949 0.04026374689976409
0 0.26363975486277647 0.30430101022321704 0.01978150812683187 0.04490956384973686
0 0.10402344790833999 0.3856028068477406 0.02250999200639487 0.043360958199745905
0 0.26363975486277647 0.34688766559796747 0.021145750066613372 0.04026374689976409
0 0.23158006927791103 0.46458169499727786 0.0225099920063949 0.043360958199745996
0 0.26363975486277647 0.42664085657250017 0.02250999200639487 0.041812352549754996
