0 0.153251 0.432916 0.040248 0.035778
0 0.819659 0.968694 0.041796 0.037567
0 0.820433 0.803220 0.040248 0.035778
0 0.023220 0.343470 0.040248 0.039356
0 0.090557 0.961538 0.041796 0.037567
0 0.819659 0.887299 0.041796 0.039356
0 0.089009 0.550984 0.038700 0.035778
0 0.024768 0.425760 0.040248 0.042934
0 0.345975 0.962433 0.041796 0.039356
0 0.898607 0.560823 0.035604 0.037567
0 0.023994 0.754919 0.038700 0.039356
0 0.217492 0.961538 0.041796 0.041145
0 0.692724 0.923077 0.038700 0.035778
0 0.901703 0.518784 0.032508 0.035778
0 0.458204 0.425760 0.030960 0.039356
0 0.023220 0.880143 0.040248 0.042934
0 0.691176 0.962433 0.041796 0.035778
0 0.087461 0.794275 0.041796 0.039356
0 0.568111 0.636852 0.037152 0.032200
0 0.901703 0.477639 0.032508 0.032200
0 0.023994 0.922182 0.041796 0.044723
0 0.458978 0.213775 0.032508 0.030411
0 0.022446 0.676208 0.041796 0.042934
0 0.091331 0.429338 0.040248 0.039356
0 0.020898 0.797853 0.038700 0.039356
0 0.089009 0.675313 0.041796 0.041145
0 0.508514 0.350626 0.041796 0.025045
0 0.896285 0.441860 0.037152 0.035778
0 0.458978 0.182469 0.032508 0.028623
0 0.217492 0.754919 0.041796 0.025045
0 0.634675 0.311270 0.040248 0.028623
0 0.459752 0.364937 0.037152 0.028623
0 0.410217 0.264758 0.037152 0.025045
0 0.566563 0.840787 0.040248 0.025045
0 0.345975 0.757603 0.041796 0.023256
0 0.886997 0.273703 0.043344 0.025045
0 0.351393 0.264758 0.040248 0.028623
0 0.088235 0.918605 0.043344 0.041145
0 0.696594 0.271020 0.040248 0.026834
0 0.025542 0.260286 0.041796 0.026834
0 0.697368 0.311270 0.038700 0.039356
0 0.824303 0.271020 0.041796 0.026834
0 0.023994 0.509839 0.044892 0.025045
0 0.457430 0.386404 0.029412 0.025045
0 0.220588 0.264758 0.041796 0.025045
0 0.023220 0.471377 0.043344 0.048301
0 0.632353 0.640429 0.041796 0.039356
0 0.087461 0.715564 0.041796 0.039356
0 0.506192 0.758497 0.037152 0.039356
0 0.691950 0.721825 0.040248 0.037567
0 0.503870 0.636852 0.038700 0.039356
0 0.460526 0.237925 0.032508 0.021467
0 0.090557 0.347048 0.041796 0.039356
0 0.408669 0.353309 0.040248 0.041145
0 0.090557 0.389088 0.041796 0.041145
0 0.566563 0.679785 0.043344 0.042934
0 0.694272 0.393560 0.038700 0.039356
0 0.284056 0.432916 0.041796 0.039356
0 0.219040 0.635957 0.038700 0.041145
0 0.694272 0.558140 0.038700 0.039356
0 0.631579 0.350626 0.040248 0.039356
0 0.758514 0.399821 0.037152 0.041145
0 0.695046 0.640429 0.040248 0.039356
0 0.632353 0.475850 0.038700 0.039356
0 0.282508 0.679785 0.041796 0.039356
0 0.630805 0.719141 0.041796 0.039356
0 0.505418 0.558140 0.041796 0.039356
0 0.631579 0.558140 0.040248 0.039356
0 0.219814 0.348837 0.037152 0.039356
0 0.758514 0.515206 0.037152 0.042934
0 0.409443 0.596601 0.041796 0.041145
0 0.408669 0.306798 0.040248 0.044723
0 0.504644 0.840787 0.037152 0.039356
0 0.633127 0.435599 0.037152 0.037567
0 0.695046 0.679785 0.040248 0.039356
0 0.348297 0.392665 0.037152 0.037567
0 0.628483 0.964222 0.046440 0.035778
0 0.566563 0.515206 0.040248 0.039356
0 0.822755 0.517889 0.041796 0.044723
0 0.088235 0.471377 0.040248 0.041145
0 0.284830 0.306798 0.037152 0.044723
0 0.569659 0.434705 0.040248 0.039356
0 0.219040 0.838998 0.038700 0.042934
0 0.408669 0.517889 0.040248 0.041145
0 0.091331 0.304114 0.040248 0.042934
0 0.694272 0.475850 0.038700 0.039356
0 0.822755 0.722719 0.041796 0.042934
0 0.154025 0.757603 0.041796 0.041145
0 0.349071 0.636852 0.041796 0.039356
0 0.756192 0.805009 0.041796 0.042934
0 0.407895 0.800537 0.041796 0.044723
0 0.756966 0.763864 0.040248 0.039356
0 0.630805 0.597496 0.041796 0.042934
0 0.756966 0.643113 0.040248 0.041145
0 0.694272 0.515206 0.038700 0.039356
0 0.089009 0.590340 0.038700 0.042934
0 0.758514 0.722719 0.037152 0.039356
0 0.506966 0.474955 0.038700 0.037567
0 0.151703 0.635063 0.037152 0.042934
0 0.503096 0.881932 0.037152 0.042934
0 0.760062 0.313059 0.037152 0.039356
0 0.821207 0.681574 0.041796 0.039356
0 0.822755 0.560823 0.041796 0.041145
0 0.503870 0.800537 0.038700 0.041145
0 0.218266 0.474955 0.040248 0.037567
0 0.345975 0.837209 0.041796 0.042934
0 0.349071 0.475850 0.038700 0.039356
0 0.758514 0.558140 0.037152 0.039356
0 0.566563 0.597496 0.040248 0.039356
0 0.219814 0.304114 0.043344 0.042934
0 0.886223 0.234347 0.041796 0.042934
0 0.504644 0.719141 0.040248 0.039356
0 0.758514 0.599284 0.037152 0.042934
0 0.824303 0.357782 0.041796 0.039356
0 0.154799 0.304114 0.037152 0.039356
0 0.819659 0.844365 0.041796 0.039356
0 0.282508 0.719141 0.038700 0.032200
0 0.564241 0.962433 0.041796 0.039356
0 0.217492 0.550089 0.038700 0.037567
0 0.215944 0.595707 0.041796 0.035778
0 0.565789 0.883721 0.041796 0.039356
0 0.282508 0.801431 0.041796 0.039356
0 0.150929 0.958855 0.038700 0.039356
0 0.152477 0.918605 0.041796 0.041145
0 0.821207 0.764758 0.041796 0.037567
0 0.629257 0.883721 0.041796 0.039356
0 0.020898 0.714669 0.041796 0.041145
0 0.088235 0.633274 0.037152 0.039356
0 0.346749 0.922182 0.040248 0.041145
0 0.088235 0.754919 0.040248 0.039356
0 0.023994 0.838998 0.041796 0.039356
0 0.458204 0.837209 0.027864 0.025045
0 0.458978 0.259392 0.032508 0.035778
0 0.460526 0.295170 0.029412 0.028623
0 0.568111 0.720930 0.043344 0.039356
0 0.150929 0.876565 0.038700 0.039356
0 0.406347 0.757603 0.038700 0.037567
0 0.217492 0.678891 0.038700 0.037567
0 0.022446 0.964222 0.041796 0.039356
0 0.089009 0.833631 0.038700 0.039356
0 0.817337 0.929338 0.040248 0.041145
0 0.821981 0.400716 0.040248 0.042934
0 0.887771 0.193202 0.041796 0.039356
0 0.217492 0.919499 0.041796 0.039356
0 0.407895 0.636852 0.041796 0.039356
0 0.692724 0.882826 0.041796 0.041145
0 0.409443 0.882826 0.038700 0.041145
0 0.692724 0.844365 0.041796 0.039356
0 0.152477 0.472272 0.038700 0.039356
0 0.409443 0.554562 0.038700 0.035778
0 0.282508 0.596601 0.041796 0.041145
0 0.023994 0.546512 0.041796 0.044723
0 0.219040 0.880143 0.038700 0.039356
0 0.407895 0.718247 0.041796 0.037567
0 0.345201 0.880143 0.037152 0.039356
0 0.150929 0.837209 0.038700 0.039356
0 0.566563 0.805009 0.043344 0.039356
0 0.409443 0.678891 0.038700 0.041145
0 0.629257 0.923077 0.041796 0.039356
0 0.455108 0.472272 0.034056 0.039356
0 0.565789 0.922182 0.041796 0.041145
0 0.630031 0.801431 0.040248 0.039356
0 0.758514 0.475850 0.037152 0.035778
0 0.630805 0.678891 0.041796 0.041145
0 0.694272 0.804114 0.041796 0.041145
0 0.504644 0.678891 0.040248 0.037567
0 0.150929 0.678891 0.038700 0.037567
0 0.022446 0.635957 0.041796 0.041145
0 0.819659 0.642218 0.035604 0.039356
0 0.503870 0.597496 0.038700 0.039356
0 0.024768 0.385510 0.040248 0.041145
0 0.089009 0.875671 0.038700 0.041145
0 0.351393 0.306798 0.040248 0.044723
0 0.150929 0.717352 0.038700 0.039356
0 0.152477 0.797853 0.041796 0.039356
0 0.152477 0.593918 0.038700 0.035778
0 0.886223 0.354204 0.041796 0.035778
0 0.024768 0.300537 0.040248 0.042934
0 0.629257 0.761181 0.041796 0.041145
0 0.284056 0.553667 0.038700 0.041145
0 0.758514 0.683363 0.037152 0.039356
0 0.349071 0.719141 0.038700 0.039356
0 0.566563 0.761181 0.040248 0.044723
0 0.822755 0.601073 0.041796 0.039356
0 0.217492 0.794275 0.041796 0.042934
0 0.630031 0.843470 0.040248 0.037567
0 0.409443 0.840787 0.038700 0.039356
0 0.152477 0.553667 0.041796 0.044723
0 0.023994 0.593918 0.038700 0.042934
0 0.886997 0.397138 0.040248 0.042934
0 0.347523 0.793381 0.041796 0.041145
0 0.348297 0.678891 0.037152 0.041145
0 0.088235 0.511628 0.040248 0.035778
0 0.347523 0.593918 0.041796 0.042934
0 0.219040 0.719141 0.041796 0.039356
0 0.282508 0.639535 0.041796 0.041145
0 0.280960 0.757603 0.038700 0.041145
0 0.760062 0.438283 0.037152 0.035778
0 0.154799 0.349732 0.037152 0.037567
0 0.506192 0.432916 0.043344 0.042934
0 0.693498 0.601073 0.037152 0.039356
0 0.506966 0.517889 0.041796 0.041145
0 0.348297 0.434705 0.040248 0.042934
0 0.283282 0.393560 0.040248 0.039356
0 0.349845 0.350626 0.037152 0.039356
0 0.284056 0.472272 0.038700 0.039356
0 0.348297 0.515206 0.040248 0.039356
0 0.283282 0.350626 0.040248 0.039356
0 0.409443 0.475850 0.038700 0.039356
0 0.568885 0.310376 0.038700 0.041145
0 0.568111 0.558140 0.043344 0.042934
0 0.631579 0.515206 0.040248 0.039356
0 0.760062 0.354204 0.037152 0.042934
0 0.219040 0.511628 0.035604 0.039356
0 0.695046 0.435599 0.040248 0.041145
0 0.697368 0.354204 0.038700 0.039356
0 0.568885 0.350626 0.035604 0.039356
0 0.155573 0.389982 0.041796 0.039356
0 0.218266 0.389982 0.040248 0.039356
0 0.694272 0.762075 0.041796 0.039356
0 0.506192 0.392665 0.040248 0.037567
0 0.631579 0.393560 0.040248 0.039356
0 0.284056 0.514311 0.038700 0.037567
0 0.821981 0.313953 0.043344 0.048301
0 0.887771 0.313953 0.041796 0.044723
0 0.408669 0.393560 0.037152 0.039356
0 0.219040 0.432916 0.041796 0.042934
0 0.154025 0.513417 0.038700 0.039356
0 0.408669 0.434705 0.040248 0.039356
0 0.568111 0.474955 0.043344 0.041145
0 0.568885 0.393560 0.038700 0.039356
0 0.506192 0.311270 0.043344 0.046512
