0 0.3187580853816301 0.5030954153813424 0.013247089262613265 0.017700244654823893
0 0.3096507115135834 0.4438676736517391 0.021526520051746444 0.013615572811403173
0 0.3096507115135834 0.2879693649611743 0.023182406209573046 0.020423359217104534
0 0.31793014230271666 0.53713434740985 0.01324708926261323 0.017700244654823893
0 0.31751617076326005 0.5201148813955961 0.014075032341526494 0.016338687373683682
0 0.05340232858990945 0.6984788852249761 0.02069857697283312 0.032677374747367274
0 0.31006468305304014 0.4064248484203808 0.02069857697283311 0.020423359217104534
0 0.3096507115135834 0.2586958834166578 0.023182406209573046 0.019061801935964236
0 0.16393272962483832 0.4540793532602915 0.01987063389391979 0.02314647377938518
0 0.31751617076326005 0.5718540580789278 0.014075032341526494 0.0190618019359641
0 0.418111254851229 0.40438251249867035 0.021526520051746444 0.024508031060525435
0 0.5650711513583441 0.4295713221997659 0.02069857697283311 0.025869588341665778
0 0.09024579560155238 0.7195830230826508 0.021526520051746437 0.025869588341665778
0 0.09065976714100905 0.5834272949686202 0.022354463130659773 0.031315817466226976
0 0.052988357050452774 0.532368896925859 0.021526520051746437 0.029954260185086765
0 0.16393272962483826 0.43433677268375714 0.021526520051746427 0.04084671843420925
0 0.05340232858990945 0.3962131688118285 0.019042690815006473 0.029954260185086675
0 0.5646571798188874 0.5868311881714711 0.019870633893919774 0.02450803106052539
0 0.05340232858990945 0.5051377513030528 0.02069857697283312 0.029954260185086675
0 0.45495472186287195 0.37578980959472397 0.02235446313065978 0.02178491649824488
0 0.2728072445019405 0.6127007765131369 0.02235446313065978 0.027231145622806166
0 0.5278137128072445 0.6147431124348474 0.02235446313065978 0.028592702903946377
0 0.41893919793014234 0.42072119987235396 0.023182406209573046 0.03812360387192856
0 0.05340232858990945 0.37238591639187324 0.02069857697283312 0.028592702903946422
0 0.5282276843467012 0.4016593979363898 0.021526520051746444 0.027231145622806034
0 0.3183441138421733 0.48539517072651855 0.012419146183699858 0.017700244654823984
0 0.31627425614489 0.697798106584406 0.013247089262613159 0.017700244654823984
0 0.05340232858990945 0.4799489416019572 0.022354463130659762 0.02314647377938509
0 0.5646571798188874 0.7236676949260716 0.023182406209573115 0.028592702903946377
0 0.5278137128072445 0.42957132219976596 0.02235446313065978 0.028592702903946467
0 0.3075808538163001 0.6494628231039251 0.019042690815006473 0.02450803106052548
0 0.5278137128072445 0.5868311881714712 0.02235446313065978 0.029954260185086675
0 0.2728072445019405 0.5868311881714711 0.02069857697283311 0.02450803106052539
0 0.3096507115135834 0.3621742367833209 0.021526520051746444 0.02995426018508672
0 0.5638292367399741 0.6147431124348474 0.023182406209573115 0.028592702903946377
0 0.2728072445019405 0.6412934794170834 0.02235446313065978 0.029954260185086675
0 0.4553686934023286 0.3213275183491117 0.021526520051746444 0.02723114562280612
0 0.31751617076326005 0.46905648335283473 0.014075032341526494 0.02042335921710458
0 0.23679172056921086 0.6392511434953728 0.021526520051746444 0.028592702903946287
0 0.09065976714100905 0.6120199978725668 0.022354463130659773 0.028592702903946377
0 0.12708926261319534 0.6943942133815552 0.020698576972833126 0.029954260185086675
0 0.08983182406209574 0.5616423784703755 0.02069857697283312 0.028592702903946377
0 0.5282276843467012 0.48335283480480806 0.021526520051746444 0.02450803106052548
0 0.052574385510996115 0.4547601319008616 0.022354463130659762 0.029954260185086765
0 0.5646571798188874 0.6692054036804594 0.023182406209573115 0.025869588341665778
0 0.5646571798188874 0.6943942133815552 0.023182406209573115 0.029954260185086675
0 0.27322121604139715 0.5623231571109456 0.01987063389391981 0.02450803106052548
0 0.5282276843467012 0.6957557706626954 0.021526520051746444 0.02450803106052548
0 0.5650711513583441 0.5623231571109456 0.02235446313065978 0.02450803106052548
0 0.31751617076326005 0.7182214658015105 0.014075032341526494 0.02042335921710458
0 0.2728072445019405 0.6664822891181789 0.02069857697283311 0.025869588341665868
0 0.4913842173350582 0.6127007765131369 0.02235446313065978 0.027231145622806166
0 0.2736351875808538 0.31860440378683125 0.020698576972833144 0.024508031060525435
0 0.23720569210866752 0.34583554940963723 0.02235446313065978 0.02723114562280608
0 0.23720569210866752 0.4261674289969151 0.02069857697283311 0.02450803106052539
0 0.4545407503234153 0.6943942133815552 0.021526520051746444 0.029954260185086675
0 0.3448382923673997 0.7202638017232209 0.02069857697283311 0.02723114562280608
0 0.38168175937904264 0.5589192639080949 0.021526520051746444 0.025869588341665868
0 0.09107373868046573 0.37238591639187324 0.021526520051746444 0.028592702903946422
0 0.12667529107373868 0.639931922135943 0.02318240620957308 0.02723114562280599
0 0.3448382923673997 0.5078608658653335 0.02069857697283311 0.02450803106052548
0 0.12708926261319534 0.5051377513030528 0.020698576972833126 0.02450803106052548
0 0.09065976714100905 0.3172428465056909 0.022354463130659773 0.032677374747367274
0 0.5650711513583441 0.5085416445059037 0.024010349288486454 0.028592702903946377
0 0.4917981888745149 0.4023401765769599 0.021526520051746444 0.025869588341665733
0 0.4545407503234153 0.5868311881714711 0.021526520051746444 0.02450803106052539
0 0.4913842173350582 0.6685246250398893 0.02235446313065978 0.02723114562280608
0 0.34442432082794305 0.6406127007765132 0.021526520051746444 0.028592702903946377
0 0.49097024579560156 0.6950749920221253 0.023182406209573115 0.028592702903946377
0 0.38209573091849935 0.693713434740985 0.02235446313065978 0.028592702903946377
0 0.38209573091849935 0.6406127007765131 0.02235446313065978 0.025869588341665688
0 0.4189391979301423 0.31792362514626105 0.021526520051746444 0.028592702903946377
0 0.5646571798188874 0.32268907563025206 0.023182406209573115 0.029954260185086765
0 0.27322121604139715 0.42889054355919576 0.021526520051746444 0.02723114562280608
0 0.45495472186287195 0.5616423784703755 0.02069857697283311 0.028592702903946377
0 0.34608020698576963 0.4023401765769599 0.021526520051746517 0.025869588341665733
0 0.27322121604139715 0.2900117008828848 0.021526520051746444 0.029954260185086675
0 0.16310478654592495 0.6120199978725668 0.02318240620957308 0.028592702903946377
0 0.12667529107373868 0.4261674289969151 0.021526520051746444 0.02450803106052539
0 0.16434670116429495 0.34311243484735665 0.02069857697283309 0.02723114562280608
0 0.41728331177231565 0.7223061376449313 0.021526520051746444 0.025869588341665778
0 0.16434670116429495 0.3717051377513031 0.02069857697283309 0.02995426018508672
0 0.16310478654592497 0.5330496755664291 0.021526520051746444 0.028592702903946467
0 0.09024579560155238 0.48062972024252737 0.021526520051746437 0.027231145622806166
0 0.3448382923673997 0.693713434740985 0.02069857697283311 0.028592702903946377
0 0.09024579560155238 0.4261674289969151 0.021526520051746437 0.02723114562280608
0 0.16351875808538163 0.4785873843208169 0.020698576972833126 0.028592702903946377
0 0.16310478654592495 0.5589192639080949 0.02318240620957308 0.028592702903946467
0 0.23679172056921086 0.3730666950324434 0.021526520051746444 0.02723114562280612
0 0.4917981888745149 0.4547601319008616 0.023182406209573115 0.02450803106052548
0 0.45495472186287195 0.48062972024252737 0.02235446313065978 0.02450803106052539
0 0.4917981888745149 0.3471971066907776 0.021526520051746444 0.02450803106052548
0 0.127503234152652 0.5330496755664291 0.021526520051746444 0.028592702903946467
0 0.4545407503234153 0.6664822891181789 0.021526520051746444 0.025869588341665868
0 0.12667529107373868 0.45339857461972133 0.021526520051746444 0.02723114562280608
0 0.418111254851229 0.5337304542069994 0.021526520051746444 0.02723114562280608
0 0.2363777490297542 0.4009786192958196 0.02069857697283311 0.028592702903946332
0 0.12708926261319534 0.5589192639080949 0.022354463130659762 0.028592702903946467
0 0.5278137128072445 0.3764705882352941 0.02235446313065978 0.025869588341665778
0 0.12708926261319534 0.4799489416019572 0.022354463130659762 0.028592702903946467
0 0.27322121604139715 0.5344112328475695 0.01987063389391981 0.028592702903946377
0 0.4913842173350582 0.42957132219976596 0.02235446313065978 0.028592702903946467
0 0.38168175937904264 0.7202638017232209 0.021526520051746444 0.02723114562280608
0 0.127503234152652 0.3437932134879268 0.021526520051746444 0.025869588341665778
0 0.49221216041397153 0.3213275183491117 0.02235446313065978 0.02723114562280612
0 0.23720569210866752 0.47994894160195717 0.02235446313065978 0.025869588341665778
0 0.20036222509702456 0.4016593979363898 0.02152652005174648 0.024508031060525435
0 0.4553686934023286 0.42889054355919576 0.021526520051746444 0.02723114562280608
0 0.4189391979301423 0.4547601319008616 0.021526520051746444 0.02450803106052548
0 0.4189391979301423 0.6120199978725668 0.021526520051746444 0.025869588341665868
0 0.34608020698576963 0.37578980959472397 0.021526520051746517 0.029954260185086675
0 0.23637774902975422 0.5616423784703755 0.022354463130659745 0.028592702903946377
0 0.23679172056921088 0.31792362514626105 0.02318240620957308 0.028592702903946377
0 0.38209573091849935 0.2900117008828848 0.02069857697283311 0.029954260185086675
0 0.34525226390685637 0.28933092224231466 0.021526520051746444 0.028592702903946377
0 0.38209573091849935 0.6147431124348474 0.02069857697283311 0.025869588341665778
0 0.19953428201811124 0.42889054355919576 0.021526520051746444 0.02723114562280608
0 0.31006468305304014 0.3390277630039357 0.02069857697283311 0.01361557281140304
0 0.3088227684346701 0.3240506329113924 0.021526520051746444 0.016338687373683637
0 0.3104786545924968 0.3070311668971386 0.023182406209573115 0.017700244654823984
0 0.3096507115135834 0.27571534943091164 0.021526520051746444 0.014977130092543338
0 0.3096507115135834 0.4268482076374855 0.018214747736093207 0.017700244654823984
0 0.31793014230271666 0.5541538134241039 0.01324708926261323 0.016338687373683772
0 0.23679172056921086 0.5330496755664291 0.021526520051746444 0.025869588341665688
0 0.5278137128072445 0.45816402510371246 0.02235446313065978 0.028592702903946467
0 0.052574385510996115 0.639931922135943 0.022354463130659762 0.02723114562280599
0 0.5278137128072445 0.5623231571109456 0.02235446313065978 0.02450803106052548
0 0.5278137128072445 0.6412934794170834 0.02069857697283311 0.02723114562280608
0 0.4913842173350582 0.5616423784703755 0.02235446313065978 0.028592702903946377
0 0.23679172056921088 0.6120199978725668 0.02318240620957308 0.028592702903946377
0 0.5650711513583441 0.4009786192958196 0.02069857697283311 0.028592702903946332
0 0.4913842173350582 0.5875119668120413 0.02235446313065978 0.028592702903946377
0 0.5650711513583441 0.53645356876928 0.02235446313065978 0.02723114562280608
0 0.052574385510996115 0.6685246250398893 0.022354463130659762 0.029954260185086765
0 0.127503234152652 0.7223061376449313 0.021526520051746444 0.025869588341665778
0 0.08983182406209574 0.6406127007765132 0.024010349288486426 0.028592702903946377
0 0.45536869340232855 0.3996170620146793 0.023182406209573046 0.031315817466226976
0 0.05257438551099613 0.5868311881714711 0.02069857697283312 0.02450803106052539
0 0.09024579560155238 0.5330496755664291 0.01987063389391979 0.025869588341665688
0 0.5282276843467012 0.7236676949260716 0.021526520051746444 0.025869588341665778
0 0.4913842173350582 0.7236676949260716 0.024010349288486454 0.025869588341665778
0 0.2728072445019405 0.6943942133815552 0.02235446313065978 0.02450803106052548
0 0.16310478654592495 0.5861504095309009 0.02318240620957308 0.025869588341665688
0 0.127503234152652 0.5854696308903309 0.021526520051746444 0.02450803106052548
0 0.23679172056921088 0.6658015104776087 0.02318240620957308 0.027231145622806166
0 0.23720569210866757 0.7202638017232209 0.024010349288486416 0.02723114562280608
0 0.12708926261319534 0.6698861823210296 0.022354463130659762 0.029954260185086675
0 0.052574385510996115 0.6120199978725668 0.022354463130659762 0.028592702903946377
0 0.5282276843467012 0.5085416445059037 0.021526520051746444 0.025869588341665778
0 0.27322121604139715 0.7202638017232209 0.021526520051746444 0.02723114562280608
0 0.05257438551099613 0.5589192639080949 0.02069857697283312 0.028592702903946467
0 0.16434670116429495 0.7195830230826508 0.02566623544631309 0.025869588341665778
0 0.09024579560155238 0.6943942133815552 0.023182406209573098 0.029954260185086675
0 0.5646571798188874 0.6419742580576535 0.023182406209573115 0.028592702903946377
0 0.5290556274256145 0.2900117008828848 0.021526520051746444 0.029954260185086675
0 0.3448382923673997 0.6664822891181789 0.02069857697283311 0.025869588341665868
0 0.5646571798188874 0.48335283480480806 0.023182406209573115 0.02450803106052548
0 0.09107373868046573 0.34651632805020743 0.021526520051746444 0.025869588341665778
0 0.4917981888745149 0.53645356876928 0.021526520051746444 0.02723114562280608
0 0.4913842173350582 0.6406127007765132 0.02235446313065978 0.028592702903946377
0 0.41769728331177236 0.5582384852675247 0.02069857697283311 0.02450803106052557
0 0.16393272962483826 0.6950749920221253 0.02318240620957308 0.028592702903946377
0 0.5282276843467012 0.6692054036804594 0.021526520051746444 0.028592702903946377
0 0.08983182406209574 0.5085416445059037 0.02069857697283312 0.028592702903946377
0 0.05340232858990945 0.3437932134879268 0.022354463130659762 0.028592702903946377
0 0.4545407503234153 0.7229869162855015 0.021526520051746444 0.02723114562280608
0 0.34608020698576963 0.31792362514626105 0.021526520051746517 0.028592702903946377
0 0.16351875808538163 0.4009786192958196 0.020698576972833126 0.025869588341665733
0 0.09024579560155238 0.4547601319008616 0.021526520051746437 0.029954260185086765
0 0.23720569210866752 0.5085416445059037 0.02235446313065978 0.028592702903946377
0 0.5646571798188874 0.3485586639719179 0.023182406209573115 0.02450803106052548
0 0.5650711513583441 0.45544091054143176 0.02235446313065978 0.028592702903946467
0 0.5650711513583441 0.3751090309541538 0.02235446313065978 0.028592702903946377
0 0.4553686934023286 0.5337304542069993 0.021526520051746444 0.02450803106052539
0 0.5278137128072445 0.3213275183491117 0.02235446313065978 0.02723114562280612
0 0.23679172056921088 0.6943942133815552 0.02318240620957308 0.029954260185086675
0 0.16310478654592495 0.639931922135943 0.02318240620957308 0.02723114562280599
0 0.16434670116429495 0.31247739602169977 0.022354463130659762 0.03131581746622702
0 0.34608020698576963 0.42889054355919576 0.021526520051746517 0.02450803106052548
0 0.4917981888745149 0.47994894160195717 0.021526520051746444 0.025869588341665778
0 0.45495472186287195 0.6406127007765132 0.02235446313065978 0.028592702903946377
0 0.16393272962483826 0.6664822891181789 0.021526520051746427 0.028592702903946467
0 0.4917981888745149 0.5085416445059037 0.021526520051746444 0.028592702903946377
0 0.5642432082794308 0.29273481544516533 0.024010349288486454 0.02995426018508663
0 0.45536869340232855 0.2934155940857356 0.023182406209573046 0.03403893202850762
0 0.08983182406209574 0.6658015104776087 0.024010349288486426 0.027231145622806166
0 0.23637774902975422 0.5868311881714711 0.022354463130659745 0.02450803106052539
0 0.2003622250970246 0.4547601319008616 0.023182406209573115 0.029954260185086765
0 0.23720569210866752 0.2886501436017445 0.02235446313065978 0.029954260185086675
0 0.2728072445019405 0.45544091054143176 0.02069857697283311 0.028592702903946467
0 0.418111254851229 0.6664822891181789 0.021526520051746444 0.025869588341665868
0 0.45495472186287195 0.6147431124348474 0.02235446313065978 0.028592702903946377
0 0.45495472186287195 0.45544091054143176 0.02235446313065978 0.025869588341665868
0 0.5282276843467012 0.3478778853313477 0.021526520051746444 0.028592702903946422
0 0.4185252263906857 0.5092224231464738 0.02235446313065971 0.02450803106052548
0 0.23720569210866752 0.4540793532602915 0.02235446313065978 0.028592702903946467
0 0.38209573091849935 0.6664822891181789 0.02235446313065978 0.028592702903946467
0 0.381267787839586 0.5078608658653335 0.020698576972833182 0.02450803106052548
0 0.12667529107373868 0.4002978406552495 0.021526520051746444 0.027231145622806034
0 0.12708926261319534 0.31451973194341026 0.022354463130659762 0.029954260185086675
0 0.27322121604139715 0.5085416445059037 0.021526520051746444 0.025869588341665778
0 0.052574385510996115 0.425486650356345 0.022354463130659762 0.028592702903946377
0 0.5282276843467012 0.53645356876928 0.021526520051746444 0.029954260185086675
0 0.27322121604139715 0.4826720561642379 0.01987063389391981 0.025869588341665778
0 0.382509702457956 0.4540793532602915 0.021526520051746444 0.025869588341665778
0 0.16351875808538163 0.5051377513030528 0.020698576972833126 0.02723114562280608
0 0.418111254851229 0.6406127007765132 0.021526520051746444 0.028592702903946377
0 0.4185252263906857 0.586150409530901 0.020698576972833182 0.028592702903946377
0 0.41769728331177236 0.6943942133815552 0.02069857697283311 0.029954260185086675
0 0.20036222509702456 0.3751090309541538 0.02152652005174648 0.028592702903946377
0 0.09107373868046573 0.3975747260929688 0.021526520051746444 0.02723114562280608
0 0.3448382923673997 0.4840336134453782 0.02069857697283311 0.025869588341665778
0 0.38209573091849935 0.4009786192958196 0.02235446313065978 0.025869588341665733
0 0.127503234152652 0.6113392192319966 0.023182406209573098 0.029954260185086675
0 0.45495472186287195 0.5078608658653335 0.02235446313065978 0.02723114562280608
0 0.4917981888745149 0.37578980959472397 0.021526520051746444 0.029954260185086675
0 0.2003622250970246 0.31792362514626105 0.023182406209573115 0.028592702903946377
0 0.4189391979301423 0.28933092224231466 0.021526520051746444 0.028592702903946377
0 0.3448382923673997 0.5868311881714711 0.02069857697283311 0.02450803106052539
0 0.4185252263906857 0.3471971066907776 0.02235446313065971 0.02995426018508672
0 0.2736351875808538 0.3723859163918732 0.020698576972833144 0.025869588341665778
0 0.052988357050452774 0.31451973194341026 0.02318240620957309 0.029954260185086675
0 0.34442432082794305 0.6147431124348474 0.021526520051746444 0.028592702903946377
0 0.38209573091849935 0.5868311881714712 0.02235446313065978 0.029954260185086675
0 0.382509702457956 0.3730666950324434 0.021526520051746444 0.02723114562280612
0 0.38209573091849935 0.5330496755664291 0.02069857697283311 0.028592702903946467
0 0.3829236739974127 0.31928518242740134 0.02069857697283311 0.028592702903946377
0 0.382509702457956 0.34651632805020743 0.019870633893919774 0.028592702903946422
0 0.2003622250970246 0.34651632805020743 0.023182406209573115 0.028592702903946422
0 0.45536869340232855 0.3512817785341985 0.023182406209573046 0.029954260185086675
0 0.3448382923673997 0.5337304542069994 0.02069857697283311 0.02723114562280608
0 0.3808538163001293 0.4268482076374853 0.024838292367399716 0.028592702903946377
0 0.34525226390685637 0.4547601319008616 0.021526520051746444 0.029954260185086765
0 0.4189391979301423 0.4826720561642379 0.021526520051746444 0.028592702903946377
0 0.3448382923673997 0.5616423784703755 0.02069857697283311 0.025869588341665778
0 0.1995342820181113 0.2886501436017445 0.02483829236739975 0.029954260185086675
0 0.34608020698576963 0.3471971066907776 0.021526520051746517 0.02995426018508672
0 0.12708926261319534 0.3717051377513031 0.020698576972833126 0.02995426018508672
0 0.4185252263906857 0.3751090309541538 0.02235446313065971 0.028592702903946377
0 0.2736351875808538 0.34651632805020743 0.020698576972833144 0.028592702903946422
0 0.382509702457956 0.47994894160195717 0.021526520051746444 0.025869588341665778
0 0.27322121604139715 0.4009786192958196 0.021526520051746444 0.028592702903946332
0 0.49221216041397153 0.2920540368045952 0.02401034928848638 0.03131581746622693
