0 0.5197215777262181 0.7383928571428571 0.023201856148491684 0.02678571428571419
0 0.5197215777262181 0.7151785714285714 0.023201856148491684 0.03035714285714286
0 0.929814385150812 0.6812499999999999 0.02436194895591648 0.03392857142857142
0 0.5069605568445475 0.45714285714285713 0.041763341067285464 0.0357142857142857
0 0.9506960556844548 0.27767857142857144 0.02436194895591648 0.03749999999999998
0 0.18097447795823665 0.7330357142857143 0.037122969837587005 0.044642857142857206
0 0.929814385150812 0.5910714285714286 0.02436194895591648 0.04285714285714293
0 0.18097447795823668 0.8241071428571429 0.03480278422273783 0.04107142857142854
0 0.07134570765661254 0.875 0.038283062645011585 0.046428571428571486
0 0.9535962877030162 0.7276785714285714 0.023201856148491795 0.03749999999999998
0 0.5075406032482599 0.3294642857142857 0.040603248259860836 0.03392857142857142
0 0.941415313225058 0.7723214285714285 0.03828306264501169 0.04107142857142865
0 0.6653132250580047 0.2767857142857143 0.03596287703016243 0.04285714285714287
0 0.9518561484918793 0.36696428571428574 0.02436194895591648 0.03750000000000003
0 0.07018561484918794 0.8294642857142858 0.038283062645011606 0.048214285714285654
0 0.9286542923433875 0.5017857142857143 0.022041763341067222 0.032142857142857195
0 0.9286542923433875 0.6375 0.022041763341067222 0.0357142857142857
0 0.6676334106728539 0.46071428571428574 0.033642691415313286 0.04642857142857143
0 0.9263341067285382 0.7276785714285714 0.02436194895591648 0.04107142857142854
0 0.18039443155452436 0.28125 0.03596287703016243 0.044642857142857095
0 0.18097447795823665 0.6473214285714286 0.03944315545243621 0.051785714285714324
0 0.07134570765661254 0.9232142857142858 0.038283062645011585 0.04999999999999993
0 0.9535962877030162 0.6375 0.023201856148491795 0.03214285714285714
0 0.9506960556844548 0.2375 0.022041763341067333 0.03928571428571426
0 0.18097447795823665 0.78125 0.03944315545243621 0.05535714285714277
0 0.9547563805104409 0.5910714285714286 0.02088167053364265 0.03928571428571437
0 0.17981438515081205 0.6919642857142857 0.03712296983758703 0.04107142857142865
0 0.9263341067285382 0.5446428571428572 0.022041763341067333 0.0357142857142857
0 0.9524361948955916 0.4125 0.025522041763341052 0.03928571428571431
0 0.9541763341067285 0.5008928571428571 0.022041763341067222 0.033928571428571475
0 0.9240139211136891 0.2357142857142857 0.022041763341067222 0.03928571428571423
0 0.07018561484918794 0.6937499999999999 0.038283062645011606 0.044642857142857095
0 0.9547563805104409 0.6803571428571429 0.023201856148491906 0.03928571428571426
0 0.9269141531322506 0.40982142857142856 0.023201856148491906 0.03749999999999998
0 0.8317865429234339 0.8660714285714286 0.03480278422273786 0.050000000000000044
0 0.06902552204176335 0.7375 0.03828306264501159 0.046428571428571375
0 0.7233178654292343 0.7741071428571429 0.033642691415313286 0.041071428571428426
0 0.925754060324826 0.36696428571428574 0.023201856148491906 0.03750000000000003
0 0.9535962877030162 0.5455357142857142 0.023201856148491795 0.04107142857142854
0 0.45127610208816704 0.64375 0.034802784222737804 0.044642857142857095
0 0.951276102088167 0.32232142857142854 0.023201856148491906 0.04107142857142859
0 0.9535962877030162 0.45625 0.023201856148491795 0.03749999999999998
0 0.505800464037123 0.14821428571428572 0.041763341067285464 0.0357142857142857
0 0.07018561484918794 0.7848214285714286 0.038283062645011606 0.048214285714285765
0 0.5609048723897911 0.4625 0.03828306264501158 0.04999999999999999
0 0.8317865429234339 0.775 0.03480278422273786 0.042857142857142705
0 0.07018561484918794 0.55625 0.0359628770301624 0.044642857142857206
0 0.775522041763341 0.23392857142857143 0.033642691415313175 0.042857142857142844
0 0.2337587006960557 0.4169642857142857 0.0336426914153132 0.04464285714285715
0 0.2320185614849188 0.19017857142857142 0.03944315545243621 0.04464285714285715
0 0.722737819025522 0.7339285714285715 0.037122969837587005 0.046428571428571375
0 0.34164733178654294 0.18839285714285714 0.03364269141531323 0.04821428571428571
0 0.5603248259860789 0.5955357142857143 0.03480278422273775 0.04464285714285732
0 0.12470997679814386 0.14107142857142857 0.03364269141531323 0.05000000000000002
0 0.23433874709976799 0.46339285714285716 0.03480278422273783 0.04821428571428571
0 0.2888631090487239 0.14017857142857143 0.037122969837587005 0.04821428571428574
0 0.5597447795823667 0.6428571428571429 0.03828306264501158 0.04999999999999982
0 0.34338747099767986 0.13839285714285715 0.03248259860788866 0.04821428571428572
0 0.8306264501160092 0.6392857142857143 0.0324825986078886 0.042857142857142705
0 0.7761020881670534 0.4125 0.037122969837587005 0.03928571428571431
0 0.6148491879350348 0.8232142857142857 0.03944315545243626 0.046428571428571375
0 0.775522041763341 0.32232142857142854 0.03132250580046403 0.044642857142857206
0 0.2894431554524362 0.41874999999999996 0.03828306264501158 0.04464285714285715
0 0.12470997679814386 0.19285714285714284 0.03828306264501159 0.05000000000000002
0 0.3996519721577726 0.7312500000000001 0.03596287703016238 0.048214285714285765
0 0.6142691415313225 0.7776785714285714 0.03828306264501169 0.048214285714285654
0 0.7761020881670534 0.5955357142857143 0.037122969837587005 0.048214285714285765
0 0.6676334106728539 0.7330357142857142 0.040603248259860725 0.048214285714285654
0 0.23317865429234338 0.14107142857142857 0.034802784222737804 0.05357142857142856
0 0.2882830626450116 0.3258928571428571 0.03596287703016238 0.04821428571428571
0 0.7795823665893271 0.68125 0.03944315545243615 0.048214285714285765
0 0.6687935034802784 0.6410714285714285 0.033642691415313175 0.042857142857142816
0 0.8839907192575406 0.37142857142857144 0.03480278422273786 0.04642857142857143
0 0.28944315545243626 0.5517857142857143 0.03596287703016238 0.046428571428571375
0 0.6142691415313225 0.5955357142857143 0.03596287703016232 0.048214285714285765
0 0.8294663573085848 0.23482142857142857 0.03480278422273775 0.04821428571428574
0 0.3990719257540603 0.7785714285714287 0.037122969837587005 0.046428571428571375
0 0.6142691415313225 0.41160714285714284 0.033642691415313175 0.04107142857142859
0 0.8306264501160092 0.505357142857143 0.0324825986078886 0.04642857142857132
0 0.34512761020881666 0.46339285714285716 0.03364269141531323 0.04821428571428571
0 0.6664733178654292 0.3241071428571428 0.03596287703016243 0.048214285714285765
0 0.398491879350348 0.5508928571428571 0.03596287703016243 0.044642857142857095
0 0.4524361948955916 0.18839285714285714 0.034802784222737804 0.05178571428571424
0 0.7221577726218098 0.59375 0.03828306264501158 0.048214285714285876
0 0.23549883990719256 0.5991071428571428 0.03944315545243615 0.048214285714285765
0 0.7209976798143851 0.23482142857142857 0.033642691415313286 0.04464285714285712
0 0.5603248259860789 0.3258928571428571 0.0324825986078886 0.04464285714285715
0 0.8306264501160092 0.36964285714285716 0.03480278422273775 0.04642857142857143
0 0.6136890951276102 0.1875 0.03480278422273775 0.05357142857142852
0 0.5603248259860789 0.18660714285714286 0.03480278422273775 0.04821428571428571
0 0.2877030162412993 0.37410714285714286 0.037122969837587005 0.04821428571428571
0 0.7761020881670534 0.50625 0.03944315545243615 0.04464285714285715
0 0.8839907192575406 0.3241071428571428 0.03480278422273786 0.048214285714285765
0 0.8294663573085848 0.45892857142857146 0.03480278422273775 0.04642857142857154
0 0.39733178654292345 0.5071428571428571 0.03828306264501158 0.04642857142857143
0 0.23317865429234338 0.2357142857142857 0.034802784222737804 0.04642857142857146
0 0.7761020881670534 0.5491071428571428 0.03944315545243615 0.048214285714285654
0 0.39733178654292345 0.3241071428571428 0.03596287703016243 0.04464285714285715
0 0.7204176334106729 0.18839285714285714 0.0324825986078886 0.04821428571428571
0 0.7784222737819025 0.7303571428571429 0.03944315545243615 0.050000000000000044
0 0.8317865429234339 0.5955357142857143 0.03480278422273786 0.04464285714285732
0 0.6653132250580047 0.1875 0.03596287703016243 0.04999999999999999
0 0.23317865429234338 0.28035714285714286 0.034802784222737804 0.04642857142857143
0 0.6136890951276102 0.23750000000000004 0.03480278422273775 0.042857142857142844
0 0.7761020881670534 0.4580357142857143 0.03480278422273786 0.05178571428571427
0 0.4524361948955916 0.41428571428571426 0.03944315545243621 0.04642857142857143
0 0.6676334106728539 0.4133928571428571 0.033642691415313286 0.04464285714285715
0 0.669953596287703 0.8178571428571428 0.03828306264501169 0.050000000000000044
0 0.5603248259860789 0.13660714285714287 0.037122969837587005 0.051785714285714296
0 0.39733178654292345 0.18839285714285714 0.03828306264501158 0.05178571428571424
0 0.6664733178654292 0.50625 0.03596287703016243 0.04464285714285715
0 0.39733178654292345 0.23660714285714285 0.03828306264501158 0.044642857142857206
0 0.505800464037123 0.2232142857142857 0.04408352668213461 0.035714285714285726
0 0.8834106728538282 0.4571428571428572 0.03828306264501158 0.05357142857142855
0 0.398491879350348 0.1375 0.03364269141531323 0.05
0 0.06902552204176335 0.4214285714285714 0.03828306264501159 0.04642857142857143
0 0.3428074245939675 0.27767857142857144 0.03364269141531323 0.04107142857142859
0 0.45127610208816704 0.13839285714285715 0.0324825986078886 0.04821428571428572
0 0.07018561484918794 0.3767857142857143 0.038283062645011606 0.04642857142857143
0 0.6142691415313225 0.6857142857142857 0.03596287703016232 0.046428571428571486
0 0.2900232018561485 0.50625 0.03480278422273786 0.04464285714285715
0 0.45359628770301624 0.7794642857142857 0.03480278422273786 0.044642857142857206
0 0.17923433874709976 0.1392857142857143 0.038283062645011606 0.05
0 0.29060324825986084 0.6883928571428571 0.03828306264501152 0.044642857142857206
0 0.3996519721577726 0.5973214285714286 0.03596287703016238 0.048214285714285765
0 0.23433874709976799 0.5098214285714285 0.03944315545243618 0.04464285714285715
0 0.4524361948955916 0.6875 0.034802784222737804 0.046428571428571486
0 0.2337587006960557 0.32678571428571423 0.0336426914153132 0.04642857142857143
0 0.12587006960556846 0.32678571428571423 0.038283062645011606 0.04642857142857143
0 0.777262180974478 0.6410714285714285 0.03944315545243615 0.042857142857142816
0 0.5609048723897913 0.7312500000000001 0.03596287703016232 0.048214285714285765
0 0.2888631090487239 0.1875 0.03480278422273775 0.04642857142857143
0 0.28944315545243626 0.5982142857142857 0.03596287703016238 0.046428571428571486
0 0.6653132250580047 0.13571428571428573 0.03828306264501158 0.053571428571428575
0 0.2888631090487239 0.23482142857142857 0.03248259860788866 0.04464285714285712
0 0.4524361948955916 0.5973214285714286 0.034802784222737804 0.051785714285714324
0 0.6676334106728539 0.55 0.033642691415313286 0.042857142857142816
0 0.6131090487238979 0.4571428571428572 0.033642691415313175 0.0500000000000001
0 0.6142691415313225 0.7303571428571429 0.03828306264501169 0.046428571428571486
0 0.7238979118329466 0.8196428571428571 0.03944315545243615 0.050000000000000044
0 0.5069605568445475 0.40982142857142856 0.041763341067285464 0.05178571428571427
0 0.5603248259860789 0.5098214285714285 0.037122969837587005 0.04464285714285715
0 0.7221577726218098 0.6866071428571429 0.03828306264501158 0.048214285714285765
0 0.7198375870069607 0.3705357142857143 0.03828306264501158 0.04464285714285715
0 0.6687935034802783 0.6848214285714286 0.03828306264501158 0.048214285714285765
0 0.7198375870069607 0.13482142857142856 0.03828306264501158 0.05535714285714287
0 0.7761020881670534 0.3678571428571429 0.03480278422273786 0.04999999999999999
0 0.6142691415313225 0.5473214285714285 0.03828306264501169 0.044642857142857095
0 0.8317865429234339 0.5491071428571428 0.037122969837587005 0.048214285714285654
0 0.6125290023201856 0.13482142857142856 0.03480278422273786 0.05535714285714287
0 0.6664733178654292 0.23482142857142857 0.03828306264501158 0.04464285714285712
0 0.7209976798143851 0.27678571428571425 0.03596287703016243 0.046428571428571375
0 0.23317865429234338 0.37410714285714286 0.034802784222737804 0.04821428571428571
0 0.7209976798143851 0.3241071428571428 0.03596287703016243 0.048214285714285765
0 0.6131090487238979 0.32499999999999996 0.03596287703016243 0.04642857142857143
0 0.7221577726218098 0.4125 0.03596287703016243 0.04285714285714287
0 0.6142691415313225 0.3705357142857143 0.03828306264501169 0.04464285714285715
0 0.5603248259860789 0.4151785714285714 0.03480278422273775 0.04464285714285715
0 0.4518561484918794 0.23660714285714285 0.03596287703016238 0.044642857142857206
0 0.398491879350348 0.2794642857142857 0.03596287703016243 0.04464285714285715
0 0.8306264501160092 0.32232142857142854 0.03480278422273775 0.04821428571428571
0 0.3428074245939675 0.4169642857142857 0.03364269141531323 0.04464285714285715
0 0.45127610208816704 0.32678571428571423 0.037122969837587005 0.04642857142857143
0 0.7233178654292343 0.5482142857142858 0.03596287703016243 0.046428571428571375
0 0.6142691415313225 0.5044642857142858 0.03828306264501169 0.04464285714285704
0 0.3428074245939675 0.32232142857142854 0.03364269141531323 0.04821428571428571
0 0.8306264501160092 0.4133928571428571 0.03480278422273775 0.04464285714285715
0 0.6136890951276102 0.2794642857142857 0.037122969837587005 0.04464285714285715
0 0.5591647331786542 0.23482142857142857 0.03480278422273775 0.04821428571428574
0 0.7221577726218098 0.6410714285714286 0.03828306264501158 0.046428571428571264
0 0.39733178654292345 0.36964285714285716 0.03596287703016243 0.04642857142857143
0 0.7221577726218098 0.45892857142857146 0.03596287703016243 0.04999999999999999
0 0.6142691415313225 0.6428571428571428 0.03828306264501169 0.046428571428571375
0 0.3428074245939675 0.3723214285714286 0.03828306264501158 0.04821428571428571
0 0.3439675174013921 0.2357142857142857 0.04060324825986078 0.04642857142857146
0 0.398491879350348 0.4151785714285714 0.03596287703016243 0.04821428571428571
0 0.8834106728538283 0.2785714285714285 0.03132250580046403 0.042857142857142816
0 0.07018561484918794 0.4660714285714286 0.038283062645011606 0.04285714285714287
0 0.23549883990719256 0.8241071428571429 0.03712296983758698 0.044642857142857095
0 0.9408352668213458 0.8660714285714286 0.03944315545243626 0.050000000000000044
0 0.29060324825986084 0.8678571428571429 0.03828306264501152 0.042857142857142816
0 0.23665893271461713 0.91875 0.03712296983758698 0.044642857142857095
0 0.07018561484918794 0.6008928571428571 0.0359628770301624 0.048214285714285765
0 0.505800464037123 0.07946428571428571 0.04408352668213461 0.0375
0 0.5614849187935036 0.8678571428571429 0.0324825986078886 0.050000000000000044
0 0.941415313225058 0.8160714285714286 0.03828306264501169 0.046428571428571486
0 0.18213457076566125 0.8714285714285714 0.03944315545243621 0.0535714285714286
0 0.505800464037123 0.1142857142857143 0.041763341067285464 0.03928571428571431
0 0.07018561484918794 0.6491071428571429 0.038283062645011606 0.048214285714285765
0 0.3990719257540603 0.9169642857142857 0.037122969837587005 0.05178571428571421
0 0.23549883990719256 0.8705357142857143 0.03944315545243615 0.051785714285714324
0 0.23433874709976799 0.7821428571428571 0.03944315545243618 0.046428571428571486
0 0.17923433874709976 0.4178571428571428 0.038283062645011606 0.04642857142857143
0 0.8312064965197216 0.9151785714285714 0.040603248259860836 0.048214285714285654
0 0.45359628770301624 0.86875 0.03480278422273786 0.051785714285714324
0 0.45127610208816704 0.2785714285714285 0.037122969837587005 0.042857142857142816
0 0.39791183294663574 0.86875 0.03480278422273786 0.048214285714285765
0 0.9263341067285382 0.45446428571428577 0.02436194895591648 0.04464285714285715
0 0.925754060324826 0.2767857142857143 0.023201856148491906 0.03928571428571431
0 0.9431554524361949 0.9125 0.03944315545243615 0.046428571428571486
0 0.23433874709976799 0.7348214285714285 0.03944315545243618 0.048214285714285654
0 0.669953596287703 0.9160714285714286 0.03828306264501169 0.04999999999999993
0 0.4524361948955916 0.9169642857142857 0.034802784222737804 0.044642857142857095
0 0.07018561484918794 0.2839285714285714 0.0359628770301624 0.04285714285714287
0 0.8294663573085848 0.08571428571428573 0.03480278422273775 0.05714285714285711
0 0.2894431554524362 0.825 0.03828306264501158 0.042857142857142816
0 0.5597447795823666 0.8214285714285714 0.03132250580046403 0.042857142857142816
0 0.8317865429234339 0.7321428571428572 0.037122969837587005 0.046428571428571486
0 0.7784222737819025 0.7758928571428572 0.037122969837587005 0.041071428571428426
0 0.45359628770301624 0.8214285714285714 0.0324825986078886 0.042857142857142816
0 0.07134570765661252 0.5116071428571428 0.040603248259860794 0.04821428571428571
0 0.23549883990719256 0.6875 0.03712296983758698 0.046428571428571486
0 0.4524361948955916 0.7321428571428572 0.034802784222737804 0.046428571428571486
0 0.882830626450116 0.2330357142857143 0.030162412993039345 0.051785714285714296
0 0.6687935034802783 0.8678571428571429 0.03828306264501158 0.050000000000000044
0 0.8294663573085848 0.27767857142857144 0.0324825986078886 0.04107142857142859
0 0.29060324825986084 0.7339285714285715 0.03828306264501152 0.046428571428571375
0 0.2906032482598608 0.9178571428571429 0.03596287703016243 0.05357142857142849
0 0.34512761020881666 0.55 0.03364269141531323 0.042857142857142816
0 0.18097447795823668 0.5526785714285714 0.03480278422273783 0.044642857142857095
0 0.7784222737819025 0.9160714285714286 0.03944315545243615 0.046428571428571375
0 0.882830626450116 0.41160714285714284 0.03248259860788871 0.03750000000000003
0 0.5603248259860789 0.28035714285714286 0.03480278422273775 0.050000000000000044
0 0.2882830626450116 0.2785714285714286 0.03596287703016238 0.04642857142857143
0 0.07134570765661254 0.19017857142857142 0.038283062645011585 0.04464285714285715
0 0.18213457076566125 0.9223214285714285 0.04176334106728541 0.048214285714285654
0 0.07018561484918794 0.14285714285714285 0.0359628770301624 0.04999999999999999
0 0.34454756380510443 0.5080357142857143 0.030162412993039456 0.04107142857142859
0 0.23549883990719261 0.6455357142857143 0.03480278422273789 0.044642857142857095
0 0.39791183294663574 0.6857142857142857 0.0324825986078886 0.04285714285714293
0 0.4524361948955916 0.5491071428571428 0.034802784222737804 0.04107142857142854
0 0.722737819025522 0.86875 0.03944315545243615 0.051785714285714324
0 0.6687935034802783 0.7758928571428572 0.03828306264501158 0.041071428571428426
0 0.6142691415313225 0.9169642857142857 0.03828306264501169 0.044642857142857095
0 0.8306264501160092 0.13839285714285715 0.03480278422273775 0.04821428571428572
0 0.18039443155452436 0.3723214285714286 0.03596287703016243 0.04821428571428571
0 0.7233178654292343 0.9160714285714286 0.03828306264501158 0.042857142857142816
0 0.777262180974478 0.8669642857142857 0.03944315545243615 0.048214285714285765
0 0.5046403712296984 0.18660714285714286 0.044083526682134666 0.04464285714285715
0 0.17981438515081205 0.5991071428571428 0.03712296983758703 0.048214285714285765
0 0.7784222737819025 0.8196428571428571 0.037122969837587005 0.046428571428571486
0 0.9240139211136891 0.32053571428571426 0.022041763341067222 0.04107142857142865
0 0.17923433874709976 0.4669642857142857 0.03596287703016243 0.04821428571428571
0 0.18039443155452436 0.5107142857142857 0.03596287703016243 0.04285714285714287
0 0.8306264501160092 0.8178571428571428 0.03480278422273775 0.046428571428571486
0 0.5614849187935035 0.7794642857142857 0.03480278422273786 0.044642857142857206
0 0.17923433874709976 0.18839285714285714 0.038283062645011606 0.04821428571428571
0 0.34512761020881666 0.5964285714285714 0.03364269141531323 0.050000000000000044
0 0.06902552204176335 0.09285714285714286 0.03828306264501159 0.05
0 0.5620649651972158 0.9169642857142857 0.03828306264501147 0.044642857142857095
0 0.12587006960556846 0.28125 0.038283062645011606 0.044642857142857095
0 0.5597447795823667 0.37142857142857144 0.033642691415313064 0.04285714285714287
0 0.6154292343387471 0.86875 0.03828306264501158 0.048214285714285765
0 0.775522041763341 0.27678571428571425 0.033642691415313175 0.046428571428571375
0 0.2894431554524362 0.6446428571428571 0.03828306264501158 0.046428571428571375
0 0.07018561484918794 0.32767857142857143 0.0359628770301624 0.048214285714285765
0 0.5614849187935036 0.6857142857142857 0.037122969837586894 0.04285714285714293
0 0.18039443155452434 0.32499999999999996 0.038283062645011606 0.04642857142857143
0 0.5603248259860789 0.5517857142857143 0.037122969837587005 0.042857142857142816
0 0.39733178654292345 0.4625 0.03596287703016243 0.04642857142857143
0 0.6664733178654292 0.5955357142857143 0.03596287703016243 0.04464285714285732
0 0.4524361948955916 0.5098214285714285 0.034802784222737804 0.04107142857142859
0 0.7749419953596288 0.13482142857142856 0.03944315545243626 0.05535714285714287
0 0.3996519721577726 0.8232142857142857 0.03364269141531323 0.042857142857142816
0 0.12470997679814386 0.2392857142857143 0.03364269141531323 0.04285714285714287
0 0.39791183294663574 0.64375 0.03480278422273786 0.044642857142857095
0 0.775522041763341 0.1875 0.03828306264501158 0.04999999999999999
0 0.2882830626450116 0.09196428571428572 0.03596287703016238 0.051785714285714254
0 0.2894431554524362 0.78125 0.03828306264501158 0.048214285714285765
0 0.7221577726218098 0.5044642857142858 0.03132250580046414 0.04464285714285704
0 0.6687935034802783 0.36964285714285716 0.03596287703016243 0.04285714285714287
0 0.45301624129930396 0.46517857142857144 0.04060324825986078 0.05178571428571427
0 0.8306264501160092 0.6839285714285714 0.03480278422273775 0.050000000000000044
0 0.2894431554524362 0.4625 0.03828306264501158 0.04642857142857143
0 0.07076566125290024 0.23928571428571427 0.03944315545243619 0.050000000000000044
0 0.12587006960556846 0.3767857142857143 0.038283062645011606 0.0535714285714286
0 0.18039443155452434 0.2375 0.038283062645011606 0.05000000000000002
0 0.8294663573085848 0.18660714285714286 0.03480278422273775 0.04821428571428571
0 0.23549883990719256 0.5526785714285714 0.03712296983758698 0.044642857142857095
0 0.45127610208816704 0.3705357142857143 0.034802784222737804 0.04107142857142859
0 0.5081206496519721 0.2955357142857143 0.04408352668213461 0.03392857142857142
0 0.5081206496519721 0.25892857142857145 0.04408352668213461 0.039285714285714285
