0 0.27402523402523404 0.40900103568402224 0.02708994708994715 0.028622540250447182
0 0.43517568850902183 0.22069484982581677 0.021533034866368185 0.028622540250447227
0 0.0788386921720255 0.7547311929196874 0.02292226292226292 0.04218058563223801
0 0.40218152218152214 0.22295452405611527 0.01944919278252611 0.03916768665850673
0 0.3059774793108127 0.1837868373976085 0.02014380681047347 0.036154787684775425
0 0.36953466286799613 0.6033330194896902 0.02083842083842083 0.037661237171641056
0 0.17573734907068242 0.6010733452593918 0.022227648894315544 0.039167686658506805
0 0.49769095102428434 0.4150268336314848 0.02153303486636825 0.037661237171641146
0 0.0788386921720255 0.22295452405611527 0.020143806810473477 0.036154787684775425
0 0.20907882241215575 0.18228038791074286 0.022227648894315576 0.036154787684775445
0 0.01562881562881563 0.3743526974861124 0.02292226292226292 0.04067413614537241
0 0.046539139872473205 0.5234911966858111 0.020838420838420843 0.037661237171641056
0 0.4664333197666531 0.6417474814047641 0.021533034866368185 0.039167686658506805
0 0.4990801790801791 0.37359947274267963 0.022922262922262966 0.039167686658506756
0 0.014934201600868268 0.4150268336314848 0.0215330348663682 0.037661237171641146
0 0.17643196309862977 0.6402410319178985 0.02083842083842083 0.036154787684775494
0 0.5310324243657577 0.7178231804914791 0.021533034866368185 0.04067413614537236
0 0.4664333197666531 0.7954053290650598 0.022922262922262904 0.04218058563223801
0 0.43517568850902183 0.4127671594011863 0.022922262922262904 0.036154787684775445
0 0.3716185049518383 0.1039450145937294 0.022227648894315607 0.04218058563223801
0 0.46712793379460044 0.6809151680632709 0.02014380681047347 0.036154787684775404
0 0.24068376068376068 0.1837868373976085 0.02014380681047347 0.036154787684775425
0 0.047233753900420575 0.4865831842576029 0.019449192782526117 0.036154787684775494
0 0.24068376068376068 0.22295452405611527 0.021533034866368185 0.036154787684775425
0 0.07814407814407814 0.7155635062611807 0.021533034866368202 0.036154787684775494
0 0.01562881562881563 0.3329253365973073 0.02292226292226292 0.039167686658506756
0 0.2083842083842084 0.14537237548253462 0.023616876950210294 0.03766123717164108
0 0.20907882241215575 0.4496751718293946 0.022227648894315576 0.037661237171641056
0 0.4014869081535748 0.642500706148197 0.023616876950210263 0.04067413614537246
0 0.0788386921720255 0.676395819602674 0.02292226292226292 0.036154787684775404
0 0.4664333197666531 0.5641653328311835 0.022922262922262904 0.04067413614537236
0 0.33827703161036493 0.4880896337444685 0.02083842083842089 0.03916768665850671
0 0.3059774793108127 0.1039450145937294 0.022922262922262904 0.04519348460596932
0 0.2083842083842084 0.37209302325581395 0.02083842083842086 0.04218058563223801
0 0.5310324243657577 0.5664250070614819 0.022922262922262966 0.036154787684775404
0 0.46712793379460044 0.3351850108276057 0.02014380681047347 0.037661237171641056
0 0.4990801790801791 0.2613689859711891 0.02014380681047347 0.03464833819790979
0 0.4990801790801791 0.3351850108276057 0.02153303486636825 0.037661237171641056
0 0.1114855514855515 0.2982769983993974 0.021533034866368202 0.036154787684775445
0 0.17573734907068242 0.21843517559551834 0.02083842083842083 0.04218058563223804
0 0.17573734907068242 0.3351850108276057 0.01944919278252611 0.037661237171641056
0 0.24103106769773436 0.40900103568402224 0.02083842083842083 0.037661237171641104
0 0.49769095102428434 0.45193484605969303 0.02153303486636825 0.03916768665850671
0 0.4664333197666531 0.7178231804914791 0.021533034866368185 0.037661237171641056
0 0.5310324243657577 0.3374446850579041 0.022922262922262966 0.039167686658506756
0 0.33827703161036493 0.10620468882402789 0.022227648894315607 0.043687035119103636
0 0.5310324243657577 0.5280105451464081 0.022922262922262966 0.04067413614537246
0 0.36953466286799613 0.41050748517088786 0.022227648894315544 0.03464833819790979
0 0.24068376068376068 0.14311270125223613 0.021533034866368185 0.04218058563223801
0 0.4028761362094695 0.3374446850579041 0.02083842083842083 0.036154787684775445
0 0.2083842083842084 0.25760286225402507 0.022227648894315576 0.04218058563223801
0 0.49769095102428434 0.4888428584879013 0.02153303486636825 0.037661237171641056
0 0.0788386921720255 0.4865831842576029 0.020143806810473477 0.039167686658506805
0 0.530685117351784 0.7954053290650598 0.023616876950210326 0.04218058563223801
0 0.43482838149504816 0.5641653328311835 0.022227648894315544 0.04067413614537236
0 0.40218152218152214 0.4888428584879013 0.022227648894315544 0.037661237171641056
0 0.17573734907068242 0.5626588833443179 0.022227648894315544 0.04067413614537236
0 0.3709238909238909 0.18604651162790697 0.02083842083842083 0.037661237171641104
0 0.1114855514855515 0.6379813576876 0.021533034866368202 0.037661237171641056
0 0.17504273504273504 0.3743526974861124 0.02083842083842083 0.037661237171641104
0 0.531727038393705 0.6033330194896902 0.02153303486636825 0.04067413614537236
0 0.0788386921720255 0.29903022314283023 0.021533034866368195 0.04067413614537236
0 0.3716185049518383 0.14537237548253462 0.022227648894315607 0.04067413614537239
0 0.11079093745760413 0.7155635062611807 0.022922262922262935 0.036154787684775494
0 0.40218152218152214 0.4112607099143207 0.01944919278252611 0.036154787684775445
0 0.20907882241215575 0.21843517559551834 0.022227648894315576 0.036154787684775445
0 0.3389716456383123 0.2598625364843235 0.02083842083842089 0.037661237171641104
0 0.0788386921720255 0.6402410319178985 0.021533034866368195 0.036154787684775494
0 0.4678225478225478 0.5257508709161096 0.021533034866368185 0.036154787684775494
0 0.5313797313797314 0.2982769983993974 0.022227648894315607 0.036154787684775445
0 0.1114855514855515 0.1039450145937294 0.02292226292226292 0.04218058563223801
0 0.46712793379460044 0.4150268336314848 0.02014380681047347 0.03464833819790984
0 0.20907882241215575 0.4865831842576029 0.02083842083842086 0.036154787684775494
0 0.046886446886446886 0.7133038320308822 0.021533034866368202 0.037661237171641146
0 0.33827703161036493 0.4150268336314848 0.022227648894315607 0.03464833819790984
0 0.1114855514855515 0.3351850108276057 0.021533034866368202 0.037661237171641056
0 0.531727038393705 0.37661237171641093 0.02153303486636825 0.036154787684775445
0 0.1114855514855515 0.752471518689389 0.02292226292226292 0.04067413614537236
0 0.2813186813186813 0.6312023349967045 0.012503052503052553 0.015064494868656441
0 0.28236060236060234 0.6153846153846153 0.014586894586894567 0.019583843329253215
0 0.1114855514855515 0.6010733452593918 0.021533034866368202 0.036154787684775494
0 0.43517568850902183 0.2598625364843235 0.021533034866368185 0.04067413614537236
0 0.24103106769773436 0.44741549759909616 0.02083842083842083 0.036154787684775404
0 0.015281508614841949 0.5641653328311835 0.02222764889431556 0.037661237171641056
0 0.4028761362094695 0.262122210714622 0.02083842083842083 0.036154787684775445
0 0.1114855514855515 0.1837868373976085 0.021533034866368202 0.03916768665850673
0 0.11148555148555149 0.37209302325581395 0.02014380681047347 0.036154787684775445
0 0.0788386921720255 0.7991714527822239 0.02292226292226292 0.04368703511910357
0 0.014586894586894586 0.6402410319178985 0.023616876950210287 0.03916768665850671
0 0.1760846560846561 0.25760286225402507 0.01875457875457875 0.036154787684775404
0 0.46712793379460044 0.4496751718293946 0.01875457875457875 0.03163543922417844
0 0.4678225478225478 0.6010733452593918 0.021533034866368185 0.036154787684775494
0 0.2083842083842084 0.3351850108276057 0.023616876950210294 0.037661237171641056
0 0.3709238909238909 0.3743526974861124 0.02083842083842083 0.037661237171641104
0 0.4664333197666531 0.756237642406553 0.022922262922262904 0.039167686658506805
0 0.046886446886446886 0.1837868373976085 0.021533034866368202 0.03916768665850673
0 0.3375824175824176 0.5641653328311835 0.022227648894315607 0.037661237171641056
0 0.07814407814407814 0.2598625364843235 0.021533034866368202 0.037661237171641104
0 0.14413241079907746 0.262122210714622 0.022922262922262935 0.039167686658506756
0 0.5310324243657577 0.6417474814047641 0.021533034866368185 0.036154787684775494
0 0.4014869081535748 0.5257508709161096 0.02083842083842083 0.036154787684775494
0 0.07814407814407814 0.4496751718293946 0.021533034866368202 0.034648338197909745
0 0.17504273504273504 0.4112607099143207 0.02083842083842083 0.036154787684775445
0 0.046886446886446886 0.22295452405611527 0.021533034866368202 0.03916768665850673
0 0.1114855514855515 0.14537237548253462 0.021533034866368202 0.03766123717164108
0 0.4344810744810745 0.5257508709161096 0.022922262922262904 0.030128989737312973
0 0.014934201600868268 0.45193484605969303 0.0215330348663682 0.036154787684775404
0 0.11079093745760413 0.676395819602674 0.022922262922262935 0.036154787684775404
0 0.04758106091439425 0.4496751718293946 0.020143806810473477 0.04067413614537236
0 0.014586894586894588 0.4888428584879013 0.02083842083842084 0.037661237171641056
0 0.4664333197666531 0.2982769983993974 0.02014380681047347 0.036154787684775445
0 0.0788386921720255 0.1837868373976085 0.020143806810473477 0.036154787684775425
0 0.1434377967711301 0.22069484982581677 0.022922262922262935 0.04067413614537236
0 0.0788386921720255 0.14085302702193767 0.020143806810473477 0.04368703511910364
0 0.2083842083842084 0.6379813576876 0.023616876950210294 0.04067413614537236
0 0.2083842083842084 0.10243856510686375 0.023616876950210294 0.04218058563223801
0 0.1114855514855515 0.7954053290650598 0.02292226292226292 0.04218058563223801
0 0.4344810744810745 0.33669146031447134 0.021533034866368185 0.03464833819790979
0 0.4990801790801791 0.6033330194896902 0.02153303486636825 0.037661237171641056
0 0.2083842083842084 0.4127671594011863 0.02083842083842086 0.036154787684775445
0 0.30667209333876005 0.22295452405611527 0.021533034866368185 0.036154787684775425
0 0.40218152218152214 0.4496751718293946 0.02083842083842083 0.04067413614537236
0 0.27333061999728664 0.36983334902551546 0.025700719034052372 0.04067413614537236
0 0.2083842083842084 0.2982769983993974 0.02083842083842086 0.036154787684775445
0 0.07814407814407814 0.5234911966858111 0.021533034866368202 0.037661237171641056
0 0.046886446886446886 0.3743526974861124 0.021533034866368202 0.04067413614537241
0 0.4990801790801791 0.2990302231428303 0.02014380681047347 0.03464833819790979
0 0.36953466286799613 0.6402410319178985 0.023616876950210263 0.036154787684775494
0 0.4028761362094695 0.6033330194896902 0.022227648894315544 0.04067413614537236
0 0.4990801790801791 0.6417474814047641 0.022922262922262966 0.039167686658506805
0 0.3389716456383123 0.22521419828641373 0.02083842083842089 0.037661237171641104
0 0.24068376068376068 0.1001788908765653 0.021533034866368185 0.04368703511910367
0 0.1114855514855515 0.4112607099143207 0.02292226292226292 0.039167686658506756
0 0.11009632342965675 0.5641653328311835 0.021533034866368185 0.037661237171641056
0 0.5320743454076787 0.22295452405611527 0.023616876950210326 0.04218058563223804
0 0.0788386921720255 0.37209302325581395 0.02292226292226292 0.04218058563223801
0 0.4983855650522317 0.5664250070614819 0.022922262922262966 0.036154787684775404
0 0.36953466286799613 0.44741549759909616 0.022227648894315544 0.036154787684775404
0 0.0788386921720255 0.4127671594011863 0.020143806810473477 0.039167686658506756
0 0.3716185049518383 0.22446097354298092 0.022227648894315607 0.03916768665850673
0 0.33966625966625974 0.18604651162790697 0.02083842083842083 0.037661237171641104
0 0.33827703161036493 0.37585914697297806 0.022227648894315607 0.04067413614537236
0 0.3059774793108127 0.3005366726296959 0.021533034866368185 0.037661237171641056
0 0.24137837471170803 0.2982769983993974 0.02014380681047347 0.036154787684775445
0 0.4990801790801791 0.22295452405611527 0.02014380681047347 0.04218058563223804
0 0.4990801790801791 0.5280105451464081 0.02153303486636825 0.04067413614537246
0 0.3389716456383123 0.3374446850579041 0.02083842083842089 0.036154787684775445
0 0.40218152218152214 0.3743526974861124 0.01944919278252611 0.037661237171641104
0 0.30563017229683903 0.14763204971283309 0.02083842083842083 0.036154787684775445
0 0.46712793379460044 0.4865831842576029 0.022922262922262904 0.039167686658506805
0 0.2083842083842084 0.7931456548347613 0.023616876950210294 0.04368703511910367
0 0.3709238909238909 0.262122210714622 0.02083842083842083 0.036154787684775445
0 0.1760846560846561 0.2982769983993974 0.02014380681047347 0.03916768665850671
0 0.33827703161036493 0.4496751718293946 0.02083842083842089 0.04067413614537236
0 0.24068376068376068 0.2598625364843235 0.02014380681047347 0.037661237171641104
0 0.1114855514855515 0.4865831842576028 0.021533034866368202 0.04218058563223801
0 0.24137837471170803 0.3351850108276057 0.022922262922262904 0.04067413614537236
0 0.0788386921720255 0.6010733452593918 0.02292226292226292 0.036154787684775494
0 0.4344810744810745 0.4496751718293946 0.021533034866368185 0.037661237171641056
0 0.3389716456383123 0.14763204971283309 0.02083842083842089 0.036154787684775445
0 0.04723375390042057 0.5641653328311835 0.02222764889431556 0.037661237171641056
0 0.33827703161036493 0.5272573204029752 0.02083842083842089 0.036154787684775494
0 0.43517568850902183 0.37359947274267963 0.022922262922262904 0.039167686658506756
0 0.4028761362094695 0.29903022314283023 0.02083842083842083 0.04067413614537236
0 0.30563017229683903 0.262122210714622 0.02083842083842083 0.039167686658506756
0 0.4664333197666531 0.37585914697297806 0.021533034866368185 0.04368703511910367
0 0.3709238909238909 0.3005366726296959 0.02083842083842083 0.037661237171641056
0 0.4358703025369692 0.3005366726296959 0.022922262922262904 0.037661237171641056
0 0.3389716456383123 0.2982769983993974 0.02083842083842089 0.03916768665850671
0 0.40218152218152214 0.561905658600885 0.02083842083842083 0.03916768665850671
0 0.0788386921720255 0.5626588833443179 0.02292226292226292 0.04067413614537236
0 0.43482838149504816 0.4888428584879013 0.022227648894315544 0.04067413614537236
0 0.36953466286799613 0.5272573204029752 0.022227648894315544 0.039167686658506805
0 0.3709238909238909 0.3374446850579041 0.02083842083842083 0.036154787684775445
0 0.36953466286799613 0.5664250070614819 0.022227648894315544 0.03916768665850671
0 0.37022927689594354 0.4865831842576029 0.02083842083842083 0.039167686658506805
0 0.5313797313797314 0.45193484605969303 0.022227648894315607 0.03314188871104409
0 0.013892280558947227 0.7155635062611807 0.020838420838420836 0.036154787684775494
0 0.24068376068376068 0.37209302325581395 0.01875457875457875 0.030128989737312883
0 0.49074481074481074 0.6809151680632709 0.01319766653099988 0.030128989737312883
0 0.2083842083842084 0.6010733452593918 0.02083842083842086 0.039167686658506805
0 0.27402523402523404 0.18228038791074286 0.02708994708994715 0.036154787684775445
0 0.01493420160086827 0.18228038791074286 0.02292226292226292 0.036154787684775445
0 0.20768959435626105 0.7524715186893889 0.02083842083842086 0.03163543922417853
0 0.014586894586894588 0.7547311929196874 0.022227648894315558 0.036154787684775494
0 0.40218152218152214 0.1491384991996987 0.023616876950210263 0.04218058563223801
0 0.3375824175824176 0.6417474814047641 0.02083842083842089 0.039167686658506805
0 0.3375824175824176 0.6771490443461068 0.02083842083842089 0.034648338197909745
0 0.015281508614841949 0.22069484982581677 0.02222764889431556 0.037661237171641125
0 0.3375824175824175 0.7133038320308822 0.018059964726631392 0.037661237171641146
0 0.2083842083842084 0.6748893701158083 0.022227648894315576 0.03314188871104419
0 0.49039750373083707 0.7931456548347613 0.015281508614841958 0.03163543922417844
0 0.11079093745760411 0.22069484982581677 0.020143806810473452 0.037661237171641125
0 0.5067209333876 0.7931456548347613 0.014586894586894598 0.03163543922417844
0 0.33792972459639126 0.6025797947462574 0.02153303486636825 0.03916768665850671
0 0.27471984805318145 0.12277563317954995 0.025700719034052435 0.03163543922417851
0 0.04723375390042057 0.752471518689389 0.02222764889431556 0.04067413614537236
0 0.27471984805318134 0.0903869692119386 0.027089947089947088 0.03012898973731286
0 0.27402523402523404 0.21240937764805573 0.02708994708994715 0.027116090763581575
0 0.5063736263736264 0.756237642406553 0.013892280558947239 0.027116090763581575
0 0.27402523402523404 0.15139817342999717 0.02708994708994715 0.025609641276715944
0 0.27437254103920766 0.27191413237924866 0.027784561117894447 0.028622540250447227
0 0.5067209333876 0.680161943319838 0.01319766653099988 0.028622540250447227
0 0.2754144620811288 0.30053667262969586 0.02708994708994715 0.03464833819790979
0 0.45983448650115316 0.2598625364843235 0.013892280558947239 0.03163543922417849
0 0.4900501967168634 0.756990867149986 0.014586894586894598 0.03464833819790984
0 0.11148555148555149 0.26212221071462194 0.02014380681047347 0.030128989737312834
0 0.04723375390042057 0.6010733452593918 0.02222764889431556 0.036154787684775494
0 0.4028761362094695 0.10620468882402789 0.022227648894315544 0.043687035119103636
0 0.04584452584452585 0.7931456548347613 0.023616876950210284 0.04067413614537236
0 0.015281508614841949 0.2598625364843235 0.023616876950210277 0.037661237171641104
0 0.17643196309862977 0.4865831842576029 0.01944919278252611 0.03314188871104419
0 0.49074481074481074 0.7178231804914791 0.014586894586894598 0.03163543922417853
0 0.2083842083842084 0.561905658600885 0.022227648894315576 0.03314188871104419
0 0.47511599511599506 0.26212221071462194 0.013892280558947239 0.030128989737312834
0 0.046886446886446886 0.3005366726296959 0.021533034866368202 0.037661237171641056
0 0.2083842083842084 0.5234911966858111 0.02083842083842086 0.04368703511910367
0 0.5074155474155474 0.7178231804914791 0.01319766653099988 0.03163543922417853
0 0.43482838149504816 0.6025797947462574 0.022227648894315544 0.03916768665850671
0 0.04758106091439425 0.14311270125223613 0.022922262922262928 0.04218058563223801
0 0.4028761362094695 0.18604651162790697 0.02083842083842083 0.03163543922417851
0 0.5310324243657577 0.756990867149986 0.021533034866368185 0.03464833819790984
0 0.1114855514855515 0.44741549759909616 0.02292226292226292 0.036154787684775404
0 0.17573734907068242 0.7155635062611807 0.022227648894315544 0.036154787684775494
0 0.014586894586894586 0.676395819602674 0.023616876950210287 0.03916768665850671
0 0.17643196309862977 0.676395819602674 0.02083842083842083 0.036154787684775404
0 0.24068376068376068 0.48432351002730445 0.01875457875457875 0.037661237171641146
0 0.17573734907068242 0.752471518689389 0.022227648894315544 0.037661237171641056
0 0.5310324243657577 0.4127671594011863 0.022922262922262966 0.039167686658506756
0 0.17504273504273504 0.4496751718293946 0.02083842083842083 0.04368703511910367
0 0.5313797313797314 0.262122210714622 0.022227648894315607 0.036154787684775445
0 0.014586894586894586 0.6010733452593918 0.023616876950210287 0.036154787684775494
0 0.046886446886446886 0.26438188494492043 0.021533034866368202 0.04067413614537236
0 0.046886446886446886 0.676395819602674 0.021533034866368202 0.036154787684775404
0 0.17643196309862977 0.5212315224555126 0.01944919278252611 0.03615478768477531
0 0.015281508614841949 0.14085302702193767 0.02222764889431556 0.04067413614537239
0 0.11148555148555149 0.5257508709161096 0.02014380681047347 0.03314188871104419
0 0.4605291005291005 0.22069484982581677 0.012503052503052458 0.03464833819790982
0 0.047233753900420575 0.41050748517088786 0.020838420838420836 0.03464833819790979
0 0.014586894586894588 0.5234911966858111 0.02083842083842084 0.037661237171641056
0 0.013197666530999864 0.7954053290650598 0.023616876950210287 0.04519348460596932
0 0.014934201600868268 0.29677054891253174 0.0215330348663682 0.036154787684775445
0 0.2813186813186813 0.6440071556350626 0.013892280558947239 0.010545146408059574
0 0.17573734907068242 0.7931456548347613 0.023616876950210294 0.04368703511910367
0 0.5303378103378104 0.6786554938329724 0.02014380681047347 0.037661237171641056
0 0.47546330212996873 0.22069484982581677 0.01319766653099988 0.03163543922417851
0 0.530685117351784 0.4865831842576029 0.02083842083842083 0.036154787684775494
0 0.0788386921720255 0.3351850108276057 0.021533034866368195 0.03464833819790984
0 0.046886446886446886 0.3374446850579041 0.021533034866368202 0.036154787684775445
0 0.2743725410392077 0.2432915921288014 0.026395333061999794 0.03464833819790979
0 0.046539139872473205 0.6394878071744657 0.020838420838420843 0.04067413614537236
0 0.2083842083842084 0.7133038320308822 0.023616876950210294 0.04368703511910357
