0 0.085890 0.789024 0.024688 0.036484
0 0.093081 0.337291 0.040614 0.047694
0 0.596533 0.672227 0.037087 0.042482
0 0.076447 0.418067 0.022602 0.039566
0 0.101469 0.418638 0.023711 0.039664
0 0.919829 0.371868 0.033760 0.042187
0 0.304431 0.272118 0.039372 0.044318
0 0.405230 0.325462 0.038130 0.040941
0 0.644848 0.715986 0.039572 0.049235
0 0.800082 0.483812 0.021360 0.036189
0 0.401919 0.736414 0.022469 0.036288
0 0.086443 0.747949 0.024688 0.036484
0 0.549461 0.625288 0.035268 0.052120
0 0.306713 0.188426 0.035467 0.057038
0 0.062007 0.705482 0.023512 0.034747
0 0.513907 0.184573 0.043742 0.043072
0 0.189524 0.758725 0.029124 0.036877
0 0.388077 0.446494 0.024754 0.038123
0 0.670348 0.471498 0.023512 0.034747
0 0.414696 0.448852 0.024887 0.041401
0 0.634280 0.756997 0.023579 0.036386
0 0.823340 0.486695 0.023645 0.038025
0 0.097481 0.256254 0.040681 0.049333
0 0.191120 0.719386 0.027039 0.039959
0 0.824936 0.447357 0.021294 0.034550
0 0.510773 0.316716 0.043809 0.044711
0 0.666469 0.553403 0.024621 0.034845
0 0.666989 0.513147 0.024821 0.039762
0 0.377064 0.731745 0.023512 0.034747
0 0.390305 0.693438 0.033893 0.045466
0 0.247283 0.391252 0.034736 0.039008
0 0.062630 0.745017 0.023645 0.038025
0 0.647155 0.425851 0.022469 0.036288
0 0.546556 0.669445 0.034869 0.042286
0 0.084228 0.830002 0.022602 0.039566
0 0.058685 0.828561 0.026972 0.038320
0 0.373085 0.816109 0.022469 0.036288
0 0.076512 0.375303 0.023579 0.036386
0 0.766800 0.275241 0.035646 0.034188
0 0.060446 0.785125 0.024688 0.036484
0 0.670901 0.430422 0.023645 0.038025
0 0.089735 0.707938 0.023645 0.038025
0 0.390915 0.403975 0.026972 0.038320
0 0.515303 0.150152 0.047913 0.036908
0 0.415870 0.406186 0.023512 0.034747
0 0.867733 0.366431 0.035779 0.037467
0 0.713044 0.351906 0.036689 0.032648
0 0.629394 0.877471 0.023645 0.038025
0 0.921977 0.291454 0.037931 0.036024
0 0.501343 0.535486 0.031542 0.041991
0 0.632097 0.797106 0.022536 0.037927
0 0.710796 0.434778 0.036888 0.037565
0 0.400324 0.775753 0.022336 0.033009
0 0.630989 0.838132 0.023512 0.034747
0 0.511314 0.248497 0.043742 0.043072
0 0.653563 0.926494 0.022469 0.036288
0 0.374747 0.775132 0.024821 0.039762
0 0.250641 0.308478 0.034537 0.034090
0 0.543719 0.711963 0.039572 0.049235
0 0.509344 0.351957 0.043476 0.036515
0 0.057478 0.872047 0.025930 0.039861
0 0.655978 0.839523 0.022602 0.039566
0 0.082954 0.875126 0.023645 0.038025
0 0.508280 0.378182 0.045827 0.039990
0 0.503769 0.736389 0.023246 0.028190
0 0.863855 0.448337 0.038840 0.031205
0 0.302736 0.313915 0.039173 0.039400
0 0.656531 0.798448 0.024688 0.036484
0 0.094776 0.295494 0.035845 0.039106
0 0.198446 0.305500 0.034803 0.040647
0 0.655425 0.880599 0.024821 0.039762
0 0.657083 0.757372 0.022469 0.036288
0 0.512511 0.218994 0.045561 0.033434
0 0.395857 0.858429 0.024754 0.038123
0 0.510994 0.283836 0.041191 0.034680
0 0.305994 0.233600 0.034603 0.035729
0 0.187343 0.839958 0.027105 0.041598
0 0.102477 0.380070 0.024621 0.034845
0 0.626490 0.921628 0.023778 0.041303
0 0.503005 0.755239 0.031388 0.010946
0 0.560605 0.295633 0.037353 0.049039
0 0.502451 0.494460 0.039439 0.045957
0 0.663687 0.306409 0.035268 0.052120
0 0.870015 0.282739 0.038529 0.050776
0 0.613810 0.301169 0.037420 0.050678
0 0.715392 0.266575 0.037486 0.052317
0 0.339805 0.648663 0.038396 0.047498
0 0.558290 0.380145 0.039505 0.047596
0 0.768595 0.230986 0.038795 0.057332
0 0.816158 0.320738 0.038662 0.054054
0 0.351506 0.360182 0.036178 0.047301
0 0.184528 0.634908 0.038263 0.044220
0 0.504767 0.451073 0.042832 0.047891
0 0.923284 0.245511 0.037619 0.055595
0 0.442268 0.702154 0.038396 0.047498
0 0.445138 0.658816 0.036111 0.045662
0 0.812867 0.401873 0.036377 0.052219
0 0.150752 0.260150 0.038396 0.047498
0 0.761814 0.398173 0.038396 0.047498
0 0.460196 0.287561 0.038396 0.047498
0 0.406992 0.282026 0.038595 0.052415
0 0.869296 0.327912 0.036111 0.045662
0 0.765138 0.316218 0.036311 0.050579
0 0.197859 0.347395 0.039572 0.049235
0 0.145243 0.341089 0.038329 0.045859
0 0.147426 0.300980 0.039372 0.044318
0 0.608234 0.383746 0.039439 0.045957
0 0.337977 0.693738 0.038462 0.049137
0 0.916569 0.411059 0.037220 0.045760
0 0.391901 0.654100 0.033893 0.045466
0 0.458435 0.330997 0.035978 0.042384
0 0.343231 0.605374 0.035135 0.048842
0 0.187432 0.590751 0.036311 0.050579
0 0.609830 0.344408 0.037087 0.042482
0 0.559919 0.339987 0.034869 0.042286
0 0.455697 0.371057 0.038396 0.047498
0 0.600513 0.628987 0.035202 0.050481
0 0.764031 0.357245 0.037021 0.040843
0 0.714573 0.314207 0.035002 0.045564
0 0.253898 0.228162 0.035202 0.050481
0 0.445891 0.612823 0.038462 0.049137
0 0.081578 0.579729 0.037420 0.050678
0 0.597056 0.714220 0.039638 0.050874
0 0.182800 0.677525 0.038396 0.047498
0 0.659254 0.388266 0.039439 0.045957
0 0.357081 0.277605 0.038462 0.049137
0 0.301074 0.354893 0.039572 0.049235
0 0.134195 0.586035 0.036311 0.050579
0 0.661958 0.349026 0.034869 0.042286
0 0.866104 0.406589 0.038462 0.049137
0 0.131257 0.631012 0.036111 0.045662
0 0.711449 0.391244 0.037353 0.049039
0 0.201771 0.264670 0.036178 0.047301
0 0.079750 0.624804 0.039439 0.045957
0 0.919927 0.328285 0.037287 0.047399
0 0.392620 0.608927 0.034092 0.050383
0 0.077955 0.669060 0.039572 0.049235
0 0.252070 0.273238 0.035002 0.045564
0 0.645459 0.467648 0.022669 0.041205
0 0.354244 0.320123 0.035978 0.042384
0 0.648662 0.676845 0.034869 0.042286
0 0.650457 0.632589 0.035268 0.052120
0 0.800080 0.442687 0.022336 0.033009
0 0.249045 0.347816 0.035069 0.047203
0 0.643764 0.509445 0.020118 0.032813
0 0.403668 0.363981 0.038197 0.042580
0 0.398695 0.815910 0.024754 0.038123
0 0.098665 0.460337 0.028214 0.041696
0 0.130117 0.672858 0.039505 0.047596
