0 0.182230 0.948365 0.038572 0.050191
0 0.499847 0.493385 0.042435 0.046363
0 0.529146 0.275280 0.038396 0.048570
0 0.524763 0.234743 0.040591 0.049088
0 0.210695 0.732952 0.036553 0.051294
0 0.248849 0.596731 0.040766 0.050709
0 0.514482 0.144882 0.040020 0.053693
0 0.265462 0.760757 0.040766 0.050709
0 0.520204 0.192586 0.040942 0.052331
0 0.234163 0.471327 0.040942 0.052331
0 0.849021 0.371840 0.038572 0.050191
0 0.269845 0.801294 0.040766 0.050709
0 0.221846 0.347026 0.041117 0.053952
0 0.193995 0.568114 0.040766 0.050709
0 0.438327 0.423939 0.041117 0.053952
0 0.532608 0.317697 0.040942 0.052331
0 0.353713 0.614367 0.039494 0.048829
0 0.640846 0.376940 0.039494 0.048829
0 0.570038 0.179984 0.038176 0.056418
0 0.159040 0.744320 0.036377 0.049673
0 0.150185 0.662436 0.038747 0.051812
0 0.177847 0.907828 0.038572 0.050191
0 0.636463 0.336404 0.039494 0.048829
0 0.790157 0.300936 0.039669 0.050450
0 0.673330 0.666923 0.039844 0.052072
0 0.668596 0.623143 0.039844 0.052072
0 0.619236 0.166702 0.042214 0.054211
0 0.327895 0.365214 0.037475 0.049932
0 0.168904 0.825134 0.040766 0.050709
0 0.545847 0.440117 0.041117 0.053952
0 0.174925 0.402174 0.040591 0.049088
0 0.335916 0.449789 0.040020 0.053693
0 0.538177 0.358785 0.036027 0.046430
0 0.178386 0.444591 0.038747 0.051812
0 0.220559 0.813765 0.038747 0.051812
0 0.330554 0.868437 0.037475 0.049932
0 0.253320 0.638078 0.036202 0.048051
0 0.843365 0.329941 0.038572 0.050191
0 0.279710 0.882108 0.040766 0.050709
0 0.118886 0.373005 0.039273 0.056677
0 0.717177 0.099505 0.041292 0.055574
0 0.326082 0.827089 0.037299 0.048310
0 0.182945 0.486749 0.036202 0.048051
0 0.550581 0.483897 0.040766 0.050709
0 0.260990 0.719410 0.036553 0.051294
0 0.624058 0.211292 0.042389 0.055833
0 0.632079 0.295867 0.041688 0.049347
0 0.362393 0.694630 0.039669 0.050450
0 0.416717 0.213701 0.040942 0.052331
0 0.223934 0.855372 0.040415 0.047466
0 0.351436 0.572502 0.039669 0.050450
0 0.225395 0.390254 0.036202 0.048051
0 0.189523 0.526767 0.038396 0.048570
0 0.578146 0.265370 0.037299 0.048310
0 0.799735 0.384312 0.040942 0.052331
0 0.711309 0.529080 0.041863 0.050968
0 0.782026 0.220544 0.040591 0.049088
0 0.795176 0.342154 0.040591 0.049088
0 0.198291 0.607840 0.038046 0.045327
0 0.406203 0.600308 0.037299 0.048310
0 0.740037 0.316099 0.040020 0.053693
0 0.689128 0.323966 0.039844 0.052072
0 0.869686 0.063486 0.038747 0.051812
0 0.420705 0.260982 0.039098 0.055055
0 0.201489 0.647825 0.036377 0.049673
0 0.487047 0.375018 0.048667 0.044675
0 0.483803 0.345021 0.045596 0.036049
0 0.345868 0.531414 0.037299 0.048310
0 0.313918 0.709404 0.036377 0.049673
0 0.721538 0.145035 0.037650 0.051553
0 0.822018 0.122135 0.038572 0.050191
0 0.376352 0.313861 0.039669 0.050450
0 0.591560 0.389412 0.037475 0.049932
0 0.702366 0.446386 0.039669 0.050450
0 0.274777 0.841701 0.037124 0.046689
0 0.170190 0.358394 0.041292 0.055574
0 0.393140 0.479509 0.037475 0.049932
0 0.906245 0.401560 0.040766 0.050709
0 0.834422 0.247247 0.038572 0.050191
0 0.867653 0.533727 0.043311 0.054470
0 0.776918 0.178516 0.039844 0.052072
0 0.685296 0.787981 0.040020 0.053693
0 0.817021 0.075924 0.041292 0.055574
0 0.692677 0.367193 0.041863 0.050968
0 0.173375 0.866481 0.040591 0.049088
0 0.205961 0.689172 0.036202 0.048051
0 0.281895 0.418481 0.042039 0.052590
0 0.726736 0.692555 0.039844 0.052072
0 0.214903 0.771867 0.035851 0.044808
0 0.674792 0.201804 0.037475 0.049932
0 0.384197 0.396814 0.039669 0.050450
0 0.433132 0.381100 0.037299 0.048310
0 0.295485 0.544145 0.037124 0.046689
0 0.141417 0.581363 0.038396 0.048570
0 0.239445 0.514976 0.037650 0.051553
0 0.373442 0.775995 0.037299 0.048310
0 0.734491 0.270017 0.043136 0.052849
0 0.882879 0.195894 0.038572 0.050191
0 0.669795 0.155593 0.044584 0.056351
0 0.068788 0.383174 0.039669 0.050450
0 0.655270 0.499912 0.037650 0.051553
0 0.900589 0.359661 0.038572 0.050191
0 0.679175 0.242341 0.034930 0.046171
0 0.377913 0.817343 0.039669 0.050450
0 0.581266 0.767652 0.038572 0.050191
0 0.646502 0.418839 0.037650 0.051553
0 0.877970 0.150493 0.038922 0.053434
0 0.659829 0.542070 0.037299 0.048310
0 0.388668 0.438162 0.037299 0.048310
0 0.308723 0.666565 0.039844 0.052072
0 0.322063 0.321694 0.037825 0.053175
0 0.719988 0.609343 0.037650 0.051553
0 0.429933 0.341115 0.032735 0.045652
0 0.340474 0.491947 0.037124 0.046689
0 0.442632 0.926773 0.042214 0.054211
0 0.367786 0.734096 0.037299 0.048310
0 0.317578 0.748449 0.037124 0.046689
0 0.542385 0.397700 0.036027 0.046430
0 0.096054 0.635312 0.039494 0.048829
0 0.493753 0.447432 0.045506 0.054989
0 0.145713 0.621089 0.038221 0.046948
0 0.415058 0.682192 0.035280 0.049414
0 0.729844 0.227048 0.040766 0.050709
0 0.863182 0.492380 0.042785 0.049606
0 0.289201 0.964673 0.039669 0.050450
0 0.771284 0.131623 0.039449 0.058298
0 0.371617 0.270081 0.039669 0.050450
0 0.321699 0.786553 0.034754 0.044549
0 0.694502 0.873107 0.040195 0.055315
0 0.360964 0.181971 0.038001 0.054796
0 0.665982 0.109933 0.042039 0.052590
0 0.154568 0.702973 0.036202 0.048051
0 0.553955 0.525503 0.040942 0.052331
0 0.229230 0.430920 0.034754 0.044549
0 0.137495 0.539886 0.037475 0.049932
0 0.826752 0.165915 0.038922 0.053434
0 0.401907 0.560582 0.035280 0.049414
0 0.853317 0.411566 0.038396 0.048570
0 0.391327 0.941384 0.042039 0.052590
0 0.628792 0.255072 0.039494 0.048829
0 0.238730 0.974743 0.042214 0.050513
0 0.558251 0.565229 0.040415 0.047466
0 0.573763 0.224834 0.037299 0.048310
0 0.228317 0.895908 0.036027 0.046430
0 0.132299 0.497047 0.038747 0.051812
0 0.838981 0.289405 0.038572 0.050191
0 0.279355 0.374184 0.041688 0.049347
0 0.737786 0.773921 0.037475 0.049932
0 0.895942 0.316692 0.038396 0.048570
0 0.681571 0.743131 0.037299 0.048310
0 0.410586 0.640844 0.037299 0.048310
0 0.425813 0.303011 0.034754 0.044549
0 0.386680 0.898416 0.039669 0.050450
0 0.562722 0.606576 0.040942 0.052331
0 0.339759 0.953563 0.039844 0.052072
0 0.872387 0.577507 0.040766 0.050709
0 0.304164 0.624407 0.039494 0.048829
0 0.663949 0.580174 0.039318 0.047207
0 0.422552 0.761902 0.037124 0.046689
0 0.733402 0.733384 0.037124 0.046689
0 0.285366 0.924007 0.038221 0.046948
0 0.587725 0.348746 0.035676 0.043187
0 0.291101 0.503608 0.037475 0.049932
0 0.286367 0.459829 0.037475 0.049932
0 0.082926 0.508708 0.040591 0.049088
0 0.331357 0.407631 0.039669 0.050450
0 0.706925 0.488544 0.039669 0.050450
0 0.123532 0.415974 0.038396 0.048570
0 0.567018 0.646302 0.038221 0.046948
0 0.857701 0.452103 0.040591 0.049088
0 0.127916 0.456511 0.036202 0.048051
0 0.831136 0.206451 0.036027 0.046430
0 0.650974 0.460186 0.037124 0.046689
0 0.571226 0.685217 0.040766 0.050709
0 0.891471 0.275345 0.040766 0.050709
0 0.397348 0.518424 0.034930 0.046171
0 0.785224 0.260529 0.040766 0.050709
0 0.255970 0.678192 0.034930 0.046171
0 0.299781 0.583870 0.037299 0.048310
0 0.086388 0.551125 0.038747 0.051812
0 0.584816 0.810880 0.036202 0.048051
0 0.727194 0.186934 0.036949 0.045068
0 0.163335 0.784046 0.038396 0.048570
0 0.245650 0.556746 0.038046 0.045327
0 0.682462 0.283137 0.037475 0.049932
0 0.365873 0.227372 0.039844 0.052072
0 0.889834 0.738842 0.040942 0.052331
0 0.436976 0.884874 0.039669 0.050450
0 0.100899 0.674908 0.040766 0.050709
0 0.887263 0.236430 0.040415 0.047466
0 0.480933 0.313273 0.050466 0.051420
0 0.077445 0.468431 0.040942 0.052331
0 0.677999 0.704897 0.035676 0.043187
0 0.359106 0.653834 0.034930 0.046171
0 0.695876 0.407178 0.036949 0.045068
0 0.691040 0.830690 0.036949 0.045068
0 0.875498 0.616681 0.040766 0.050709
0 0.382384 0.858690 0.037299 0.048310
0 0.715605 0.568806 0.036949 0.045068
0 0.426936 0.802439 0.037475 0.049932
0 0.272777 0.334165 0.037299 0.048310
0 0.431407 0.843786 0.035105 0.047792
0 0.091034 0.594094 0.040766 0.050709
0 0.897679 0.821796 0.040942 0.052331
0 0.576883 0.727116 0.038221 0.046948
0 0.073347 0.425332 0.039669 0.050450
0 0.873323 0.107524 0.038747 0.051812
0 0.880057 0.658839 0.038221 0.046948
0 0.582968 0.309960 0.040020 0.053693
0 0.589287 0.852227 0.036377 0.049673
0 0.472844 0.243680 0.049368 0.051161
0 0.187799 0.982714 0.036202 0.034573
0 0.335113 0.910595 0.037475 0.049932
0 0.894393 0.781000 0.040591 0.049088
0 0.746816 0.857426 0.035456 0.051035
0 0.121823 0.753941 0.024880 0.042217
0 0.884266 0.697754 0.038221 0.046948
0 0.418432 0.723798 0.037299 0.048310
0 0.462236 0.145581 0.050686 0.043572
0 0.104543 0.838671 0.025801 0.040855
0 0.100072 0.797324 0.027820 0.039752
0 0.233535 0.933753 0.035851 0.044808
0 0.140542 0.916639 0.026548 0.037871
0 0.594855 0.893316 0.036202 0.048051
0 0.117614 0.715026 0.024529 0.038974
0 0.466093 0.181253 0.046999 0.049021
0 0.134974 0.875551 0.024880 0.042217
0 0.109190 0.881640 0.025626 0.039233
0 0.118330 0.960962 0.024880 0.042217
0 0.742169 0.814457 0.041863 0.050968
0 0.090558 0.719753 0.025626 0.039233
0 0.130415 0.833393 0.024178 0.035731
0 0.123788 0.992498 0.025977 0.015005
0 0.114034 0.921236 0.024353 0.037353
0 0.150670 0.989259 0.027074 0.021483
0 0.379726 0.355467 0.037299 0.048310
0 0.144663 0.954743 0.026723 0.039492
0 0.125680 0.789613 0.024178 0.035731
0 0.096324 0.757469 0.024353 0.037353
0 0.536748 0.735763 0.025275 0.035990
0 0.477799 0.279093 0.048667 0.044675
0 0.723450 0.651760 0.037299 0.048310
0 0.470610 0.212613 0.050160 0.038707
