0 0.9200879765395895 0.2825670498084291 0.048387096774193616 0.051724137931034475
0 0.1033724340175953 0.524904214559387 0.045454545454545456 0.04597701149425282
0 0.7140762463343109 0.23275862068965517 0.04105571847507328 0.04406130268199232
0 0.783724340175953 0.47126436781609193 0.045454545454545414 0.04597701149425287
0 0.10263929618768328 0.4281609195402299 0.0469208211143695 0.044061302681992376
0 0.10263929618768328 0.3783524904214559 0.0469208211143695 0.04789272030651348
0 0.5131964809384164 0.47509578544061304 0.04985337243401755 0.04980842911877392
0 0.10117302052785923 0.47413793103448276 0.04105571847507332 0.051724137931034475
0 0.5117302052785924 0.5708812260536399 0.04692082111436946 0.04980842911877392
0 0.781524926686217 0.07950191570881227 0.04398826979472137 0.05555555555555556
0 0.8497067448680352 0.18295019157088122 0.048387096774193505 0.0517241379310345
0 0.033724340175953056 0.13122605363984674 0.04105571847507327 0.055555555555555566
0 0.6451612903225806 0.2835249042145594 0.04398826979472137 0.04980842911877392
0 0.3790322580645162 0.421455938697318 0.0542521994134898 0.05747126436781613
0 0.10263929618768328 0.6197318007662835 0.03812316715542523 0.04789272030651337
0 0.782258064516129 0.27969348659003834 0.048387096774193505 0.04597701149425287
0 0.8511730205278593 0.13026819923371646 0.03958944281524923 0.053639846743295014
0 0.5835777126099707 0.907088122605364 0.04105571847507328 0.044061302681992265
0 0.7155425219941349 0.132183908045977 0.04692082111436946 0.03831417624521076
0 0.3790322580645162 0.25862068965517243 0.0542521994134898 0.04597701149425293
0 0.3782991202346041 0.33429118773946354 0.05865102639296188 0.040229885057471215
0 0.3775659824046921 0.18007662835249044 0.05425219941348969 0.04980842911877395
0 0.6649560117302052 0.9032567049808429 0.027859237536656867 0.036398467432950166
0 0.37829912023460416 0.0632183908045977 0.055718475073313845 0.042145593869731775
0 0.3790322580645161 0.2978927203065135 0.057184750733137835 0.040229885057471326
0 0.3775659824046921 0.22126436781609188 0.05425219941348969 0.03639846743295019
0 0.3936950146627566 0.7586206896551724 0.030791788856305125 0.03831417624521072
0 0.37756598240469214 0.13984674329501917 0.05718475073313789 0.03065134099616859
0 0.3790322580645162 0.1024904214559387 0.0542521994134898 0.047892720306513425
0 0.717741935483871 0.7624521072796935 0.048387096774193505 0.04980842911877392
0 0.8504398826979472 0.28160919540229884 0.04985337243401755 0.04980842911877392
0 0.5791788856304985 0.2816091954022989 0.04985337243401766 0.04597701149425287
0 0.5791788856304985 0.3793103448275862 0.04398826979472148 0.049808429118774034
0 0.8497067448680352 0.32950191570881227 0.045454545454545414 0.04980842911877387
0 0.782991202346041 0.37547892720306514 0.04105571847507328 0.04980842911877392
0 0.6480938416422287 0.3793103448275862 0.04398826979472137 0.049808429118774034
0 0.03445747800586511 0.2835249042145594 0.048387096774193554 0.04980842911877392
0 0.10263929618768328 0.33141762452107276 0.0469208211143695 0.04597701149425282
0 0.782258064516129 0.32567049808429116 0.04252199413489732 0.04597701149425287
0 0.03445747800586511 0.18486590038314177 0.048387096774193554 0.051724137931034475
0 0.5124633431085044 0.33429118773946365 0.045454545454545414 0.04406130268199232
0 0.5835777126099706 0.9597701149425287 0.04692082111436957 0.05363984674329503
0 0.5791788856304985 0.6685823754789272 0.04692082111436957 0.04980842911877392
0 0.5117302052785924 0.524904214559387 0.04398826979472137 0.04597701149425282
0 0.6488269794721407 0.85727969348659 0.048387096774193505 0.051724137931034475
0 0.5821114369501466 0.8122605363984674 0.04985337243401766 0.049808429118774034
0 0.5117302052785924 0.28448275862068967 0.04692082111436946 0.05555555555555558
0 0.03592375366568917 0.3314176245210728 0.05131964809384169 0.04980842911877398
0 0.1033724340175953 0.5708812260536398 0.045454545454545456 0.04597701149425293
0 0.8497067448680352 0.37643678160919536 0.045454545454545414 0.044061302681992376
0 0.6532258064516129 0.9540229885057472 0.048387096774193505 0.06130268199233713
0 0.9200879765395895 0.23180076628352492 0.048387096774193616 0.04980842911877395
0 0.7140762463343109 0.07662835249042146 0.04985337243401755 0.06130268199233717
0 0.5821114369501466 0.4281609195402299 0.04105571847507339 0.044061302681992376
0 0.782991202346041 0.1839080459770115 0.04398826979472137 0.04980842911877395
0 0.717741935483871 0.814176245210728 0.048387096774193505 0.04980842911877392
0 0.7155425219941349 0.33141762452107276 0.04398826979472137 0.04597701149425282
0 0.8526392961876833 0.5699233716475096 0.048387096774193505 0.05555555555555569
0 0.781524926686217 0.23180076628352492 0.04398826979472137 0.045977011494252845
0 0.9200879765395895 0.17816091954022983 0.045454545454545525 0.049808429118773895
0 0.6466275659824047 0.32950191570881227 0.04398826979472137 0.04980842911877387
0 0.6480938416422287 0.4731800766283525 0.04398826979472137 0.04980842911877392
0 0.6480938416422287 0.18295019157088122 0.04398826979472137 0.0517241379310345
0 0.5102639296187683 0.23180076628352492 0.038123167155425186 0.04980842911877395
0 0.5821114369501466 0.764367816091954 0.04398826979472148 0.04597701149425282
0 0.8511730205278593 0.4731800766283525 0.048387096774193505 0.04980842911877392
0 0.8511730205278593 0.42337164750957856 0.04252199413489732 0.04980842911877398
0 0.5131964809384164 0.3793103448275862 0.04398826979472137 0.049808429118774034
0 0.8526392961876833 0.5220306513409962 0.045454545454545414 0.04789272030651348
0 0.8482404692082112 0.2327586206896552 0.045454545454545414 0.0478927203065134
0 0.6495601173020528 0.6187739463601533 0.04692082111436946 0.04980842911877392
0 0.6488269794721407 0.6685823754789272 0.048387096774193505 0.04980842911877392
0 0.5806451612903225 0.47509578544061304 0.04398826979472148 0.04980842911877392
0 0.3101173020527859 0.235632183908046 0.048387096774193505 0.04980842911877398
0 0.31158357771260997 0.18582375478927204 0.045454545454545414 0.04980842911877395
0 0.10263929618768328 0.2289272030651341 0.0469208211143695 0.05555555555555555
0 0.4450146627565983 0.235632183908046 0.04838709677419356 0.04980842911877398
0 0.6495601173020528 0.764367816091954 0.04398826979472137 0.04980842911877392
0 0.5777126099706744 0.32950191570881227 0.04398826979472148 0.04980842911877387
0 0.6495601173020528 0.5708812260536399 0.04692082111436946 0.04980842911877392
0 0.5777126099706744 0.23563218390804597 0.04398826979472148 0.053639846743295
0 0.03445747800586511 0.23467432950191575 0.048387096774193554 0.0517241379310345
0 0.7155425219941349 0.37739463601532564 0.04692082111436946 0.04980842911877398
0 0.4450146627565983 0.28448275862068967 0.04838709677419356 0.051724137931034475
0 0.3101173020527859 0.13122605363984674 0.048387096774193505 0.055555555555555566
0 0.717008797653959 0.6206896551724138 0.04985337243401755 0.04980842911877392
0 0.783724340175953 0.4252873563218391 0.04252199413489732 0.04980842911877398
0 0.3101173020527859 0.2816091954022989 0.048387096774193505 0.04597701149425287
0 0.7140762463343109 0.1839080459770115 0.04985337243401755 0.04980842911877395
0 0.5821114369501466 0.6187739463601533 0.04692082111436957 0.04980842911877392
0 0.24193548387096775 0.18295019157088122 0.04985337243401758 0.06321839080459771
0 0.5791788856304985 0.5689655172413792 0.04398826979472148 0.049808429118774034
0 0.6451612903225806 0.235632183908046 0.04398826979472137 0.04980842911877398
0 0.10263929618768326 0.28160919540229884 0.049853372434017634 0.04980842911877392
0 0.6466275659824047 0.42432950191570884 0.04105571847507328 0.047892720306513425
0 0.44354838709677424 0.1810344827586207 0.04838709677419345 0.05555555555555558
0 0.6510263929618768 0.8093869731800767 0.04692082111436946 0.044061302681992376
0 0.7140762463343109 0.2825670498084291 0.04985337243401755 0.051724137931034475
0 0.7155425219941349 0.4731800766283525 0.04398826979472137 0.04980842911877392
0 0.31158357771260997 0.3314176245210728 0.045454545454545414 0.04980842911877398
0 0.5131964809384164 0.4281609195402299 0.04398826979472137 0.04789272030651337
0 0.716275659824047 0.5689655172413792 0.045454545454545414 0.049808429118774034
0 0.5799120234604105 0.524904214559387 0.042521994134897434 0.04597701149425282
0 0.7155425219941349 0.4262452107279694 0.04398826979472137 0.04406130268199232
0 0.5835777126099706 0.8630268199233717 0.04692082111436957 0.04789272030651348
0 0.6495601173020528 0.7155172413793103 0.04398826979472137 0.044061302681992376
0 0.10190615835777124 0.6695402298850575 0.04838709677419359 0.051724137931034475
0 0.781524926686217 0.13601532567049807 0.04398826979472137 0.04980842911877395
0 0.6466275659824047 0.5220306513409962 0.04398826979472137 0.04789272030651348
0 0.717741935483871 0.5210727969348659 0.04252199413489732 0.04597701149425282
0 0.5821114369501466 0.7145593869731801 0.04692082111436957 0.04980842911877392
0 0.718475073313783 0.6666666666666667 0.04985337243401755 0.049808429118774034
0 0.716275659824047 0.7136015325670498 0.045454545454545414 0.04789272030651337
