0 0.498860 0.359319 0.042189 0.037634
0 0.444698 0.264337 0.034208 0.044803
0 0.652794 0.356631 0.033067 0.046595
0 0.721779 0.708781 0.022805 0.030466
0 0.496579 0.491935 0.037628 0.034050
0 0.930445 0.309140 0.022805 0.034050
0 0.718358 0.396953 0.022805 0.041219
0 0.391106 0.170251 0.038769 0.032258
0 0.603193 0.892473 0.036488 0.046595
0 0.500000 0.328853 0.042189 0.034050
0 0.337514 0.172043 0.034208 0.057348
0 0.693843 0.485663 0.021665 0.028674
0 0.694413 0.709677 0.022805 0.032258
0 0.286203 0.854839 0.038769 0.043011
0 0.718928 0.482975 0.021665 0.026882
0 0.694413 0.798387 0.022805 0.037634
0 0.694413 0.751792 0.020525 0.037634
0 0.510832 0.758961 0.022805 0.034050
0 0.288483 0.895161 0.034208 0.041219
0 0.721779 0.798387 0.022805 0.034050
0 0.720639 0.528674 0.022805 0.035842
0 0.495439 0.181900 0.046750 0.026882
0 0.720639 0.754480 0.022805 0.035842
0 0.392816 0.895161 0.033067 0.041219
0 0.721779 0.620072 0.020525 0.035842
0 0.905359 0.264337 0.022805 0.037634
0 0.930445 0.264337 0.020525 0.037634
0 0.495439 0.253584 0.044470 0.034050
0 0.602623 0.713262 0.037628 0.050179
0 0.919612 0.487455 0.035348 0.039427
0 0.498860 0.288530 0.044470 0.043011
0 0.603193 0.802867 0.036488 0.046595
0 0.693273 0.620072 0.020525 0.039427
0 0.498860 0.107527 0.044470 0.035842
0 0.761688 0.890681 0.034208 0.043011
0 0.073546 0.854839 0.037628 0.043011
0 0.693843 0.531362 0.021665 0.041219
0 0.720068 0.662186 0.021665 0.041219
0 0.761688 0.846774 0.034208 0.041219
0 0.075257 0.715950 0.034208 0.041219
0 0.918472 0.531362 0.030787 0.044803
0 0.717218 0.264337 0.020525 0.037634
0 0.717218 0.308244 0.020525 0.039427
0 0.127138 0.898746 0.037628 0.048387
0 0.694413 0.663978 0.022805 0.041219
0 0.075257 0.758065 0.038769 0.050179
0 0.603193 0.848566 0.036488 0.044803
0 0.720068 0.575269 0.021665 0.035842
0 0.603763 0.758065 0.035348 0.043011
0 0.761688 0.936380 0.036488 0.048387
0 0.125998 0.715950 0.033067 0.044803
0 0.691562 0.264337 0.021665 0.041219
0 0.127138 0.946237 0.037628 0.050179
0 0.127708 0.854839 0.038769 0.046595
0 0.338655 0.489247 0.029647 0.039427
0 0.761688 0.711470 0.036488 0.046595
0 0.127138 0.673835 0.037628 0.043011
0 0.604333 0.939068 0.038769 0.050179
0 0.286203 0.491039 0.034208 0.043011
0 0.602052 0.667563 0.034208 0.041219
0 0.286203 0.672043 0.034208 0.043011
0 0.391106 0.672043 0.034208 0.043011
0 0.393957 0.939068 0.033067 0.043011
0 0.919612 0.350358 0.033067 0.041219
0 0.285063 0.314516 0.031927 0.044803
0 0.072406 0.491039 0.033067 0.043011
0 0.918472 0.577957 0.037628 0.044803
0 0.445268 0.892473 0.033067 0.046595
0 0.693843 0.396953 0.021665 0.041219
0 0.127138 0.809140 0.037628 0.048387
0 0.339795 0.762545 0.031927 0.041219
0 0.761688 0.756272 0.034208 0.046595
0 0.127138 0.120072 0.037628 0.053763
0 0.719498 0.440860 0.022805 0.035842
0 0.340935 0.896953 0.034208 0.044803
0 0.445268 0.940860 0.033067 0.050179
0 0.126568 0.541219 0.036488 0.043011
0 0.759407 0.398746 0.031927 0.041219
0 0.124857 0.627240 0.033067 0.046595
0 0.865450 0.306452 0.034208 0.043011
0 0.073546 0.809140 0.035348 0.048387
0 0.287343 0.939068 0.038769 0.050179
0 0.865450 0.262545 0.034208 0.044803
0 0.497149 0.215950 0.043330 0.041219
0 0.692702 0.576165 0.021665 0.037634
0 0.718358 0.350358 0.022805 0.037634
0 0.074686 0.673835 0.037628 0.043011
0 0.444128 0.848566 0.035348 0.044803
0 0.496579 0.146057 0.042189 0.041219
0 0.919612 0.395161 0.035348 0.041219
0 0.340935 0.804659 0.031927 0.043011
0 0.127138 0.762545 0.037628 0.044803
0 0.810718 0.220430 0.031927 0.043011
0 0.392246 0.806452 0.034208 0.046595
0 0.693273 0.441756 0.020525 0.034050
0 0.693843 0.350358 0.021665 0.037634
0 0.179590 0.356631 0.033067 0.043011
0 0.810148 0.167563 0.033067 0.055556
0 0.180730 0.400538 0.035348 0.048387
0 0.442987 0.537634 0.033067 0.043011
0 0.287343 0.810932 0.038769 0.048387
0 0.180730 0.121864 0.037628 0.053763
0 0.760547 0.531362 0.036488 0.044803
0 0.125998 0.403226 0.035348 0.043011
0 0.761117 0.801971 0.037628 0.044803
0 0.072406 0.403226 0.030787 0.043011
0 0.178449 0.264337 0.035348 0.044803
0 0.760547 0.665771 0.034208 0.044803
0 0.444698 0.667563 0.034208 0.041219
0 0.286773 0.401434 0.033067 0.039427
0 0.072976 0.174731 0.034208 0.048387
0 0.864310 0.165771 0.036488 0.051971
0 0.757127 0.117384 0.036488 0.048387
0 0.286203 0.760753 0.036488 0.048387
0 0.339795 0.941756 0.034208 0.048387
0 0.653934 0.262545 0.033067 0.044803
0 0.863170 0.354839 0.031927 0.050179
0 0.444698 0.121864 0.034208 0.046595
0 0.125998 0.581541 0.035348 0.044803
0 0.602052 0.579749 0.034208 0.044803
0 0.864310 0.216846 0.034208 0.046595
0 0.445838 0.308244 0.031927 0.043011
0 0.602623 0.117384 0.037628 0.051971
0 0.180730 0.447133 0.037628 0.044803
0 0.810718 0.262545 0.034208 0.044803
0 0.073546 0.629928 0.035348 0.044803
0 0.758267 0.443548 0.031927 0.044803
0 0.285063 0.356631 0.034208 0.043011
0 0.073546 0.534946 0.035348 0.044803
0 0.391676 0.850358 0.037628 0.044803
0 0.127138 0.220430 0.033067 0.043011
0 0.444698 0.712366 0.034208 0.048387
0 0.810718 0.354839 0.034208 0.043011
0 0.918472 0.443548 0.037628 0.048387
0 0.392246 0.714158 0.034208 0.041219
0 0.864310 0.116487 0.036488 0.050179
0 0.338655 0.718638 0.034208 0.050179
0 0.072976 0.266129 0.034208 0.044803
0 0.653364 0.672043 0.034208 0.050179
0 0.692702 0.310932 0.021665 0.041219
0 0.178449 0.172043 0.033067 0.046595
0 0.760547 0.487455 0.031927 0.043011
0 0.339225 0.581541 0.030787 0.044803
0 0.601482 0.167563 0.037628 0.048387
0 0.761688 0.623656 0.034208 0.043011
0 0.074116 0.448925 0.034208 0.041219
0 0.339795 0.851254 0.034208 0.050179
0 0.758267 0.354839 0.034208 0.046595
0 0.178449 0.220430 0.033067 0.046595
0 0.444698 0.625448 0.034208 0.046595
0 0.337514 0.447133 0.034208 0.044803
0 0.178449 0.494624 0.035348 0.050179
0 0.178449 0.310932 0.035348 0.048387
0 0.601482 0.217742 0.033067 0.048387
0 0.127138 0.172043 0.037628 0.050179
0 0.602623 0.535842 0.033067 0.043011
0 0.759407 0.577957 0.034208 0.048387
0 0.286203 0.581541 0.036488 0.041219
0 0.340935 0.626344 0.029647 0.044803
0 0.072976 0.356631 0.034208 0.043011
0 0.286203 0.714158 0.034208 0.044803
0 0.073546 0.581541 0.037628 0.044803
0 0.600342 0.356631 0.030787 0.039427
0 0.392246 0.310932 0.034208 0.044803
0 0.758267 0.169355 0.038769 0.048387
0 0.445268 0.804659 0.037628 0.046595
0 0.443558 0.492832 0.034208 0.046595
0 0.758267 0.309140 0.034208 0.048387
0 0.125998 0.356631 0.035348 0.046595
0 0.125998 0.447133 0.035348 0.048387
0 0.391676 0.537634 0.037628 0.043011
0 0.601482 0.491039 0.033067 0.046595
0 0.072976 0.220430 0.038769 0.043011
0 0.125998 0.267025 0.037628 0.046595
0 0.551311 0.621864 0.035348 0.046595
0 0.653364 0.624552 0.031927 0.048387
0 0.072976 0.310036 0.036488 0.046595
0 0.127708 0.497312 0.038769 0.048387
0 0.810148 0.310932 0.033067 0.048387
0 0.653364 0.398746 0.031927 0.041219
0 0.600342 0.264337 0.030787 0.044803
0 0.652794 0.445341 0.028506 0.044803
0 0.444698 0.579749 0.034208 0.041219
0 0.285633 0.267025 0.033067 0.046595
0 0.758267 0.264337 0.036488 0.044803
0 0.445268 0.758065 0.037628 0.043011
0 0.287343 0.537634 0.038769 0.046595
0 0.391676 0.758065 0.037628 0.046595
0 0.286203 0.445341 0.034208 0.048387
0 0.758267 0.218638 0.038769 0.046595
0 0.497149 0.441756 0.041049 0.051971
0 0.444128 0.169355 0.035348 0.048387
0 0.392246 0.581541 0.036488 0.044803
0 0.550171 0.491039 0.033067 0.043011
0 0.549031 0.577957 0.033067 0.041219
0 0.392246 0.628136 0.034208 0.041219
0 0.550171 0.535842 0.033067 0.043011
0 0.547891 0.264337 0.033067 0.044803
0 0.286203 0.626344 0.036488 0.044803
0 0.602052 0.623656 0.034208 0.043011
0 0.652223 0.579749 0.029647 0.044803
0 0.653934 0.533154 0.028506 0.041219
0 0.127138 0.310036 0.037628 0.046595
0 0.232041 0.169355 0.033067 0.051971
0 0.547891 0.220430 0.033067 0.046595
0 0.337514 0.310036 0.036488 0.039427
0 0.338655 0.672043 0.034208 0.046595
0 0.444698 0.447133 0.034208 0.044803
0 0.337514 0.401434 0.034208 0.046595
0 0.233181 0.315412 0.037628 0.050179
0 0.601482 0.312724 0.033067 0.044803
0 0.549031 0.400538 0.030787 0.044803
0 0.442987 0.403226 0.033067 0.046595
0 0.339795 0.535842 0.034208 0.046595
0 0.232041 0.220430 0.037628 0.046595
0 0.391106 0.401434 0.031927 0.046595
0 0.391106 0.264337 0.034208 0.044803
0 0.601482 0.398746 0.033067 0.048387
0 0.652794 0.308244 0.033067 0.046595
0 0.338655 0.356631 0.034208 0.046595
0 0.233181 0.267025 0.037628 0.046595
0 0.547891 0.169355 0.037628 0.051971
0 0.389966 0.217742 0.034208 0.048387
0 0.285063 0.172043 0.036488 0.053763
0 0.338655 0.220430 0.031927 0.043011
0 0.653364 0.489247 0.031927 0.046595
0 0.337514 0.264337 0.031927 0.048387
0 0.389966 0.447133 0.034208 0.044803
0 0.444128 0.217742 0.030787 0.044803
0 0.392246 0.493728 0.036488 0.044803
0 0.392246 0.354839 0.034208 0.043011
0 0.600912 0.447133 0.031927 0.044803
0 0.549031 0.447133 0.033067 0.044803
0 0.443558 0.356631 0.034208 0.046595
0 0.547891 0.312724 0.033067 0.051971
0 0.285633 0.220430 0.035348 0.043011
0 0.549031 0.358423 0.033067 0.043011
