0 0.370080 0.707232 0.040874 0.044992
0 0.664358 0.281224 0.026302 0.034418
0 0.462616 0.339847 0.037994 0.031226
0 0.472268 0.376714 0.039522 0.033160
0 0.534803 0.604548 0.021397 0.027084
0 0.525755 0.567479 0.022853 0.023306
0 0.469033 0.358156 0.025590 0.025646
0 0.475504 0.395271 0.030424 0.027266
0 0.480020 0.419946 0.039025 0.041527
0 0.529594 0.585834 0.023493 0.026365
0 0.538962 0.624432 0.020117 0.020966
0 0.540510 0.641100 0.024062 0.023711
0 0.542946 0.655833 0.021254 0.015658
0 0.545061 0.669037 0.021005 0.019842
0 0.548705 0.683365 0.023813 0.027895
0 0.672343 0.801511 0.035649 0.036129
0 0.520449 0.885163 0.042402 0.046926
0 0.294536 0.896237 0.040874 0.044992
0 0.276666 0.538853 0.043290 0.045802
0 0.237506 0.617453 0.037817 0.041122
0 0.809744 0.364254 0.039345 0.043057
0 0.642637 0.650242 0.040234 0.041932
0 0.716096 0.395645 0.027190 0.033293
0 0.444256 0.517867 0.038137 0.042652
0 0.257147 0.445550 0.038457 0.044181
0 0.212067 0.495853 0.038137 0.042652
0 0.661797 0.476046 0.036857 0.036534
0 0.851640 0.286374 0.040625 0.049175
0 0.230982 0.589358 0.036928 0.042247
0 0.255373 0.712128 0.041762 0.043867
0 0.437376 0.484982 0.040874 0.044992
0 0.359738 0.939035 0.039345 0.043057
0 0.636077 0.618886 0.040554 0.043462
0 0.637122 0.355008 0.036928 0.042247
0 0.353339 0.908444 0.038705 0.039998
0 0.302265 0.661218 0.043290 0.045802
0 0.555462 0.511690 0.037497 0.039593
0 0.289501 0.603297 0.040802 0.039278
0 0.396848 0.563222 0.039914 0.040403
0 0.756099 0.642490 0.038137 0.042652
0 0.631326 0.324215 0.040554 0.043462
0 0.841422 0.515680 0.038705 0.039998
0 0.542947 0.448776 0.036928 0.042247
0 0.314940 0.724897 0.041762 0.043867
0 0.762656 0.411137 0.039345 0.043057
0 0.377489 0.470683 0.037817 0.041122
0 0.750176 0.351485 0.039345 0.043057
0 0.308380 0.693541 0.039025 0.041527
0 0.689688 0.600097 0.039665 0.044587
0 0.736776 0.553213 0.039025 0.041527
0 0.268297 0.770813 0.040874 0.044992
0 0.152340 0.482319 0.044570 0.051920
0 0.881950 0.437440 0.039665 0.044587
0 0.275176 0.803699 0.040554 0.043462
0 0.681760 0.568381 0.041442 0.042338
0 0.350721 0.614694 0.038137 0.042652
0 0.243018 0.649978 0.040874 0.044992
0 0.701280 0.661684 0.039665 0.044587
0 0.356640 0.642991 0.037817 0.041122
0 0.769376 0.443258 0.039345 0.043057
0 0.325122 0.492329 0.040554 0.043462
0 0.391533 0.534722 0.041442 0.042338
0 0.722732 0.489174 0.037177 0.038063
0 0.815379 0.394283 0.040234 0.041932
0 0.218183 0.528176 0.039345 0.043057
0 0.777268 0.471712 0.040554 0.043462
0 0.347259 0.879382 0.041762 0.043867
0 0.584079 0.370333 0.044570 0.051920
0 0.224423 0.558002 0.041442 0.042338
0 0.363200 0.674347 0.040554 0.043462
0 0.655113 0.447187 0.039345 0.043057
0 0.250182 0.681132 0.041762 0.043867
0 0.828783 0.455262 0.039025 0.041527
0 0.167633 0.839748 0.044250 0.050390
0 0.265395 0.478796 0.040874 0.044992
0 0.717257 0.459910 0.039665 0.044587
0 0.610478 0.496522 0.044250 0.050390
0 0.629997 0.589825 0.042970 0.044272
0 0.643078 0.386567 0.037177 0.038063
0 0.576065 0.607085 0.039665 0.044587
0 0.586268 0.859827 0.026622 0.035947
0 0.915282 0.587494 0.041833 0.049580
0 0.908918 0.560164 0.038705 0.039998
0 0.617518 0.530172 0.040554 0.043462
0 0.789588 0.530600 0.041513 0.048051
0 0.747691 0.608480 0.039737 0.050300
0 0.887429 0.729413 0.039345 0.043057
0 0.580704 0.836321 0.026230 0.028705
0 0.588065 0.664443 0.036928 0.042247
0 0.861226 0.607251 0.038137 0.042652
0 0.893829 0.760004 0.042402 0.046926
0 0.782779 0.504238 0.038137 0.042652
0 0.874629 0.668230 0.041762 0.043867
0 0.787938 0.794681 0.040234 0.041932
0 0.676058 0.822363 0.050187 0.068026
0 0.556301 0.781484 0.034440 0.035724
0 0.683890 0.306595 0.038065 0.036939
0 0.689858 0.270221 0.028470 0.039412
0 0.941041 0.710623 0.039594 0.038873
0 0.857275 0.316403 0.037177 0.038063
0 0.506631 0.537879 0.038634 0.034285
0 0.881953 0.700148 0.040554 0.043462
0 0.856230 0.580281 0.039665 0.044587
0 0.077989 0.476143 0.026302 0.034418
0 0.606980 0.757948 0.038137 0.042652
0 0.475491 0.670261 0.036608 0.040717
0 0.103204 0.466872 0.028398 0.033698
0 0.795579 0.565420 0.040554 0.043462
0 0.622157 0.552351 0.044570 0.051920
0 0.781574 0.767351 0.039025 0.041527
0 0.103316 0.532307 0.040554 0.043462
0 0.612740 0.785480 0.040554 0.043462
0 0.095375 0.568524 0.027510 0.034823
0 0.096756 0.500951 0.040234 0.041932
0 0.101615 0.598350 0.024773 0.032483
0 0.742856 0.582275 0.035969 0.037658
0 0.133994 0.620233 0.029038 0.036757
0 0.301415 0.929122 0.038137 0.042652
0 0.896686 0.495518 0.041762 0.043867
0 0.722016 0.423942 0.027510 0.034823
0 0.689033 0.402262 0.025093 0.034013
0 0.921077 0.618287 0.041762 0.043867
0 0.934961 0.681562 0.042650 0.042743
0 0.469535 0.638702 0.038137 0.042652
0 0.596274 0.431718 0.035969 0.037658
0 0.432541 0.458777 0.040162 0.036219
0 0.947440 0.741214 0.043290 0.045802
0 0.589146 0.403826 0.036288 0.039188
0 0.499947 0.509020 0.042402 0.046926
0 0.868550 0.639169 0.039345 0.043057
0 0.925824 0.650251 0.040874 0.044992
0 0.666263 0.772449 0.044179 0.044677
0 0.329552 0.785472 0.038137 0.042652
0 0.307939 0.957217 0.039665 0.044587
0 0.500041 0.793795 0.041762 0.043867
0 0.659099 0.741296 0.040874 0.044992
0 0.536583 0.421446 0.036857 0.036534
0 0.889718 0.468391 0.039345 0.043057
0 0.594785 0.696564 0.039345 0.043057
0 0.513889 0.853807 0.038385 0.038468
0 0.506761 0.825916 0.041762 0.043867
0 0.689365 0.335859 0.040554 0.043462
0 0.601505 0.728684 0.039345 0.043057
0 0.312322 0.431147 0.040554 0.043462
0 0.270906 0.511321 0.037177 0.038063
0 0.134710 0.685465 0.041762 0.043867
0 0.775014 0.735995 0.039345 0.043057
0 0.304554 0.400196 0.043290 0.045802
0 0.334459 0.818200 0.041762 0.043867
0 0.870359 0.375853 0.038385 0.038468
0 0.450176 0.546164 0.037817 0.041122
0 0.147954 0.745680 0.039594 0.038873
0 0.463579 0.607144 0.036608 0.040717
0 0.128151 0.654109 0.042082 0.045397
0 0.603758 0.464401 0.038137 0.042652
0 0.457500 0.578082 0.039665 0.044587
0 0.809427 0.625432 0.038457 0.044181
0 0.801979 0.596011 0.037497 0.039593
0 0.128039 0.588674 0.027510 0.034823
0 0.495010 0.763564 0.039665 0.044587
0 0.620064 0.817399 0.039345 0.043057
0 0.403888 0.596872 0.040554 0.043462
0 0.714719 0.725926 0.042082 0.045397
0 0.862875 0.343170 0.038137 0.042652
0 0.159545 0.807268 0.039594 0.038873
0 0.569950 0.574761 0.038457 0.044181
0 0.710141 0.364086 0.029998 0.041346
0 0.849190 0.546631 0.042082 0.045397
0 0.768455 0.704639 0.036608 0.040717
0 0.707395 0.694007 0.040874 0.044992
0 0.756576 0.382076 0.038705 0.039998
0 0.331966 0.521953 0.039025 0.041527
0 0.649160 0.678336 0.039345 0.043057
0 0.563230 0.542641 0.037177 0.038063
0 0.482974 0.702944 0.041193 0.046521
0 0.741928 0.318239 0.036928 0.042247
0 0.803344 0.333663 0.038705 0.039998
0 0.695164 0.629361 0.037177 0.038063
0 0.122527 0.556148 0.033623 0.042561
0 0.281736 0.835055 0.037817 0.041122
0 0.262217 0.741752 0.039594 0.038873
0 0.488610 0.732973 0.038385 0.038468
0 0.901149 0.529214 0.044499 0.046207
0 0.582749 0.635944 0.037177 0.038063
0 0.876155 0.406647 0.037177 0.038063
0 0.204583 0.463170 0.039665 0.044587
0 0.761611 0.675015 0.038137 0.042652
0 0.487984 0.454923 0.041513 0.048051
0 0.622954 0.293466 0.039665 0.044587
0 0.652859 0.711470 0.040554 0.043462
0 0.627548 0.850081 0.038457 0.044181
0 0.287372 0.865083 0.039345 0.043057
0 0.322992 0.754116 0.037817 0.041122
0 0.340699 0.848026 0.039025 0.041527
0 0.296025 0.631391 0.038137 0.042652
0 0.142034 0.717383 0.040554 0.043462
0 0.318402 0.460209 0.040554 0.043462
0 0.683397 0.372233 0.025342 0.029829
0 0.371978 0.438158 0.043290 0.045802
0 0.337921 0.553512 0.040554 0.043462
0 0.154070 0.778003 0.044499 0.046207
0 0.836551 0.486213 0.039345 0.043057
0 0.549827 0.481661 0.039025 0.041527
0 0.797708 0.303634 0.040874 0.044992
0 0.729008 0.522262 0.039345 0.043057
0 0.426265 0.425689 0.045530 0.056509
0 0.821939 0.425638 0.040554 0.043462
0 0.342633 0.582213 0.040234 0.041932
0 0.649033 0.418125 0.039345 0.043057
0 0.675840 0.540084 0.039345 0.043057
0 0.283545 0.571739 0.042970 0.044272
0 0.384209 0.502804 0.040874 0.044992
0 0.669565 0.506996 0.040874 0.044992
0 0.529259 0.389528 0.040625 0.049175
