0 0.411750 0.709090 0.038232 0.038553
0 0.343778 0.711355 0.027570 0.038198
0 0.112939 0.463111 0.028864 0.036688
0 0.404877 0.346807 0.036899 0.038509
0 0.130532 0.609552 0.040821 0.035533
0 0.414834 0.889465 0.040898 0.038642
0 0.708943 0.698409 0.038194 0.036999
0 0.709172 0.626054 0.039565 0.038598
0 0.139119 0.388336 0.028826 0.035133
0 0.189821 0.715708 0.036785 0.033845
0 0.112444 0.388447 0.028864 0.036688
0 0.109341 0.316204 0.031568 0.038331
0 0.239992 0.531224 0.036747 0.032291
0 0.867983 0.438728 0.040898 0.038642
0 0.870001 0.548348 0.039527 0.037043
0 0.404610 0.417607 0.035528 0.036910
0 0.460816 0.561206 0.036747 0.032291
0 0.298196 0.674756 0.036785 0.033845
0 0.756772 0.336637 0.036823 0.035400
0 0.354250 0.567091 0.036861 0.036954
0 0.705307 0.549947 0.035566 0.038465
0 0.810350 0.372970 0.040859 0.037088
0 0.348272 0.350250 0.035566 0.038465
0 0.809436 0.335660 0.040936 0.040197
0 0.457694 0.379276 0.034234 0.038420
0 0.129618 0.572243 0.040898 0.038642
0 0.540784 0.340723 0.036747 0.032291
0 0.299053 0.709734 0.036899 0.038509
0 0.701899 0.410812 0.035604 0.040019
0 0.349319 0.420228 0.036823 0.035400
0 0.758885 0.477370 0.036785 0.033845
0 0.813834 0.515213 0.040898 0.038642
0 0.868212 0.475283 0.039527 0.037043
0 0.760903 0.586990 0.038232 0.038553
0 0.464567 0.632650 0.040821 0.035533
0 0.592553 0.303213 0.032748 0.032157
0 0.406609 0.526450 0.036861 0.036954
0 0.710085 0.663364 0.036747 0.032291
0 0.705840 0.517256 0.032748 0.032157
0 0.645160 0.299904 0.036975 0.041618
0 0.600321 0.702028 0.036861 0.036954
0 0.245151 0.714642 0.040898 0.038642
0 0.185614 0.571155 0.040859 0.037088
0 0.541602 0.374146 0.034119 0.033756
0 0.545638 0.702295 0.036861 0.036954
0 0.140889 0.460624 0.028864 0.036688
0 0.812692 0.441349 0.036861 0.036954
0 0.599845 0.628142 0.031492 0.035222
0 0.543830 0.519543 0.036747 0.032291
0 0.756676 0.441660 0.036861 0.036954
0 0.650510 0.518322 0.034119 0.033756
0 0.296883 0.566669 0.036747 0.032291
0 0.864461 0.294930 0.040936 0.040197
0 0.543620 0.483766 0.032748 0.032157
0 0.706887 0.587234 0.036823 0.035400
0 0.350499 0.495647 0.038270 0.040108
0 0.187384 0.643442 0.040898 0.038642
0 0.183177 0.498889 0.036899 0.038509
0 0.541202 0.412278 0.036899 0.038509
0 0.237974 0.421604 0.040936 0.040197
0 0.292580 0.309320 0.040936 0.040197
0 0.370624 0.745467 0.026046 0.030381
0 0.453257 0.307077 0.036937 0.040064
0 0.180949 0.898037 0.028864 0.036688
0 0.189821 0.824617 0.039527 0.037043
0 0.411921 0.743313 0.034081 0.032202
0 0.875275 0.872566 0.039412 0.032380
0 0.510776 0.776581 0.024714 0.030336
0 0.875732 0.836766 0.036823 0.035400
0 0.305298 0.855775 0.036823 0.035400
0 0.110235 0.352736 0.028712 0.030470
0 0.303127 0.821619 0.036823 0.035400
0 0.370167 0.781267 0.028864 0.036688
0 0.342883 0.783732 0.027455 0.033534
0 0.493832 0.193704 0.032634 0.027494
0 0.350689 0.530647 0.036899 0.038509
0 0.192715 0.861083 0.040898 0.038642
0 0.714407 0.839808 0.036861 0.036954
0 0.304156 0.890820 0.040859 0.037088
0 0.132397 0.712954 0.036785 0.033845
0 0.497639 0.430844 0.028826 0.035133
0 0.140471 0.497978 0.028712 0.030470
0 0.132968 0.790727 0.039603 0.040152
0 0.875522 0.800989 0.040898 0.038642
0 0.866479 0.513459 0.034234 0.038420
0 0.415234 0.851334 0.038194 0.036999
0 0.711799 0.733320 0.036899 0.038509
0 0.464833 0.779668 0.036785 0.033845
0 0.185842 0.607709 0.036823 0.035400
0 0.872819 0.690614 0.040898 0.038642
0 0.138015 0.316026 0.027455 0.033534
0 0.545029 0.595740 0.035490 0.035355
0 0.410132 0.670248 0.039565 0.038598
0 0.182016 0.424247 0.038232 0.038553
0 0.291704 0.273565 0.037889 0.024562
0 0.205605 0.897216 0.027379 0.030425
0 0.539622 0.266081 0.032520 0.022830
0 0.180378 0.275719 0.036556 0.024518
0 0.865356 0.331463 0.040517 0.023096
0 0.753611 0.262062 0.036595 0.026072
0 0.133292 0.749486 0.036899 0.038509
0 0.413692 0.815601 0.036785 0.033845
0 0.494517 0.221687 0.032710 0.030603
0 0.765777 0.840430 0.040898 0.038642
0 0.184776 0.536954 0.040859 0.037088
0 0.497506 0.398175 0.030007 0.028959
0 0.875256 0.762879 0.039451 0.033934
0 0.465652 0.813091 0.036747 0.032291
0 0.659991 0.878184 0.035414 0.032246
0 0.302633 0.746955 0.036747 0.032291
0 0.499296 0.362331 0.032901 0.038376
0 0.545848 0.629163 0.035452 0.033801
0 0.190240 0.787263 0.036861 0.036954
0 0.865775 0.403017 0.035414 0.032246
0 0.548532 0.847670 0.035414 0.032246
0 0.342007 0.747977 0.027455 0.033534
0 0.761798 0.623523 0.035528 0.036910
0 0.709552 0.804964 0.036747 0.032291
0 0.353317 0.637913 0.039565 0.038598
0 0.549332 0.880316 0.038080 0.032335
0 0.714655 0.877140 0.040859 0.037088
0 0.298711 0.641288 0.036823 0.035400
0 0.466508 0.848069 0.036937 0.040064
0 0.763797 0.732365 0.036861 0.036954
0 0.140642 0.423292 0.027379 0.030425
0 0.132036 0.643731 0.039489 0.035489
0 0.190697 0.751463 0.039603 0.040152
0 0.762883 0.695055 0.036861 0.036954
0 0.812520 0.407126 0.038042 0.030781
0 0.301490 0.782000 0.038270 0.040108
0 0.602567 0.739294 0.034272 0.039975
0 0.242695 0.641599 0.036899 0.038509
0 0.355525 0.673624 0.036747 0.032291
0 0.113358 0.425757 0.028712 0.030470
0 0.369063 0.708957 0.027493 0.035089
0 0.409332 0.637602 0.036823 0.035400
0 0.872629 0.655614 0.039527 0.037043
0 0.548532 0.738761 0.038232 0.038553
0 0.464757 0.667650 0.039527 0.037043
0 0.711399 0.771452 0.036785 0.033845
0 0.656755 0.773272 0.036861 0.036954
0 0.659192 0.845538 0.035566 0.038465
0 0.871734 0.619081 0.036747 0.032291
0 0.296007 0.530913 0.034081 0.032202
0 0.127999 0.533400 0.036899 0.038509
0 0.766234 0.804631 0.038156 0.035444
0 0.764711 0.769675 0.036861 0.036954
0 0.468812 0.887667 0.036823 0.035400
0 0.658221 0.805896 0.038194 0.036999
0 0.868212 0.584192 0.036861 0.036954
0 0.809169 0.297550 0.036975 0.041618
0 0.548266 0.809561 0.036937 0.040064
0 0.496211 0.290865 0.032748 0.032157
0 0.463957 0.743913 0.039603 0.040152
0 0.413444 0.778269 0.038194 0.036999
0 0.131598 0.680308 0.036861 0.036954
0 0.187594 0.679220 0.036823 0.035400
0 0.767985 0.876141 0.038080 0.032335
0 0.761988 0.658523 0.036899 0.038509
0 0.456208 0.454784 0.032863 0.036821
0 0.138890 0.351782 0.027379 0.030425
0 0.651405 0.554855 0.034081 0.032202
0 0.549408 0.774516 0.035490 0.035355
0 0.657116 0.733586 0.036975 0.041618
0 0.874399 0.727902 0.042230 0.038687
0 0.235480 0.347007 0.036861 0.036954
0 0.345987 0.311430 0.035566 0.038465
0 0.705649 0.482256 0.036785 0.033845
0 0.864899 0.367262 0.040898 0.038642
0 0.238926 0.460469 0.038194 0.036999
0 0.463672 0.705026 0.038194 0.036999
0 0.243590 0.678132 0.036861 0.036954
0 0.183577 0.460757 0.036861 0.036954
0 0.592972 0.374768 0.035490 0.035355
0 0.646074 0.337214 0.039489 0.035489
0 0.241800 0.605067 0.036785 0.033845
0 0.406438 0.492227 0.035528 0.036910
0 0.353755 0.601336 0.036785 0.033845
0 0.755820 0.297772 0.036899 0.038509
0 0.350214 0.456760 0.036861 0.036954
0 0.650091 0.446767 0.036861 0.036954
0 0.459959 0.526228 0.036861 0.036954
0 0.700547 0.301170 0.032977 0.041485
0 0.295188 0.497490 0.036861 0.036954
0 0.702108 0.337681 0.036861 0.036954
0 0.652985 0.592142 0.038308 0.041663
0 0.754944 0.370926 0.036899 0.038509
0 0.458417 0.490495 0.035528 0.036910
0 0.403125 0.384206 0.036899 0.038509
0 0.811587 0.477948 0.040898 0.038642
0 0.405505 0.454140 0.035566 0.038465
0 0.234642 0.312806 0.036861 0.036954
0 0.756486 0.406659 0.038156 0.035444
0 0.647616 0.372947 0.038156 0.035444
0 0.236412 0.385094 0.036899 0.038509
0 0.495393 0.257442 0.032863 0.036821
0 0.455485 0.343565 0.036823 0.035400
0 0.542173 0.451919 0.036861 0.036954
0 0.598322 0.593186 0.035528 0.036910
0 0.702813 0.448122 0.038194 0.036999
0 0.401241 0.307255 0.036937 0.040064
0 0.701004 0.374280 0.035414 0.032246
0 0.456608 0.416652 0.035490 0.035355
0 0.408456 0.601847 0.034234 0.038420
0 0.546705 0.664141 0.038232 0.038553
0 0.759951 0.548126 0.040898 0.038642
0 0.180207 0.350405 0.038194 0.036999
0 0.593448 0.339746 0.038194 0.036999
0 0.239154 0.497024 0.036899 0.038509
0 0.759780 0.513903 0.036823 0.035400
0 0.294827 0.455494 0.038194 0.036999
0 0.595028 0.485942 0.036861 0.036954
0 0.408209 0.564515 0.038156 0.035444
0 0.349814 0.385983 0.036899 0.038509
0 0.293799 0.386293 0.039489 0.035489
0 0.539908 0.304967 0.036899 0.038509
0 0.296445 0.603246 0.036861 0.036954
0 0.593829 0.409746 0.038194 0.036999
0 0.294027 0.422848 0.038118 0.033890
0 0.461654 0.595406 0.036899 0.038509
0 0.594076 0.447078 0.042268 0.040241
0 0.544820 0.559962 0.036899 0.038509
0 0.597198 0.520099 0.036785 0.033845
0 0.240239 0.568556 0.038308 0.041663
0 0.649653 0.483344 0.039565 0.038598
0 0.598131 0.558186 0.036899 0.038509
0 0.599388 0.663941 0.036899 0.038509
0 0.179998 0.314627 0.034272 0.039975
0 0.648549 0.411034 0.038194 0.036999
0 0.292256 0.350560 0.038232 0.038553
0 0.183082 0.386093 0.036861 0.036954
