0 0.18660287081339716 0.4028520499108734 0.0414673046251994 0.035650623885918
0 0.8732057416267942 0.9367201426024956 0.0430622009569378 0.03743315508021394
0 0.8740031897926634 0.7718360071301248 0.04146730462519932 0.035650623885918
0 0.05263157894736842 0.3137254901960784 0.04146730462519937 0.039215686274509776
0 0.12200956937799043 0.929590017825312 0.0430622009569378 0.03743315508021394
0 0.8732057416267942 0.8556149732620322 0.0430622009569378 0.039215686274509776
0 0.12041467304625199 0.5204991087344029 0.03987240829346092 0.035650623885918
0 0.05422647527910686 0.39572192513368987 0.041467304625199354 0.04278074866310161
0 0.38516746411483255 0.9304812834224598 0.0430622009569378 0.039215686274509776
0 0.9545454545454546 0.5303030303030303 0.036682615629984094 0.03743315508021394
0 0.053429027113237645 0.7237076648841354 0.03987240829346093 0.039215686274509776
0 0.2527910685805423 0.9295900178253119 0.04306220095693783 0.04099821746880572
0 0.7424242424242424 0.8912655971479501 0.03987240829346095 0.035650623885918
0 0.9577352472089314 0.48841354723707664 0.03349282296650724 0.035650623885918
0 0.5007974481658692 0.39572192513368987 0.03189792663476876 0.03921568627450983
0 0.05263157894736842 0.8484848484848485 0.04146730462519937 0.04278074866310155
0 0.740829346092504 0.9304812834224598 0.0430622009569378 0.03565062388591811
0 0.11881977671451355 0.7629233511586453 0.04306220095693779 0.039215686274509776
0 0.6140350877192982 0.606060606060606 0.038277511961722355 0.03208556149732622
0 0.9577352472089314 0.4474153297682709 0.03349282296650724 0.032085561497326165
0 0.05342902711323763 0.8903743315508021 0.043062200956937795 0.0445632798573975
0 0.5015948963317385 0.18449197860962568 0.03349282296650713 0.030303030303030304
0 0.051834130781499205 0.6452762923351159 0.0430622009569378 0.04278074866310155
0 0.12280701754385964 0.39928698752228164 0.04146730462519936 0.039215686274509776
0 0.050239234449760764 0.7664884135472371 0.03987240829346092 0.03921568627450989
0 0.12041467304625199 0.6443850267379679 0.04306220095693783 0.04099821746880572
0 0.5526315789473685 0.320855614973262 0.04306220095693791 0.02495543672014261
0 0.9521531100478469 0.4117647058823529 0.038277511961722466 0.035650623885918
0 0.5015948963317385 0.15329768270944744 0.03349282296650713 0.028520499108734415
0 0.2527910685805423 0.7237076648841354 0.04306220095693783 0.024955436720142665
0 0.6826156299840511 0.2816399286987522 0.04146730462519943 0.028520499108734387
0 0.5023923444976076 0.3351158645276292 0.03827751196172241 0.028520499108734387
0 0.4513556618819777 0.23529411764705882 0.038277511961722466 0.02495543672014261
0 0.6124401913875598 0.8092691622103387 0.04146730462519921 0.024955436720142665
0 0.38516746411483255 0.7263814616755793 0.0430622009569378 0.02317290552584661
0 0.9425837320574162 0.24420677361853832 0.044657097288676284 0.024955436720142637
0 0.39074960127591707 0.23529411764705882 0.04146730462519932 0.028520499108734387
0 0.11961722488038279 0.8868092691622104 0.04465709728867624 0.04099821746880572
0 0.7464114832535885 0.24153297682709446 0.04146730462519943 0.0267379679144385
0 0.05502392344497607 0.23083778966131907 0.04306220095693778 0.0267379679144385
0 0.7472089314194578 0.2816399286987522 0.03987240829346095 0.03921568627450983
0 0.8779904306220097 0.24153297682709446 0.0430622009569378 0.0267379679144385
0 0.05342902711323763 0.47950089126559714 0.046251993620414655 0.02495543672014261
0 0.5 0.35650623885918004 0.030303030303030387 0.024955436720142554
0 0.2559808612440192 0.23529411764705882 0.043062200956937746 0.02495543672014261
0 0.05263157894736842 0.4411764705882353 0.04465709728867623 0.04812834224598933
0 0.6802232854864434 0.6096256684491979 0.04306220095693769 0.03921568627450989
0 0.11881977671451355 0.6844919786096257 0.04306220095693779 0.039215686274509776
0 0.5502392344497609 0.7272727272727273 0.03827751196172258 0.039215686274509776
0 0.7416267942583732 0.6907308377896613 0.04146730462519943 0.03743315508021394
0 0.5478468899521531 0.606060606060606 0.03987240829346095 0.039215686274509776
0 0.503189792663477 0.20855614973262032 0.033492822966507296 0.021390374331550777
0 0.12200956937799043 0.3172905525846702 0.0430622009569378 0.03921568627450983
0 0.44976076555023925 0.3235294117647059 0.041467304625199375 0.04099821746880572
0 0.12200956937799043 0.3591800356506239 0.0430622009569378 0.04099821746880572
0 0.6124401913875598 0.6488413547237077 0.04465709728867617 0.042780748663101664
0 0.7440191387559809 0.36363636363636365 0.03987240829346084 0.039215686274509776
0 0.32137161084529503 0.4028520499108734 0.0430622009569378 0.03921568627450983
0 0.2543859649122807 0.6051693404634582 0.03987240829346089 0.04099821746880561
0 0.7440191387559809 0.5276292335115864 0.03987240829346084 0.039215686274509776
0 0.6794258373205742 0.32085561497326204 0.04146730462519932 0.039215686274509776
0 0.8102073365231259 0.3698752228163993 0.03827751196172258 0.04099821746880572
0 0.7448165869218502 0.6096256684491979 0.04146730462519932 0.03921568627450989
0 0.6802232854864434 0.4456327985739751 0.03987240829346095 0.03921568627450983
0 0.3197767145135566 0.6488413547237077 0.04306220095693786 0.039215686274509776
0 0.6786283891547049 0.6880570409982174 0.0430622009569378 0.039215686274509776
0 0.5494417862838916 0.5276292335115864 0.0430622009569378 0.039215686274509776
0 0.6794258373205742 0.5276292335115864 0.04146730462519932 0.039215686274509776
0 0.25518341307814996 0.31907308377896615 0.03827751196172252 0.03921568627450983
0 0.8102073365231259 0.48484848484848486 0.03827751196172258 0.04278074866310161
0 0.45055821371610844 0.5659536541889483 0.0430622009569378 0.04099821746880572
0 0.44976076555023925 0.27718360071301246 0.041467304625199375 0.0445632798573975
0 0.5486443381180224 0.8092691622103387 0.03827751196172258 0.039215686274509776
0 0.6810207336523126 0.4055258467023173 0.038277511961722466 0.03743315508021394
0 0.7448165869218502 0.6488413547237077 0.04146730462519932 0.039215686274509776
0 0.3875598086124402 0.36274509803921573 0.03827751196172252 0.03743315508021389
0 0.6762360446570973 0.9322638146167558 0.04784688995215314 0.035650623885918
0 0.6124401913875598 0.48484848484848486 0.04146730462519921 0.03921568627450983
0 0.8763955342902712 0.4875222816399287 0.0430622009569378 0.04456327985739744
0 0.11961722488038276 0.4411764705882353 0.041467304625199375 0.04099821746880572
0 0.32216905901116427 0.27718360071301246 0.038277511961722466 0.0445632798573975
0 0.6156299840510366 0.40463458110516937 0.04146730462519932 0.03921568627450983
0 0.2543859649122807 0.8074866310160428 0.03987240829346089 0.04278074866310155
0 0.44976076555023925 0.4875222816399287 0.041467304625199375 0.04099821746880572
0 0.12280701754385964 0.27450980392156865 0.04146730462519936 0.04278074866310161
0 0.7440191387559809 0.4456327985739751 0.03987240829346084 0.03921568627450983
0 0.8763955342902712 0.6916221033868093 0.0430622009569378 0.04278074866310155
0 0.18740031897926634 0.7263814616755793 0.0430622009569378 0.04099821746880561
0 0.3883572567783094 0.606060606060606 0.0430622009569378 0.039215686274509776
0 0.8078149920255184 0.7736185383244207 0.0430622009569378 0.042780748663101664
0 0.44896331738437 0.7691622103386809 0.0430622009569378 0.04456327985739761
0 0.8086124401913876 0.732620320855615 0.04146730462519943 0.039215686274509776
0 0.6786283891547049 0.5668449197860963 0.0430622009569378 0.042780748663101664
0 0.8086124401913876 0.6122994652406417 0.04146730462519943 0.04099821746880572
0 0.7440191387559809 0.48484848484848486 0.03987240829346084 0.03921568627450983
0 0.12041467304625199 0.5597147950089126 0.03987240829346092 0.04278074866310155
0 0.8102073365231259 0.6916221033868093 0.03827751196172258 0.039215686274509776
0 0.55103668261563 0.44474153297682706 0.03987240829346095 0.03743315508021389
0 0.18500797448165868 0.6042780748663101 0.038277511961722493 0.04278074866310155
0 0.5470494417862839 0.8502673796791445 0.038277511961722466 0.042780748663101664
0 0.8118022328548644 0.28342245989304815 0.038277511961722466 0.03921568627450983
0 0.8748006379585327 0.6506238859180036 0.0430622009569378 0.03921568627450989
0 0.8763955342902712 0.5303030303030303 0.0430622009569378 0.04099821746880572
0 0.5478468899521531 0.7691622103386809 0.03987240829346095 0.04099821746880572
0 0.2535885167464115 0.44474153297682706 0.041467304625199375 0.03743315508021389
0 0.38516746411483255 0.8057040998217468 0.0430622009569378 0.042780748663101664
0 0.3883572567783094 0.4456327985739751 0.03987240829346095 0.03921568627450983
0 0.8102073365231259 0.5276292335115864 0.03827751196172258 0.039215686274509776
0 0.6124401913875598 0.5668449197860963 0.04146730462519921 0.039215686274509776
0 0.25518341307814996 0.27450980392156865 0.04465709728867623 0.04278074866310161
0 0.941786283891547 0.20499108734402852 0.0430622009569378 0.04278074866310161
0 0.5486443381180224 0.6880570409982174 0.04146730462519943 0.039215686274509776
0 0.8102073365231259 0.5686274509803921 0.03827751196172258 0.04278074866310155
0 0.8779904306220097 0.32798573975044565 0.0430622009569378 0.03921568627450983
0 0.18819776714513559 0.27450980392156865 0.03827751196172252 0.03921568627450983
0 0.8732057416267942 0.8128342245989304 0.0430622009569378 0.039215686274509776
0 0.3197767145135566 0.6880570409982174 0.03987240829346095 0.03208556149732622
0 0.6100478468899522 0.9304812834224598 0.0430622009569378 0.039215686274509776
0 0.25279106858054223 0.5196078431372548 0.03987240829346089 0.03743315508021394
0 0.25119617224880386 0.5650623885918004 0.043062200956937746 0.035650623885918
0 0.6116427432216905 0.8520499108734403 0.04306220095693769 0.03921568627450989
0 0.3197767145135566 0.7700534759358288 0.04306220095693786 0.039215686274509776
0 0.1842105263157895 0.9269162210338682 0.03987240829346092 0.039215686274509776
0 0.18580542264752792 0.8868092691622104 0.04306220095693783 0.04099821746880572
0 0.8748006379585327 0.7335115864527629 0.0430622009569378 0.03743315508021383
0 0.6770334928229664 0.8520499108734403 0.0430622009569378 0.03921568627450989
0 0.05023923444976078 0.6836007130124777 0.04306220095693783 0.04099821746880572
0 0.11961722488038277 0.6024955436720143 0.038277511961722493 0.039215686274509776
0 0.38596491228070173 0.8903743315508021 0.041467304625199375 0.04099821746880572
0 0.11961722488038276 0.7237076648841354 0.041467304625199375 0.039215686274509776
0 0.05342902711323763 0.8074866310160428 0.043062200956937795 0.03921568627450989
0 0.5007974481658692 0.8057040998217468 0.02870813397129196 0.024955436720142665
0 0.5015948963317385 0.22994652406417113 0.03349282296650713 0.035650623885918
0 0.5031897926634769 0.26559714795008915 0.030303030303030276 0.028520499108734387
0 0.6140350877192983 0.6898395721925135 0.04465709728867617 0.039215686274509776
0 0.1842105263157895 0.8449197860962567 0.03987240829346092 0.039215686274509776
0 0.4473684210526316 0.7263814616755793 0.03987240829346095 0.03743315508021394
0 0.25279106858054223 0.6479500891265597 0.03987240829346089 0.03743315508021383
0 0.051834130781499205 0.9322638146167558 0.0430622009569378 0.03921568627450989
0 0.12041467304625199 0.8021390374331551 0.03987240829346092 0.03921568627450989
0 0.8708133971291866 0.8975044563279857 0.04146730462519943 0.04099821746880572
0 0.8755980861244019 0.3707664884135472 0.04146730462519943 0.04278074866310161
0 0.9433811802232854 0.16399286987522282 0.0430622009569378 0.0392156862745098
0 0.2527910685805423 0.8877005347593583 0.04306220095693783 0.03921568627450989
0 0.44896331738437 0.606060606060606 0.0430622009569378 0.039215686274509776
0 0.7424242424242424 0.8511586452762924 0.0430622009569378 0.04099821746880572
0 0.4505582137161085 0.8511586452762924 0.03987240829346089 0.04099821746880572
0 0.7424242424242424 0.8128342245989304 0.0430622009569378 0.039215686274509776
0 0.18580542264752792 0.44206773618538325 0.03987240829346092 0.039215686274509776
0 0.4505582137161085 0.5240641711229946 0.03987240829346089 0.035650623885918
0 0.3197767145135566 0.5659536541889483 0.04306220095693786 0.04099821746880572
0 0.05342902711323763 0.5160427807486632 0.043062200956937795 0.0445632798573975
0 0.2543859649122807 0.8484848484848484 0.03987240829346089 0.039215686274509776
0 0.44896331738437 0.6871657754010696 0.0430622009569378 0.03743315508021394
0 0.3843700159489633 0.8484848484848484 0.038277511961722466 0.039215686274509776
0 0.1842105263157895 0.8057040998217468 0.03987240829346092 0.039215686274509776
0 0.6124401913875598 0.7736185383244207 0.04465709728867617 0.039215686274509776
0 0.4505582137161085 0.6479500891265597 0.03987240829346089 0.04099821746880572
0 0.6770334928229664 0.8912655971479502 0.0430622009569378 0.039215686274509776
0 0.4976076555023924 0.44206773618538325 0.03508771929824572 0.039215686274509776
0 0.6116427432216905 0.8903743315508021 0.04306220095693769 0.04099821746880572
0 0.6778309409888357 0.7700534759358288 0.04146730462519932 0.039215686274509776
0 0.8102073365231259 0.44563279857397503 0.03827751196172258 0.035650623885918
0 0.6786283891547049 0.6479500891265597 0.0430622009569378 0.04099821746880572
0 0.7440191387559809 0.7727272727272727 0.0430622009569378 0.04099821746880572
0 0.5486443381180224 0.6479500891265597 0.04146730462519943 0.03743315508021383
0 0.1842105263157895 0.6479500891265597 0.03987240829346092 0.03743315508021383
0 0.051834130781499205 0.6051693404634582 0.0430622009569378 0.04099821746880561
0 0.8732057416267942 0.6114081996434937 0.036682615629984094 0.039215686274509776
0 0.5478468899521531 0.5668449197860963 0.03987240829346095 0.039215686274509776
0 0.05422647527910686 0.35561497326203206 0.041467304625199354 0.040998217468805664
0 0.12041467304625199 0.8440285204991087 0.03987240829346092 0.04099821746880572
0 0.39074960127591707 0.27718360071301246 0.04146730462519932 0.0445632798573975
0 0.1842105263157895 0.6862745098039216 0.03987240829346092 0.03921568627450989
0 0.18580542264752792 0.7664884135472371 0.04306220095693783 0.03921568627450989
0 0.18580542264752792 0.5632798573975044 0.03987240829346092 0.035650623885918
0 0.941786283891547 0.3244206773618538 0.0430622009569378 0.035650623885918
0 0.05422647527910686 0.2709447415329768 0.041467304625199354 0.042780748663101636
0 0.6770334928229664 0.7299465240641712 0.0430622009569378 0.04099821746880572
0 0.3213716108452951 0.5231729055258467 0.03987240829346089 0.04099821746880572
0 0.8102073365231259 0.6524064171122994 0.03827751196172258 0.039215686274509776
0 0.3883572567783094 0.6880570409982174 0.03987240829346095 0.039215686274509776
0 0.6124401913875598 0.7299465240641712 0.04146730462519921 0.0445632798573975
0 0.8763955342902712 0.570409982174688 0.0430622009569378 0.039215686274509776
0 0.2527910685805423 0.7629233511586453 0.04306220095693783 0.04278074866310155
0 0.6778309409888357 0.8119429590017826 0.04146730462519932 0.03743315508021394
0 0.4505582137161085 0.8092691622103387 0.03987240829346089 0.039215686274509776
0 0.18580542264752792 0.5231729055258467 0.04306220095693783 0.0445632798573975
0 0.053429027113237645 0.5632798573975044 0.03987240829346093 0.042780748663101664
0 0.9425837320574162 0.3672014260249554 0.04146730462519932 0.04278074866310161
0 0.386762360446571 0.7620320855614973 0.0430622009569378 0.04099821746880561
0 0.3875598086124402 0.6479500891265597 0.03827751196172252 0.04099821746880572
0 0.11961722488038276 0.48128342245989303 0.041467304625199375 0.035650623885918
0 0.386762360446571 0.5632798573975044 0.0430622009569378 0.042780748663101664
0 0.2543859649122807 0.6880570409982174 0.043062200956937746 0.039215686274509776
0 0.3197767145135566 0.6087344028520499 0.04306220095693786 0.04099821746880572
0 0.3181818181818181 0.7263814616755793 0.039872408293461004 0.04099821746880561
0 0.8118022328548644 0.40819964349376114 0.038277511961722466 0.035650623885918
0 0.18819776714513559 0.31996434937611407 0.03827751196172252 0.03743315508021389
0 0.5502392344497608 0.4028520499108734 0.04465709728867617 0.04278074866310161
0 0.7432216905901117 0.570409982174688 0.038277511961722466 0.039215686274509776
0 0.5510366826156299 0.4875222816399287 0.0430622009569378 0.04099821746880572
0 0.3875598086124402 0.40463458110516937 0.041467304625199375 0.04278074866310161
0 0.32057416267942584 0.36363636363636365 0.041467304625199375 0.039215686274509776
0 0.38915470494417864 0.32085561497326204 0.038277511961722466 0.039215686274509776
0 0.3213716108452951 0.44206773618538325 0.03987240829346089 0.039215686274509776
0 0.3875598086124402 0.48484848484848486 0.041467304625199375 0.03921568627450983
0 0.32057416267942584 0.32085561497326204 0.041467304625199375 0.039215686274509776
0 0.4505582137161085 0.4456327985739751 0.03987240829346089 0.03921568627450983
0 0.6148325358851674 0.2807486631016043 0.03987240829346084 0.04099821746880572
0 0.6140350877192983 0.5276292335115864 0.04465709728867617 0.042780748663101664
0 0.6794258373205742 0.48484848484848486 0.04146730462519932 0.03921568627450983
0 0.8118022328548644 0.32442067736185387 0.038277511961722466 0.04278074866310161
0 0.2543859649122807 0.48128342245989303 0.03668261562998404 0.039215686274509776
0 0.7448165869218502 0.4055258467023173 0.04146730462519932 0.04099821746880572
0 0.7472089314194578 0.32442067736185387 0.03987240829346095 0.03921568627450983
0 0.6148325358851674 0.32085561497326204 0.03668261562998398 0.039215686274509776
0 0.18899521531100477 0.36007130124777187 0.043062200956937774 0.03921568627450983
0 0.2535885167464115 0.36007130124777187 0.041467304625199375 0.03921568627450983
0 0.7440191387559809 0.7308377896613191 0.0430622009569378 0.03921568627450989
0 0.5502392344497608 0.36274509803921573 0.04146730462519943 0.03743315508021389
0 0.6794258373205742 0.36363636363636365 0.04146730462519932 0.039215686274509776
0 0.3213716108452951 0.48395721925133695 0.03987240829346089 0.03743315508021389
0 0.8755980861244019 0.28431372549019607 0.04465709728867617 0.048128342245989275
0 0.9433811802232854 0.28431372549019607 0.0430622009569378 0.0445632798573975
0 0.44976076555023925 0.36363636363636365 0.038277511961722466 0.039215686274509776
0 0.2543859649122807 0.4028520499108734 0.043062200956937746 0.04278074866310161
0 0.18740031897926637 0.4830659536541889 0.03987240829346095 0.03921568627450983
0 0.44976076555023925 0.40463458110516937 0.041467304625199375 0.03921568627450983
0 0.6140350877192983 0.4447415329768271 0.04465709728867617 0.04099821746880572
0 0.6148325358851674 0.36363636363636365 0.03987240829346084 0.039215686274509776
0 0.5502392344497608 0.2816399286987522 0.04465709728867617 0.046345811051693386
