0 0.807813 0.272727 0.037500 0.049587
0 0.506250 0.313017 0.031250 0.039256
0 0.504687 0.280992 0.028125 0.020661
0 0.504688 0.111570 0.037500 0.045455
0 0.810156 0.799587 0.042188 0.045455
0 0.745313 0.177686 0.040625 0.049587
0 0.938281 0.888430 0.042188 0.045455
0 0.066406 0.461777 0.042188 0.047521
0 0.808594 0.461777 0.032813 0.043388
0 0.809375 0.556818 0.037500 0.039256
0 0.064844 0.747934 0.042188 0.045455
0 0.392188 0.846074 0.043750 0.055785
0 0.550781 0.888430 0.042188 0.045455
0 0.503906 0.157025 0.032813 0.037190
0 0.808594 0.602273 0.039062 0.047521
0 0.936719 0.651860 0.032813 0.043388
0 0.938281 0.841942 0.042188 0.047521
0 0.391406 0.795455 0.042188 0.045455
0 0.875781 0.888430 0.042188 0.045455
0 0.937500 0.750000 0.037500 0.049587
0 0.875000 0.795455 0.040625 0.045455
0 0.936719 0.131198 0.042188 0.043388
0 0.132031 0.318182 0.042188 0.053719
0 0.553906 0.793388 0.039062 0.037190
0 0.935156 0.321281 0.039062 0.039256
0 0.938281 0.936983 0.042188 0.047521
0 0.875000 0.751033 0.040625 0.043388
0 0.936719 0.603306 0.042188 0.049587
0 0.553906 0.561983 0.042188 0.045455
0 0.874219 0.938017 0.045312 0.045455
0 0.810156 0.751033 0.042188 0.047521
0 0.875781 0.841942 0.042188 0.047521
0 0.617187 0.938017 0.043750 0.037190
0 0.455469 0.461777 0.039062 0.043388
0 0.066406 0.842975 0.042188 0.045455
0 0.196875 0.842975 0.040625 0.041322
0 0.327344 0.512397 0.042188 0.049587
0 0.807813 0.508264 0.037500 0.049587
0 0.809375 0.318182 0.037500 0.041322
0 0.807813 0.415289 0.037500 0.045455
0 0.615625 0.747934 0.043750 0.045455
0 0.937500 0.796488 0.040625 0.043388
0 0.550781 0.754132 0.042188 0.045455
0 0.553906 0.609504 0.039062 0.045455
0 0.615625 0.413223 0.037500 0.045455
0 0.552344 0.702479 0.042188 0.049587
0 0.065625 0.605372 0.043750 0.049587
0 0.935937 0.177686 0.040625 0.045455
0 0.615625 0.842975 0.043750 0.049587
0 0.617188 0.461777 0.040625 0.051653
0 0.552344 0.938017 0.042188 0.049587
0 0.132031 0.841942 0.042188 0.043388
0 0.453906 0.701446 0.042188 0.043388
0 0.391406 0.896694 0.042188 0.045455
0 0.808594 0.888430 0.042188 0.049587
0 0.810156 0.702479 0.042188 0.045455
0 0.874219 0.603306 0.042188 0.045455
0 0.262500 0.318182 0.040625 0.045455
0 0.935156 0.078512 0.042188 0.057851
0 0.453906 0.747934 0.042188 0.045455
0 0.130469 0.747934 0.042188 0.045455
0 0.553906 0.657025 0.042188 0.045455
0 0.615625 0.894628 0.043750 0.045455
0 0.261719 0.654959 0.042188 0.041322
0 0.263281 0.842975 0.042187 0.045455
0 0.130469 0.607438 0.039063 0.045455
0 0.197656 0.318182 0.039063 0.045455
0 0.874219 0.654959 0.042188 0.045455
0 0.391406 0.606405 0.042188 0.047521
0 0.197656 0.606405 0.042188 0.043388
0 0.872656 0.321281 0.042188 0.047521
0 0.811719 0.652893 0.042188 0.049587
0 0.391406 0.511364 0.042188 0.047521
0 0.871875 0.508264 0.037500 0.045455
0 0.391406 0.466942 0.042188 0.045455
0 0.325781 0.751033 0.042188 0.051653
0 0.065625 0.416322 0.040625 0.047521
0 0.615625 0.367769 0.037500 0.045455
0 0.328125 0.173554 0.037500 0.045455
0 0.065625 0.944215 0.043750 0.049587
0 0.067187 0.221074 0.037500 0.045455
0 0.197656 0.511364 0.039063 0.043388
0 0.196094 0.652893 0.042188 0.045455
0 0.132812 0.267562 0.037500 0.047521
0 0.507031 0.024793 0.032813 0.037190
0 0.453906 0.510331 0.042188 0.049587
0 0.196875 0.367769 0.043750 0.049587
0 0.064844 0.795455 0.042188 0.049587
0 0.264062 0.223140 0.043750 0.049587
0 0.807813 0.177686 0.037500 0.049587
0 0.130469 0.793388 0.042188 0.045455
0 0.261719 0.415289 0.042188 0.045455
0 0.194531 0.698347 0.042188 0.049587
0 0.936719 0.508264 0.042188 0.045455
0 0.394531 0.417355 0.039062 0.045455
0 0.196875 0.169421 0.037500 0.049587
0 0.935937 0.226240 0.040625 0.047521
0 0.453906 0.413223 0.042188 0.049587
0 0.260156 0.606405 0.042187 0.051653
0 0.132031 0.511364 0.042188 0.047521
0 0.132031 0.557851 0.042188 0.049587
0 0.131250 0.416322 0.040625 0.047521
0 0.554688 0.417355 0.037500 0.045455
0 0.617969 0.033058 0.042187 0.049587
0 0.936719 0.365702 0.042188 0.049587
0 0.328906 0.272727 0.039062 0.045455
0 0.393750 0.173554 0.037500 0.049587
0 0.553906 0.466942 0.039062 0.049587
0 0.261719 0.557851 0.042188 0.045455
0 0.554688 0.325413 0.037500 0.047521
0 0.391406 0.322314 0.042188 0.045455
0 0.328906 0.322314 0.039062 0.045455
0 0.615625 0.177686 0.037500 0.045455
0 0.133594 0.172521 0.039062 0.047521
0 0.262500 0.272727 0.040625 0.045455
0 0.263281 0.512397 0.042187 0.049587
0 0.198437 0.222107 0.037500 0.047521
0 0.134375 0.221074 0.040625 0.049587
0 0.935156 0.272727 0.042188 0.045455
0 0.328906 0.367769 0.039062 0.045455
0 0.261719 0.366736 0.042188 0.047521
0 0.066406 0.556818 0.042188 0.051653
0 0.553125 0.276860 0.037500 0.045455
0 0.617188 0.132231 0.040625 0.045455
0 0.067187 0.267562 0.040625 0.047521
0 0.196094 0.417355 0.039062 0.045455
0 0.264062 0.127066 0.043750 0.043388
0 0.871094 0.272727 0.042188 0.045455
0 0.394531 0.369835 0.039062 0.049587
0 0.554688 0.371901 0.037500 0.045455
0 0.196875 0.268595 0.040625 0.045455
0 0.328125 0.417355 0.040625 0.049587
0 0.504688 0.252066 0.037500 0.045455
0 0.808594 0.841942 0.039062 0.043388
0 0.081250 0.652893 0.028125 0.033058
0 0.510156 0.799587 0.023438 0.037190
0 0.455469 0.366736 0.042188 0.030992
0 0.326562 0.557851 0.040625 0.045455
0 0.067187 0.317149 0.040625 0.051653
0 0.553906 0.840909 0.042188 0.049587
0 0.263281 0.747934 0.042187 0.045455
0 0.132031 0.461777 0.042188 0.047521
0 0.262500 0.891529 0.043750 0.047521
0 0.131250 0.891529 0.040625 0.051653
0 0.615625 0.557851 0.043750 0.049587
0 0.392969 0.941116 0.042188 0.047521
0 0.197656 0.746901 0.042188 0.043388
0 0.615625 0.702479 0.046875 0.045455
0 0.197656 0.891529 0.042188 0.047521
0 0.453906 0.606405 0.042188 0.051653
0 0.391406 0.652893 0.042188 0.045455
0 0.681250 0.085744 0.037500 0.047521
0 0.875000 0.705579 0.043750 0.047521
0 0.935156 0.461777 0.042188 0.047521
0 0.617188 0.792355 0.040625 0.047521
0 0.936719 0.556818 0.042188 0.043388
0 0.328125 0.466942 0.037500 0.041322
0 0.453906 0.842975 0.042188 0.049587
0 0.454688 0.891529 0.040625 0.047521
0 0.263281 0.797521 0.042187 0.045455
0 0.132812 0.942149 0.037500 0.045455
0 0.935156 0.415289 0.042188 0.045455
0 0.264062 0.074380 0.043750 0.049587
0 0.065625 0.169421 0.037500 0.049587
0 0.065625 0.697314 0.043750 0.055785
0 0.391406 0.751033 0.042188 0.043388
0 0.614062 0.510331 0.040625 0.045455
0 0.553125 0.515496 0.040625 0.043388
0 0.196875 0.936983 0.043750 0.043388
0 0.809375 0.225207 0.037500 0.041322
0 0.130469 0.701446 0.042188 0.047521
0 0.263281 0.938017 0.045312 0.045455
0 0.936719 0.698347 0.042188 0.049587
0 0.196875 0.793388 0.040625 0.053719
0 0.392188 0.704545 0.043750 0.049587
0 0.871875 0.557851 0.040625 0.045455
0 0.455469 0.793388 0.039062 0.045455
0 0.614062 0.607438 0.043750 0.049587
0 0.326562 0.607438 0.043750 0.045455
0 0.392969 0.560950 0.042188 0.043388
0 0.325781 0.702479 0.042188 0.045455
0 0.454688 0.938017 0.040625 0.045455
0 0.682031 0.033058 0.042188 0.049587
0 0.066406 0.508264 0.039062 0.045455
0 0.325781 0.654959 0.042188 0.045455
0 0.808594 0.363636 0.042188 0.049587
0 0.615625 0.322314 0.037500 0.045455
0 0.871875 0.415289 0.040625 0.045455
0 0.065625 0.369835 0.040625 0.045455
0 0.615625 0.657025 0.046875 0.045455
0 0.130469 0.652893 0.042188 0.045455
0 0.263281 0.461777 0.042187 0.047521
0 0.810156 0.938017 0.042188 0.045455
0 0.871875 0.367769 0.040625 0.045455
0 0.065625 0.892562 0.043750 0.049587
0 0.197656 0.462810 0.039063 0.045455
0 0.132031 0.370868 0.039062 0.043388
0 0.453906 0.654959 0.042188 0.045455
0 0.873437 0.461777 0.037500 0.047521
0 0.872656 0.176653 0.039062 0.051653
0 0.503906 0.061983 0.032813 0.037190
0 0.263281 0.701446 0.042187 0.047521
0 0.455469 0.557851 0.042188 0.045455
0 0.455469 0.321281 0.039062 0.043388
0 0.264062 0.173554 0.043750 0.045455
0 0.197656 0.557851 0.042188 0.045455
0 0.553125 0.230372 0.037500 0.047521
0 0.455469 0.169421 0.039062 0.045455
0 0.454688 0.222107 0.040625 0.051653
0 0.872656 0.227273 0.042188 0.045455
0 0.455469 0.272727 0.039062 0.049587
0 0.617188 0.276860 0.040625 0.045455
0 0.328125 0.225207 0.040625 0.049587
0 0.392969 0.225207 0.042188 0.045455
0 0.616406 0.084711 0.042188 0.049587
0 0.391406 0.272727 0.042188 0.045455
0 0.553125 0.180785 0.040625 0.051653
0 0.615625 0.226240 0.043750 0.051653
