0 0.108815 0.555344 0.033058 0.045802
0 0.638430 0.957061 0.037190 0.043893
0 0.640496 0.600191 0.033058 0.043893
0 0.484848 0.184160 0.033058 0.040076
0 0.383609 0.869275 0.037190 0.040076
0 0.637741 0.870229 0.038567 0.038168
0 0.694904 0.691794 0.037190 0.043893
0 0.210744 0.732824 0.035813 0.041985
0 0.581956 0.914122 0.037190 0.038168
0 0.696281 0.560115 0.037190 0.040076
0 0.754821 0.156489 0.033058 0.049618
0 0.865014 0.604008 0.035813 0.043893
0 0.269284 0.914122 0.037190 0.045802
0 0.439394 0.554389 0.035813 0.040076
0 0.867080 0.470420 0.037190 0.040076
0 0.386364 0.643130 0.037190 0.038168
0 0.439394 0.692748 0.035813 0.045802
0 0.696281 0.515267 0.037190 0.045802
0 0.081956 0.239504 0.028926 0.040076
0 0.867769 0.426527 0.035813 0.043893
0 0.081956 0.510496 0.028926 0.043893
0 0.154270 0.373092 0.033058 0.040076
0 0.212121 0.958015 0.033058 0.041985
0 0.696281 0.378817 0.037190 0.040076
0 0.755510 0.205153 0.037190 0.040076
0 0.269972 0.333015 0.035813 0.043893
0 0.108815 0.416985 0.030303 0.047710
0 0.211433 0.598282 0.037190 0.043893
0 0.639807 0.781489 0.037190 0.043893
0 0.082645 0.283397 0.030303 0.043893
0 0.383609 0.958969 0.037190 0.043893
0 0.110882 0.239504 0.028926 0.043893
0 0.526860 0.958969 0.037190 0.043893
0 0.384986 0.914122 0.037190 0.045802
0 0.811983 0.470420 0.037190 0.040076
0 0.582645 0.600191 0.035813 0.040076
0 0.439394 0.954198 0.035813 0.041985
0 0.155647 0.599237 0.033058 0.034351
0 0.695592 0.422710 0.035813 0.040076
0 0.581956 0.781489 0.037190 0.043893
0 0.329201 0.376908 0.033058 0.043893
0 0.867080 0.333969 0.037190 0.038168
0 0.528237 0.825382 0.037190 0.043893
0 0.439394 0.421756 0.033058 0.038168
0 0.696970 0.333015 0.033058 0.043893
0 0.867769 0.378817 0.038567 0.043893
0 0.698347 0.289122 0.035813 0.043893
0 0.439394 0.600191 0.035813 0.043893
0 0.640496 0.558206 0.035813 0.040076
0 0.528237 0.688931 0.037190 0.041985
0 0.526860 0.555344 0.037190 0.045802
0 0.269284 0.781489 0.037190 0.043893
0 0.271350 0.377863 0.038567 0.038168
0 0.809229 0.559160 0.037190 0.049618
0 0.809229 0.290076 0.034435 0.038168
0 0.526860 0.600191 0.037190 0.043893
0 0.528237 0.376908 0.034435 0.040076
0 0.639807 0.910305 0.037190 0.045802
0 0.867080 0.292939 0.037190 0.043893
0 0.810606 0.245229 0.037190 0.047710
0 0.383609 0.825382 0.037190 0.043893
0 0.638430 0.825382 0.037190 0.043893
0 0.269284 0.869275 0.037190 0.043893
0 0.526860 0.869275 0.037190 0.043893
0 0.439394 0.909351 0.038567 0.047710
0 0.639807 0.737595 0.037190 0.043893
0 0.385675 0.466603 0.038567 0.043893
0 0.270661 0.510496 0.037190 0.043893
0 0.584711 0.377863 0.037190 0.041985
0 0.868457 0.248092 0.037190 0.045802
0 0.154959 0.688931 0.037190 0.045802
0 0.155647 0.510496 0.041322 0.043893
0 0.212121 0.329198 0.035813 0.043893
0 0.581956 0.555344 0.037190 0.045802
0 0.526860 0.914122 0.039945 0.045802
0 0.387052 0.239504 0.033058 0.047710
0 0.640496 0.470420 0.035813 0.043893
0 0.329890 0.239504 0.034435 0.043893
0 0.269284 0.691794 0.037190 0.043893
0 0.528237 0.466603 0.037190 0.043893
0 0.154270 0.417939 0.038567 0.045802
0 0.214187 0.283397 0.037190 0.043893
0 0.583333 0.465649 0.037190 0.045802
0 0.639807 0.687977 0.037190 0.047710
0 0.582645 0.687023 0.038567 0.045802
0 0.640496 0.336832 0.035813 0.040076
0 0.328512 0.603053 0.037190 0.045802
0 0.639807 0.292939 0.037190 0.047710
0 0.387741 0.283397 0.037190 0.043893
0 0.212121 0.374046 0.038567 0.045802
0 0.695592 0.604008 0.038567 0.043893
0 0.270661 0.599237 0.037190 0.045802
0 0.753444 0.426527 0.038567 0.043893
0 0.212810 0.466603 0.037190 0.043893
0 0.330579 0.329198 0.035813 0.043893
0 0.270661 0.735687 0.037190 0.043893
0 0.269972 0.465649 0.038567 0.041985
0 0.328512 0.692748 0.039945 0.049618
0 0.385675 0.329198 0.038567 0.043893
0 0.641185 0.244275 0.037190 0.049618
0 0.439394 0.244275 0.033058 0.045802
0 0.442149 0.332061 0.038567 0.041985
0 0.154270 0.280534 0.041322 0.049618
0 0.439394 0.376908 0.035813 0.043893
0 0.328512 0.555344 0.037190 0.049618
0 0.754132 0.598282 0.039945 0.051527
0 0.327824 0.509542 0.035813 0.045802
0 0.272727 0.239504 0.041322 0.047710
0 0.387741 0.376908 0.037190 0.043893
0 0.269972 0.554389 0.038567 0.043893
0 0.269284 0.825382 0.037190 0.043893
0 0.752755 0.467557 0.037190 0.041985
0 0.583333 0.510496 0.037190 0.043893
0 0.865014 0.691794 0.038567 0.043893
0 0.440083 0.777672 0.034435 0.040076
0 0.139807 0.959924 0.026171 0.038168
0 0.751377 0.691794 0.037190 0.043893
0 0.752755 0.737595 0.037190 0.043893
0 0.439394 0.735687 0.035813 0.040076
0 0.139118 0.874046 0.024793 0.038168
0 0.752755 0.824427 0.037190 0.038168
0 0.141185 0.781489 0.028926 0.036260
0 0.267906 0.957061 0.037190 0.040076
0 0.752066 0.957061 0.038567 0.043893
0 0.582645 0.957061 0.035813 0.040076
0 0.439394 0.865458 0.035813 0.040076
0 0.439394 0.644084 0.038567 0.043893
0 0.752755 0.781489 0.037190 0.043893
0 0.082645 0.372137 0.027548 0.034351
0 0.439394 0.510496 0.038567 0.047710
0 0.751377 0.869275 0.037190 0.043893
0 0.865014 0.736641 0.038567 0.045802
0 0.487603 0.312977 0.030303 0.045802
0 0.081956 0.460878 0.031680 0.043893
0 0.865014 0.824427 0.038567 0.026718
0 0.484848 0.225191 0.033058 0.034351
0 0.490358 0.820611 0.024793 0.038168
0 0.867080 0.200382 0.037190 0.030534
0 0.583333 0.643130 0.037190 0.026718
0 0.272727 0.190840 0.038567 0.030534
0 0.641873 0.195611 0.038567 0.028626
0 0.754132 0.554389 0.037190 0.024809
0 0.387741 0.194656 0.037190 0.026718
0 0.386364 0.598282 0.037190 0.028626
0 0.864325 0.915076 0.037190 0.043893
0 0.483471 0.400763 0.027548 0.041985
0 0.865702 0.958015 0.039945 0.041985
0 0.485537 0.357824 0.028926 0.036260
0 0.108127 0.328244 0.028926 0.038168
0 0.867080 0.514313 0.037190 0.047710
0 0.865702 0.866412 0.039945 0.049618
0 0.751377 0.913168 0.037190 0.043893
0 0.865014 0.782443 0.038567 0.045802
0 0.582645 0.869275 0.033058 0.043893
0 0.083333 0.328244 0.028926 0.045802
0 0.081956 0.417939 0.026171 0.041985
0 0.486226 0.141221 0.033058 0.038168
0 0.167355 0.785305 0.028926 0.036260
0 0.168733 0.959924 0.028926 0.034351
0 0.439394 0.288168 0.035813 0.041985
0 0.639807 0.514313 0.037190 0.043893
0 0.112259 0.510496 0.028926 0.040076
0 0.109504 0.373092 0.028926 0.040076
0 0.110882 0.466603 0.028926 0.040076
0 0.865014 0.647901 0.035813 0.047710
0 0.440083 0.821565 0.034435 0.043893
0 0.109504 0.284351 0.028926 0.041985
0 0.486226 0.101145 0.033058 0.034351
0 0.526171 0.644084 0.035813 0.043893
0 0.865014 0.560115 0.035813 0.040076
0 0.639807 0.644084 0.037190 0.043893
0 0.210055 0.913168 0.037190 0.043893
0 0.267906 0.644084 0.034435 0.047710
0 0.384986 0.781489 0.037190 0.043893
0 0.811983 0.426527 0.037190 0.043893
0 0.153581 0.643130 0.037190 0.045802
0 0.528926 0.420802 0.035813 0.043893
0 0.528237 0.510496 0.037190 0.043893
0 0.696970 0.466603 0.033058 0.047710
0 0.212121 0.420802 0.038567 0.040076
0 0.210055 0.643130 0.037190 0.045802
0 0.385675 0.420802 0.035813 0.043893
0 0.584022 0.333015 0.033058 0.040076
0 0.152204 0.737595 0.039945 0.043893
0 0.211433 0.821565 0.037190 0.047710
0 0.528237 0.243321 0.034435 0.043893
0 0.211433 0.776718 0.037190 0.041985
0 0.169421 0.917939 0.030303 0.041985
0 0.386364 0.687977 0.037190 0.047710
0 0.271350 0.420802 0.041322 0.043893
0 0.753444 0.249046 0.035813 0.043893
0 0.754132 0.382634 0.039945 0.043893
0 0.584022 0.245229 0.033058 0.043893
0 0.327824 0.422710 0.035813 0.043893
0 0.640496 0.425573 0.035813 0.041985
0 0.329890 0.285305 0.037190 0.043893
0 0.327135 0.646947 0.037190 0.041985
0 0.640496 0.378817 0.035813 0.043893
0 0.754821 0.290076 0.041322 0.041985
0 0.528237 0.289122 0.037190 0.043893
0 0.329201 0.465649 0.033058 0.038168
0 0.168044 0.870229 0.033058 0.045802
0 0.809229 0.514313 0.037190 0.043893
0 0.155647 0.465649 0.035813 0.041985
0 0.753444 0.337786 0.038567 0.045802
0 0.154270 0.329198 0.038567 0.043893
0 0.386364 0.559160 0.037190 0.041985
0 0.809917 0.333015 0.035813 0.043893
0 0.211433 0.554389 0.037190 0.047710
0 0.754132 0.515267 0.037190 0.049618
0 0.584022 0.289122 0.035813 0.043893
0 0.698347 0.245229 0.035813 0.043893
0 0.214876 0.238550 0.035813 0.045802
0 0.154270 0.233779 0.035813 0.043893
0 0.526171 0.780534 0.038567 0.045802
0 0.811983 0.382634 0.034435 0.043893
0 0.271350 0.288168 0.038567 0.041985
0 0.386364 0.511450 0.037190 0.045802
0 0.582645 0.735687 0.038567 0.047710
0 0.386364 0.737595 0.037190 0.043893
0 0.528237 0.333015 0.031680 0.040076
0 0.694904 0.647901 0.037190 0.043893
0 0.154959 0.558206 0.037190 0.043893
0 0.440083 0.465649 0.034435 0.041985
0 0.583333 0.421756 0.037190 0.038168
0 0.210055 0.869275 0.037190 0.043893
0 0.212121 0.509542 0.033058 0.038168
0 0.526171 0.735687 0.038567 0.043893
0 0.754132 0.647901 0.039945 0.043893
0 0.168733 0.826336 0.028926 0.038168
0 0.582645 0.825382 0.035813 0.043893
0 0.140496 0.915076 0.030303 0.043893
0 0.140496 0.826336 0.027548 0.041985
0 0.210055 0.687977 0.037190 0.043893
