0 0.2980877390326209 0.29646017699115046 0.03374578177727783 0.04424778761061948
0 0.5601799775028121 0.7070796460176991 0.03374578177727794 0.04424778761061965
0 0.624859392575928 0.39292035398230085 0.019122609673790758 0.035398230088495575
0 0.7800899887514061 0.39026548672566375 0.023622047244094557 0.03716814159292031
0 0.469066366704162 0.7044247787610618 0.026996625421822296 0.038938053097345215
0 0.46794150731158607 0.9327433628318584 0.022497187851518552 0.03539823008849552
0 0.10067491563554556 0.879646017699115 0.021372328458942644 0.03539823008849552
0 0.44263217097862767 0.8389380530973451 0.023622047244094446 0.038938053097345215
0 0.09955005624296964 0.9283185840707965 0.023622047244094488 0.03716814159292037
0 0.782902137232846 0.5221238938053098 0.02474690663667045 0.038938053097345104
0 0.07649043869516312 0.9283185840707965 0.02474690663667041 0.03716814159292037
0 0.4431946006749157 0.8823008849557522 0.024746906636670396 0.03716814159292037
0 0.46737907761529807 0.8389380530973451 0.023622047244094502 0.04247787610619469
0 0.5095613048368954 0.10442477876106193 0.04499437570303716 0.03539823008849555
0 0.469066366704162 0.7938053097345132 0.024746906636670396 0.03716814159292037
0 0.2992125984251969 0.2530973451327434 0.03149606299212593 0.042477876106194634
0 0.5095613048368953 0.17168141592920355 0.04724409448818889 0.02831858407079646
0 0.46794150731158607 0.7451327433628319 0.022497187851518552 0.038938053097345215
0 0.46794150731158607 0.8849557522123894 0.022497187851518552 0.038938053097345215
0 0.782902137232846 0.43805309734513276 0.02474690663667045 0.03716814159292037
0 0.20584926884139482 0.4336283185840708 0.022497187851518552 0.04247787610619469
0 0.5174353205849269 0.7504424778761062 0.02474690663667045 0.031858407079645934
0 0.624859392575928 0.5274336283185841 0.025871766029246346 0.03539823008849563
0 0.8728908886389202 0.20707964601769913 0.03599550056242973 0.04955752212389383
0 0.5601799775028121 0.2991150442477876 0.03374578177727794 0.04247787610619469
0 0.5084364454443194 0.47699115044247786 0.038245219347581516 0.04778761061946901
0 0.19291338582677164 0.6106194690265486 0.03712035995500562 0.053097345132743445
0 0.5596175478065242 0.2504424778761062 0.03487064116985383 0.051327433628318514
0 0.45725534308211474 0.2504424778761062 0.03712035995500562 0.051327433628318514
0 0.24353205849268844 0.7026548672566372 0.03712035995500565 0.04955752212389375
0 0.6647919010123735 0.20707964601769913 0.03374578177727783 0.04955752212389383
0 0.8200224971878516 0.25309734513274335 0.03149606299212604 0.04601769911504419
0 0.9280089988751405 0.15929203539823011 0.035995500562429616 0.05309734513274336
0 0.7165354330708662 0.16194690265486728 0.035995500562429616 0.058407079646017684
0 0.5601799775028121 0.34424778761061947 0.03374578177727794 0.0513274336283186
0 0.14004499437570303 0.6088495575221238 0.03262092238470192 0.04955752212389386
0 0.5089988751406074 0.42920353982300885 0.03937007874015752 0.04778761061946901
0 0.24521934758155228 0.2530973451327434 0.0359955005624297 0.049557522123893805
0 0.45725534308211474 0.2982300884955752 0.03487064116985372 0.04778761061946907
0 0.8217097862767154 0.3008849557522124 0.03487064116985383 0.04601769911504422
0 0.2992125984251969 0.20530973451327436 0.03374578177727783 0.05309734513274339
0 0.45725534308211474 0.34424778761061947 0.03487064116985372 0.04424778761061948
0 0.19178852643419572 0.7053097345132744 0.03712035995500562 0.04778761061946912
0 0.5095613048368954 0.20442477876106196 0.042744656917885315 0.040707964601769925
0 0.6130483689538808 0.2530973451327434 0.03374578177727783 0.049557522123893805
0 0.14116985376827895 0.34690265486725663 0.032620922384701906 0.046017699115044275
0 0.1940382452193476 0.3017699115044248 0.03487064116985375 0.04070796460176995
0 0.4032620922384702 0.6088495575221239 0.03487064116985378 0.053097345132743445
0 0.19291338582677164 0.6592920353982301 0.03487064116985375 0.04070796460176995
0 0.7699662542182227 0.34424778761061947 0.03937007874015741 0.04424778761061948
0 0.24578177727784029 0.3008849557522124 0.03712035995500565 0.04601769911504422
0 0.7154105736782903 0.21238938053097348 0.03374578177727783 0.03893805309734516
0 0.08717660292463442 0.34690265486725663 0.03712035995500561 0.053097345132743334
0 0.40213723284589425 0.6592920353982301 0.032620922384701934 0.04424778761061943
0 0.08830146231721035 0.6115044247787611 0.03712035995500562 0.04778761061946901
0 0.7154105736782903 0.2557522123893805 0.03374578177727783 0.05132743362831857
0 0.13948256467941506 0.6592920353982301 0.0359955005624297 0.04778761061946901
0 0.9280089988751405 0.2097345132743363 0.03374578177727783 0.04424778761061951
0 0.6130483689538808 0.34690265486725663 0.03374578177727783 0.046017699115044275
0 0.19291338582677164 0.34424778761061947 0.03712035995500562 0.04424778761061948
0 0.6012373453318335 0.39026548672566375 0.021372328458942658 0.03716814159292031
0 0.7688413948256468 0.3008849557522124 0.03712035995500562 0.04247787610619469
0 0.3515185601799775 0.1592920353982301 0.03487064116985378 0.05663716814159292
0 0.1389201349831271 0.7053097345132744 0.03487064116985378 0.04778761061946912
0 0.24578177727784029 0.6132743362831858 0.03487064116985375 0.051327433628318486
0 0.3503937007874016 0.2557522123893805 0.03487064116985378 0.05132743362831857
0 0.8217097862767154 0.34424778761061947 0.03712035995500562 0.04424778761061948
0 0.9268841394825647 0.25575221238938056 0.038245219347581516 0.04778761061946901
0 0.08717660292463442 0.65929203539823 0.03712035995500561 0.051327433628318486
0 0.14116985376827895 0.2530973451327434 0.032620922384701906 0.049557522123893805
0 0.08773903262092239 0.704424778761062 0.038245219347581544 0.04247787610619469
0 0.6130483689538808 0.6566371681415929 0.035995500562429616 0.04955752212389375
0 0.7677165354330708 0.2530973451327434 0.032620922384701934 0.05309734513274339
0 0.5118110236220472 0.27964601769911507 0.04049493813273347 0.04247787610619469
0 0.1940382452193476 0.25309734513274335 0.03487064116985375 0.05663716814159289
0 0.6141732283464567 0.6106194690265487 0.03374578177727783 0.046017699115044164
0 0.4032620922384702 0.704424778761062 0.032620922384701934 0.04955752212389386
0 0.08830146231721035 0.3008849557522124 0.03487064116985375 0.04601769911504422
0 0.41732283464566927 0.2504424778761062 0.022497187851518552 0.04424778761061948
0 0.4448818897637795 0.43274336283185844 0.021372328458942658 0.0407079646017699
0 0.35208098987626546 0.2097345132743363 0.031496062992125984 0.04424778761061951
0 0.5601799775028121 0.6115044247787611 0.03374578177727794 0.04778761061946901
0 0.5084364454443195 0.5221238938053097 0.029246344206974195 0.04247787610619469
0 0.6012373453318335 0.43097345132743364 0.021372328458942658 0.03716814159292037
0 0.24465691788526434 0.34690265486725663 0.03712035995500562 0.046017699115044275
0 0.467941507311586 0.39292035398230085 0.020247469066366708 0.03893805309734516
0 0.6130483689538808 0.3008849557522124 0.03374578177727783 0.04247787610619469
0 0.14004499437570303 0.3008849557522124 0.03262092238470192 0.04601769911504422
0 0.8728908886389202 0.2982300884955752 0.03149606299212604 0.0407079646017699
0 0.6642294713160855 0.3008849557522124 0.032620922384701934 0.04247787610619469
0 0.624859392575928 0.43628318584070797 0.021372328458942658 0.04070796460176995
0 0.4437570303712036 0.39026548672566375 0.021372328458942602 0.03716814159292031
0 0.46906636670416196 0.47876106194690266 0.022497187851518552 0.04070796460176995
0 0.8217097862767154 0.7070796460176991 0.03712035995500562 0.04778761061946912
0 0.5590551181102363 0.6610619469026549 0.035995500562429616 0.0513274336283186
0 0.46906636670416196 0.5681415929203539 0.022497187851518552 0.04247787610619469
0 0.07536557930258718 0.8345132743362832 0.026996625421822275 0.04070796460176984
0 0.6130483689538808 0.7070796460176991 0.035995500562429616 0.04778761061946912
0 0.5095613048368954 0.35132743362831864 0.042744656917885315 0.03716814159292031
0 0.6642294713160855 0.2557522123893805 0.032620922384701934 0.04424778761061948
0 0.8222722159730034 0.6132743362831858 0.03149606299212593 0.04778761061946901
0 0.09955005624296963 0.747787610619469 0.02137232845894263 0.037168141592920256
0 0.18166479190101237 0.4814159292035398 0.023622047244094502 0.038938053097345104
0 0.4431946006749157 0.6566371681415929 0.024746906636670396 0.038938053097345104
0 0.4437570303712036 0.5654867256637168 0.021372328458942602 0.04070796460176984
0 0.44600674915635546 0.47876106194690266 0.021372328458942658 0.03716814159292037
0 0.10067491563554556 0.7938053097345132 0.023622047244094488 0.03716814159292037
0 0.18166479190101237 0.39026548672566375 0.023622047244094502 0.0407079646017699
0 0.46794150731158607 0.43539823008849554 0.022497187851518552 0.03893805309734516
0 0.44263217097862767 0.7 0.023622047244094446 0.04070796460176995
0 0.5101237345331834 0.24336283185840707 0.04161979752530942 0.03362831858407078
0 0.15241844769403826 0.7938053097345132 0.025871766029246346 0.04070796460176995
0 0.20584926884139482 0.39026548672566375 0.022497187851518552 0.03716814159292031
0 0.4437570303712036 0.6106194690265487 0.023622047244094502 0.038938053097345215
0 0.46794150731158607 0.6115044247787611 0.022497187851518552 0.04070796460176995
0 0.4431946006749157 0.7911504424778761 0.024746906636670396 0.038938053097345104
0 0.08830146231721035 0.25309734513274335 0.032620922384701906 0.04601769911504419
0 0.18053993250843645 0.4353982300884956 0.023622047244094502 0.04247787610619469
0 0.07311586051743532 0.7938053097345132 0.02249718785151856 0.04070796460176995
0 0.07424071991001124 0.8805309734513274 0.024746906636670417 0.04070796460176995
0 0.4437570303712036 0.7451327433628319 0.023622047244094502 0.04247787610619469
0 0.5084364454443194 0.13539823008849555 0.04274465691788526 0.04070796460176988
0 0.07424071991001124 0.747787610619469 0.022497187851518566 0.037168141592920256
0 0.4437570303712036 0.5194690265486726 0.021372328458942602 0.04424778761061948
0 0.18053993250843645 0.5247787610619469 0.023622047244094502 0.03716814159292037
0 0.5101237345331834 0.31504424778761064 0.04161979752530942 0.03539823008849563
0 0.39201349831271093 0.2504424778761062 0.023622047244094502 0.040707964601769925
0 0.8740157480314961 0.25486725663716814 0.03149606299212593 0.04601769911504422
0 0.467941507311586 0.656637168141593 0.024746906636670396 0.04247787610619469
0 0.46906636670416196 0.5247787610619469 0.022497187851518552 0.03716814159292037
0 0.8228346456692913 0.65929203539823 0.03487064116985383 0.051327433628318486
0 0.15185601799775028 0.7504424778761062 0.022497187851518552 0.03539823008849563
0 0.44263217097862767 0.9309734513274336 0.023622047244094446 0.038938053097345104
