0 0.9456140350877194 0.23269896193771628 0.036257309941520544 0.05017301038062286
0 0.8918128654970761 0.9368512110726643 0.038596491228070184 0.05017301038062283
0 0.12982456140350876 0.45069204152249137 0.0350877192982456 0.04325259515570934
0 0.45730994152046783 0.7586505190311419 0.03274853801169586 0.04325259515570934
0 0.5649122807017544 0.7577854671280277 0.03508771929824561 0.04152249134948105
0 0.7274853801169591 0.40743944636678203 0.037426900584795364 0.04325259515570934
0 0.23801169590643273 0.4091695501730104 0.033918128654970764 0.04325259515570934
0 0.4023391812865497 0.18252595155709345 0.03508771929824561 0.053633217993079546
0 0.29239766081871343 0.3624567474048443 0.03508771929824561 0.04325259515570934
0 0.29239766081871343 0.2292387543252595 0.03508771929824561 0.046712802768166084
0 0.7286549707602339 0.846885813148789 0.03508771929824561 0.04325259515570923
0 0.8906432748538011 0.18944636678200694 0.03391812865497068 0.04671280276816611
0 0.7830409356725145 0.8451557093425606 0.038596491228070184 0.04325259515570934
0 0.7280701754385965 0.717128027681661 0.038596491228070184 0.04325259515570923
0 0.5116959064327485 0.4455017301038062 0.045614035087719385 0.04325259515570934
0 0.2391812865497076 0.7577854671280277 0.038596491228070184 0.04498269896193763
0 0.7807017543859649 0.49567474048442905 0.03391812865497079 0.043252595155709395
0 0.18304093567251462 0.40570934256055363 0.03625730994152046 0.04671280276816614
0 0.8906432748538011 0.36418685121107264 0.036257309941520544 0.046712802768166084
0 0.7818713450292398 0.6262975778546712 0.03391812865497068 0.04152249134948094
0 0.23801169590643273 0.3633217993079585 0.033918128654970764 0.04498269896193774
0 0.1853801169590643 0.5830449826989619 0.03625730994152046 0.04498269896193763
0 0.12923976608187132 0.40830449826989623 0.03625730994152046 0.044982698961937684
0 0.12923976608187132 0.36245674740484435 0.03625730994152046 0.046712802768166084
0 0.40350877192982454 0.7179930795847751 0.03508771929824561 0.04844290657439454
0 0.7274853801169591 0.27941176470588236 0.039766081871345005 0.046712802768166084
0 0.7298245614035088 0.9368512110726643 0.039766081871345116 0.04671280276816603
0 0.12923976608187132 0.3174740484429066 0.03625730994152046 0.043252595155709395
0 0.2391812865497076 0.5389273356401385 0.038596491228070184 0.04325259515570934
0 0.1842105263157895 0.1366782006920415 0.03859649122807016 0.0519031141868512
0 0.18304093567251462 0.49567474048442905 0.038596491228070184 0.043252595155709395
0 0.8894736842105263 0.49740484429065746 0.03391812865497079 0.046712802768166084
0 0.5654970760233918 0.8019031141868511 0.03625730994152043 0.04325259515570934
0 0.4567251461988304 0.8460207612456747 0.038596491228070184 0.04498269896193774
0 0.1853801169590643 0.6695501730103806 0.03625730994152046 0.04498269896193774
0 0.5666666666666667 0.6254325259515571 0.03625730994152043 0.04325259515570923
0 0.2935672514619883 0.53719723183391 0.039766081871345005 0.05017301038062283
0 0.1842105263157895 0.6262975778546713 0.03859649122807016 0.04498269896193763
0 0.5654970760233918 0.8451557093425606 0.03625730994152043 0.04325259515570934
0 0.2935672514619883 0.6695501730103806 0.037426900584795364 0.04844290657439443
0 0.9444444444444444 0.1366782006920415 0.03625730994152043 0.0519031141868512
0 0.40116959064327484 0.2292387543252595 0.03508771929824561 0.039792387543252594
0 0.835672514619883 0.2759515570934256 0.03391812865497079 0.04325259515570934
0 0.7830409356725146 0.44982698961937717 0.03391812865497079 0.04152249134948094
0 0.7830409356725145 0.6704152249134947 0.038596491228070184 0.04671280276816614
0 0.8368421052631578 0.32006920415224915 0.03391812865497068 0.048442906574394484
0 0.4567251461988304 0.7145328719723183 0.03625730994152049 0.04498269896193774
0 0.9456140350877194 0.407439446366782 0.036257309941520544 0.046712802768166084
0 0.23801169590643273 0.5856401384083045 0.03859649122807016 0.04671280276816614
0 0.4035087719298246 0.8434256055363322 0.032748538011695916 0.04671280276816603
0 0.18304093567251462 0.23096885813148788 0.038596491228070184 0.04671280276816611
0 0.3473684210526316 0.18252595155709345 0.03508771929824561 0.053633217993079546
0 0.18187134502923977 0.3174740484429066 0.038596491228070184 0.043252595155709395
0 0.40350877192982454 0.49567474048442905 0.03508771929824561 0.043252595155709395
0 0.62046783625731 0.32006920415224915 0.03391812865497079 0.041522491349480994
0 0.18304093567251462 0.36245674740484435 0.038596491228070184 0.046712802768166084
0 0.6187134502923977 0.18771626297577854 0.03508771929824561 0.046712802768166084
0 0.7818713450292398 0.27941176470588236 0.036257309941520544 0.04325259515570934
0 0.8906432748538011 0.7179930795847751 0.03391812865497068 0.04498269896193763
0 0.8894736842105263 0.45155709342560557 0.03391812865497079 0.044982698961937684
0 0.5649122807017544 0.7153979238754324 0.03274853801169586 0.04671280276816614
0 0.4023391812865497 0.4091695501730104 0.03508771929824561 0.046712802768166084
0 0.18304093567251462 0.2750865051903114 0.03625730994152046 0.04152249134948094
0 0.7286549707602339 0.49567474048442905 0.03508771929824561 0.04671280276816603
0 0.8918128654970761 0.629757785467128 0.03625730994152043 0.04498269896193774
0 0.7286549707602339 0.8901384083044983 0.03508771929824561 0.04671280276816614
0 0.5116959064327485 0.49048442906574397 0.04327485380116958 0.03979238754325265
0 0.5257309941520468 0.7647058823529411 0.022222222222222365 0.02422145328719716
0 0.5239766081871344 0.740484429065744 0.023391812865497186 0.03114186851211076
0 0.2935672514619883 0.49394463667820065 0.039766081871345005 0.025951557093425615
0 0.4017543859649123 0.8875432525951557 0.033918128654970736 0.04152249134948105
0 0.512280701754386 0.3365051903114187 0.046783625730994205 0.032871972318339104
0 0.2935672514619883 0.7145328719723184 0.03508771929824561 0.03806228373702414
0 0.512280701754386 0.2647058823529412 0.046783625730994205 0.03114186851211076
0 0.512280701754386 0.19377162629757785 0.04912280701754396 0.031141868512110704
0 0.1298245614035088 0.1842560553633218 0.037426900584795336 0.04325259515570934
0 0.1853801169590643 0.9359861591695502 0.03859649122807016 0.04498269896193774
0 0.12923976608187132 0.8044982698961938 0.03625730994152046 0.04844290657439454
0 0.12923976608187132 0.8486159169550174 0.03625730994152046 0.04325259515570934
0 0.2935672514619883 0.9325259515570934 0.037426900584795364 0.04844290657439443
0 0.1304093567251462 0.8927335640138409 0.038596491228070184 0.04498269896193774
0 0.5128654970760234 0.16089965397923875 0.04561403508771933 0.034602076124567505
0 0.727485380116959 0.32006920415224915 0.03508771929824561 0.041522491349480994
0 0.07485380116959064 0.407439446366782 0.03508771929824561 0.039792387543252594
0 0.1853801169590643 0.8927335640138407 0.03859649122807016 0.04844290657439443
0 0.29239766081871343 0.8858131487889274 0.03508771929824561 0.04152249134948094
0 0.07485380116959064 0.32352941176470584 0.03508771929824561 0.041522491349480994
0 0.9456140350877194 0.8451557093425606 0.03391812865497068 0.03979238754325254
0 0.5116959064327486 0.1245674740484429 0.05029239766081883 0.03460207612456745
0 0.5116959064327485 0.22837370242214533 0.045614035087719385 0.03806228373702422
0 0.1304093567251462 0.717128027681661 0.038596491228070184 0.04325259515570923
0 0.29356725146198825 0.7984429065743945 0.032748538011695916 0.03979238754325265
0 0.8906432748538011 0.8884083044982698 0.03391812865497068 0.04325259515570934
0 0.1853801169590643 0.846885813148789 0.03625730994152046 0.04325259515570923
0 0.7830409356725145 0.8884083044982698 0.038596491228070184 0.04325259515570934
0 0.12923976608187135 0.7612456747404843 0.038596491228070184 0.04498269896193763
0 0.29239766081871343 0.5813148788927336 0.032748538011695916 0.03806228373702425
0 0.9456140350877194 0.717128027681661 0.03391812865497068 0.04325259515570923
0 0.9450292397660818 0.801038062283737 0.03508771929824561 0.04498269896193763
0 0.5140350877192983 0.36678200692041524 0.04561403508771944 0.03806228373702425
0 0.07485380116959064 0.1842560553633218 0.03508771929824561 0.046712802768166084
0 0.7286549707602339 0.6704152249134949 0.037426900584795364 0.05017301038062294
0 0.9444444444444444 0.7577854671280277 0.03391812865497079 0.04152249134948105
0 0.45789473684210524 0.8884083044982699 0.033918128654970736 0.03979238754325265
0 0.1842105263157895 0.7153979238754324 0.033918128654970764 0.04671280276816614
0 0.40350877192982454 0.7586505190311419 0.03508771929824561 0.03633217993079574
0 0.9444444444444444 0.5389273356401385 0.038596491228070184 0.04325259515570934
0 0.8906432748538011 0.8044982698961938 0.03391812865497068 0.04152249134948116
0 0.24035087719298248 0.8053633217993079 0.03859649122807021 0.05017301038062283
0 0.07485380116959064 0.23010380622837368 0.03976608187134503 0.04498269896193771
0 0.7836257309941521 0.7577854671280277 0.03274853801169597 0.04498269896193763
0 0.5654970760233918 0.8884083044982698 0.03625730994152043 0.04325259515570934
0 0.12982456140350876 0.2768166089965398 0.0350877192982456 0.041522491349480994
0 0.8906432748538011 0.23269896193771628 0.03391812865497068 0.039792387543252566
0 0.9456140350877194 0.36678200692041524 0.036257309941520544 0.03806228373702425
0 0.2391812865497076 0.7153979238754324 0.03391812865497079 0.04325259515570934
0 0.9444444444444444 0.4948096885813149 0.038596491228070184 0.04498269896193774
0 0.12923976608187135 0.6721453287197232 0.038596491228070184 0.04671280276816625
0 0.07485380116959064 0.2759515570934256 0.03976608187134503 0.05017301038062283
0 0.9456140350877194 0.6695501730103806 0.03391812865497068 0.04152249134948105
0 0.9444444444444444 0.45501730103806226 0.038596491228070184 0.041522491349480994
0 0.1853801169590643 0.7603806228373702 0.03859649122807016 0.04671280276816603
0 0.7274853801169591 0.3633217993079585 0.037426900584795364 0.04498269896193774
0 0.9456140350877194 0.1842560553633218 0.036257309941520544 0.046712802768166084
0 0.727485380116959 0.5389273356401385 0.03508771929824561 0.04325259515570934
0 0.2947368421052632 0.8451557093425606 0.03508771929824567 0.04325259515570934
0 0.8906432748538011 0.3217993079584775 0.036257309941520544 0.03806228373702425
0 0.5654970760233917 0.5865051903114187 0.038596491228070184 0.04152249134948083
0 0.07543859649122807 0.13581314878892733 0.03625730994152046 0.05017301038062283
0 0.40350877192982454 0.7984429065743944 0.03508771929824561 0.04325259515570945
0 0.7298245614035088 0.8019031141868511 0.03742690058479525 0.04325259515570934
0 0.8906432748538011 0.5830449826989619 0.03391812865497068 0.04498269896193763
0 0.7842105263157895 0.9368512110726643 0.038596491228070184 0.05017301038062283
0 0.1304093567251462 0.6271626297577855 0.038596491228070184 0.04671280276816603
0 0.7286549707602339 0.6262975778546713 0.037426900584795364 0.04498269896193763
0 0.9456140350877194 0.889273356401384 0.036257309941520544 0.04498269896193774
0 0.18304093567251462 0.8053633217993079 0.038596491228070184 0.04325259515570945
0 0.4567251461988304 0.9351211072664359 0.03625730994152049 0.05017301038062283
0 0.4035087719298246 0.9368512110726643 0.03742690058479531 0.05017301038062283
0 0.8906432748538011 0.5389273356401383 0.036257309941520544 0.03979238754325254
0 0.9444444444444444 0.5821799307958477 0.03391812865497079 0.04325259515570934
0 0.2391812865497076 0.6280276816608996 0.038596491228070184 0.04152249134948094
0 0.1304093567251462 0.5406574394463668 0.038596491228070184 0.04325259515570934
0 0.9461988304093567 0.9368512110726643 0.03508771929824561 0.05017301038062283
0 0.7830409356725145 0.23269896193771625 0.038596491228070184 0.046712802768166084
0 0.07602339181286549 0.36591695501730104 0.03742690058479532 0.046712802768166084
0 0.29239766081871343 0.6237024221453287 0.03508771929824561 0.04325259515570934
0 0.4017543859649123 0.6271626297577855 0.033918128654970736 0.04325259515570934
0 0.8918128654970761 0.8451557093425606 0.03625730994152043 0.04325259515570934
0 0.7830409356725145 0.8036332179930796 0.038596491228070184 0.04671280276816614
0 0.1309941520467836 0.5821799307958477 0.03976608187134503 0.04671280276816614
0 0.2391812865497076 0.6738754325259515 0.038596491228070184 0.04671280276816614
0 0.45555555555555555 0.8019031141868511 0.03625730994152043 0.04325259515570934
0 0.9438596491228071 0.32352941176470584 0.03508771929824561 0.048442906574394484
0 0.1298245614035088 0.22923875432525953 0.037426900584795336 0.05017301038062286
0 0.29239766081871343 0.18252595155709345 0.03508771929824561 0.046712802768166056
0 0.2935672514619883 0.7551903114186851 0.03508771929824561 0.04671280276816614
0 0.9438596491228071 0.27768166089965396 0.03508771929824561 0.04325259515570934
0 0.8906432748538011 0.4108996539792388 0.036257309941520544 0.039792387543252594
0 0.5654970760233917 0.9351211072664359 0.038596491228070184 0.05017301038062283
0 0.9438596491228071 0.6271626297577855 0.03508771929824561 0.04671280276816603
0 0.12923976608187132 0.49480968858131485 0.03625730994152046 0.04844290657439443
0 0.7824561403508772 0.5389273356401385 0.03508771929824561 0.04325259515570934
0 0.512280701754386 0.2984429065743945 0.04444444444444451 0.04325259515570934
0 0.7286549707602339 0.45155709342560557 0.03508771929824561 0.041522491349480994
0 0.23801169590643273 0.18079584775086505 0.033918128654970764 0.0501730103806228
0 0.7286549707602339 0.18339100346020762 0.037426900584795364 0.04844290657439443
0 0.4023391812865497 0.5389273356401383 0.03508771929824561 0.03979238754325254
0 0.1842105263157895 0.5389273356401385 0.033918128654970764 0.04325259515570934
0 0.8918128654970761 0.6738754325259516 0.03625730994152043 0.04325259515570945
0 0.4567251461988304 0.6271626297577855 0.033918128654970736 0.04325259515570934
0 0.8906432748538011 0.27768166089965396 0.036257309941520544 0.046712802768166084
0 0.7818713450292398 0.717128027681661 0.03391812865497068 0.04325259515570923
0 0.8906432748538011 0.7621107266435987 0.038596491228070184 0.04671280276816614
0 0.7830409356725145 0.18598615916955016 0.038596491228070184 0.046712802768166084
0 0.7286549707602339 0.759515570934256 0.037426900584795364 0.04152249134948094
0 0.7274853801169591 0.5830449826989619 0.037426900584795364 0.04498269896193763
0 0.7830409356725145 0.1384083044982699 0.038596491228070184 0.048442906574394456
0 0.18304093567251462 0.18598615916955016 0.038596491228070184 0.046712802768166084
0 0.7274853801169591 0.2292387543252595 0.039766081871345005 0.046712802768166084
0 0.7818713450292398 0.3633217993079585 0.036257309941520544 0.04152249134948094
0 0.18304093567251462 0.45069204152249137 0.03625730994152046 0.05017301038062283
0 0.7818713450292398 0.5821799307958477 0.036257309941520544 0.04671280276816614
0 0.29239766081871343 0.13408304498269896 0.03742690058479531 0.05017301038062286
0 0.23801169590643273 0.2301038062283737 0.03859649122807016 0.048442906574394484
0 0.672514619883041 0.18598615916955016 0.03508771929824561 0.05017301038062283
0 0.29239766081871343 0.3209342560553633 0.03742690058479531 0.043252595155709395
0 0.2391812865497076 0.45155709342560557 0.03625730994152046 0.044982698961937684
0 0.23801169590643273 0.2768166089965398 0.033918128654970764 0.041522491349480994
0 0.672514619883041 0.4091695501730104 0.037426900584795364 0.04325259515570934
0 0.6187134502923977 0.5423875432525952 0.037426900584795364 0.04671280276816625
0 0.6198830409356725 0.13927335640138408 0.039766081871345005 0.05017301038062283
0 0.40233918128654966 0.27422145328719727 0.03742690058479531 0.046712802768166084
0 0.5649122807017544 0.6686851211072664 0.03508771929824561 0.04671280276816603
0 0.6187134502923977 0.4948096885813149 0.03508771929824561 0.04498269896193774
0 0.8368421052631578 0.18598615916955016 0.03391812865497068 0.046712802768166084
0 0.45555555555555555 0.6669550173010381 0.03625730994152043 0.04325259515570945
0 0.672514619883041 0.3641868512110727 0.03508771929824561 0.04325259515570934
0 0.5654970760233917 0.49567474048442905 0.038596491228070184 0.043252595155709395
0 0.835672514619883 0.4117647058823529 0.03625730994152043 0.044982698961937684
0 0.672514619883041 0.32006920415224915 0.03508771929824561 0.04498269896193774
0 0.2391812865497076 0.31920415224913495 0.03625730994152046 0.04671280276816614
0 0.7818713450292398 0.3209342560553633 0.038596491228070184 0.043252595155709395
0 0.835672514619883 0.36764705882352944 0.03625730994152043 0.043252595155709395
0 0.4567251461988304 0.49567474048442905 0.033918128654970736 0.043252595155709395
0 0.45614035087719296 0.36072664359861595 0.032748538011695916 0.043252595155709284
0 0.2935672514619883 0.2768166089965398 0.03508771929824561 0.044982698961937684
0 0.4567251461988304 0.53719723183391 0.038596491228070184 0.04671280276816614
0 0.2929824561403509 0.40570934256055363 0.03625730994152049 0.04671280276816614
0 0.5654970760233917 0.5389273356401384 0.038596491228070184 0.04671280276816603
0 0.40233918128654966 0.32006920415224915 0.03742690058479531 0.041522491349480994
0 0.4017543859649123 0.5830449826989619 0.033918128654970736 0.04498269896193763
0 0.4023391812865497 0.45155709342560557 0.03508771929824561 0.041522491349480994
0 0.4023391812865497 0.6704152249134947 0.03508771929824561 0.04325259515570934
0 0.6198830409356726 0.27595155709342556 0.03508771929824561 0.046712802768166084
0 0.4567251461988304 0.18252595155709345 0.03625730994152049 0.046712802768166056
0 0.5666666666666667 0.23269896193771628 0.03625730994152043 0.04325259515570937
0 0.2935672514619883 0.4506920415224913 0.039766081871345005 0.046712802768166084
0 0.6198830409356726 0.23096885813148788 0.03508771929824561 0.04671280276816611
0 0.2391812865497076 0.49567474048442905 0.03625730994152046 0.04671280276816603
0 0.835672514619883 0.23269896193771625 0.03625730994152043 0.046712802768166084
0 0.7830409356725145 0.40743944636678203 0.038596491228070184 0.04325259515570934
0 0.40233918128654966 0.36418685121107264 0.03742690058479531 0.046712802768166084
0 0.45555555555555555 0.273356401384083 0.03391812865497079 0.044982698961937684
0 0.5654970760233917 0.1366782006920415 0.038596491228070184 0.055363321799307946
0 0.6187134502923977 0.3641868512110727 0.03508771929824561 0.04325259515570934
0 0.45614035087719296 0.3174740484429066 0.032748538011695916 0.043252595155709395
0 0.672514619883041 0.23356401384083042 0.03508771929824561 0.04498269896193771
0 0.6187134502923977 0.4091695501730104 0.037426900584795364 0.046712802768166084
0 0.5654970760233918 0.3633217993079585 0.03625730994152043 0.04498269896193774
0 0.5649122807017544 0.45155709342560557 0.03508771929824561 0.044982698961937684
0 0.4567251461988304 0.23010380622837368 0.033918128654970736 0.04498269896193771
0 0.6198830409356726 0.4532871972318339 0.03508771929824561 0.04152249134948094
0 0.6736842105263159 0.27768166089965396 0.03508771929824561 0.04325259515570934
0 0.4567251461988304 0.40570934256055363 0.033918128654970736 0.05017301038062283
0 0.5666666666666667 0.18771626297577854 0.03625730994152043 0.046712802768166084
0 0.45555555555555555 0.45155709342560557 0.03625730994152043 0.044982698961937684
0 0.4567251461988304 0.5830449826989619 0.03625730994152049 0.04498269896193763
0 0.5649122807017544 0.40743944636678203 0.03508771929824561 0.04325259515570934
0 0.5666666666666667 0.3209342560553633 0.03391812865497079 0.043252595155709395
0 0.5660818713450293 0.2768166089965398 0.03508771929824561 0.044982698961937684
0 0.672514619883041 0.4524221453287197 0.039766081871345005 0.05017301038062283
