0 0.478158 0.751760 0.025438 0.031317
0 0.481452 0.731078 0.025945 0.034499
0 0.868693 0.832586 0.027533 0.038053
0 0.506169 0.497091 0.044014 0.045234
0 0.945436 0.479745 0.028040 0.041235
0 0.163024 0.638171 0.040954 0.051698
0 0.881490 0.752245 0.028800 0.046008
0 0.150100 0.719308 0.038283 0.047771
0 0.040645 0.729433 0.042289 0.053662
0 0.884282 0.881590 0.026958 0.040863
0 0.524829 0.383526 0.042679 0.043271
0 0.866587 0.917450 0.041529 0.048889
0 0.679433 0.387275 0.039618 0.049735
0 0.933848 0.559664 0.028040 0.041235
0 0.046025 0.688491 0.042542 0.055253
0 0.893079 0.672326 0.025116 0.035717
0 0.873820 0.793236 0.025623 0.038899
0 0.655496 0.551886 0.037962 0.052171
0 0.858859 0.872832 0.028547 0.044417
0 0.226596 0.235481 0.039872 0.051326
0 0.175188 0.561806 0.044131 0.058807
0 0.033803 0.772388 0.042796 0.056844
0 0.897079 0.801248 0.026198 0.036090
0 0.951138 0.443950 0.026130 0.042081
0 0.156182 0.681126 0.044638 0.061989
0 0.904749 0.760257 0.025048 0.041708
0 0.167771 0.601207 0.040447 0.048516
0 0.884833 0.709763 0.025623 0.038899
0 0.927927 0.600419 0.029375 0.043199
0 0.917006 0.679729 0.025370 0.037308
0 0.926509 0.433787 0.026130 0.042081
0 0.065284 0.567581 0.042036 0.052071
0 0.892079 0.839803 0.027212 0.042454
0 0.904506 0.589834 0.026958 0.040863
0 0.751051 0.965757 0.039550 0.055726
0 0.057994 0.606186 0.042289 0.053662
0 0.662950 0.848981 0.037201 0.047398
0 0.909506 0.551279 0.026958 0.040863
0 0.910129 0.719316 0.027465 0.044044
0 0.427760 0.645454 0.038790 0.050953
0 0.939642 0.519705 0.027465 0.044044
0 0.922800 0.639769 0.026958 0.040863
0 0.548927 0.221488 0.044014 0.045234
0 0.052361 0.648718 0.042542 0.055253
0 0.555714 0.519192 0.042796 0.056844
0 0.763974 0.884620 0.038537 0.049362
0 0.084797 0.445080 0.039872 0.051326
0 0.788289 0.384496 0.037455 0.048989
0 0.257101 0.373533 0.037708 0.050580
0 0.287661 0.170927 0.043117 0.052444
0 0.668111 0.812999 0.041207 0.053289
0 0.390147 0.204552 0.038215 0.053762
0 0.536294 0.637529 0.038790 0.050953
0 0.194560 0.092705 0.038468 0.055353
0 0.251053 0.415084 0.039297 0.054135
0 0.347766 0.144641 0.041461 0.054880
0 0.529038 0.679503 0.042796 0.056844
0 0.398865 0.160566 0.037133 0.053389
0 0.782152 0.763337 0.036373 0.048617
0 0.763489 0.543775 0.040193 0.046925
0 0.554831 0.857887 0.043371 0.054034
0 0.775745 0.463247 0.035545 0.049835
0 0.308775 0.393012 0.042036 0.052071
0 0.187212 0.138842 0.042796 0.056844
0 0.367202 0.706826 0.040379 0.054507
0 0.560752 0.817132 0.042542 0.055253
0 0.737514 0.706844 0.041461 0.054880
0 0.616851 0.794502 0.044706 0.055998
0 0.295711 0.127549 0.040057 0.058908
0 0.320870 0.309911 0.040379 0.054507
0 0.728596 0.784327 0.043624 0.055625
0 0.630983 0.712942 0.037455 0.048989
0 0.869927 0.541841 0.039043 0.052544
0 0.289896 0.511536 0.040125 0.052916
0 0.586599 0.654858 0.040379 0.054507
0 0.838467 0.402620 0.039297 0.054135
0 0.359946 0.748799 0.041207 0.053289
0 0.612700 0.490993 0.037201 0.047398
0 0.801157 0.644018 0.036880 0.051799
0 0.354367 0.450673 0.038215 0.053762
0 0.673800 0.429808 0.040379 0.054507
0 0.391714 0.545770 0.039872 0.051326
0 0.493462 0.240142 0.039804 0.057317
0 0.687463 0.687925 0.042542 0.055253
0 0.232876 0.536366 0.043624 0.055625
0 0.737316 0.367776 0.037708 0.050580
0 0.574559 0.397300 0.036626 0.050208
0 0.820416 0.523108 0.039043 0.052544
0 0.643962 0.291146 0.040057 0.058908
0 0.594325 0.273208 0.039297 0.054135
0 0.313487 0.352680 0.041461 0.054880
0 0.750185 0.627298 0.043117 0.052444
0 0.876642 0.499681 0.039297 0.054135
0 0.806664 0.602281 0.039043 0.052544
0 0.396841 0.506420 0.042289 0.053662
0 0.282281 0.211868 0.039043 0.052544
0 0.744103 0.665480 0.043624 0.055625
0 0.422816 0.343350 0.039872 0.051326
0 0.743364 0.326226 0.037133 0.053389
0 0.720546 0.827704 0.043878 0.057216
0 0.789442 0.724732 0.038790 0.050953
0 0.692104 0.307729 0.040632 0.056098
0 0.275945 0.251641 0.039043 0.052544
0 0.636867 0.335692 0.038537 0.049362
0 0.757027 0.584343 0.039804 0.057317
0 0.461405 0.441393 0.043371 0.054034
0 0.662211 0.509726 0.037708 0.050580
0 0.606978 0.870816 0.042796 0.056844
0 0.601420 0.228662 0.041967 0.058062
0 0.442075 0.222440 0.043049 0.058435
0 0.647952 0.592082 0.039872 0.051326
0 0.435233 0.265395 0.042036 0.052071
0 0.538284 0.288307 0.046178 0.045980
0 0.857223 0.618019 0.043303 0.060025
0 0.450379 0.177471 0.038468 0.055353
0 0.102847 0.324593 0.042289 0.053662
0 0.378558 0.284471 0.037201 0.047398
0 0.499475 0.195223 0.037133 0.053389
0 0.110265 0.285192 0.042289 0.053662
0 0.573802 0.735200 0.040125 0.052916
0 0.296899 0.471153 0.038790 0.050953
0 0.410665 0.767110 0.038790 0.050953
0 0.245660 0.108630 0.042796 0.056844
0 0.271592 0.633614 0.042036 0.052071
0 0.386208 0.587507 0.040379 0.054507
0 0.244464 0.456448 0.043117 0.052444
0 0.422634 0.684805 0.039043 0.052544
0 0.269898 0.293192 0.037962 0.052171
0 0.169288 0.258534 0.042289 0.053662
0 0.732134 0.747786 0.042864 0.050853
0 0.517576 0.758626 0.040379 0.054507
0 0.341050 0.186801 0.039043 0.052544
0 0.283307 0.552900 0.040125 0.052916
0 0.699453 0.261592 0.043303 0.060025
0 0.334335 0.228960 0.036626 0.050208
0 0.435431 0.604463 0.039804 0.057317
0 0.642825 0.631432 0.037455 0.048989
0 0.605157 0.531189 0.038468 0.055353
0 0.567467 0.774973 0.042289 0.053662
0 0.657029 0.889735 0.043878 0.057216
0 0.512885 0.454931 0.046295 0.059553
0 0.548458 0.561165 0.040954 0.051698
0 0.674285 0.770653 0.042542 0.055253
0 0.716975 0.488314 0.042036 0.052071
0 0.624775 0.751919 0.042542 0.055253
0 0.750425 0.278312 0.043556 0.061616
0 0.769824 0.504002 0.039550 0.055726
0 0.593441 0.611903 0.042036 0.052071
0 0.796031 0.683368 0.041461 0.054880
0 0.650356 0.243841 0.040311 0.060498
0 0.686470 0.350261 0.042036 0.052071
0 0.731361 0.405163 0.040125 0.052916
0 0.262641 0.335165 0.039297 0.054135
0 0.724646 0.447323 0.040379 0.054507
0 0.623909 0.413461 0.040125 0.052916
0 0.713184 0.526446 0.039618 0.049735
0 0.618529 0.454402 0.042036 0.052071
0 0.561889 0.476846 0.038790 0.050953
0 0.486079 0.282910 0.039872 0.051326
0 0.430233 0.303950 0.039872 0.051326
0 0.827132 0.480948 0.039297 0.054135
0 0.358792 0.408563 0.037708 0.050580
0 0.472740 0.363065 0.041207 0.053289
0 0.695006 0.647729 0.040125 0.052916
0 0.599523 0.573721 0.042036 0.052071
0 0.372223 0.324244 0.038215 0.053762
0 0.814208 0.562085 0.038790 0.050953
0 0.630912 0.373078 0.040954 0.051698
0 0.586401 0.315790 0.039297 0.054135
0 0.680747 0.730084 0.042289 0.053662
0 0.416354 0.383919 0.040125 0.052916
0 0.706595 0.567810 0.040632 0.056098
0 0.579884 0.697018 0.042289 0.053662
0 0.365128 0.368790 0.042542 0.055253
0 0.385595 0.247457 0.044453 0.054407
0 0.410974 0.424860 0.040379 0.054507
0 0.882563 0.458926 0.035291 0.048244
0 0.097594 0.364739 0.041782 0.050480
0 0.200946 0.736823 0.040954 0.051698
0 0.852742 0.986089 0.043878 0.027821
0 0.246124 0.793502 0.041782 0.050480
0 0.188597 0.821514 0.040954 0.051698
0 0.078462 0.484853 0.040379 0.054507
0 0.558684 0.160238 0.046431 0.047570
0 0.498731 0.880518 0.037387 0.054980
0 0.860379 0.956427 0.042289 0.053662
0 0.144467 0.761840 0.044384 0.060398
0 0.553742 0.191261 0.044521 0.048416
0 0.071620 0.527808 0.042542 0.055253
0 0.340307 0.872096 0.041967 0.058062
0 0.194357 0.778187 0.044131 0.058807
0 0.205819 0.699063 0.043371 0.054034
0 0.206128 0.356814 0.042289 0.053662
0 0.743541 0.990661 0.044706 0.018678
0 0.397994 0.846656 0.039804 0.057317
0 0.479583 0.320110 0.040700 0.050107
0 0.346067 0.828768 0.039297 0.054135
0 0.897630 0.629421 0.029054 0.047599
0 0.922304 0.470938 0.027212 0.042454
0 0.212535 0.656904 0.043624 0.055625
0 0.593040 0.958317 0.042796 0.056844
0 0.390071 0.889238 0.038790 0.050953
0 0.123442 0.202464 0.039618 0.049735
0 0.859627 0.269778 0.040564 0.062089
0 0.251124 0.754947 0.041782 0.050480
0 0.503697 0.838595 0.035291 0.048244
0 0.770056 0.846438 0.041207 0.053289
0 0.714084 0.868273 0.040447 0.048516
0 0.404710 0.804497 0.036373 0.048617
0 0.092214 0.405680 0.044706 0.055998
0 0.220332 0.615117 0.041207 0.053289
0 0.416298 0.724578 0.039043 0.052544
0 0.888484 0.418172 0.035476 0.055826
0 0.598800 0.914989 0.042796 0.056844
0 0.832385 0.440802 0.036120 0.047026
0 0.265130 0.674183 0.042289 0.053662
0 0.239029 0.838048 0.041139 0.059280
0 0.342077 0.527832 0.037455 0.048989
0 0.188618 0.477487 0.038790 0.050953
0 0.694191 0.983072 0.043371 0.033857
0 0.863144 0.577264 0.035613 0.043844
0 0.581021 0.356731 0.039550 0.055726
0 0.327586 0.267752 0.040125 0.052916
0 0.137828 0.119313 0.042036 0.052071
0 0.137244 0.807181 0.045788 0.056371
0 0.143461 0.076781 0.040632 0.056098
0 0.347491 0.490259 0.033956 0.046280
0 0.226287 0.577730 0.038790 0.050953
0 0.372041 0.665699 0.036373 0.048617
0 0.442273 0.561508 0.038283 0.047771
0 0.648979 0.933113 0.044131 0.058807
0 0.611851 0.833056 0.041529 0.048889
0 0.540986 0.941224 0.042036 0.052071
0 0.853233 0.317083 0.039297 0.054135
0 0.213672 0.316618 0.040379 0.054507
0 0.642804 0.975110 0.041782 0.049781
0 0.700078 0.949037 0.043624 0.055625
0 0.542397 0.255320 0.047445 0.053934
0 0.180948 0.518479 0.041461 0.054880
0 0.707875 0.907251 0.041207 0.053289
0 0.914472 0.509356 0.026383 0.043672
0 0.199159 0.400564 0.040379 0.054507
0 0.194033 0.439914 0.039618 0.049735
0 0.756811 0.922429 0.039043 0.052544
0 0.511275 0.801767 0.038790 0.050953
0 0.238691 0.152380 0.042542 0.055253
0 0.335488 0.569196 0.038468 0.055353
0 0.149475 0.031863 0.042796 0.056844
0 0.492303 0.924455 0.042036 0.052071
0 0.175750 0.217966 0.042036 0.052071
0 0.567556 0.437682 0.037455 0.048989
0 0.548909 0.898642 0.042542 0.055253
0 0.782207 0.422678 0.037962 0.052171
0 0.276719 0.594264 0.042289 0.053662
0 0.117233 0.241442 0.040379 0.054507
0 0.524579 0.718244 0.040700 0.050107
0 0.220387 0.274458 0.042289 0.053662
0 0.542503 0.598552 0.040700 0.050107
0 0.403176 0.466647 0.040125 0.052916
0 0.635282 0.671628 0.039872 0.051326
0 0.447848 0.526508 0.038283 0.047771
0 0.801812 0.296013 0.044638 0.061989
0 0.354151 0.788759 0.037455 0.048989
0 0.180623 0.180206 0.037455 0.048989
0 0.377996 0.628312 0.038790 0.050953
0 0.794877 0.343132 0.042796 0.056844
0 0.354067 0.101500 0.040886 0.057689
0 0.257333 0.715969 0.042542 0.055253
0 0.700133 0.608379 0.035545 0.049835
0 0.669501 0.471121 0.039618 0.049735
0 0.454724 0.486921 0.045213 0.059180
0 0.775816 0.803110 0.039550 0.055726
0 0.302566 0.431989 0.042289 0.053662
0 0.130318 0.162878 0.043878 0.057216
0 0.162192 0.303080 0.043303 0.060025
0 0.232804 0.196503 0.042796 0.056844
0 0.845309 0.359665 0.039297 0.054135
0 0.239464 0.495002 0.040954 0.051698
0 0.466532 0.402043 0.038283 0.047771
0 0.530185 0.353485 0.045924 0.044389
0 0.535380 0.320871 0.046684 0.049161
