0 0.5687912087912088 0.22463259437059852 0.019340659340659344 0.023187880709223087
0 0.40527472527472524 0.26955911324471815 0.022857142857142847 0.046375761418446126
0 0.055384615384615386 0.3941939720567922 0.021098901098901095 0.023187880709223042
0 0.3358241758241758 0.6949118000045289 0.015824175824175838 0.02173863816489668
0 0.21010989010989006 0.6289712642376758 0.02285714285714288 0.02028939562057014
0 0.5687912087912088 0.36883222753107947 0.015824175824175838 0.030434093430855298
0 0.33670329670329663 0.43187427820927965 0.014065934065934087 0.02028939562057023
0 0.28791208791208794 0.5412920903059261 0.02197802197802197 0.030434093430855208
0 0.36527472527472526 0.5753492900975974 0.02197802197802197 0.031883335975181754
0 0.17186813186813185 0.48259776726070513 0.025494505494505475 0.02028939562057023
0 0.24 0.21811100292112945 0.01758241758241759 0.027535608342202353
0 0.36527472527472526 0.597087928262494 0.023736263736263793 0.03188333597518166
0 0.2874725274725275 0.567378456103802 0.024615384615384598 0.036231063608160925
0 0.3648351648351648 0.6869409660107334 0.024615384615384598 0.026086365797875946
0 0.48043956043956043 0.7166504381694255 0.025494505494505545 0.0333325785195082
0 0.1723076923076923 0.2485450963519848 0.022857142857142847 0.02173863816489668
0 0.40527472527472524 0.249269717624148 0.021098901098901095 0.031883335975181705
0 0.054945054945054944 0.37245533389189556 0.025494505494505493 0.04057879124114037
0 0.4035164835164835 0.45361291637417633 0.022857142857142847 0.017390910531917235
0 0.5604395604395604 0.25071896016847445 0.023736263736263793 0.0289848508865288
0 0.44175824175824174 0.7166504381694255 0.023736263736263793 0.030434093430855298
0 0.5507692307692308 0.311587147030185 0.014945054945054962 0.020289395620570184
0 0.2589010989010989 0.22173410928194562 0.018461538461538467 0.028984850886528846
0 0.1723076923076923 0.3652091211702634 0.022857142857142847 0.017390910531917325
0 0.21010989010989012 0.5108579968750707 0.024615384615384598 0.018840153076243777
0 0.40527472527472524 0.3079640406693689 0.022857142857142847 0.030434093430855298
0 0.4808791208791209 0.6912886936437127 0.02461538461538467 0.03188333597518166
0 0.250989010989011 0.27680532596635044 0.023736263736263724 0.026086365797875946
0 0.4421978021978022 0.6898394510993864 0.02461538461538467 0.028984850886528846
0 0.210989010989011 0.45288829510201306 0.022857142857142847 0.03043409343085539
0 0.5705494505494505 0.311587147030185 0.015824175824175838 0.031883335975181705
0 0.44263736263736264 0.6601299789406944 0.025494505494505545 0.030434093430855208
0 0.44263736263736264 0.6304205067820023 0.025494505494505545 0.028984850886528937
0 0.2501098901098901 0.4840470098050316 0.02197802197802197 0.028984850886528846
0 0.24967032967032968 0.5101333756029075 0.022857142857142847 0.026086365797875946
0 0.48219780219780217 0.5420167115780892 0.023736263736263724 0.026086365797876036
0 0.3657142857142857 0.6608546002128575 0.022857142857142847 0.026086365797876036
0 0.5208791208791209 0.5137564819637236 0.023736263736263793 0.030434093430855208
0 0.4817582417582418 0.5717261837367812 0.02461538461538467 0.030434093430855298
0 0.055384615384615386 0.4514390525576867 0.021098901098901095 0.030434093430855208
0 0.17186813186813185 0.5369443626729468 0.025494505494505475 0.024637123253549584
0 0.2487912087912088 0.426077308031974 0.022857142857142847 0.02028939562057014
0 0.5692307692307692 0.34129661918887705 0.014945054945054962 0.024637123253549494
0 0.2874725274725275 0.5992617920789838 0.022857142857142847 0.030434093430855298
0 0.21010989010989012 0.6028848984397999 0.024615384615384598 0.037680306152487554
0 0.09362637362637362 0.685491723466407 0.02373626373626374 0.023187880709223042
0 0.2874725274725275 0.6601299789406944 0.024615384615384598 0.030434093430855208
0 0.5221978021978022 0.25071896016847445 0.02461538461538467 0.03478182106383461
0 0.48131868131868133 0.6615792214850207 0.023736263736263793 0.03043409343085539
0 0.56 0.28115305359932974 0.02461538461538467 0.031883335975181754
0 0.21010989010989012 0.5710015624646181 0.024615384615384598 0.026086365797875946
0 0.52 0.629695885509839 0.023736263736263793 0.03043409343085539
0 0.24043956043956044 0.30651479812504245 0.014945054945054962 0.021738638164896636
0 0.054945054945054944 0.4210049591268314 0.02197802197802197 0.03043409343085539
0 0.17186813186813185 0.6565068725798782 0.02373626373626374 0.028984850886528846
0 0.2874725274725275 0.5144811032358869 0.024615384615384598 0.031883335975181754
0 0.09538461538461539 0.30723941939720567 0.023736263736263724 0.028984850886528846
0 0.25142857142857145 0.249269717624148 0.024615384615384598 0.026086365797875946
0 0.3657142857142857 0.3681076062589162 0.022857142857142847 0.026086365797875946
0 0.4826373626373626 0.5152057245080501 0.024615384615384598 0.030434093430855298
0 0.48131868131868133 0.6325943705984919 0.023736263736263793 0.030434093430855208
0 0.52 0.6905640723715495 0.023736263736263793 0.030434093430855298
0 0.28791208791208794 0.6289712642376758 0.02197802197802197 0.031883335975181844
0 0.210989010989011 0.42535268675981064 0.022857142857142847 0.030434093430855298
0 0.48219780219780217 0.48694549489368444 0.023736263736263724 0.03188333597518166
0 0.24835164835164836 0.5405674690337628 0.023736263736263724 0.03188333597518166
0 0.0945054945054945 0.36738298498675304 0.023736263736263724 0.030434093430855253
0 0.09538461538461539 0.33694889155589774 0.023736263736263724 0.030434093430855298
0 0.28791208791208794 0.6905640723715495 0.025494505494505475 0.03333257851950811
0 0.25934065934065936 0.36883222753107947 0.015824175824175838 0.030434093430855298
0 0.5195604395604395 0.7180996807137521 0.02461538461538467 0.030434093430855298
0 0.09406593406593407 0.48259776726070513 0.022857142857142847 0.026086365797875946
0 0.52 0.6601299789406944 0.023736263736263793 0.030434093430855208
0 0.3657142857142857 0.5441905753945789 0.022857142857142847 0.030434093430855298
0 0.2487912087912088 0.5724508050089445 0.024615384615384598 0.03478182106383447
0 0.17186813186813185 0.5702769411924549 0.02373626373626374 0.030434093430855208
0 0.21010989010989012 0.5398428477615996 0.024615384615384598 0.03333257851950811
0 0.1705494505494505 0.7173750594415887 0.024615384615384636 0.026086365797875946
0 0.3261538461538461 0.6383913407757976 0.02285714285714288 0.03333257851950811
0 0.24923076923076923 0.45361291637417633 0.02197802197802197 0.031883335975181844
0 0.09406593406593407 0.5094087543307443 0.022857142857142847 0.03043409343085539
0 0.1705494505494505 0.6876655872828966 0.024615384615384636 0.030434093430855298
0 0.05450549450549451 0.3108625257580218 0.022857142857142857 0.027535608342202398
0 0.40395604395604395 0.7173750594415887 0.02197802197802197 0.026086365797875946
0 0.17186813186813185 0.5978125495346572 0.02373626373626374 0.030434093430855208
0 0.5204395604395604 0.6021602771676366 0.02285714285714292 0.030434093430855298
0 0.5498901098901099 0.3383981341002242 0.014945054945054962 0.027535608342202398
0 0.3657142857142857 0.39491859332895535 0.022857142857142847 0.030434093430855343
0 0.055384615384615386 0.33694889155589774 0.024615384615384615 0.030434093430855298
0 0.05450549450549451 0.5130318606915605 0.022857142857142857 0.028984850886528846
0 0.40307692307692305 0.6601299789406944 0.023736263736263724 0.030434093430855208
0 0.5208791208791209 0.39636783587328184 0.023736263736263793 0.030434093430855298
0 0.09362637362637362 0.5717261837367812 0.025494505494505493 0.027535608342202398
0 0.4421978021978022 0.6028848984397999 0.02461538461538467 0.031883335975181754
0 0.52 0.5717261837367812 0.023736263736263793 0.030434093430855298
0 0.4435164835164835 0.2804284323271665 0.023736263736263724 0.027535608342202398
0 0.0945054945054945 0.39491859332895535 0.023736263736263724 0.030434093430855343
0 0.4035164835164835 0.5724508050089445 0.022857142857142847 0.026086365797875946
0 0.4817582417582418 0.6028848984397999 0.02461538461538467 0.031883335975181754
0 0.5204395604395604 0.5441905753945789 0.02285714285714292 0.030434093430855298
0 0.21010989010989006 0.39491859332895535 0.02285714285714288 0.030434093430855343
0 0.2896703296703297 0.3681076062589162 0.023736263736263724 0.028984850886528846
0 0.2887912087912088 0.39636783587328184 0.023736263736263724 0.027535608342202398
0 0.5991208791208791 0.2840515386879826 0.023736263736263793 0.02898485088652889
0 0.36527472527472526 0.5137564819637236 0.02197802197802197 0.030434093430855208
0 0.3648351648351648 0.7137519530807725 0.024615384615384598 0.0333325785195082
0 0.4817582417582418 0.36883222753107947 0.026373626373626422 0.030434093430855298
0 0.5991208791208791 0.2528928239849641 0.023736263736263793 0.03333257851950811
0 0.29010989010989013 0.3376735128280609 0.022857142857142847 0.031883335975181705
0 0.21098901098901096 0.30579017685287924 0.02109890109890113 0.02608636579787599
0 0.2887912087912088 0.45361291637417633 0.023736263736263724 0.028984850886528846
0 0.25978021978021976 0.30651479812504245 0.018461538461538467 0.030434093430855253
0 0.5204395604395604 0.4268019293041372 0.02461538461538467 0.030434093430855298
0 0.17230769230769233 0.4528882951020131 0.026373626373626387 0.03333257851950811
0 0.25934065934065936 0.33767351282806096 0.015824175824175838 0.026086365797875946
0 0.17186813186813185 0.39346935078462897 0.02373626373626374 0.030434093430855163
0 0.28923076923076924 0.30723941939720567 0.022857142857142847 0.028984850886528846
0 0.24967032967032968 0.3963678358732818 0.024615384615384598 0.033332578519508244
0 0.40395604395604395 0.5144811032358869 0.023736263736263724 0.031883335975181754
0 0.21098901098901096 0.27970381105500325 0.02109890109890113 0.028984850886528846
0 0.17186813186813185 0.3383981341002242 0.025494505494505475 0.03623106360816106
0 0.13406593406593406 0.249269717624148 0.025494505494505493 0.031883335975181705
0 0.56 0.42752655057630035 0.02461538461538467 0.028984850886528846
0 0.36659340659340656 0.24926971762414799 0.02461538461538453 0.03478182106383465
0 0.05406593406593407 0.27680532596635044 0.02373626373626373 0.03478182106383456
0 0.21098901098901096 0.33694889155589774 0.02109890109890113 0.030434093430855298
0 0.3661538461538461 0.4572360227349924 0.023736263736263724 0.030434093430855298
0 0.3661538461538461 0.4260773080319739 0.023736263736263724 0.031883335975181754
0 0.4048351648351648 0.42752655057630035 0.023736263736263724 0.031883335975181754
0 0.1723076923076923 0.27897918978284003 0.022857142857142847 0.03333257851950815
0 0.0945054945054945 0.42172958039899455 0.023736263736263724 0.028984850886528937
0 0.5208791208791209 0.3391227553723874 0.023736263736263793 0.026086365797875946
0 0.17186813186813185 0.4210049591268314 0.025494505494505475 0.027535608342202485
0 0.4435164835164835 0.3949185933289554 0.023736263736263724 0.027535608342202398
0 0.4035164835164835 0.5992617920789838 0.024615384615384598 0.030434093430855298
0 0.2896703296703297 0.27970381105500325 0.02197802197802197 0.028984850886528846
0 0.055384615384615386 0.48259776726070513 0.022857142857142857 0.031883335975181754
0 0.17186813186813185 0.5101333756029075 0.025494505494505475 0.031883335975181844
0 0.28791208791208794 0.48332238853286835 0.02197802197802197 0.030434093430855298
0 0.4430769230769231 0.5137564819637236 0.024615384615384598 0.030434093430855208
0 0.23956043956043957 0.33694889155589774 0.014945054945054962 0.030434093430855298
0 0.17142857142857143 0.6289712642376758 0.024615384615384598 0.031883335975181844
0 0.3274725274725274 0.23405267090872037 0.0219780219780219 0.015941667987590877
0 0.327912087912088 0.25071896016847445 0.02285714285714292 0.017390910531917325
0 0.3274725274725274 0.268834491972555 0.0219780219780219 0.018840153076243732
0 0.32791208791208787 0.29419623649826765 0.024615384615384598 0.02898485088652889
0 0.3283516483516484 0.21521251783247664 0.021978021978022042 0.021738638164896636
0 0.3265934065934066 0.3253549512012862 0.023736263736263686 0.03333257851950815
0 0.210989010989011 0.24854509635198474 0.022857142857142847 0.0333325785195082
0 0.40395604395604395 0.39854169968977154 0.02197802197802197 0.028984850886528846
0 0.13406593406593406 0.2804284323271665 0.025494505494505493 0.030434093430855298
0 0.5595604395604395 0.4572360227349924 0.023736263736263793 0.030434093430855298
0 0.21054945054945054 0.36448449989810017 0.02197802197802197 0.027535608342202485
0 0.36659340659340656 0.2804284323271665 0.022857142857142847 0.027535608342202398
0 0.5213186813186813 0.28115305359932974 0.02285714285714292 0.028984850886528846
0 0.4048351648351648 0.3383981341002242 0.023736263736263724 0.030434093430855253
0 0.4817582417582418 0.39926632096193476 0.026373626373626422 0.027535608342202398
0 0.5208791208791209 0.31231176830234825 0.023736263736263793 0.030434093430855253
0 0.40395604395604395 0.36883222753107947 0.02197802197802197 0.030434093430855298
0 0.4826373626373626 0.28187767487149296 0.026373626373626422 0.030434093430855298
0 0.44263736263736264 0.5717261837367812 0.023736263736263724 0.030434093430855298
0 0.3639560439560439 0.6304205067820021 0.024615384615384598 0.03478182106383456
0 0.09362637362637362 0.5978125495346572 0.025494505494505493 0.030434093430855208
0 0.4826373626373626 0.2499943388963112 0.026373626373626422 0.030434093430855253
0 0.2887912087912088 0.42535268675981064 0.023736263736263724 0.030434093430855298
0 0.4435164835164835 0.3383981341002242 0.023736263736263724 0.030434093430855253
0 0.4826373626373626 0.4572360227349924 0.024615384615384598 0.030434093430855298
0 0.44395604395604393 0.3681076062589162 0.024615384615384598 0.028984850886528846
0 0.4035164835164835 0.5449151966667422 0.022857142857142847 0.028984850886528756
0 0.0945054945054945 0.45288829510201306 0.023736263736263724 0.03043409343085539
0 0.44395604395604393 0.2499943388963112 0.02637362637362635 0.036231063608161106
0 0.5204395604395604 0.4847716310771949 0.02461538461538467 0.030434093430855298
0 0.21054945054945054 0.48332238853286835 0.025494505494505475 0.030434093430855298
0 0.09318681318681317 0.5405674690337628 0.024615384615384615 0.03188333597518166
0 0.2896703296703297 0.24854509635198474 0.023736263736263724 0.0333325785195082
0 0.5595604395604395 0.39854169968977154 0.023736263736263793 0.031883335975181754
0 0.4035164835164835 0.48259776726070513 0.024615384615384598 0.031883335975181754
0 0.33670329670329663 0.468829963089604 0.014065934065934087 0.018840153076243687
0 0.327912087912088 0.39636783587328184 0.02285714285714292 0.02173863816489659
0 0.33670329670329663 0.44926518874119703 0.014065934065934087 0.017390910531917325
0 0.3375824175824175 0.48549625234935806 0.015824175824175838 0.014492425443264513
0 0.3367032967032968 0.5260750435904984 0.012307692307692335 0.014492425443264335
0 0.3367032967032968 0.5441905753945789 0.012307692307692335 0.02173863816489677
0 0.5503296703296704 0.22463259437059852 0.014065934065934087 0.023187880709223087
0 0.21010989010989012 0.6898394510993864 0.021098901098901095 0.023187880709223042
0 0.3371428571428571 0.49926405652045924 0.014945054945054962 0.015941667987590877
0 0.33670329670329663 0.5130318606915604 0.014065934065934087 0.011593940354611521
0 0.32791208791208787 0.4115848825887095 0.026373626373626387 0.008695455265958798
0 0.21010989010989012 0.6579561151242046 0.024615384615384598 0.037680306152487554
0 0.3362637362637362 0.7180996807137521 0.018461538461538467 0.024637123253549494
0 0.3274725274725274 0.37390457643622205 0.02549450549450551 0.02608636579787599
0 0.48219780219780217 0.4268019293041372 0.025494505494505545 0.030434093430855298
0 0.4430769230769231 0.4847716310771949 0.024615384615384598 0.030434093430855298
0 0.4430769230769231 0.5420167115780892 0.024615384615384598 0.028984850886528756
0 0.4435164835164835 0.3101379044858586 0.023736263736263724 0.028984850886528846
0 0.09494505494505495 0.27535608342202395 0.026373626373626387 0.037680306152487464
0 0.05362637362637363 0.5420167115780892 0.02461538461538461 0.03478182106383456
0 0.0945054945054945 0.6282466429655126 0.023736263736263724 0.030434093430855298
0 0.3657142857142857 0.48332238853286835 0.022857142857142847 0.024637123253549494
0 0.5204395604395604 0.36883222753107947 0.02461538461538467 0.030434093430855298
0 0.48219780219780217 0.3383981341002242 0.025494505494505545 0.027535608342202398
0 0.5991208791208791 0.31158714703018503 0.023736263736263793 0.026086365797875946
0 0.36659340659340656 0.3101379044858586 0.022857142857142847 0.028984850886528846
0 0.5204395604395604 0.4572360227349924 0.02461538461538467 0.027535608342202398
0 0.21010989010989012 0.7173750594415887 0.02637362637362635 0.031883335975181754
0 0.09362637362637362 0.6586807363963678 0.025494505494505493 0.030434093430855298
0 0.40307692307692305 0.6898394510993864 0.023736263736263724 0.028984850886528846
0 0.48219780219780217 0.31158714703018503 0.025494505494505545 0.026086365797875946
0 0.4430769230769231 0.4260773080319739 0.022857142857142847 0.031883335975181754
0 0.5982417582417583 0.3412966191888771 0.023736263736263793 0.030434093430855253
0 0.09406593406593405 0.7130273318086094 0.024615384615384615 0.031883335975181754
0 0.4430769230769231 0.45578678019066604 0.022857142857142847 0.027535608342202398
0 0.3657142857142857 0.3391227553723874 0.022857142857142847 0.0289848508865288
0 0.40307692307692305 0.629695885509839 0.023736263736263724 0.03043409343085539
0 0.1723076923076923 0.30651479812504245 0.022857142857142847 0.02463712325354954
