0 0.748246 0.064133 0.039700 0.058766
0 0.198159 0.247745 0.040309 0.055905
0 0.617140 0.246447 0.038272 0.049127
0 0.216113 0.376622 0.039833 0.052692
0 0.203738 0.293081 0.039833 0.052692
0 0.386689 0.449223 0.038272 0.049127
0 0.316506 0.344034 0.038748 0.052340
0 0.311165 0.300305 0.039224 0.055553
0 0.220452 0.759124 0.042004 0.053397
0 0.554601 0.177505 0.037053 0.054848
0 0.246998 0.231891 0.042956 0.059823
0 0.075883 0.508858 0.038510 0.050733
0 0.322694 0.385805 0.040918 0.053044
0 0.239625 0.880871 0.040309 0.055905
0 0.567639 0.261674 0.036948 0.047168
0 0.171648 0.437361 0.036948 0.047168
0 0.484875 0.754957 0.040071 0.054298
0 0.209926 0.334851 0.039833 0.052692
0 0.226878 0.802501 0.037662 0.051987
0 0.380501 0.407452 0.038272 0.049127
0 0.755029 0.109920 0.038986 0.053946
0 0.214621 0.719763 0.041766 0.051790
0 0.755707 0.452357 0.038748 0.052340
0 0.158627 0.695002 0.037186 0.048774
0 0.252832 0.620643 0.037796 0.045913
0 0.730822 0.292053 0.036101 0.048422
0 0.685881 0.349578 0.036339 0.050028
0 0.101244 0.672375 0.039462 0.057159
0 0.779662 0.276199 0.036101 0.048422
0 0.748553 0.411742 0.036339 0.050028
0 0.113144 0.752703 0.038510 0.050733
0 0.606104 0.505970 0.037662 0.051987
0 0.493098 0.453410 0.045736 0.057667
0 0.266091 0.364609 0.038510 0.050733
0 0.700309 0.431611 0.038272 0.049127
0 0.202721 0.639435 0.037424 0.050381
0 0.083156 0.550276 0.038510 0.050733
0 0.617819 0.588884 0.041632 0.057864
0 0.816973 0.174845 0.039224 0.055553
0 0.678727 0.308963 0.033930 0.047717
0 0.277888 0.785943 0.039833 0.052692
0 0.611935 0.545331 0.039595 0.051085
0 0.773474 0.234428 0.038748 0.052340
0 0.208552 0.678796 0.037186 0.048774
0 0.271462 0.742566 0.040309 0.055905
0 0.887699 0.279858 0.040309 0.055905
0 0.163254 0.733912 0.039833 0.052692
0 0.164018 0.393532 0.040785 0.059118
0 0.447869 0.854527 0.038510 0.050733
0 0.405912 0.225770 0.041394 0.056257
0 0.410608 0.610682 0.039462 0.057159
0 0.899599 0.360186 0.037662 0.051987
0 0.301450 0.944993 0.041528 0.050183
0 0.938488 0.603503 0.040918 0.053044
0 0.132181 0.531837 0.037186 0.048774
0 0.787663 0.314855 0.035863 0.046815
0 0.176173 0.817277 0.036577 0.051635
0 0.793375 0.353413 0.038510 0.050733
0 0.706140 0.470972 0.038510 0.050733
0 0.398230 0.177749 0.040785 0.059118
0 0.441138 0.812933 0.039595 0.051085
0 0.848638 0.031545 0.042480 0.056610
0 0.767048 0.191051 0.036101 0.048422
0 0.293939 0.901968 0.042480 0.056610
0 0.489978 0.797079 0.037424 0.050381
0 0.429595 0.735015 0.039833 0.052692
0 0.231624 0.842214 0.037424 0.050381
0 0.944319 0.642863 0.040680 0.051438
0 0.169442 0.775682 0.037662 0.051987
0 0.193599 0.938748 0.042718 0.058216
0 0.297654 0.562315 0.038272 0.049127
0 0.260207 0.321055 0.042718 0.058216
0 0.597693 0.460711 0.036815 0.053242
0 0.718397 0.553710 0.038748 0.052340
0 0.095056 0.630605 0.038034 0.047520
0 0.421965 0.691186 0.037424 0.050381
0 0.223387 0.418040 0.038881 0.046266
0 0.730415 0.634842 0.043803 0.058569
0 0.436481 0.343818 0.028028 0.042743
0 0.044943 0.300005 0.043327 0.055355
0 0.416134 0.651826 0.037186 0.048774
0 0.497251 0.838498 0.037424 0.050381
0 0.108041 0.710580 0.038034 0.047520
0 0.711971 0.510333 0.038748 0.052340
0 0.774338 0.574279 0.039357 0.049479
0 0.724956 0.590309 0.038272 0.049127
0 0.813770 0.817420 0.042480 0.056610
0 0.403877 0.569088 0.036948 0.047168
0 0.251882 0.963609 0.039595 0.051085
0 0.431592 0.475901 0.028875 0.041488
0 0.177003 0.473508 0.038405 0.043053
0 0.892682 0.321177 0.037424 0.050381
0 0.761574 0.154100 0.038748 0.052340
0 0.867440 0.158464 0.039357 0.049479
0 0.453938 0.895495 0.041394 0.056257
0 0.573946 0.304247 0.037662 0.051987
0 0.873509 0.199431 0.039595 0.051085
0 0.307638 0.980836 0.041528 0.038328
0 0.762981 0.493775 0.040442 0.049831
0 0.800427 0.735034 0.037424 0.050381
0 0.768626 0.535722 0.039357 0.049479
0 0.919314 0.481756 0.041394 0.056257
0 0.282634 0.825656 0.041290 0.048577
0 0.787442 0.655058 0.037424 0.050381
0 0.950150 0.682224 0.040918 0.053044
0 0.052454 0.343030 0.041156 0.054651
0 0.793511 0.696026 0.039357 0.049479
0 0.581100 0.344863 0.034778 0.046463
0 0.245694 0.921838 0.039119 0.047872
0 0.435426 0.774375 0.036948 0.047168
0 0.508794 0.916416 0.039357 0.049479
0 0.862338 0.116341 0.042480 0.056610
0 0.503082 0.877859 0.039357 0.049479
0 0.258070 0.989918 0.039595 0.020164
0 0.114002 0.489749 0.027180 0.043997
0 0.058880 0.386407 0.041156 0.054651
0 0.913127 0.439986 0.038748 0.052340
0 0.430465 0.307043 0.023820 0.035260
0 0.128202 0.405158 0.025857 0.042038
0 0.906329 0.401780 0.038272 0.049127
0 0.437066 0.512852 0.027180 0.043997
0 0.926283 0.524957 0.039357 0.049479
0 0.932419 0.562535 0.038510 0.050733
0 0.424318 0.434482 0.026704 0.040784
0 0.398046 0.529727 0.037186 0.048774
0 0.805530 0.777157 0.039595 0.051085
0 0.781069 0.615874 0.036577 0.051635
0 0.188258 0.895019 0.037424 0.050381
0 0.145523 0.614223 0.039595 0.051085
0 0.586031 0.381990 0.038510 0.050733
0 0.288108 0.862607 0.041766 0.051790
0 0.449281 0.426379 0.027180 0.043997
0 0.406773 0.312207 0.022496 0.033301
0 0.456011 0.467974 0.026095 0.043645
0 0.134033 0.444519 0.025619 0.040432
0 0.956219 0.723192 0.038986 0.053946
0 0.139560 0.485663 0.024296 0.038473
0 0.181699 0.858420 0.036948 0.047168
0 0.462025 0.251335 0.046954 0.051945
0 0.068014 0.463423 0.043565 0.056962
0 0.485999 0.670401 0.027790 0.041136
0 0.881273 0.236481 0.037186 0.048774
0 0.461657 0.509921 0.024058 0.036866
0 0.107086 0.450741 0.026942 0.042390
0 0.962763 0.767372 0.040442 0.049831
0 0.101255 0.411380 0.024534 0.040079
0 0.374789 0.368894 0.038272 0.049127
0 0.491830 0.709762 0.030198 0.043447
0 0.442669 0.385588 0.027076 0.036316
0 0.674524 0.269074 0.036948 0.047168
0 0.593490 0.420822 0.037453 0.036626
0 0.855912 0.072963 0.037186 0.048774
0 0.548724 0.736757 0.026466 0.039177
0 0.498386 0.492947 0.046374 0.041051
0 0.259205 0.659828 0.042242 0.055003
0 0.290500 0.521700 0.038510 0.050733
0 0.484202 0.378000 0.044070 0.046421
0 0.474258 0.314717 0.045869 0.051593
0 0.446117 0.155470 0.046612 0.042658
0 0.479137 0.347651 0.046850 0.044264
0 0.452148 0.184663 0.046240 0.047125
0 0.062778 0.428079 0.040918 0.053044
0 0.456127 0.215364 0.046374 0.041051
0 0.468294 0.282135 0.044203 0.040347
0 0.561927 0.223116 0.040071 0.054298
0 0.510560 0.237264 0.042004 0.053397
0 0.240627 0.542098 0.037662 0.051987
0 0.283583 0.482691 0.038272 0.049127
0 0.228013 0.456950 0.042480 0.056610
0 0.195805 0.600427 0.041528 0.050183
0 0.724634 0.250282 0.038748 0.052340
0 0.151711 0.655993 0.040071 0.054298
0 0.271684 0.402363 0.038272 0.049127
0 0.548718 0.133952 0.040785 0.059118
0 0.737382 0.328651 0.038272 0.049127
0 0.253662 0.276875 0.042004 0.053397
0 0.089344 0.592047 0.038986 0.053946
0 0.189974 0.561066 0.039595 0.051085
0 0.666708 0.227832 0.039462 0.057159
0 0.277938 0.440744 0.037186 0.048774
0 0.247358 0.583692 0.038272 0.049127
0 0.516748 0.279035 0.039357 0.049479
0 0.184633 0.517336 0.038376 0.056807
0 0.498793 0.150158 0.042480 0.056610
0 0.609867 0.205029 0.037053 0.054848
0 0.264732 0.700971 0.038748 0.052340
0 0.742908 0.369795 0.037900 0.053594
0 0.140235 0.574686 0.038748 0.052340
0 0.504491 0.196297 0.037424 0.050381
0 0.597558 0.118098 0.042480 0.056610
0 0.234558 0.501131 0.037900 0.053594
0 0.696508 0.083453 0.041632 0.057864
0 0.391977 0.488760 0.037900 0.053594
0 0.717718 0.211273 0.036339 0.050028
0 0.368601 0.327124 0.041394 0.056257
0 0.412695 0.271557 0.038986 0.053946
0 0.603984 0.161476 0.037186 0.048774
0 0.710564 0.170658 0.039224 0.055553
0 0.693035 0.390193 0.036577 0.051635
0 0.705223 0.126929 0.038748 0.052340
