0 0.7520759193357058 0.7326642335766422 0.04033214709371291 0.05291970802919688
0 0.18801897983392646 0.5492700729927007 0.024911032028469754 0.04014598540145975
0 0.2164887307236062 0.5520072992700731 0.024911032028469754 0.041970802919708006
0 0.18801897983392646 0.6897810218978102 0.02253855278766309 0.04014598540145986
0 0.1465005931198102 0.6897810218978102 0.03677342823250296 0.04744525547445255
0 0.2158956109134045 0.6459854014598541 0.02372479240806641 0.04379562043795637
0 0.201067615658363 0.36313868613138683 0.03914590747330962 0.051094890510948954
0 0.18920521945432978 0.6405109489051095 0.024911032028469726 0.04014598540145997
0 0.09134045077105576 0.27463503649635035 0.040332147093712925 0.05291970802919707
0 0.42289442467378413 0.7372262773722629 0.03914590747330965 0.04744525547445255
0 0.8618030842230131 0.7326642335766423 0.03677342823250307 0.0492700729927007
0 0.9839857651245552 0.36587591240875916 0.02491103202846978 0.04197080291970806
0 0.21589561091340453 0.739963503649635 0.02609727164887307 0.04197080291970812
0 0.433570581257414 0.416058394160584 0.02491103202846978 0.040145985401459805
0 0.5996441281138791 0.36587591240875916 0.02491103202846967 0.04562043795620435
0 0.3113879003558719 0.2271897810218978 0.03677342823250296 0.04197080291970803
0 0.09134045077105576 0.36861313868613144 0.040332147093712925 0.0510948905109489
0 0.9175563463819691 0.7372262773722628 0.04151838671411623 0.051094890510948954
0 0.18861209964412812 0.593978102189781 0.02609727164887307 0.038321167883211715
0 0.9163701067615658 0.687956204379562 0.039145907473309594 0.04744525547445255
0 0.2568208778173191 0.2737226277372263 0.03677342823250296 0.04744525547445255
0 0.5996441281138791 0.4124087591240876 0.02491103202846967 0.04014598540145986
0 0.47983392645314354 0.7372262773722629 0.03440094899169632 0.04744525547445255
0 0.972123368920522 0.2773722627737226 0.03440094899169632 0.04744525547445255
0 0.9163701067615658 0.3704379562043796 0.039145907473309594 0.051094890510948954
0 0.8078291814946619 0.6879562043795621 0.037959667852906276 0.04379562043795615
0 0.6423487544483986 0.2271897810218978 0.03677342823250296 0.04562043795620438
0 0.4359430604982206 0.458029197080292 0.024911032028469726 0.036496350364963515
0 0.6411625148279952 0.17518248175182483 0.03440094899169632 0.054744525547445244
0 0.8072360616844603 0.7344890510948905 0.039145907473309594 0.0529197080291971
0 0.201067615658363 0.2718978102189781 0.03914590747330962 0.05839416058394159
0 0.8612099644128113 0.3239051094890511 0.03558718861209964 0.04562043795620441
0 0.2556346381969158 0.22445255474452555 0.03914590747330962 0.0510948905109489
0 0.14472123368920523 0.36587591240875916 0.03558718861209964 0.04927007299270075
0 0.8623962040332147 0.6386861313868613 0.03558718861209975 0.054744525547445355
0 0.9151838671411625 0.3239051094890511 0.03677342823250296 0.04562043795620441
0 0.7497034400948992 0.3239051094890511 0.03558718861209964 0.04562043795620441
0 0.6963226571767498 0.31934306569343063 0.03558718861209964 0.043795620437956206
0 0.1465005931198102 0.6405109489051095 0.03677342823250296 0.051094890510948954
0 0.3113879003558718 0.27463503649635035 0.03914590747330965 0.05291970802919707
0 0.7520759193357058 0.6386861313868613 0.03558718861209964 0.054744525547445355
0 0.42348754448398573 0.32116788321167883 0.03795966785290633 0.04744525547445255
0 0.972123368920522 0.2271897810218978 0.04151838671411623 0.05291970802919707
0 0.3665480427046263 0.3211678832116789 0.037959667852906276 0.043795620437956206
0 0.6423487544483986 0.27463503649635035 0.039145907473309594 0.04927007299270075
0 0.5326215895610913 0.4498175182481752 0.042704626334519435 0.0529197080291971
0 0.1465005931198102 0.7372262773722628 0.039145907473309594 0.051094890510948954
0 0.3113879003558718 0.17518248175182483 0.03914590747330965 0.05839416058394162
0 0.8066429418742587 0.3211678832116789 0.037959667852906276 0.043795620437956206
0 0.5320284697508897 0.4972627737226277 0.04389086595492275 0.04562043795620441
0 0.5865954922894425 0.27463503649635035 0.03440094899169632 0.04927007299270075
0 0.9163701067615658 0.6386861313868613 0.039145907473309594 0.054744525547445355
0 0.4223013048635824 0.6432481751824817 0.035587188612099696 0.0529197080291971
0 0.6957295373665481 0.3658759124087591 0.039145907473309594 0.0529197080291971
0 0.8612099644128113 0.36861313868613144 0.03558718861209964 0.043795620437956206
0 0.8078291814946619 0.6386861313868613 0.037959667852906276 0.054744525547445355
0 0.4786476868327402 0.6906934306569343 0.039145907473309594 0.045620437956204296
0 0.8612099644128113 0.27189781021897813 0.03558718861209964 0.05474452554744527
0 0.5344009489916963 0.333941605839416 0.04626334519572961 0.036496350364963515
0 0.9323843416370107 0.916058394160584 0.028469750889679624 0.03649635036496346
0 0.533214709371293 0.29379562043795615 0.0462633451957295 0.043795620437956206
0 0.5320284697508897 0.26186131386861317 0.0462633451957295 0.03467153284671534
0 0.5320284697508897 0.1852189781021898 0.048635824436536135 0.031021897810218996
0 0.5344009489916963 0.3686131386861314 0.04626334519572961 0.04014598540145986
0 0.9733096085409253 0.31934306569343063 0.039145907473309594 0.03284671532846717
0 0.5320284697508897 0.5437956204379562 0.039145907473309705 0.04379562043795626
0 0.8226571767497034 0.9178832116788321 0.02491103202846978 0.03649635036496357
0 0.5344009489916963 0.11313868613138686 0.048635824436536135 0.036496350364963515
0 0.4234875444839858 0.6906934306569343 0.03558718861209964 0.045620437956204296
0 0.2147093712930012 0.4124087591240876 0.021352313167259773 0.04014598540145986
0 0.9294187425860023 0.7819343065693432 0.02965599051008294 0.038321167883211715
0 0.8202846975088968 0.781934306569343 0.02491103202846978 0.034671532846715314
0 0.5344009489916963 0.15054744525547445 0.04626334519572961 0.03832116788321166
0 0.8736654804270463 0.7819343065693432 0.02491103202846978 0.041970802919708006
0 0.5320284697508897 0.22262773722627738 0.0462633451957295 0.043795620437956206
0 0.14590747330960854 0.3211678832116789 0.03558718861209964 0.043795620437956206
0 0.8760379596678529 0.823905109489051 0.02491103202846978 0.038321167883211715
0 0.8214709371293001 0.8266423357664234 0.029655990510083052 0.04014598540145975
0 0.5462633451957295 0.7718978102189781 0.022538552787663257 0.029197080291970767
0 0.16073546856465004 0.8740875912408759 0.024911032028469754 0.03649635036496346
0 0.9845788849347568 0.4124087591240876 0.0260972716488731 0.04014598540145986
0 0.09134045077105576 0.3211678832116789 0.03795966785290629 0.043795620437956206
0 0.2164887307236062 0.5072992700729927 0.024911032028469754 0.036496350364963515
0 0.16073546856465004 0.8266423357664234 0.024911032028469754 0.03649635036496346
0 0.18861209964412812 0.41514598540145986 0.02609727164887307 0.041970802919708006
0 0.7508896797153024 0.6852189781021898 0.03558718861209964 0.04562043795620441
0 0.2147093712930012 0.6925182481751825 0.02372479240806641 0.038321167883211604
0 0.2568208778173191 0.3211678832116789 0.039145907473309594 0.043795620437956206
0 0.8623962040332147 0.687956204379562 0.03795966785290639 0.04744525547445255
0 0.16073546856465004 0.7864963503649636 0.02728351126927639 0.03649635036496346
0 0.5854092526690391 0.32116788321167883 0.039145907473309705 0.04014598540145986
0 0.1874258600237248 0.5045620437956204 0.023724792408066436 0.04197080291970806
0 0.1874258600237248 0.45985401459854014 0.023724792408066436 0.04014598540145986
0 0.9306049822064058 0.8266423357664234 0.027283511269276306 0.04014598540145975
0 0.2164887307236062 0.45985401459854014 0.024911032028469754 0.043795620437956206
0 0.14590747330960854 0.27463503649635035 0.03558718861209964 0.05291970802919707
0 0.42348754448398573 0.2718978102189781 0.03795966785290633 0.0510948905109489
0 0.4774614472123369 0.32116788321167883 0.03677342823250296 0.04744525547445255
0 0.4774614472123369 0.6405109489051095 0.039145907473309594 0.054744525547445355
0 0.4786476868327402 0.26916058394160586 0.039145907473309594 0.049270072992700725
0 0.3665480427046263 0.2718978102189781 0.03558718861209964 0.0510948905109489
0 0.8066429418742587 0.2718978102189781 0.037959667852906276 0.0510948905109489
0 0.4774614472123369 0.36587591240875916 0.03440094899169632 0.04562043795620435
0 0.7497034400948992 0.27463503649635035 0.037959667852906276 0.05291970802919707
0 0.7508896797153024 0.3686131386861314 0.03558718861209964 0.04744525547445255
0 0.8066429418742587 0.36587591240875916 0.03558718861209964 0.04562043795620435
0 0.5865954922894425 0.22262773722627738 0.039145907473309705 0.0510948905109489
0 0.9163701067615658 0.27463503649635035 0.039145907473309594 0.05291970802919707
0 0.6957295373665481 0.27007299270072993 0.039145907473309594 0.054744525547445244
0 0.42348754448398573 0.36587591240875916 0.03795966785290633 0.04927007299270075
0 0.3665480427046263 0.36587591240875916 0.04033214709371291 0.04927007299270075
