0 0.868613 0.154580 0.034063 0.045802
0 0.520073 0.460878 0.047445 0.036260
0 0.422749 0.416031 0.023114 0.041985
0 0.452555 0.953244 0.026764 0.040076
0 0.409367 0.514313 0.032847 0.047710
0 0.124088 0.118321 0.036496 0.053435
0 0.911192 0.151718 0.046229 0.047710
0 0.181873 0.903626 0.040146 0.051527
0 0.452555 0.898855 0.024331 0.041985
0 0.478710 0.057252 0.023114 0.041985
0 0.422749 0.316794 0.023114 0.041985
0 0.124696 0.515267 0.035280 0.045802
0 0.522506 0.284351 0.047445 0.038168
0 0.591241 0.949427 0.029197 0.043893
0 0.295012 0.708969 0.037713 0.051527
0 0.451946 0.798664 0.025547 0.036260
0 0.183090 0.954198 0.037713 0.049618
0 0.181873 0.709924 0.040146 0.041985
0 0.451338 0.513359 0.024331 0.038168
0 0.974453 0.898855 0.036496 0.045802
0 0.127129 0.902672 0.042579 0.053435
0 0.452555 0.707061 0.024331 0.040076
0 0.915450 0.948473 0.040146 0.053435
0 0.451338 0.560115 0.024331 0.043893
0 0.563869 0.414122 0.023114 0.041985
0 0.974453 0.948473 0.036496 0.053435
0 0.804136 0.610687 0.036496 0.045802
0 0.858273 0.608779 0.035280 0.045802
0 0.125912 0.708015 0.040146 0.045802
0 0.745742 0.511450 0.036496 0.049618
0 0.972628 0.753817 0.037713 0.045802
0 0.451338 0.659351 0.024331 0.040076
0 0.523723 0.321565 0.047445 0.040076
0 0.451338 0.609733 0.024331 0.043893
0 0.125912 0.956107 0.042579 0.053435
0 0.067518 0.172710 0.042579 0.051527
0 0.972628 0.849237 0.040146 0.049618
0 0.972628 0.799618 0.040146 0.049618
0 0.971411 0.314885 0.037713 0.053435
0 0.126521 0.855916 0.041363 0.047710
0 0.521290 0.207061 0.047445 0.036260
0 0.453771 0.848282 0.024331 0.043893
0 0.422141 0.464695 0.024331 0.040076
0 0.633212 0.313931 0.037713 0.051527
0 0.180657 0.612595 0.037713 0.045802
0 0.861314 0.512405 0.043796 0.047710
0 0.634428 0.511450 0.035280 0.041985
0 0.520073 0.126908 0.049878 0.032443
0 0.452555 0.752863 0.026764 0.040076
0 0.393552 0.059160 0.027981 0.041985
0 0.591849 0.414122 0.023114 0.045802
0 0.592457 0.899809 0.029197 0.043893
0 0.971411 0.510496 0.035280 0.043893
0 0.181873 0.466603 0.040146 0.051527
0 0.535888 0.737595 0.025547 0.024809
0 0.536496 0.761450 0.026764 0.026718
0 0.859489 0.416031 0.040146 0.038168
0 0.520073 0.046756 0.049878 0.040076
0 0.520073 0.086832 0.047445 0.047710
0 0.521290 0.166985 0.047445 0.047710
0 0.744526 0.365458 0.036496 0.051527
0 0.293796 0.268130 0.040146 0.051527
0 0.180049 0.171756 0.041363 0.049618
0 0.577251 0.314885 0.037713 0.049618
0 0.688564 0.463740 0.036496 0.045802
0 0.913017 0.212786 0.037713 0.051527
0 0.802920 0.361641 0.038929 0.047710
0 0.804745 0.660305 0.040146 0.049618
0 0.804136 0.756679 0.038929 0.051527
0 0.236618 0.062023 0.042579 0.059160
0 0.577251 0.265267 0.035280 0.049618
0 0.915450 0.606870 0.035280 0.049618
0 0.632603 0.113550 0.036496 0.051527
0 0.632603 0.462786 0.034063 0.051527
0 0.743309 0.214695 0.041363 0.055344
0 0.858273 0.212786 0.040146 0.055344
0 0.914234 0.413168 0.035280 0.047710
0 0.687348 0.264313 0.036496 0.047710
0 0.914234 0.365458 0.037713 0.051527
0 0.633212 0.057252 0.037713 0.061069
0 0.577251 0.166031 0.037713 0.053435
0 0.913017 0.266221 0.037713 0.051527
0 0.914234 0.462786 0.035280 0.051527
0 0.689781 0.366412 0.036496 0.049618
0 0.802920 0.462786 0.036496 0.047710
0 0.349757 0.170802 0.037713 0.051527
0 0.349148 0.118321 0.036496 0.049618
0 0.687348 0.314885 0.036496 0.053435
0 0.576034 0.113550 0.040146 0.051527
0 0.633212 0.367366 0.040146 0.051527
0 0.802920 0.412214 0.038929 0.053435
0 0.293796 0.169847 0.040146 0.053435
0 0.689781 0.416031 0.036496 0.049618
0 0.180049 0.120229 0.041363 0.049618
0 0.577251 0.216603 0.037713 0.047710
0 0.181265 0.369275 0.041363 0.051527
0 0.293796 0.062023 0.037713 0.062977
0 0.068127 0.368321 0.041363 0.049618
0 0.914234 0.315840 0.035280 0.047710
0 0.689781 0.661260 0.036496 0.051527
0 0.858273 0.655534 0.035280 0.047710
0 0.857056 0.312977 0.035280 0.049618
0 0.520073 0.409351 0.047445 0.055344
0 0.801703 0.210878 0.036496 0.055344
0 0.858881 0.264313 0.036496 0.047710
0 0.237835 0.172710 0.040146 0.059160
0 0.744526 0.265267 0.036496 0.045802
0 0.408759 0.610687 0.036496 0.049618
0 0.295620 0.614504 0.036496 0.053435
0 0.688564 0.512405 0.036496 0.047710
0 0.914234 0.512405 0.035280 0.047710
0 0.181265 0.317748 0.041363 0.051527
0 0.915450 0.753817 0.035280 0.049618
0 0.293187 0.221374 0.036496 0.045802
0 0.347932 0.065840 0.036496 0.051527
0 0.631387 0.265267 0.034063 0.045802
0 0.688564 0.560115 0.038929 0.047710
0 0.971411 0.461832 0.037713 0.049618
0 0.068127 0.420802 0.041363 0.051527
0 0.633212 0.215649 0.037713 0.049618
0 0.294404 0.561069 0.036496 0.049618
0 0.292579 0.116412 0.040146 0.045802
0 0.237835 0.119275 0.042579 0.051527
0 0.420316 0.267176 0.025547 0.041985
0 0.295620 0.663168 0.036496 0.043893
0 0.125304 0.466603 0.038929 0.051527
0 0.915450 0.803435 0.040146 0.049618
0 0.633212 0.165076 0.035280 0.047710
0 0.632603 0.414122 0.036496 0.041985
0 0.803528 0.851145 0.037713 0.049618
0 0.181873 0.564885 0.042579 0.053435
0 0.970195 0.210878 0.040146 0.055344
0 0.591241 0.849237 0.029197 0.049618
0 0.634428 0.559160 0.035280 0.053435
0 0.293796 0.368321 0.040146 0.049618
0 0.295012 0.419847 0.037713 0.053435
0 0.748175 0.752863 0.038929 0.055344
0 0.295012 0.319656 0.040146 0.047710
0 0.803528 0.706107 0.040146 0.049618
0 0.800487 0.267176 0.036496 0.053435
0 0.635036 0.612595 0.036496 0.053435
0 0.748175 0.701336 0.036496 0.047710
0 0.125304 0.269084 0.038929 0.049618
0 0.744526 0.313931 0.036496 0.051527
0 0.180657 0.757634 0.040146 0.053435
0 0.972628 0.608779 0.037713 0.049618
0 0.858273 0.705153 0.035280 0.051527
0 0.451338 0.265267 0.024331 0.045802
0 0.971411 0.413168 0.035280 0.043893
0 0.591241 0.464695 0.026764 0.043893
0 0.859489 0.851145 0.040146 0.049618
0 0.124088 0.172710 0.038929 0.051527
0 0.180657 0.515267 0.040146 0.045802
0 0.971411 0.366412 0.037713 0.049618
0 0.591241 0.754771 0.026764 0.043893
0 0.915450 0.558206 0.032847 0.043893
0 0.409367 0.561069 0.032847 0.045802
0 0.746959 0.656489 0.036496 0.049618
0 0.179440 0.219466 0.037713 0.045802
0 0.522506 0.246183 0.047445 0.045802
0 0.748175 0.898855 0.038929 0.049618
0 0.179440 0.269084 0.040146 0.049618
0 0.859489 0.801527 0.042579 0.053435
0 0.068127 0.319656 0.041363 0.047710
0 0.452555 0.364504 0.024331 0.041985
0 0.124696 0.416031 0.040146 0.045802
0 0.916667 0.896947 0.040146 0.049618
0 0.066910 0.118321 0.041363 0.057252
0 0.859489 0.752863 0.037713 0.043893
0 0.746959 0.849237 0.036496 0.053435
0 0.180657 0.417939 0.040146 0.045802
0 0.591241 0.706107 0.029197 0.041985
0 0.392944 0.116412 0.026764 0.041985
0 0.422141 0.367366 0.024331 0.040076
0 0.448905 0.114504 0.021898 0.041985
0 0.068127 0.271947 0.041363 0.047710
0 0.860706 0.900763 0.042579 0.049618
0 0.972628 0.559160 0.037713 0.053435
0 0.563869 0.513359 0.023114 0.041985
0 0.451338 0.216603 0.024331 0.043893
0 0.744526 0.413168 0.036496 0.047710
0 0.804136 0.803435 0.036496 0.045802
0 0.479927 0.116412 0.023114 0.041985
0 0.593674 0.560115 0.024331 0.040076
0 0.916667 0.852099 0.037713 0.043893
0 0.860706 0.462786 0.042579 0.051527
0 0.293796 0.466603 0.040146 0.040076
0 0.803528 0.950382 0.037713 0.057252
0 0.124696 0.561069 0.037713 0.049618
0 0.803528 0.898855 0.037713 0.045802
0 0.125304 0.369275 0.041363 0.047710
0 0.293187 0.512405 0.034063 0.051527
0 0.565085 0.559160 0.023114 0.038168
0 0.125304 0.612595 0.038929 0.053435
0 0.915450 0.706107 0.035280 0.045802
0 0.451338 0.466603 0.024331 0.040076
0 0.801703 0.314885 0.036496 0.045802
0 0.746959 0.609733 0.036496 0.047710
0 0.745742 0.462786 0.036496 0.051527
0 0.592457 0.511450 0.024331 0.045802
0 0.592457 0.607824 0.024331 0.043893
0 0.451338 0.414122 0.024331 0.045802
0 0.450122 0.167939 0.024331 0.038168
0 0.563869 0.462786 0.023114 0.043893
0 0.591241 0.802481 0.026764 0.040076
0 0.392944 0.167939 0.024331 0.038168
0 0.068127 0.221374 0.041363 0.053435
0 0.972628 0.659351 0.037713 0.047710
0 0.124696 0.664122 0.040146 0.049618
0 0.125304 0.755725 0.038929 0.049618
0 0.802920 0.562977 0.036496 0.049618
0 0.746959 0.801527 0.036496 0.045802
0 0.124696 0.319656 0.040146 0.055344
0 0.123479 0.219466 0.035280 0.045802
0 0.968978 0.265267 0.035280 0.045802
0 0.181873 0.853053 0.040146 0.049618
0 0.972019 0.705153 0.036496 0.047710
0 0.125912 0.805344 0.040146 0.049618
0 0.180657 0.807252 0.040146 0.045802
0 0.450730 0.314885 0.023114 0.041985
0 0.448905 0.058206 0.024331 0.043893
0 0.858273 0.559160 0.037713 0.049618
0 0.748175 0.949427 0.038929 0.051527
0 0.592457 0.654580 0.024331 0.041985
0 0.179440 0.663168 0.040146 0.055344
0 0.745742 0.560115 0.036496 0.051527
0 0.419100 0.219466 0.025547 0.038168
0 0.860706 0.950382 0.042579 0.049618
0 0.802920 0.512405 0.036496 0.051527
0 0.577251 0.060115 0.040146 0.055344
0 0.687956 0.214695 0.035280 0.047710
0 0.915450 0.659351 0.035280 0.051527
0 0.689781 0.608779 0.038929 0.049618
0 0.179440 0.063931 0.040146 0.059160
0 0.858881 0.366412 0.038929 0.053435
0 0.577251 0.364504 0.037713 0.049618
