0 0.3214222222222222 0.3539481615430983 0.01706666666666667 0.044364074743821466
0 0.3214222222222222 0.3973477998794454 0.01706666666666667 0.034719710669077725
0 0.01848888888888889 0.5506931886678722 0.0256 0.044364074743821605
0 0.018014814814814813 0.5217600964436407 0.02465185185185185 0.036648583484026484
0 0.3124148148148148 0.10705244122965642 0.027496296296296307 0.04436407474382157
0 0.3233185185185185 0.44942736588306204 0.015170370370370384 0.02314647377938509
0 0.018488888888888888 0.5902350813743218 0.0274962962962963 0.050150693188667786
0 0.1867851851851852 0.1745629897528632 0.024651851851851845 0.040506329113924065
0 0.4375703703703704 0.43785412899336956 0.025600000000000022 0.034719710669077725
0 0.5214814814814815 0.3616636528028933 0.024651851851851845 0.040506329113924044
0 0.060207407407407404 0.40216998191681735 0.02749629629629629 0.040506329113924086
0 0.060207407407407404 0.3250150693188668 0.025600000000000005 0.040506329113924044
0 0.1867851851851852 0.36262808921036765 0.024651851851851845 0.034719710669077766
0 0.017540740740740742 0.3973477998794454 0.025599999999999998 0.038577456298975236
0 0.5632 0.44267631103074134 0.02275555555555556 0.036648583484026394
0 0.06115555555555556 0.7136829415310427 0.023703703703703703 0.03857745629897533
0 0.14506666666666668 0.5198312236286919 0.022755555555555543 0.040506329113923996
0 0.5632 0.40313441832429175 0.024651851851851914 0.042435201928872845
0 0.43662222222222224 0.6722121760096443 0.025599999999999953 0.040506329113923996
0 0.10287407407407408 0.5969861362266425 0.025599999999999987 0.040506329113923996
0 0.14459259259259258 0.479324894514768 0.025600000000000005 0.040506329113923996
0 0.43662222222222224 0.2102471368294153 0.025599999999999953 0.034719710669077766
0 0.2285037037037037 0.40216998191681735 0.024651851851851845 0.040506329113924086
0 0.6044444444444445 0.09933694996986137 0.023703703703703668 0.04050632911392405
0 0.1867851851851852 0.1350210970464135 0.024651851851851845 0.038577456298975285
0 0.39585185185185184 0.6326702833031947 0.025599999999999953 0.042435201928872755
0 0.5632 0.5159734779987944 0.024651851851851914 0.036648583484026484
0 0.3124148148148148 0.19481615430982518 0.025599999999999987 0.042435201928872825
0 0.3953777777777778 0.6722121760096443 0.024651851851851845 0.040506329113923996
0 0.2285037037037037 0.43881856540084396 0.02654814814814813 0.040506329113924086
0 0.5641481481481482 0.1726341169379144 0.02275555555555556 0.036648583484026526
0 0.1867851851851852 0.2526823387582881 0.024651851851851845 0.038577456298975285
0 0.1867851851851852 0.05593731163351417 0.024651851851851845 0.03857745629897529
0 0.018014814814814817 0.3250150693188668 0.026548148148148147 0.040506329113924044
0 0.10334814814814815 0.44364074743821585 0.024651851851851845 0.042435201928872755
0 0.47928888888888893 0.40216998191681735 0.023703703703703737 0.040506329113924086
0 0.35318518518518516 0.1735985533453888 0.023703703703703737 0.038577456298975285
0 0.3953777777777778 0.7127185051235684 0.0265481481481482 0.036648583484026574
0 0.5627259259259259 0.3259795057263411 0.023703703703703737 0.034719710669077856
0 0.1867851851851852 0.4812537673297168 0.024651851851851845 0.044364074743821515
0 0.22897777777777775 0.7136829415310427 0.023703703703703703 0.034719710669077725
0 0.10287407407407408 0.09355033152501507 0.025599999999999987 0.04436407474382157
0 0.01848888888888889 0.09162145871006627 0.0256 0.04050632911392398
0 0.22897777777777775 0.5188667872212176 0.023703703703703703 0.038577456298975146
0 0.060207407407407404 0.2102471368294153 0.023703703703703703 0.038577456298975285
0 0.27117037037037034 0.05690174804098855 0.024651851851851845 0.040506329113924044
0 0.6053925925925926 0.1350210970464135 0.023703703703703668 0.038577456298975285
0 0.3527111111111111 0.36262808921036765 0.024651851851851914 0.038577456298975285
0 0.2721185185185185 0.17552742616033756 0.024651851851851845 0.034719710669077745
0 0.2285037037037037 0.5564798071127185 0.024651851851851845 0.040506329113923996
0 0.22897777777777775 0.479324894514768 0.023703703703703703 0.040506329113923996
0 0.06115555555555556 0.4802893309222424 0.025599999999999998 0.042435201928872755
0 0.1867851851851852 0.3269439421338156 0.02654814814814813 0.040506329113923906
0 0.060207407407407404 0.3616636528028933 0.02749629629629629 0.040506329113924044
0 0.47928888888888893 0.47932489451476784 0.023703703703703737 0.036648583484026664
0 0.39585185185185184 0.479324894514768 0.023703703703703737 0.040506329113923996
0 0.10287407407407408 0.5188667872212176 0.025599999999999987 0.038577456298975146
0 0.5214814814814814 0.1745629897528632 0.02275555555555556 0.036648583484026505
0 0.5632 0.36262808921036765 0.024651851851851914 0.038577456298975285
0 0.5632 0.5564798071127185 0.024651851851851914 0.040506329113923996
0 0.3953777777777778 0.4397830018083183 0.024651851851851845 0.03857745629897533
0 0.018014814814814813 0.249789029535865 0.02465185185185185 0.040506329113924044
0 0.1867851851851852 0.4397830018083183 0.024651851851851845 0.03857745629897533
0 0.6053925925925926 0.2102471368294153 0.025600000000000022 0.038577456298975285
0 0.14506666666666668 0.28740204942736586 0.024651851851851862 0.04243520192887271
0 0.14364444444444444 0.25075346594333936 0.023703703703703703 0.034719710669077766
0 0.43662222222222224 0.6365280289330922 0.025599999999999953 0.03857745629897533
0 0.3527111111111111 0.43881856540084396 0.024651851851851914 0.036648583484026484
0 0.060207407407407404 0.13309222423146472 0.02749629629629629 0.042435201928872866
0 0.2716444444444444 0.2102471368294153 0.023703703703703703 0.038577456298975285
0 0.14364444444444444 0.6365280289330922 0.023703703703703703 0.03857745629897533
0 0.3527111111111111 0.479324894514768 0.024651851851851914 0.040506329113923996
0 0.4370962962962963 0.1745629897528632 0.024651851851851845 0.040506329113924065
0 0.47881481481481486 0.6779987944544906 0.024651851851851845 0.040506329113924086
0 0.5219555555555556 0.5950572634116937 0.025600000000000022 0.040506329113923906
0 0.01848888888888889 0.479324894514768 0.0256 0.040506329113923996
0 0.5210074074074074 0.401205545509343 0.023703703703703668 0.03857745629897533
0 0.22945185185185185 0.1745629897528632 0.024651851851851845 0.040506329113924065
0 0.43662222222222224 0.5969861362266425 0.025599999999999953 0.040506329113923996
0 0.2285037037037037 0.28643761301989157 0.02275555555555556 0.040506329113924176
0 0.2716444444444444 0.25075346594333936 0.023703703703703703 0.0424352019288728
0 0.14364444444444444 0.2102471368294153 0.023703703703703703 0.038577456298975285
0 0.017540740740740742 0.13405666063893912 0.025599999999999998 0.040506329113924044
0 0.5636740740740741 0.2102471368294153 0.023703703703703737 0.0424352019288728
0 0.3527111111111111 0.28643761301989146 0.024651851851851914 0.036648583484026526
0 0.060207407407407404 0.25075346594333936 0.023703703703703703 0.034719710669077766
0 0.39585185185185184 0.3269439421338156 0.023703703703703737 0.040506329113923906
0 0.31194074074074074 0.05883062085593734 0.02654814814814813 0.04822182037371905
0 0.39585185185185184 0.1735985533453888 0.023703703703703737 0.038577456298975285
0 0.5214814814814815 0.633634719710669 0.024651851851851845 0.040506329113924176
0 0.018014814814814817 0.1735985533453888 0.026548148148148147 0.038577456298975285
0 0.10287407407407408 0.28740204942736586 0.025599999999999987 0.04243520192887271
0 0.14459259259259258 0.674141048824593 0.025600000000000005 0.040506329113923996
0 0.5632 0.479324894514768 0.024651851851851914 0.040506329113923996
0 0.1024 0.6384569017480409 0.024651851851851845 0.042435201928872845
0 0.4375703703703704 0.36359252561784206 0.023703703703703668 0.036648583484026526
0 0.43662222222222224 0.7088607594936709 0.025599999999999953 0.036648583484026574
0 0.2285037037037037 0.6326702833031946 0.024651851851851845 0.03857745629897542
0 0.06115555555555556 0.0916214587100663 0.025599999999999998 0.0482218203737191
0 0.2285037037037037 0.25075346594333936 0.02654814814814813 0.034719710669077766
0 0.47928888888888893 0.2102471368294153 0.023703703703703737 0.034719710669077766
0 0.35318518518518516 0.21410488245931283 0.023703703703703737 0.042435201928872845
0 0.6044444444444445 0.05690174804098855 0.025600000000000022 0.04822182037371911
0 0.47976296296296295 0.36359252561784206 0.024651851851851845 0.036648583484026526
0 0.4375703703703704 0.5159734779987946 0.025600000000000022 0.040506329113924086
0 0.562725925925926 0.28740204942736597 0.025600000000000022 0.03857745629897542
0 0.2716444444444444 0.28740204942736597 0.023703703703703703 0.03857745629897542
0 0.01848888888888889 0.43785412899336956 0.0256 0.042435201928872936
0 0.47928888888888893 0.6365280289330921 0.025599999999999953 0.04629294755877045
0 0.1863111111111111 0.21506931886678723 0.025599999999999987 0.040506329113924065
0 0.14364444444444444 0.1350210970464135 0.023703703703703703 0.038577456298975285
0 0.1867851851851852 0.09644364074743822 0.02654814814814813 0.042435201928872825
0 0.47928888888888893 0.5555153707052441 0.025599999999999953 0.042435201928872845
0 0.4375703703703704 0.47836045810729366 0.023703703703703668 0.038577456298975236
0 0.2285037037037037 0.09644364074743822 0.02654814814814813 0.042435201928872825
0 0.5210074074074074 0.20928270042194091 0.023703703703703668 0.040506329113924044
0 0.5219555555555556 0.5555153707052441 0.025600000000000022 0.042435201928872845
0 0.43662222222222224 0.5564798071127185 0.025599999999999953 0.040506329113923996
0 0.22945185185185185 0.21121157323688966 0.024651851851851845 0.040506329113924044
0 0.35318518518518516 0.13309222423146472 0.023703703703703737 0.042435201928872866
0 0.2285037037037037 0.36359252561784206 0.024651851851851845 0.036648583484026526
0 0.10287407407407408 0.21410488245931283 0.023703703703703703 0.038577456298975264
0 0.5214814814814815 0.5188667872212176 0.024651851851851845 0.038577456298975146
0 0.3527111111111111 0.3269439421338156 0.024651851851851914 0.040506329113923906
0 0.10287407407407408 0.1735985533453888 0.025599999999999987 0.042435201928872825
0 0.43662222222222224 0.13309222423146472 0.025599999999999953 0.042435201928872866
0 0.5214814814814815 0.479324894514768 0.024651851851851845 0.040506329113923996
0 0.3953777777777778 0.21121157323688966 0.02275555555555556 0.040506329113924044
0 0.39632592592592597 0.28740204942736597 0.02275555555555556 0.03857745629897542
0 0.14459259259259258 0.09644364074743822 0.025600000000000005 0.042435201928872825
0 0.2702222222222222 0.3269439421338156 0.02654814814814813 0.040506329113923906
0 0.47928888888888893 0.13309222423146472 0.023703703703703737 0.042435201928872866
0 0.39632592592592586 0.13309222423146472 0.024651851851851845 0.042435201928872866
0 0.47928888888888893 0.4397830018083183 0.023703703703703737 0.03857745629897533
0 0.2285037037037037 0.1350210970464135 0.02654814814814813 0.038577456298975285
0 0.39585185185185184 0.249789029535865 0.023703703703703737 0.036648583484026526
0 0.47928888888888893 0.1745629897528632 0.025599999999999953 0.040506329113924065
0 0.14506666666666668 0.3259795057263411 0.022755555555555543 0.034719710669077856
0 0.10287407407407408 0.40216998191681735 0.025599999999999987 0.040506329113924086
0 0.3233185185185185 0.4233875828812538 0.015170370370370384 0.021217600964436513
0 0.3214222222222222 0.6808921036769138 0.01706666666666667 0.027004219409282694
0 0.3218962962962963 0.47353827606992155 0.01611851851851853 0.028933092224231273
0 0.5622518518518518 0.6365280289330922 0.0265481481481482 0.03857745629897533
0 0.39585185185185184 0.36359252561784206 0.023703703703703737 0.036648583484026526
0 0.22802962962962967 0.05593731163351417 0.023703703703703703 0.03857745629897529
0 0.2285037037037037 0.5950572634116937 0.02275555555555556 0.036648583484026394
0 0.39585185185185184 0.5555153707052441 0.023703703703703737 0.042435201928872845
0 0.060207407407407404 0.4397830018083183 0.02749629629629629 0.03857745629897533
0 0.6053925925925926 0.1735985533453888 0.023703703703703668 0.034719710669077745
0 0.5636740740740741 0.25171790235081376 0.023703703703703737 0.040506329113924044
0 0.47976296296296295 0.3269439421338156 0.024651851851851845 0.040506329113923906
0 0.5214814814814815 0.43881856540084396 0.024651851851851845 0.040506329113924086
0 0.2706962962962963 0.13502109704641352 0.025599999999999987 0.042435201928872825
0 0.22802962962962967 0.3269439421338156 0.025599999999999987 0.040506329113923906
0 0.47834074074074073 0.51500904159132 0.025600000000000022 0.038577456298975236
0 0.47928888888888893 0.28740204942736597 0.023703703703703737 0.03857745629897542
0 0.4370962962962963 0.24882459312839061 0.024651851851851845 0.038577456298975285
0 0.4370962962962963 0.28643761301989157 0.024651851851851845 0.040506329113924176
0 0.5219555555555556 0.13309222423146472 0.023703703703703737 0.042435201928872866
0 0.47928888888888893 0.24882459312839061 0.025599999999999953 0.038577456298975285
0 0.4370962962962963 0.3269439421338156 0.024651851851851845 0.040506329113923906
0 0.5214814814814815 0.28547317661241717 0.0265481481481482 0.042435201928872936
0 0.31336296296296295 0.2835443037974683 0.025600000000000022 0.030861965039180254
0 0.3124148148148148 0.25557564798071125 0.027496296296296307 0.028933092224231453
0 0.31194074074074074 0.14948764315852925 0.02654814814814813 0.040506329113924065
0 0.31288888888888894 0.310548523206751 0.026548148148148164 0.019288728149487618
0 0.14459259259259258 0.7136829415310427 0.025600000000000005 0.03857745629897533
0 0.5214814814814815 0.3269439421338156 0.024651851851851845 0.040506329113923906
0 0.060207407407407404 0.5207956600361663 0.02749629629629629 0.034719710669077634
0 0.14364444444444444 0.5969861362266425 0.023703703703703703 0.040506329113923996
0 0.14364444444444444 0.1745629897528632 0.023703703703703703 0.036648583484026505
0 0.5214814814814815 0.6731766124171187 0.024651851851851845 0.034719710669077725
0 0.35318518518518516 0.25171790235081376 0.023703703703703737 0.036648583484026526
0 0.27117037037037034 0.09740807715491259 0.024651851851851845 0.03664858348402652
0 0.1863111111111111 0.290295358649789 0.025599999999999987 0.036648583484026435
0 0.5219555555555556 0.24593128390596747 0.021807407407407383 0.036648583484026526
0 0.060207407407407404 0.6365280289330921 0.023703703703703703 0.042435201928872936
0 0.39632592592592586 0.5159734779987944 0.024651851851851845 0.036648583484026484
0 0.060207407407407404 0.1735985533453888 0.025600000000000005 0.038577456298975285
0 0.10287407407407408 0.5555153707052441 0.025599999999999987 0.034719710669077905
0 0.1024 0.674141048824593 0.024651851851851845 0.036648583484026484
0 0.018014814814814813 0.2102471368294153 0.02465185185185185 0.034719710669077766
0 0.2285037037037037 0.6731766124171187 0.020859259259259275 0.034719710669077725
0 0.018014814814814813 0.36262808921036765 0.02465185185185185 0.034719710669077766
0 0.060207407407407404 0.5564798071127185 0.02749629629629629 0.040506329113923996
0 0.060207407407407404 0.5960216998191681 0.02749629629629629 0.038577456298975146
0 0.562725925925926 0.7136829415310427 0.025600000000000022 0.03857745629897533
0 0.14459259259259258 0.5564798071127185 0.025600000000000005 0.040506329113923996
0 0.4788148148148148 0.7146473779385172 0.02654814814814813 0.028933092224231453
0 0.35318518518518516 0.40216998191681735 0.023703703703703737 0.040506329113924086
0 0.10287407407407408 0.48028933092224224 0.025599999999999987 0.034719710669077905
0 0.018488888888888888 0.6374924653405666 0.023703703703703703 0.040506329113924086
0 0.060207407407407404 0.674141048824593 0.023703703703703703 0.036648583484026484
0 0.47928888888888893 0.5950572634116937 0.023703703703703737 0.036648583484026394
0 0.017540740740740742 0.2854731766124171 0.025599999999999998 0.034719710669077766
0 0.14364444444444444 0.3616636528028933 0.023703703703703703 0.040506329113924044
0 0.3218962962962963 0.7088607594936709 0.01611851851851853 0.02893309222423154
0 0.1024 0.32790837854128985 0.02275555555555556 0.034719710669077856
0 0.5636740740740741 0.12827004219409283 0.023703703703703737 0.040506329113924044
0 0.1867851851851852 0.40216998191681735 0.024651851851851845 0.040506329113924086
0 0.14459259259259258 0.44267631103074134 0.023703703703703703 0.040506329113923906
0 0.019437037037037037 0.7146473779385172 0.0256 0.040506329113924086
0 0.5622518518518518 0.6731766124171187 0.0265481481481482 0.042435201928872755
0 0.1024 0.13309222423146475 0.024651851851851845 0.034719710669077766
0 0.10239999999999999 0.7146473779385172 0.026548148148148147 0.036648583484026484
0 0.060207407407407404 0.28643761301989146 0.023703703703703703 0.036648583484026526
0 0.5195851851851851 0.7098251959011452 0.02654814814814813 0.03857745629897533
0 0.1024 0.249789029535865 0.024651851851851845 0.032790837854129014
0 0.4370962962962963 0.40216998191681735 0.02275555555555556 0.040506329113924086
0 0.5622518518518518 0.5969861362266425 0.0265481481481482 0.040506329113923996
0 0.39585185185185184 0.5921639541892707 0.025599999999999953 0.034719710669077725
0 0.14364444444444444 0.40313441832429175 0.023703703703703703 0.042435201928872845
0 0.018488888888888888 0.674141048824593 0.023703703703703703 0.040506329113923996
0 0.10334814814814815 0.3635925256178421 0.024651851851851845 0.040506329113924176
0 0.31288888888888894 0.605666063893912 0.022755555555555595 0.038577456298975236
0 0.3949037037037037 0.40216998191681735 0.023703703703703668 0.040506329113924086
