0 0.14145496535796767 0.32591623036649214 0.03810623556581988 0.0706806282722513
0 0.5184757505773672 0.5484293193717278 0.04387990762124716 0.04973821989528793
0 0.5202078521939955 0.5929319371727748 0.045034642032332706 0.054973821989528715
0 0.5190531177829099 0.4397905759162304 0.04503464203233254 0.04712041884816753
0 0.8920323325635104 0.3887434554973822 0.038106235565819824 0.039267015706806296
0 0.5202078521939955 0.22905759162303665 0.045034642032332706 0.04973821989528798
0 0.5190531177829099 0.8403141361256545 0.03348729792147809 0.05235602094240843
0 0.51905311778291 0.2827225130890052 0.047344110854503574 0.05235602094240838
0 0.51905311778291 0.33638743455497383 0.047344110854503574 0.04450261780104714
0 0.9457274826789839 0.8507853403141361 0.03002309468822173 0.06282722513089012
0 0.5190531177829099 0.3861256544502618 0.04503464203233254 0.06544502617801046
0 0.6235565819861432 0.524869109947644 0.03464203233256358 0.06544502617801046
0 0.9451501154734411 0.5248691099476439 0.035796766743648956 0.06020942408376956
0 0.5184757505773672 0.4921465968586387 0.04387990762124716 0.06806282722513085
0 0.5721709006928406 0.39005235602094246 0.0334872979214782 0.05235602094240838
0 0.24942263279445728 0.39267015706806285 0.03464203233256352 0.06282722513089006
0 0.0871824480369515 0.39397905759162305 0.03579676674364897 0.060209424083769614
0 0.3048498845265589 0.39397905759162305 0.034642032332563466 0.060209424083769614
0 0.7840646651270208 0.5287958115183247 0.03464203233256358 0.06282722513089001
0 0.6766743648960739 0.5916230366492147 0.03464203233256358 0.06282722513089012
0 0.6766743648960739 0.5235602094240839 0.03464203233256358 0.0680628272251308
0 0.8366050808314087 0.3900523560209424 0.03579676674364907 0.0732984293193717
0 0.30369515011547343 0.32198952879581155 0.03464203233256352 0.08376963350785344
0 0.35739030023094687 0.25 0.035796766743648956 0.0706806282722513
0 0.24942263279445726 0.46073298429319376 0.03695150115473442 0.07329842931937175
0 0.6235565819861432 0.5916230366492147 0.03464203233256358 0.0680628272251309
0 0.6235565819861432 0.6596858638743456 0.03464203233256358 0.0680628272251309
0 0.624133949191686 0.3900523560209424 0.03579676674364907 0.0732984293193717
0 0.9451501154734412 0.7905759162303665 0.038106235565819824 0.06282722513089012
0 0.5173210161662818 0.7133507853403142 0.04157043879907618 0.0654450261780104
0 0.46709006928406466 0.4607329842931937 0.035796766743648956 0.0680628272251309
0 0.35739030023094687 0.4607329842931937 0.03348729792147803 0.0680628272251309
0 0.41166281755196305 0.4607329842931937 0.038106235565819824 0.0680628272251309
0 0.08718244803695151 0.46073298429319376 0.03810623556581985 0.07329842931937175
0 0.4659353348729792 0.3861256544502618 0.03348729792147809 0.07591623036649214
0 0.4122401847575058 0.25130890052356025 0.03926096997690531 0.07329842931937175
0 0.6778290993071594 0.2513089005235602 0.034642032332563466 0.06806282722513088
0 0.9451501154734412 0.6596858638743455 0.038106235565819824 0.06282722513089001
0 0.4110854503464203 0.32198952879581155 0.03695150115473439 0.06282722513089006
0 0.9451501154734411 0.39267015706806285 0.035796766743648956 0.06282722513089006
0 0.7297921478060047 0.5916230366492147 0.03926096997690531 0.0680628272251309
0 0.14376443418013857 0.25130890052356025 0.038106235565819865 0.07329842931937175
0 0.19572748267898382 0.39267015706806285 0.03579676674364898 0.06282722513089006
0 0.6755196304849884 0.6596858638743455 0.036951501154734445 0.06282722513089001
0 0.9451501154734412 0.7225130890052356 0.038106235565819824 0.0680628272251309
0 0.35739030023094687 0.32198952879581155 0.035796766743648956 0.06806282722513085
0 0.3048498845265589 0.46073298429319376 0.03695150115473439 0.07329842931937175
0 0.7309468822170901 0.4541884816753927 0.034642032332563466 0.07068062827225141
0 0.7309468822170901 0.5209424083769634 0.036951501154734445 0.07329842931937175
0 0.7829099307159353 0.3887434554973822 0.03926096997690531 0.0706806282722513
0 0.19688221709006928 0.25130890052356025 0.03810623556581988 0.07329842931937175
0 0.890877598152425 0.4581151832460733 0.038106235565819935 0.07853403141361259
0 0.08833718244803695 0.32198952879581155 0.038106235565819865 0.08376963350785344
0 0.14145496535796767 0.46727748691099474 0.035796766743648956 0.0706806282722513
0 0.6766743648960739 0.46073298429319376 0.036951501154734334 0.06282722513089006
0 0.5178983833718245 0.7801047120418848 0.04041570438799075 0.0680628272251309
0 0.6766743648960739 0.39267015706806285 0.036951501154734334 0.06806282722513085
0 0.6766743648960739 0.32198952879581155 0.03464203233256358 0.06806282722513085
0 0.19572748267898382 0.46073298429319376 0.03810623556581985 0.07329842931937175
0 0.9451501154734412 0.32198952879581155 0.038106235565819824 0.07329842931937175
0 0.6235565819861433 0.46073298429319376 0.036951501154734445 0.06282722513089006
0 0.5710161662817552 0.46073298429319376 0.038106235565819824 0.07329842931937175
0 0.8366050808314087 0.46073298429319376 0.03579676674364907 0.07329842931937175
0 0.7840646651270208 0.46073298429319376 0.03464203233256358 0.07329842931937175
0 0.5710161662817552 0.32198952879581155 0.035796766743648956 0.08376963350785344
0 0.7840646651270208 0.5955497382198953 0.036951501154734334 0.06544502617801051
0 0.9451501154734412 0.5916230366492147 0.038106235565819824 0.0680628272251309
0 0.7840646651270208 0.32198952879581155 0.036951501154734334 0.06806282722513085
0 0.890877598152425 0.32198952879581155 0.038106235565819935 0.08376963350785344
0 0.9445727482678984 0.25130890052356025 0.03926096997690531 0.07329842931937175
0 0.783487297921478 0.25130890052356025 0.038106235565819824 0.07329842931937175
0 0.19572748267898382 0.32460732984293195 0.03810623556581985 0.0680628272251309
0 0.9451501154734412 0.46073298429319376 0.038106235565819824 0.07329842931937175
0 0.14260969976905313 0.39659685863874344 0.040415704387990775 0.0706806282722513
0 0.35854503464203236 0.39397905759162305 0.03810623556581988 0.0706806282722513
0 0.4122401847575058 0.39397905759162305 0.03926096997690531 0.0706806282722513
