0 0.443483 0.065421 0.038062 0.048598
0 0.708189 0.265421 0.034602 0.048598
0 0.442330 0.501869 0.038062 0.042991
0 0.871396 0.448598 0.035755 0.048598
0 0.549596 0.307477 0.033449 0.039252
0 0.441176 0.545794 0.038062 0.048598
0 0.117647 0.788785 0.036909 0.052336
0 0.064591 0.260748 0.039216 0.054206
0 0.280277 0.691589 0.039216 0.052336
0 0.871396 0.594393 0.035755 0.052336
0 0.171280 0.549533 0.035755 0.044860
0 0.549596 0.405607 0.035755 0.048598
0 0.172434 0.500935 0.033449 0.048598
0 0.709343 0.642056 0.034602 0.042991
0 0.603230 0.687850 0.032295 0.048598
0 0.171280 0.785047 0.033449 0.048598
0 0.655133 0.358879 0.034602 0.048598
0 0.604383 0.734579 0.032295 0.048598
0 0.922722 0.404673 0.036909 0.042991
0 0.548443 0.458879 0.038062 0.054206
0 0.225490 0.789720 0.038062 0.050467
0 0.386967 0.360748 0.033449 0.044860
0 0.171280 0.831776 0.033449 0.048598
0 0.870242 0.309346 0.035755 0.046729
0 0.065744 0.168224 0.036909 0.048598
0 0.497116 0.241121 0.046136 0.044860
0 0.656286 0.640187 0.032295 0.046729
0 0.171280 0.876636 0.035755 0.048598
0 0.118224 0.360748 0.035755 0.044860
0 0.118800 0.263551 0.034602 0.048598
0 0.926182 0.735514 0.036909 0.050467
0 0.869666 0.401869 0.034602 0.044860
0 0.925029 0.640187 0.039216 0.050467
0 0.280277 0.640187 0.039216 0.050467
0 0.441176 0.829907 0.038062 0.048598
0 0.550173 0.213084 0.034602 0.044860
0 0.387543 0.736449 0.034602 0.048598
0 0.497693 0.051402 0.044983 0.039252
0 0.116494 0.643925 0.039216 0.050467
0 0.387543 0.692523 0.036909 0.046729
0 0.926182 0.825234 0.039216 0.050467
0 0.495963 0.090654 0.043829 0.042991
0 0.441176 0.926168 0.038062 0.054206
0 0.604383 0.871963 0.036909 0.042991
0 0.603230 0.782243 0.032295 0.042991
0 0.279123 0.595327 0.036909 0.050467
0 0.116494 0.595327 0.034602 0.046729
0 0.870242 0.546729 0.031142 0.042991
0 0.440600 0.689720 0.036909 0.044860
0 0.708766 0.832710 0.031142 0.042991
0 0.118800 0.549533 0.034602 0.044860
0 0.226644 0.930841 0.035755 0.044860
0 0.441176 0.783178 0.038062 0.044860
0 0.926182 0.781308 0.034602 0.044860
0 0.710496 0.689720 0.036909 0.048598
0 0.926182 0.877570 0.039216 0.050467
0 0.118800 0.456075 0.036909 0.048598
0 0.926182 0.687850 0.036909 0.048598
0 0.814879 0.167290 0.035755 0.050467
0 0.656286 0.873832 0.032295 0.054206
0 0.710496 0.734579 0.034602 0.044860
0 0.441176 0.877570 0.038062 0.046729
0 0.387543 0.783178 0.034602 0.048598
0 0.497693 0.205607 0.042676 0.037383
0 0.495963 0.127103 0.046136 0.029907
0 0.604383 0.829907 0.036909 0.037383
0 0.708766 0.878505 0.033449 0.048598
0 0.116494 0.690654 0.029988 0.042991
0 0.658593 0.829907 0.036909 0.029907
0 0.508651 0.733645 0.027682 0.042991
0 0.495386 0.451402 0.040369 0.039252
0 0.386967 0.876636 0.033449 0.044860
0 0.118800 0.504673 0.036909 0.048598
0 0.655133 0.593458 0.034602 0.042991
0 0.065167 0.116822 0.035755 0.054206
0 0.923875 0.590654 0.034602 0.048598
0 0.602076 0.925234 0.039216 0.056075
0 0.762976 0.263551 0.038062 0.048598
0 0.117647 0.737383 0.036909 0.046729
0 0.710496 0.780374 0.034602 0.050467
0 0.656286 0.736449 0.034602 0.048598
0 0.388697 0.263551 0.036909 0.048598
0 0.280277 0.115888 0.036909 0.048598
0 0.388697 0.113084 0.036909 0.057944
0 0.709343 0.596262 0.036909 0.048598
0 0.441176 0.734579 0.038062 0.052336
0 0.386967 0.594393 0.033449 0.048598
0 0.064591 0.213084 0.034602 0.044860
0 0.226644 0.883178 0.035755 0.050467
0 0.870242 0.498131 0.031142 0.050467
0 0.172434 0.215888 0.033449 0.046729
0 0.335640 0.219626 0.036909 0.054206
0 0.761822 0.168224 0.035755 0.048598
0 0.225490 0.213084 0.038062 0.048598
0 0.171280 0.262617 0.035755 0.046729
0 0.869089 0.264486 0.038062 0.042991
0 0.388120 0.926168 0.038062 0.054206
0 0.118800 0.406542 0.036909 0.046729
0 0.656286 0.310280 0.036909 0.052336
0 0.655133 0.217757 0.034602 0.054206
0 0.172434 0.166355 0.033449 0.048598
0 0.655133 0.119626 0.039216 0.048598
0 0.279700 0.358879 0.038062 0.048598
0 0.602076 0.407477 0.034602 0.048598
0 0.279123 0.407477 0.036909 0.044860
0 0.603230 0.641121 0.039216 0.048598
0 0.388697 0.218692 0.036909 0.048598
0 0.708189 0.215888 0.036909 0.050467
0 0.761822 0.316822 0.035755 0.050467
0 0.656286 0.543925 0.036909 0.048598
0 0.441176 0.215888 0.031142 0.046729
0 0.225490 0.310280 0.038062 0.048598
0 0.386967 0.501869 0.038062 0.046729
0 0.387543 0.312150 0.036909 0.052336
0 0.602076 0.546729 0.034602 0.050467
0 0.708766 0.404673 0.033449 0.046729
0 0.171280 0.407477 0.038062 0.048598
0 0.280277 0.164486 0.036909 0.048598
0 0.869089 0.066355 0.038062 0.054206
0 0.442330 0.356075 0.038062 0.050467
0 0.226644 0.357944 0.038062 0.046729
0 0.814879 0.265421 0.035755 0.048598
0 0.280277 0.262617 0.039216 0.050467
0 0.279123 0.312150 0.034602 0.048598
0 0.814879 0.119626 0.035755 0.048598
0 0.225490 0.262617 0.038062 0.050467
0 0.762399 0.119626 0.032295 0.048598
0 0.655133 0.166355 0.034602 0.048598
0 0.708189 0.119626 0.034602 0.048598
0 0.602076 0.167290 0.036909 0.050467
0 0.653979 0.264486 0.032295 0.039252
0 0.442330 0.267290 0.033449 0.048598
0 0.762976 0.066355 0.035755 0.054206
0 0.708189 0.312150 0.034602 0.048598
0 0.226644 0.739252 0.038062 0.050467
0 0.814879 0.215888 0.035755 0.046729
0 0.170127 0.308411 0.035755 0.048598
0 0.816032 0.357944 0.038062 0.054206
0 0.171280 0.596262 0.038062 0.048598
0 0.441176 0.454206 0.035755 0.048598
0 0.923875 0.214019 0.034602 0.050467
0 0.226644 0.114953 0.038062 0.054206
0 0.441176 0.593458 0.040369 0.054206
0 0.443483 0.167290 0.033449 0.050467
0 0.709343 0.452336 0.034602 0.048598
0 0.602076 0.119626 0.036909 0.048598
0 0.279700 0.452336 0.038062 0.048598
0 0.549020 0.356075 0.034602 0.050467
0 0.226644 0.453271 0.038062 0.050467
0 0.923875 0.498131 0.039216 0.050467
0 0.441176 0.407477 0.033449 0.048598
0 0.869089 0.118692 0.038062 0.050467
0 0.656286 0.453271 0.039216 0.046729
0 0.495386 0.398131 0.042676 0.056075
0 0.280277 0.061682 0.036909 0.056075
0 0.656286 0.064486 0.036909 0.050467
0 0.226644 0.061682 0.038062 0.048598
0 0.657439 0.786916 0.036909 0.048598
0 0.388697 0.832710 0.034602 0.050467
0 0.118800 0.313084 0.036909 0.054206
0 0.119377 0.116822 0.035755 0.061682
0 0.708189 0.358879 0.032295 0.044860
0 0.497116 0.315888 0.048443 0.041121
0 0.497116 0.281308 0.043829 0.031776
0 0.386967 0.547664 0.038062 0.044860
0 0.441176 0.114953 0.038062 0.054206
0 0.226644 0.688785 0.035755 0.050467
0 0.225490 0.595327 0.038062 0.050467
0 0.655133 0.499065 0.034602 0.044860
0 0.708189 0.067290 0.032295 0.052336
0 0.388697 0.406542 0.034602 0.046729
0 0.602076 0.454206 0.034602 0.048598
0 0.279700 0.500935 0.033449 0.048598
0 0.922722 0.357944 0.034602 0.046729
0 0.869089 0.218692 0.033449 0.048598
0 0.922722 0.261682 0.036909 0.048598
0 0.170127 0.737383 0.033449 0.050467
0 0.708189 0.167290 0.034602 0.046729
0 0.923299 0.547664 0.035755 0.044860
0 0.923875 0.448598 0.034602 0.048598
0 0.170127 0.357944 0.033449 0.046729
0 0.170704 0.642991 0.036909 0.044860
0 0.869089 0.168224 0.040369 0.048598
0 0.226644 0.837383 0.038062 0.048598
0 0.656286 0.689720 0.036909 0.048598
0 0.602076 0.501869 0.034602 0.046729
0 0.064591 0.065421 0.034602 0.048598
0 0.171280 0.454206 0.035755 0.048598
0 0.603230 0.217757 0.032295 0.054206
0 0.226644 0.168224 0.033449 0.044860
0 0.547866 0.263551 0.032295 0.048598
0 0.118800 0.215888 0.032295 0.046729
0 0.226644 0.403738 0.035755 0.044860
0 0.602076 0.594393 0.034602 0.048598
0 0.387543 0.168224 0.034602 0.048598
0 0.761822 0.215888 0.035755 0.050467
0 0.708189 0.546729 0.039216 0.050467
0 0.603230 0.064486 0.034602 0.054206
0 0.386967 0.642991 0.038062 0.048598
0 0.708189 0.500935 0.034602 0.048598
0 0.173587 0.114953 0.033449 0.054206
0 0.871396 0.357009 0.035755 0.048598
0 0.817186 0.310280 0.033449 0.044860
0 0.816032 0.066355 0.033449 0.054206
0 0.655133 0.405607 0.034602 0.048598
0 0.600923 0.357944 0.034602 0.046729
0 0.442330 0.309346 0.031142 0.039252
0 0.170127 0.692523 0.035755 0.046729
0 0.440023 0.641121 0.038062 0.048598
0 0.602653 0.313084 0.033449 0.042991
0 0.226644 0.500935 0.035755 0.048598
0 0.119377 0.169159 0.033449 0.050467
0 0.225490 0.547664 0.033449 0.044860
0 0.925029 0.312150 0.034602 0.048598
0 0.279123 0.547664 0.036909 0.044860
0 0.387543 0.452336 0.036909 0.044860
0 0.495963 0.164486 0.048443 0.044860
0 0.280277 0.213084 0.034602 0.044860
0 0.602653 0.267290 0.033449 0.048598
0 0.225490 0.643925 0.033449 0.046729
0 0.172434 0.928037 0.040369 0.050467
