0 0.141667 0.836349 0.034444 0.041118
0 0.140556 0.875822 0.032222 0.044408
0 0.555556 0.874178 0.033333 0.047697
0 0.912778 0.336349 0.034444 0.041118
0 0.399444 0.750822 0.032222 0.037829
0 0.913889 0.416941 0.032222 0.041118
0 0.860556 0.162007 0.036667 0.047697
0 0.087222 0.463816 0.032222 0.039474
0 0.347778 0.836349 0.033333 0.041118
0 0.243333 0.255757 0.033333 0.041118
0 0.861111 0.625822 0.037778 0.044408
0 0.656111 0.458882 0.030000 0.039474
0 0.245556 0.878289 0.035556 0.039474
0 0.139444 0.503289 0.032222 0.039474
0 0.705556 0.208882 0.028889 0.039474
0 0.451667 0.297697 0.032222 0.042763
0 0.860556 0.253289 0.036667 0.042763
0 0.808333 0.211349 0.032222 0.047697
0 0.757778 0.208882 0.033333 0.042763
0 0.706667 0.380757 0.035556 0.047697
0 0.191111 0.338816 0.031111 0.039474
0 0.450556 0.666941 0.032222 0.041118
0 0.706667 0.338816 0.031111 0.039474
0 0.502222 0.458882 0.040000 0.046053
0 0.552222 0.164474 0.033333 0.046053
0 0.296667 0.586349 0.033333 0.041118
0 0.088333 0.625822 0.034444 0.044408
0 0.141667 0.586349 0.034444 0.037829
0 0.450556 0.208882 0.032222 0.046053
0 0.808333 0.250822 0.032222 0.037829
0 0.759444 0.419408 0.036667 0.042763
0 0.140556 0.626645 0.032222 0.039474
0 0.243333 0.583882 0.033333 0.036184
0 0.139444 0.338816 0.030000 0.039474
0 0.450556 0.588816 0.032222 0.039474
0 0.810556 0.544408 0.032222 0.042763
0 0.861667 0.458882 0.034444 0.039474
0 0.088333 0.546053 0.036667 0.039474
0 0.450556 0.463816 0.034444 0.042763
0 0.244444 0.921053 0.033333 0.039474
0 0.861667 0.336349 0.034444 0.044408
0 0.451667 0.503289 0.034444 0.039474
0 0.347222 0.793586 0.032222 0.041118
0 0.296667 0.876645 0.033333 0.039474
0 0.140556 0.208882 0.036667 0.046053
0 0.655556 0.253289 0.031111 0.039474
0 0.451667 0.628289 0.034444 0.039474
0 0.347222 0.624178 0.032222 0.041118
0 0.655556 0.208882 0.031111 0.042763
0 0.088333 0.505757 0.034444 0.041118
0 0.139444 0.465461 0.036667 0.039474
0 0.399444 0.711349 0.032222 0.041118
0 0.553333 0.211349 0.033333 0.044408
0 0.450556 0.380757 0.032222 0.041118
0 0.553333 0.338816 0.031111 0.039474
0 0.348333 0.876645 0.036667 0.042763
0 0.245556 0.833882 0.035556 0.046053
0 0.295556 0.338816 0.031111 0.036184
0 0.451667 0.708882 0.034444 0.039474
0 0.554444 0.626645 0.033333 0.046053
0 0.296111 0.751645 0.034444 0.039474
0 0.398333 0.208882 0.032222 0.042763
0 0.295556 0.255757 0.031111 0.041118
0 0.192222 0.711349 0.033333 0.041118
0 0.242222 0.503289 0.033333 0.042763
0 0.450556 0.546053 0.038889 0.046053
0 0.758333 0.461349 0.036667 0.041118
0 0.655000 0.296053 0.030000 0.046053
0 0.347222 0.583882 0.032222 0.039474
0 0.656667 0.419408 0.031111 0.042763
0 0.192778 0.628289 0.034444 0.039474
0 0.757778 0.296053 0.035556 0.042763
0 0.295556 0.421053 0.033333 0.042763
0 0.192778 0.255757 0.034444 0.041118
0 0.655556 0.338816 0.028889 0.039474
0 0.191667 0.586349 0.034444 0.041118
0 0.192778 0.546053 0.034444 0.039474
0 0.089444 0.340461 0.032222 0.042763
0 0.192222 0.208882 0.035556 0.052632
0 0.810556 0.421053 0.032222 0.042763
0 0.348333 0.751645 0.032222 0.042763
0 0.450000 0.255757 0.031111 0.041118
0 0.399444 0.418586 0.032222 0.037829
0 0.347222 0.503289 0.036667 0.046053
0 0.296667 0.793586 0.033333 0.041118
0 0.191111 0.794408 0.033333 0.042763
0 0.347222 0.546053 0.034444 0.039474
0 0.243333 0.546053 0.033333 0.039474
0 0.244444 0.791118 0.033333 0.042763
0 0.297778 0.711349 0.033333 0.041118
0 0.140556 0.378289 0.032222 0.039474
0 0.553889 0.253289 0.032222 0.042763
0 0.705556 0.250822 0.033333 0.044408
0 0.810556 0.336349 0.032222 0.041118
0 0.245556 0.711349 0.033333 0.041118
0 0.244444 0.749178 0.033333 0.041118
0 0.348333 0.708882 0.032222 0.039474
0 0.449444 0.421053 0.032222 0.039474
0 0.553333 0.298520 0.033333 0.041118
0 0.243333 0.671053 0.035556 0.039474
0 0.242222 0.296053 0.035556 0.039474
0 0.346111 0.255757 0.034444 0.041118
0 0.810556 0.378289 0.032222 0.039474
0 0.398333 0.543586 0.034444 0.041118
0 0.242222 0.336349 0.033333 0.041118
0 0.347222 0.208882 0.036667 0.046053
0 0.295556 0.208882 0.035556 0.046053
0 0.296667 0.626645 0.033333 0.039474
0 0.347778 0.461349 0.033333 0.041118
0 0.141111 0.255757 0.035556 0.041118
0 0.655556 0.378289 0.031111 0.039474
0 0.553333 0.378289 0.033333 0.042763
0 0.808333 0.294408 0.034444 0.042763
0 0.088889 0.423520 0.031111 0.041118
0 0.242222 0.463816 0.033333 0.039474
0 0.758333 0.336349 0.032222 0.041118
0 0.347222 0.336349 0.032222 0.041118
0 0.347778 0.296053 0.033333 0.039474
0 0.553333 0.421053 0.033333 0.042763
0 0.140556 0.423520 0.032222 0.044408
0 0.757778 0.250822 0.035556 0.044408
0 0.399444 0.626645 0.032222 0.039474
0 0.242222 0.378289 0.033333 0.039474
0 0.243333 0.421053 0.033333 0.042763
0 0.398333 0.253289 0.034444 0.046053
0 0.296667 0.379112 0.033333 0.044408
0 0.243333 0.208882 0.035556 0.049342
0 0.347222 0.421053 0.032222 0.042763
0 0.191111 0.378289 0.033333 0.042763
0 0.399444 0.378289 0.032222 0.042763
0 0.398333 0.338816 0.032222 0.042763
0 0.243333 0.626645 0.033333 0.046053
0 0.140556 0.543586 0.036667 0.041118
0 0.191667 0.421053 0.032222 0.042763
0 0.347778 0.378289 0.033333 0.039474
0 0.347222 0.669408 0.034444 0.042763
0 0.295556 0.462993 0.031111 0.037829
0 0.912778 0.204770 0.036667 0.050987
0 0.657778 0.749178 0.033333 0.037829
0 0.140556 0.708882 0.032222 0.042763
0 0.861111 0.499178 0.033333 0.041118
0 0.553333 0.833882 0.033333 0.036184
0 0.192778 0.461349 0.032222 0.037829
0 0.912222 0.253289 0.035556 0.042763
0 0.295556 0.546053 0.033333 0.039474
0 0.088333 0.208882 0.034444 0.042763
0 0.089444 0.836349 0.036667 0.041118
0 0.516667 0.740132 0.022222 0.029605
0 0.502778 0.185855 0.043333 0.036184
0 0.502222 0.287007 0.042222 0.031250
0 0.502222 0.152961 0.042222 0.029605
0 0.503333 0.353618 0.040000 0.029605
0 0.502222 0.217928 0.046667 0.027961
0 0.502778 0.495066 0.038889 0.019737
0 0.554444 0.584704 0.033333 0.031250
0 0.514444 0.760691 0.026667 0.008224
0 0.191111 0.298520 0.031111 0.041118
0 0.554444 0.668586 0.033333 0.037829
0 0.296111 0.668586 0.027778 0.037829
0 0.090556 0.876645 0.032222 0.042763
0 0.090556 0.921053 0.032222 0.046053
0 0.554444 0.751645 0.031111 0.039474
0 0.191667 0.836349 0.034444 0.041118
0 0.090556 0.749178 0.032222 0.041118
0 0.296667 0.297697 0.033333 0.042763
0 0.398333 0.793586 0.032222 0.041118
0 0.656111 0.668586 0.032222 0.041118
0 0.705556 0.162007 0.031111 0.047697
0 0.504444 0.383224 0.040000 0.032895
0 0.657778 0.916941 0.031111 0.041118
0 0.912778 0.296053 0.034444 0.039474
0 0.090556 0.711349 0.034444 0.041118
0 0.089444 0.671053 0.032222 0.042763
0 0.088333 0.296053 0.036667 0.039474
0 0.398333 0.298520 0.032222 0.037829
0 0.089444 0.794408 0.038889 0.042763
0 0.140556 0.921053 0.032222 0.042763
0 0.862222 0.541118 0.033333 0.042763
0 0.656667 0.501645 0.033333 0.039474
0 0.399444 0.586349 0.032222 0.041118
0 0.398333 0.458882 0.034444 0.036184
0 0.655556 0.583882 0.033333 0.042763
0 0.089444 0.378289 0.030000 0.039474
0 0.192222 0.921053 0.037778 0.042763
0 0.399444 0.668586 0.032222 0.044408
0 0.504444 0.320724 0.040000 0.039474
0 0.811667 0.463816 0.032222 0.039474
0 0.862778 0.582237 0.034444 0.039474
0 0.450556 0.793586 0.032222 0.041118
0 0.706667 0.296053 0.033333 0.046053
0 0.656111 0.543586 0.032222 0.041118
0 0.140556 0.669408 0.032222 0.042763
0 0.656667 0.708882 0.033333 0.042763
0 0.656667 0.791941 0.033333 0.041118
0 0.451667 0.338816 0.030000 0.036184
0 0.656667 0.629112 0.035556 0.044408
0 0.861111 0.419408 0.033333 0.042763
0 0.296667 0.918586 0.035556 0.044408
0 0.451667 0.916941 0.038889 0.047697
0 0.553333 0.463816 0.033333 0.042763
0 0.399444 0.875822 0.032222 0.044408
0 0.554444 0.546053 0.033333 0.039474
0 0.912222 0.458882 0.033333 0.042763
0 0.912222 0.501645 0.035556 0.046053
0 0.191667 0.504112 0.034444 0.044408
0 0.192778 0.751645 0.032222 0.039474
0 0.655556 0.162007 0.031111 0.044408
0 0.398333 0.499178 0.034444 0.047697
0 0.450556 0.751645 0.032222 0.042763
0 0.757778 0.162007 0.031111 0.044408
0 0.192778 0.671053 0.032222 0.039474
0 0.502222 0.251645 0.042222 0.039474
0 0.400556 0.918586 0.036667 0.041118
0 0.656667 0.832237 0.033333 0.039474
0 0.604444 0.298520 0.031111 0.047697
0 0.140556 0.794408 0.032222 0.042763
0 0.141111 0.298520 0.033333 0.034539
0 0.860556 0.208882 0.036667 0.042763
0 0.553333 0.505757 0.033333 0.041118
0 0.347222 0.919408 0.034444 0.042763
0 0.758333 0.379112 0.032222 0.037829
0 0.088333 0.586349 0.032222 0.037829
0 0.554444 0.793586 0.033333 0.041118
0 0.860556 0.296053 0.034444 0.039474
0 0.141667 0.751645 0.034444 0.039474
0 0.656667 0.874178 0.033333 0.041118
0 0.296667 0.833882 0.033333 0.042763
0 0.295556 0.505757 0.031111 0.041118
0 0.809444 0.162007 0.032222 0.047697
0 0.089444 0.253289 0.036667 0.042763
0 0.450556 0.164474 0.032222 0.042763
0 0.399444 0.831414 0.036667 0.044408
0 0.912222 0.376645 0.033333 0.039474
0 0.192778 0.879112 0.034444 0.044408
0 0.811667 0.501645 0.032222 0.039474
0 0.451667 0.874178 0.034444 0.041118
0 0.555000 0.708882 0.030000 0.042763
0 0.860000 0.379112 0.031111 0.037829
0 0.450556 0.832237 0.032222 0.039474
