0 0.5385147962032385 0.5717528891670425 0.015008375209380283 0.028273494519249324
0 0.28265773310999437 0.30315469123417366 0.03073143495254044 0.037697992692332476
0 0.28194304857621444 0.2104804591988563 0.029302065884980504 0.03141499391027705
0 0.2815857063093244 0.2717396973238966 0.028587381351200446 0.02513199512822162
0 0.28194304857621444 0.14293822229176062 0.030731434952540503 0.028273494519249348
0 0.323752093802345 0.7759503495838433 0.01572305974316028 0.03141499391027703
0 0.28980457844779456 0.6565733727247905 0.013579006141820288 0.03141499391027712
0 0.14865438302624234 0.6165192554891873 0.02144053601340035 0.04241024177887403
0 0.5224343941931882 0.694271365417123 0.014293690675600223 0.03455649330130482
0 0.02286990508096036 0.6597148721158183 0.014293690675600223 0.03455649330130473
0 0.02251256281407035 0.6974128648081507 0.015008375209380235 0.03455649330130492
0 0.048955890563930765 0.29687169245211825 0.02358458961474037 0.040839492083360136
0 0.323394751535455 0.8160044668194466 0.015008375209380283 0.026702744823735424
0 0.15758793969849244 0.7759503495838433 0.015008375209380252 0.03455649330130473
0 0.2812283640424344 0.17670934074530845 0.029302065884980442 0.03926874238784633
0 0.5378001116694584 0.6141631309459165 0.01500837520938022 0.03455649330130473
0 0.2808710217755444 0.07932285962344957 0.031446119486320534 0.03612724299681859
0 0.5549525404801786 0.6141631309459165 0.01500837520938022 0.03141499391027712
0 0.2812283640424344 0.11152322838148356 0.029302065884980442 0.037697992692332476
0 0.2815857063093244 0.23875395371810562 0.028587381351200446 0.037697992692332434
0 0.35591289782244556 0.5371963958657378 0.01572305974316022 0.03455649330130482
0 0.5385147962032385 0.6534318733337628 0.013579006141820161 0.03141499391027712
0 0.5549525404801786 0.5748943885580703 0.01500837520938022 0.03141499391027712
0 0.5385147962032385 0.5356256461702238 0.015008375209380283 0.03141499391027712
0 0.5213623673925182 0.33928193423099223 0.013579006141820223 0.03141499391027707
0 0.5542378559463986 0.5348402713224668 0.013579006141820223 0.02984424421476313
0 0.323037409268565 0.69505674026488 0.014293690675600285 0.036127242996818625
0 0.5549525404801786 0.6542172481815197 0.01500837520938022 0.03298574360579092
0 0.5553098827470687 0.6934859905693661 0.01715242881072028 0.036127242996818625
0 0.30695700725851477 0.6550026230292767 0.013579006141820223 0.03141499391027703
0 0.5224343941931882 0.6573587475725475 0.014293690675600223 0.02984424421476322
0 0.30695700725851477 0.8136483422761758 0.013579006141820223 0.03141499391027703
0 0.5049246231155778 0.6573587475725474 0.013579006141820223 0.03298574360579083
0 0.5381574539363484 0.33614043483996453 0.012864321608040161 0.03141499391027707
0 0.5545951982132886 0.49478615408686366 0.014293690675600223 0.03141499391027703
0 0.5202903405918481 0.4555174116990173 0.01572305974316028 0.03455649330130482
0 0.5538805136795086 0.33928193423099223 0.014293690675600223 0.03141499391027707
0 0.5545951982132886 0.45394666200350353 0.01572305974316022 0.028273494519249324
0 0.5385147962032385 0.4955715289346206 0.013579006141820161 0.03298574360579092
0 0.2808710217755444 0.45237591230798957 0.020011166945840337 0.03455649330130473
0 0.30695700725851477 0.7751649747360864 0.013579006141820223 0.02984424421476313
0 0.322680067001675 0.6573587475725474 0.013579006141820288 0.03298574360579083
0 0.3062423227247348 0.6958421151126368 0.01500837520938022 0.03141499391027722
0 0.08183137911781128 0.17749471559306537 0.02358458961474036 0.03141499391027707
0 0.5210050251256282 0.37540917722781086 0.014293690675600223 0.03455649330130477
0 0.321608040201005 0.33614043483996453 0.014293690675600223 0.03141499391027707
0 0.5385147962032385 0.37540917722781086 0.013579006141820161 0.03455649330130477
0 0.321608040201005 0.45630278654677425 0.01572305974316028 0.03926874238784624
0 0.3884310441094361 0.3384965593832353 0.013579006141820223 0.02984424421476322
0 0.256929089893914 0.21519270828539785 0.013579006141820192 0.03455649330130475
0 0.5531658291457286 0.37540917722781086 0.014293690675600223 0.03141499391027707
0 0.5545951982132886 0.41467791961565714 0.014293690675600223 0.03455649330130473
0 0.5385147962032385 0.41467791961565714 0.013579006141820161 0.028273494519249324
0 0.24084868788386374 0.2167634579809117 0.014293690675600223 0.03455649330130475
0 0.3548408710217756 0.33928193423099223 0.013579006141820223 0.03141499391027707
0 0.31338916806253486 0.6165192554891873 0.02501395868230039 0.03926874238784633
0 0.15723059743160245 0.6934859905693661 0.014293690675600223 0.03298574360579092
0 0.21512004466778337 0.25917369975978577 0.02286990508096033 0.03455649330130482
0 0.14007816862088218 0.69505674026488 0.015723059743160236 0.036127242996818625
0 0.15687325516471246 0.736681607195997 0.01500837520938022 0.03455649330130473
0 0.5385147962032385 0.4539466620035035 0.013579006141820161 0.03141499391027703
0 0.38878838637632607 0.3769799269233247 0.014293690675600223 0.03141499391027707
0 0.04824120603015075 0.2552468255210011 0.02358458961474037 0.03926874238784633
0 0.14007816862088218 0.7351108575004832 0.014293690675600206 0.03141499391027703
0 0.18224455611390283 0.5772505131013409 0.022869905080960363 0.036127242996818625
0 0.323752093802345 0.7374669820437539 0.01572305974316028 0.036127242996818625
0 0.30695700725851477 0.7390377317392678 0.01500837520938022 0.03298574360579092
0 0.3391178112786153 0.49792765347789136 0.013579006141820223 0.03141499391027693
0 0.3391178112786153 0.3769799269233247 0.013579006141820223 0.02827349451924937
0 0.5210050251256281 0.4154632944634141 0.01572305974316028 0.03298574360579088
0 0.5049246231155778 0.4154632944634141 0.013579006141820223 0.03298574360579088
0 0.5049246231155778 0.3377111845354784 0.01500837520938022 0.03141499391027707
0 0.37235064209938584 0.37855067661883857 0.014293690675600223 0.03141499391027707
0 0.512786152987158 0.6133777560981596 0.02358458961474039 0.04241024177887403
0 0.0825460636515913 0.213621958589884 0.02358458961474037 0.037697992692332455
0 0.3391178112786153 0.33614043483996453 0.013579006141820223 0.03455649330130477
0 0.14007816862088218 0.6565733727247905 0.014293690675600206 0.03141499391027712
0 0.41308766052484647 0.5316987719314392 0.021440536013400333 0.04241024177887403
0 0.15723059743160245 0.6565733727247905 0.014293690675600223 0.03141499391027712
0 0.015008375209380236 0.576465138253584 0.024299274148520376 0.037697992692332434
0 0.512786152987158 0.5316987719314392 0.020725851479620333 0.04241024177887403
0 0.5453042992741486 0.29922781699538903 0.02429927414852039 0.039268742387846285
0 0.048955890563930765 0.2167634579809117 0.02072585147962032 0.04083949208336016
0 0.5052819653824678 0.37540917722781086 0.014293690675600223 0.03455649330130477
0 0.37270798436627584 0.3377111845354784 0.01500837520938022 0.03455649330130477
0 0.5449469570072586 0.2583883249120288 0.02358458961474039 0.04241024177887408
0 0.015008375209380235 0.21754883282866863 0.02286990508096036 0.04555174116990171
0 0.3405471803461753 0.45944428593780196 0.01500837520938022 0.03298574360579083
0 0.013936348408710221 0.6173046303369443 0.025013958682300386 0.04398099147438793
0 0.08183137911781128 0.13194297442316366 0.022155220547180356 0.053405489647471015
0 0.015008375209380235 0.256817575216515 0.02286990508096036 0.039268742387846375
0 0.015008375209380236 0.53405489647471 0.024299274148520376 0.04712249086541563
0 0.38092685650474595 0.576465138253584 0.021440536013400333 0.037697992692332434
0 0.446677833612507 0.2960863176043613 0.022869905080960394 0.039268742387846285
0 0.21512004466778337 0.2976570672998751 0.02286990508096033 0.04555174116990174
0 0.4788386376326075 0.17670934074530845 0.021440536013400333 0.03926874238784633
0 0.512786152987158 0.5748943885580703 0.022155220547180332 0.040839492083360136
0 0.14865438302624234 0.5772505131013409 0.02144053601340035 0.036127242996818625
0 0.41308766052484647 0.618090005184701 0.021440536013400333 0.04555174116990174
0 0.32232272473478507 0.37776530177108164 0.014293690675600223 0.036127242996818625
0 0.3551982132886656 0.4178194190066849 0.014293690675600223 0.03141499391027707
0 0.35555555555555557 0.4971422786301345 0.01500837520938022 0.036127242996818625
0 0.21512004466778337 0.5348402713224668 0.021440536013400333 0.04241024177887394
0 0.21440536013400335 0.619660754880215 0.021440536013400333 0.04241024177887403
0 0.47848129536571743 0.13429909896643444 0.022155220547180395 0.04869324056092941
0 0.18152987158012282 0.6165192554891873 0.02429927414852039 0.04241024177887403
0 0.2479955332216639 0.576465138253584 0.020011166945840306 0.037697992692332434
0 0.38021217197096596 0.256817575216515 0.020011166945840337 0.039268742387846375
0 0.33983249581239533 0.4170340441589279 0.015008375209380283 0.03612724299681858
0 0.1479396984924623 0.5348402713224669 0.021440536013400333 0.04869324056092944
0 0.38092685650474595 0.6173046303369443 0.02286990508096033 0.04398099147438793
0 0.47848129536571743 0.21833420767642556 0.02072585147962027 0.037697992692332455
0 0.2812283640424344 0.37148230298902624 0.026443327749860416 0.04241024177887403
0 0.41380234505862645 0.5741090137103132 0.021440536013400333 0.04241024177887403
0 0.5456616415410386 0.21597808313315475 0.02358458961474039 0.04555174116990171
0 0.21512004466778337 0.5772505131013409 0.021440536013400333 0.042410241778874126
0 0.446677833612507 0.25681757521651494 0.022869905080960394 0.04241024177887403
0 0.1479396984924623 0.29922781699538903 0.021440536013400333 0.039268742387846285
0 0.38021217197096596 0.534840271322467 0.021440536013400333 0.04555174116990174
0 0.14865438302624234 0.2144073334376409 0.02144053601340035 0.04241024177887401
0 0.1154215522054718 0.6165192554891873 0.023584589614740376 0.04241024177887403
0 0.3148185371300949 0.53405489647471 0.022155220547180395 0.04398099147438774
0 0.015008375209380236 0.2976570672998751 0.024299274148520376 0.04555174116990174
0 0.511356783919598 0.29922781699538903 0.022155220547180332 0.039268742387846285
0 0.1143495254048018 0.2144073334376409 0.021440536013400333 0.04241024177887401
0 0.35591289782244556 0.37855067661883857 0.014293690675600223 0.03141499391027707
0 0.41308766052484647 0.29608631760436127 0.02286990508096033 0.04869324056092944
0 0.08183137911781128 0.25681757521651494 0.02501395868230039 0.04241024177887403
0 0.4791959798994974 0.25681757521651494 0.02358458961474039 0.04241024177887403
0 0.3148185371300949 0.5788212627968549 0.022155220547180395 0.042410241778874126
0 0.4123729759910664 0.21911958252418248 0.021440536013400333 0.04555174116990171
0 0.512786152987158 0.21754883282866863 0.022155220547180332 0.04241024177887401
0 0.24763819095477388 0.6204461297279719 0.02358458961474036 0.04398099147438793
0 0.1154215522054718 0.577250513101341 0.022155220547180346 0.03926874238784633
0 0.18224455611390283 0.3007985666909028 0.022869905080960363 0.04241024177887399
0 0.18152987158012282 0.53405489647471 0.021440536013400333 0.04712249086541563
0 0.2812283640424344 0.4138925447679002 0.02501395868230042 0.04241024177887399
0 0.38021217197096596 0.2144073334376409 0.021440536013400333 0.04555174116990171
0 0.24763819095477388 0.534840271322467 0.022155220547180363 0.04555174116990174
0 0.446677833612507 0.21833420767642556 0.020011166945840275 0.037697992692332455
0 0.04824120603015075 0.1751385910497946 0.02215522054718034 0.04555174116990174
0 0.34733668341708546 0.2976570672998751 0.021440536013400333 0.04241024177887399
0 0.3148185371300949 0.25995907460754264 0.022155220547180395 0.036127242996818625
0 0.18152987158012282 0.2144073334376409 0.021440536013400333 0.04241024177887401
0 0.38021217197096596 0.2976570672998751 0.021440536013400333 0.04555174116990174
0 0.1154215522054718 0.533269521626953 0.023584589614740376 0.04555174116990164
0 0.34733668341708546 0.2167634579809117 0.021440536013400333 0.04083949208336016
0 0.18152987158012282 0.25681757521651494 0.021440536013400333 0.04241024177887403
0 0.512071468453378 0.2583883249120288 0.023584589614740328 0.04241024177887408
0 0.1479396984924623 0.25603220036875807 0.021440536013400333 0.040839492083360227
0 0.31446119486320495 0.299227816995389 0.02286990508096033 0.04241024177887403
0 0.3148185371300949 0.21754883282866863 0.022155220547180395 0.04555174116990171
0 0.1143495254048018 0.25603220036875807 0.021440536013400333 0.040839492083360227
0 0.34733668341708546 0.256817575216515 0.022869905080960394 0.039268742387846375
0 0.21512004466778337 0.2167634579809117 0.02286990508096033 0.04712249086541556
0 0.11470686767169179 0.2976570672998751 0.02358458961474036 0.04555174116990174
0 0.4459631490787269 0.17670934074530845 0.021440536013400333 0.04555174116990174
