0 0.733611442193087 0.6935185185185185 0.022646007151370662 0.03518518518518521
0 0.08522050059594756 0.5972222222222222 0.03933253873659118 0.04629629629629628
0 0.08402860548271752 0.7842592592592592 0.03694874851013111 0.042592592592592626
0 0.7616209773539928 0.7851851851851852 0.023837902264600697 0.03703703703703698
0 0.5947556615017877 0.9324074074074074 0.023837902264600808 0.0351851851851851
0 0.5292014302741359 0.1361111111111111 0.04767580452920139 0.031481481481481485
0 0.5977353992848629 0.8324074074074074 0.020262216924910592 0.03518518518518521
0 0.5965435041716328 0.8805555555555555 0.022646007151370773 0.031481481481481444
0 0.08462455303933254 0.7416666666666667 0.04052443384982121 0.04629629629629628
0 0.5679380214541121 0.8805555555555555 0.022646007151370662 0.03518518518518521
0 0.636471990464839 0.2712962962962963 0.035756853396901156 0.04629629629629631
0 0.25029797377830754 0.40648148148148144 0.030989272943980933 0.04259259259259257
0 0.5679380214541121 0.7861111111111111 0.022646007151370662 0.03518518518518521
0 0.08522050059594756 0.6444444444444445 0.03933253873659118 0.04444444444444429
0 0.5965435041716328 0.6962962962962964 0.022646007151370773 0.03703703703703709
0 0.968414779499404 0.55 0.03694874851013108 0.03703703703703709
0 0.733611442193087 0.7333333333333334 0.022646007151370662 0.033333333333333326
0 0.964839094159714 0.2740740740740741 0.03694874851013108 0.04814814814814816
0 0.5697258641239571 0.6935185185185184 0.021454112038140738 0.03888888888888897
0 0.08402860548271752 0.9314814814814815 0.03933253873659118 0.051851851851851816
0 0.08402860548271752 0.6944444444444444 0.03933253873659118 0.051851851851851594
0 0.30750893921334926 0.45462962962962966 0.035756853396901045 0.04629629629629639
0 0.13885578069129917 0.5055555555555556 0.036948748510131094 0.04814814814814833
0 0.19487485101311086 0.5518518518518519 0.03694874851013111 0.0370370370370372
0 0.19487485101311086 0.6935185185185185 0.03933253873659118 0.04629629629629628
0 0.08522050059594756 0.1259259259259259 0.03694874851013111 0.04814814814814815
0 0.529797377830751 0.0962962962962963 0.04410011918951129 0.04444444444444445
0 0.734207389749702 0.5046296296296297 0.023837902264600697 0.03518518518518521
0 0.7616209773539928 0.7407407407407407 0.023837902264600697 0.03703703703703709
0 0.9100119189511322 0.2712962962962963 0.03218116805721094 0.04629629629629631
0 0.7616209773539928 0.6888888888888889 0.023837902264600697 0.03703703703703698
0 0.5679380214541121 0.7416666666666667 0.022646007151370662 0.03518518518518521
0 0.08522050059594756 0.5064814814814815 0.03456495828367104 0.042592592592592626
0 0.08402860548271752 0.8305555555555556 0.03933253873659118 0.04629629629629628
0 0.8033373063170441 0.17222222222222222 0.035756853396901156 0.037037037037037035
0 0.13885578069129917 0.5509259259259259 0.034564958283671024 0.04629629629629628
0 0.08283671036948749 0.8796296296296295 0.03933253873659118 0.04814814814814816
0 0.47377830750893923 0.3648148148148148 0.039332538736591205 0.0444444444444444
0 0.19427890345649584 0.5962962962962963 0.033373063170441 0.0444444444444444
0 0.7598331346841478 0.5972222222222223 0.022646007151370662 0.042592592592592404
0 0.7324195470798569 0.5981481481481482 0.0274135876042908 0.0370370370370372
0 0.733611442193087 0.6435185185185186 0.022646007151370662 0.042592592592592515
0 0.733611442193087 0.5500000000000002 0.022646007151370662 0.040740740740740744
0 0.1960667461263409 0.3648148148148148 0.03694874851013111 0.051851851851851816
0 0.14123957091775924 0.5981481481481481 0.036948748510131094 0.05185185185185193
0 0.7604290822407628 0.5055555555555555 0.021454112038140627 0.03703703703703709
0 0.08522050059594756 0.5509259259259259 0.03694874851013111 0.04629629629629628
0 0.964839094159714 0.22499999999999998 0.03694874851013108 0.053703703703703726
0 0.7473182359952324 0.2712962962962963 0.035756853396901045 0.04629629629629631
0 0.9123957091775924 0.46111111111111114 0.03456495828367112 0.04814814814814811
0 0.9696066746126342 0.788888888888889 0.03456495828367101 0.0444444444444444
0 0.8569725864123957 0.31851851851851853 0.035756853396901045 0.05185185185185187
0 0.30750893921334926 0.4101851851851852 0.033373063170440975 0.046296296296296335
0 0.2520858164481526 0.3648148148148148 0.03456495828367104 0.040740740740740744
0 0.08522050059594756 0.26944444444444443 0.03694874851013111 0.05000000000000007
0 0.8563766388557807 0.2712962962962963 0.03456495828367101 0.04629629629629631
0 0.5983313468414779 0.7407407407407407 0.023837902264600697 0.03703703703703709
0 0.7610250297973777 0.6435185185185185 0.022646007151370662 0.03518518518518521
0 0.30870083432657924 0.17222222222222225 0.033373063170441086 0.0407407407407408
0 0.5828367103694875 0.5972222222222222 0.035756853396901045 0.04629629629629628
0 0.7473182359952324 0.4592592592592593 0.038140643623361115 0.04814814814814827
0 0.5303933253873659 0.2851851851851852 0.045292014302741324 0.037037037037037035
0 0.529797377830751 0.20833333333333331 0.04648390941597136 0.03518518518518518
0 0.5303933253873659 0.32222222222222224 0.04767580452920139 0.040740740740740744
0 0.5292014302741359 0.05925925925925926 0.045292014302741324 0.037037037037037035
0 0.9690107270560191 0.9379629629629629 0.035756853396901045 0.04999999999999993
0 0.47497020262216927 0.26944444444444443 0.034564958283671066 0.04259259259259254
0 0.9690107270560191 0.7416666666666667 0.033373063170440975 0.04629629629629628
0 0.968414779499404 0.6953703703703704 0.03933253873659115 0.04629629629629628
0 0.5309892729439809 0.2462962962962963 0.04410011918951129 0.04444444444444448
0 0.529797377830751 0.45185185185185184 0.04410011918951129 0.033333333333333326
0 0.5417163289630512 0.7157407407407408 0.022646007151370773 0.024074074074074026
0 0.5971394517282479 0.7842592592592592 0.021454112038140627 0.02777777777777779
0 0.9672228843861741 0.12222222222222223 0.03933253873659115 0.02962962962962963
0 0.5834326579261025 0.4537037037037037 0.03933253873659104 0.029629629629629617
0 0.9672228843861741 0.4574074074074074 0.03933253873659115 0.029629629629629617
0 0.9135876042908224 0.49907407407407406 0.03933253873659126 0.02777777777777779
0 0.9123957091775924 0.36296296296296293 0.03456495828367112 0.0222222222222222
0 0.5399284862932062 0.7379629629629629 0.021454112038140627 0.02777777777777779
0 0.5697258641239571 0.8296296296296296 0.021454112038140738 0.03703703703703698
0 0.7485101311084624 0.8805555555555555 0.035756853396901045 0.04629629629629628
0 0.9672228843861741 0.412962962962963 0.03933253873659115 0.05185185185185187
0 0.08760429082240763 0.07037037037037037 0.03694874851013111 0.05925925925925926
0 0.6912991656734208 0.9314814814814815 0.038140643623361115 0.051851851851851816
0 0.968414779499404 0.5055555555555555 0.03694874851013108 0.05555555555555547
0 0.7598331346841478 0.550925925925926 0.022646007151370662 0.042592592592592404
0 0.6924910607866508 0.8805555555555555 0.033373063170440975 0.04629629629629628
0 0.7473182359952324 0.9314814814814815 0.035756853396901045 0.051851851851851816
0 0.9123957091775924 0.55 0.03456495828367112 0.05555555555555547
0 0.802145411203814 0.31481481481481477 0.035756853396901156 0.04814814814814822
0 0.08402860548271752 0.4601851851851852 0.03694874851013111 0.0537037037037037
0 0.9702026221692491 0.8870370370370371 0.035756853396901045 0.051851851851851816
0 0.30870083432657924 0.2185185185185185 0.033373063170441086 0.048148148148148134
0 0.9672228843861741 0.36203703703703705 0.03694874851013108 0.04629629629629628
0 0.25148986889153757 0.07037037037037037 0.03575685339690107 0.05555555555555556
0 0.7461263408820024 0.17314814814814816 0.040524433849821184 0.0425925925925926
0 0.6912991656734208 0.787037037037037 0.035756853396901045 0.0444444444444444
0 0.8033373063170441 0.2685185185185185 0.033373063170440975 0.040740740740740716
0 0.968414779499404 0.6490740740740741 0.03933253873659115 0.04629629629629639
0 0.08522050059594756 0.2222222222222222 0.03694874851013111 0.04444444444444437
0 0.529797377830751 0.4046296296296296 0.04410011918951129 0.0537037037037037
0 0.25029797377830754 0.4546296296296296 0.03814064362336117 0.04999999999999999
0 0.19487485101311086 0.6444444444444445 0.03456495828367104 0.04814814814814827
0 0.19427890345649584 0.45925925925925926 0.033373063170441 0.0444444444444444
0 0.6924910607866508 0.36388888888888893 0.033373063170440975 0.04999999999999999
0 0.966030989272944 0.31851851851851853 0.03456495828367101 0.04444444444444445
0 0.966030989272944 0.17037037037037034 0.03933253873659115 0.0555555555555555
0 0.5834326579261024 0.5027777777777778 0.03694874851013108 0.04999999999999993
0 0.8551847437425506 0.17962962962962964 0.03456495828367101 0.048148148148148134
0 0.5292014302741359 0.17129629629629628 0.05005959475566146 0.04629629629629631
0 0.19487485101311086 0.41574074074074074 0.03456495828367104 0.04629629629629628
0 0.5828367103694875 0.36111111111111116 0.0333730631704412 0.04444444444444445
0 0.9696066746126342 0.8342592592592593 0.03694874851013108 0.04629629629629628
0 0.6936829558998808 0.8324074074074074 0.035756853396901045 0.04629629629629628
0 0.7485101311084624 0.8324074074074075 0.035756853396901045 0.0537037037037037
0 0.25148986889153757 0.5064814814814816 0.03575685339690107 0.046296296296296335
0 0.5828367103694875 0.550925925925926 0.035756853396901045 0.042592592592592404
0 0.3081048867699643 0.12407407407407407 0.03694874851013108 0.048148148148148134
0 0.1960667461263409 0.12407407407407407 0.03694874851013111 0.048148148148148134
0 0.9672228843861741 0.07592592592592592 0.03694874851013108 0.05555555555555555
0 0.47497020262216927 0.22314814814814815 0.036948748510131135 0.0537037037037037
0 0.6924910607866508 0.4101851851851852 0.033373063170440975 0.04259259259259257
0 0.5822407628128725 0.6490740740740741 0.03933253873659115 0.04629629629629639
0 0.9135876042908224 0.6 0.03694874851013119 0.051851851851851816
0 0.30750893921334926 0.3638888888888889 0.035756853396901045 0.04629629629629628
0 0.8569725864123957 0.22592592592592592 0.033373063170440975 0.04444444444444445
0 0.0864123957091776 0.31666666666666665 0.03456495828367104 0.04444444444444445
0 0.9088200238379023 0.2240740740740741 0.03933253873659115 0.048148148148148134
0 0.6376638855780692 0.22407407407407404 0.038140643623361226 0.0518518518518519
0 0.7461263408820024 0.3638888888888889 0.035756853396901045 0.04629629629629628
0 0.7473182359952324 0.2222222222222222 0.035756853396901045 0.05185185185185184
0 0.6924910607866508 0.5055555555555556 0.033373063170440975 0.04814814814814833
0 0.25029797377830754 0.125 0.03575685339690107 0.0537037037037037
0 0.3087008343265793 0.07222222222222222 0.038140643623361115 0.05185185185185186
0 0.14123957091775924 0.07222222222222222 0.03933253873659119 0.05185185185185186
0 0.19547079856972588 0.26759259259259255 0.03575685339690107 0.04629629629629631
0 0.3087008343265793 0.26944444444444443 0.035756853396901045 0.05000000000000007
0 0.8033373063170441 0.07314814814814816 0.035756853396901156 0.05370370370370371
0 0.8575685339690107 0.07592592592592592 0.03456495828367101 0.05555555555555555
0 0.19487485101311086 0.5064814814814815 0.03933253873659118 0.0537037037037037
0 0.7473182359952324 0.07314814814814816 0.038140643623361115 0.05370370370370371
0 0.19725864123957093 0.1722222222222222 0.03694874851013111 0.051851851851851816
0 0.6912991656734208 0.6953703703703703 0.035756853396901045 0.04259259259259274
0 0.14123957091775924 0.225 0.034564958283671024 0.04629629629629628
0 0.9123957091775924 0.6509259259259259 0.03933253873659126 0.050000000000000044
0 0.968414779499404 0.5972222222222223 0.03933253873659115 0.05370370370370359
0 0.08522050059594756 0.17407407407407408 0.03933253873659118 0.04444444444444445
0 0.7473182359952324 0.12685185185185185 0.038140643623361115 0.046296296296296294
0 0.19547079856972588 0.31759259259259254 0.03575685339690107 0.05370370370370375
0 0.14123957091775924 0.3175925925925926 0.034564958283671024 0.04629629629629628
0 0.4201430274135876 0.125 0.03694874851013108 0.0537037037037037
0 0.4201430274135876 0.07037037037037037 0.03694874851013108 0.05555555555555556
0 0.1400476758045292 0.2712962962962963 0.03933253873659116 0.04629629629629631
0 0.08522050059594756 0.412962962962963 0.03456495828367104 0.04444444444444445
0 0.3641239570917759 0.0712962962962963 0.03933253873659115 0.057407407407407414
0 0.14123957091775924 0.12407407407407407 0.03933253873659119 0.048148148148148134
0 0.636471990464839 0.31851851851851853 0.035756853396901156 0.04814814814814816
0 0.6924910607866508 0.2222222222222222 0.035756853396901045 0.04814814814814819
0 0.1400476758045292 0.41388888888888886 0.03933253873659116 0.046296296296296335
0 0.5834326579261024 0.17685185185185187 0.03456495828367112 0.04629629629629631
0 0.5840286054827175 0.2222222222222222 0.033373063170440975 0.04444444444444437
0 0.0864123957091776 0.36296296296296293 0.03456495828367104 0.04814814814814811
0 0.19725864123957093 0.22314814814814815 0.03456495828367104 0.04629629629629628
0 0.30750893921334926 0.3175925925925926 0.035756853396901045 0.04629629629629628
0 0.802145411203814 0.12685185185185185 0.035756853396901156 0.0537037037037037
0 0.6912991656734208 0.31666666666666665 0.033373063170440975 0.04444444444444445
0 0.8033373063170441 0.21944444444444441 0.035756853396901156 0.04999999999999993
0 0.25029797377830754 0.17314814814814816 0.033373063170441 0.04629629629629631
0 0.6912991656734208 0.45833333333333337 0.035756853396901045 0.0500000000000001
0 0.36174016686531585 0.27037037037037037 0.03456495828367101 0.04814814814814816
0 0.14123957091775924 0.46018518518518525 0.036948748510131094 0.04629629629629639
0 0.6924910607866508 0.6000000000000001 0.033373063170440975 0.04444444444444462
0 0.5840286054827175 0.12685185185185185 0.035756853396901156 0.0537037037037037
0 0.6924910607866508 0.27037037037037037 0.035756853396901045 0.04814814814814816
0 0.5828367103694876 0.07037037037037037 0.038140643623361004 0.05555555555555556
0 0.8575685339690107 0.12685185185185185 0.03456495828367101 0.0537037037037037
0 0.1400476758045292 0.36388888888888893 0.03933253873659116 0.04999999999999999
0 0.9123957091775924 0.40740740740740744 0.03933253873659126 0.055555555555555525
0 0.25148986889153757 0.26944444444444443 0.033373063170441 0.04629629629629628
0 0.3641239570917759 0.12685185185185185 0.03933253873659115 0.046296296296296294
0 0.9135876042908224 0.32314814814814813 0.03456495828367112 0.0537037037037037
0 0.3635280095351609 0.2240740740740741 0.035756853396901045 0.048148148148148134
0 0.5834326579261025 0.4083333333333333 0.03933253873659104 0.04999999999999999
0 0.3629320619785459 0.17314814814814816 0.03694874851013108 0.04629629629629631
0 0.7449344457687723 0.3175925925925926 0.038140643623361115 0.04629629629629628
0 0.47497020262216927 0.31574074074074077 0.036948748510131135 0.05370370370370375
0 0.7473182359952324 0.412962962962963 0.038140643623361115 0.04814814814814816
0 0.19725864123957093 0.07222222222222222 0.03694874851013111 0.05185185185185186
0 0.6912991656734208 0.7416666666666667 0.038140643623361115 0.04629629629629628
0 0.25029797377830754 0.31759259259259254 0.03814064362336117 0.05370370370370375
0 0.1400476758045292 0.17314814814814816 0.034564958283671024 0.053703703703703726
0 0.25029797377830754 0.2222222222222222 0.03575685339690107 0.04814814814814819
0 0.6924910607866508 0.5537037037037038 0.035756853396901045 0.04814814814814794
0 0.5828367103694875 0.31574074074074077 0.035756853396901045 0.046296296296296335
0 0.5828367103694875 0.2685185185185185 0.035756853396901045 0.04814814814814819
0 0.6912991656734208 0.6499999999999999 0.035756853396901045 0.04814814814814805
