0 0.40707434052757796 0.3671586715867159 0.03956834532374104 0.044280442804428055
0 0.18405275779376498 0.22232472324723246 0.037170263788968816 0.05350553505535058
0 0.29736211031175064 0.8367158671586716 0.038369304556354844 0.04981549815498143
0 0.2961630695443645 0.4566420664206642 0.0383693045563549 0.04612546125461242
0 0.6858513189448441 0.27398523985239853 0.0383693045563549 0.04981549815498154
0 0.6306954436450839 0.6955719557195572 0.03597122302158273 0.04797047970479695
0 0.8519184652278178 0.272140221402214 0.03956834532374098 0.04981549815498151
0 0.4634292565947242 0.45940959409594095 0.037170263788968816 0.047970479704797064
0 0.35071942446043164 0.6005535055350553 0.037170263788968816 0.04981549815498154
0 0.29736211031175064 0.6955719557195572 0.03597122302158268 0.04428044280442811
0 0.35071942446043164 0.3662361623616236 0.037170263788968816 0.04612546125461253
0 0.40707434052757796 0.6974169741697418 0.037170263788968816 0.047970479704797175
0 0.2392086330935252 0.6974169741697418 0.037170263788968844 0.047970479704797175
0 0.5755395683453237 0.6033210332103321 0.03597122302158273 0.047970479704797064
0 0.35071942446043164 0.5064575645756457 0.037170263788968816 0.05350553505535066
0 0.35071942446043164 0.3182656826568266 0.03956834532374098 0.04981549815498154
0 0.23980815347721823 0.7915129151291513 0.03836930455635498 0.04797047970479695
0 0.29736211031175064 0.6005535055350553 0.03597122302158268 0.04981549815498154
0 0.63189448441247 0.3182656826568266 0.0383693045563549 0.04981549815498154
0 0.2392086330935252 0.5562730627306274 0.037170263788968844 0.04981549815498165
0 0.40707434052757796 0.3191881918819188 0.037170263788968816 0.047970479704797064
0 0.4634292565947242 0.6485239852398524 0.03477218225419665 0.0461254612546127
0 0.4634292565947242 0.5996309963099631 0.03477218225419665 0.04428044280442811
0 0.23860911270983215 0.3671586715867159 0.03597122302158276 0.04797047970479701
0 0.23980815347721823 0.6485239852398523 0.03597122302158273 0.04981549815498154
0 0.5743405275779376 0.27121771217712176 0.03597122302158273 0.04797047970479704
0 0.1828537170263789 0.5544280442804428 0.03956834532374098 0.05350553505535072
0 0.23860911270983215 0.5055350553505534 0.03597122302158276 0.04797047970479701
0 0.184052757793765 0.7915129151291513 0.03956834532374101 0.04797047970479695
0 0.5743405275779376 0.3191881918819188 0.03597122302158273 0.047970479704797064
0 0.40707434052757796 0.6466789667896679 0.03956834532374104 0.053505535055350606
0 0.5311750599520383 0.7250922509225093 0.026378896882494063 0.03321033210332114
0 0.5203836930455636 0.2859778597785978 0.04556354916067151 0.03321033210332103
0 0.5335731414868106 0.7518450184501846 0.023980815347721784 0.02029520295202958
0 0.5227817745803358 0.3219557195571956 0.04796163069544368 0.04243542435424358
0 0.5209832134292567 0.21217712177121772 0.04436450839328543 0.033210332103321055
0 0.5203836930455635 0.060885608856088555 0.04796163069544357 0.04059040590405904
0 0.7410071942446044 0.22878228782287824 0.03597122302158284 0.047970479704797064
0 0.23980815347721823 0.31734317343173435 0.03597122302158273 0.04797047970479701
0 0.40707434052757796 0.46125461254612543 0.03956834532374104 0.04797047970479701
0 0.40827338129496404 0.7896678966789668 0.03956834532374098 0.047970479704797064
0 0.1288968824940048 0.3671586715867159 0.039568345323741 0.04797047970479701
0 0.3513189448441247 0.6494464944649446 0.03597122302158273 0.047970479704797064
0 0.3519184652278177 0.2693726937269373 0.037170263788968816 0.047970479704797064
0 0.4646282973621103 0.22047970479704798 0.037170263788968816 0.05350553505535055
0 0.07134292565947242 0.3662361623616236 0.04196642685851318 0.05350553505535055
0 0.29616306954436455 0.3671586715867159 0.03597122302158268 0.04797047970479701
0 0.7955635491606715 0.2269372693726937 0.037170263788968816 0.04797047970479704
0 0.4646282973621103 0.8394833948339483 0.037170263788968816 0.047970479704797064
0 0.1276978417266187 0.3191881918819188 0.034772182254196635 0.047970479704797064
0 0.7967625899280576 0.07472324723247233 0.03477218225419665 0.05719557195571956
0 0.7404076738609113 0.2767527675276753 0.03717026378896893 0.04797047970479701
0 0.7398081534772182 0.07472324723247233 0.03597122302158273 0.05350553505535055
0 0.29616306954436455 0.3210332103321033 0.03597122302158268 0.047970479704797064
0 0.6306954436450839 0.22601476014760147 0.0383693045563549 0.05350553505535058
0 0.3513189448441247 0.46033210332103325 0.033573141486810565 0.04612546125461253
0 0.5743405275779376 0.5553505535055351 0.03597122302158273 0.047970479704797064
0 0.7410071942446044 0.3671586715867159 0.03836930455635501 0.051660516605166074
0 0.18405275779376498 0.7435424354243543 0.037170263788968816 0.047970479704797064
0 0.24040767386091128 0.27121771217712176 0.03477218225419665 0.044280442804428055
0 0.4634292565947242 0.3145756457564576 0.03477218225419665 0.04243542435424352
0 0.5743405275779376 0.507380073800738 0.03597122302158273 0.047970479704797064
0 0.5743405275779376 0.3662361623616236 0.03597122302158273 0.04612546125461253
0 0.2961630695443645 0.2702952029520295 0.0383693045563549 0.05350553505535052
0 0.5197841726618706 0.4059040590405904 0.046762589928057596 0.05166051660516602
0 0.6306954436450839 0.6033210332103321 0.03597122302158273 0.047970479704797064
0 0.6858513189448441 0.5101476014760148 0.0383693045563549 0.04612546125461253
0 0.6306954436450839 0.07380073800738007 0.0383693045563549 0.055350553505535055
0 0.1264988009592326 0.27214022140221406 0.037170263788968816 0.04612546125461253
0 0.40707434052757796 0.6005535055350554 0.03477218225419665 0.04243542435424352
0 0.35071942446043164 0.7426199261992621 0.037170263788968816 0.04981549815498154
0 0.29616306954436455 0.7416974169741697 0.03597122302158268 0.044280442804428
0 0.8519184652278178 0.3191881918819188 0.03956834532374098 0.047970479704797064
0 0.40707434052757796 0.8367158671586716 0.03477218225419665 0.04612546125461259
0 0.23860911270983215 0.7435424354243543 0.03597122302158276 0.04428044280442789
0 0.18405275779376498 0.4114391143911439 0.037170263788968816 0.04797047970479701
0 0.29616306954436455 0.41328413284132837 0.03357314148681051 0.044280442804428055
0 0.40707434052757796 0.22140221402214022 0.03956834532374104 0.051660516605166074
0 0.29616306954436455 0.6494464944649446 0.03597122302158268 0.047970479704797064
0 0.907673860911271 0.22601476014760147 0.0383693045563549 0.05350553505535058
0 0.5743405275779376 0.41420664206642066 0.0383693045563549 0.04612546125461259
0 0.3519184652278177 0.22140221402214022 0.03477218225419665 0.051660516605166074
0 0.6294964028776978 0.17712177121771217 0.04076738609112707 0.04797047970479698
0 0.1276978417266187 0.224169741697417 0.034772182254196635 0.04981549815498157
0 0.5743405275779376 0.6964944649446496 0.03597122302158273 0.04981549815498154
0 0.40707434052757796 0.8837638376383764 0.037170263788968816 0.05166051660516602
0 0.29736211031175064 0.7878228782287824 0.038369304556354844 0.047970479704797175
0 0.7410071942446044 0.17804428044280443 0.03597122302158284 0.05350553505535055
0 0.07134292565947242 0.22232472324723246 0.03956834532374101 0.05350553505535058
0 0.685251798561151 0.7426199261992621 0.03956834532374098 0.04981549815498154
0 0.685251798561151 0.7915129151291513 0.03956834532374098 0.04797047970479695
0 0.1828537170263789 0.3154981549815498 0.03956834532374098 0.044280442804428
0 0.4646282973621103 0.7896678966789668 0.03477218225419665 0.05166051660516602
0 0.35251798561151076 0.7896678966789668 0.03597122302158273 0.047970479704797064
0 0.7967625899280575 0.17712177121771217 0.04196642685851326 0.04797047970479698
0 0.5755395683453237 0.8339483394833949 0.03597122302158273 0.047970479704797064
0 0.1264988009592326 0.6494464944649446 0.037170263788968816 0.047970479704797064
0 0.6306954436450839 0.4151291512915129 0.03597122302158273 0.047970479704797064
0 0.2961630695443645 0.5046125461254611 0.0383693045563549 0.0498154981549816
0 0.18405275779376498 0.3671586715867159 0.037170263788968816 0.04797047970479701
0 0.23860911270983215 0.4603321033210332 0.03597122302158276 0.04243542435424352
0 0.1828537170263789 0.5083025830258302 0.03956834532374098 0.04243542435424347
0 0.4658273381294964 0.6937269372693727 0.03956834532374098 0.047970479704797064
0 0.5743405275779376 0.46125461254612543 0.0383693045563549 0.04797047970479701
0 0.1288968824940048 0.41328413284132837 0.03717026378896883 0.044280442804428055
0 0.6294964028776978 0.7896678966789668 0.04076738609112707 0.047970479704797064
0 0.9640287769784173 0.07380073800738009 0.04076738609112707 0.059040590405904037
0 0.07134292565947242 0.7407749077490775 0.04196642685851318 0.053505535055350606
0 0.6306954436450839 0.5101476014760148 0.0383693045563549 0.04612546125461253
0 0.0725419664268585 0.4603321033210332 0.04196642685851319 0.04981549815498154
0 0.684652278177458 0.22601476014760144 0.03597122302158273 0.0498154981549816
0 0.1288968824940048 0.7915129151291513 0.03717026378896883 0.04797047970479695
0 0.7404076738609113 0.12730627306273062 0.03717026378896893 0.04797047970479705
0 0.6306954436450839 0.9289667896678967 0.0383693045563549 0.05719557195571956
0 0.63189448441247 0.555350553505535 0.0383693045563549 0.044280442804428
0 0.4634292565947242 0.8837638376383764 0.03956834532374098 0.047970479704797064
0 0.07134292565947242 0.31549815498154976 0.037170263788968816 0.04797047970479712
0 0.6858513189448441 0.3219557195571956 0.03597122302158273 0.04243542435424358
0 0.6306954436450839 0.27490774907749077 0.0383693045563549 0.040590405904059046
0 0.184052757793765 0.27121771217712176 0.03956834532374101 0.044280442804428055
0 0.2961630695443645 0.5535055350553506 0.0383693045563549 0.044280442804428
0 0.184052757793765 0.6023985239852399 0.03956834532374101 0.046125461254612476
0 0.6306954436450839 0.4658671586715868 0.03597122302158273 0.04981549815498165
0 0.2392086330935252 0.22047970479704798 0.037170263788968844 0.05350553505535055
0 0.907673860911271 0.41512915129151295 0.03597122302158273 0.044280442804428055
0 0.07134292565947242 0.27121771217712176 0.037170263788968816 0.044280442804428055
0 0.23980815347721823 0.8367158671586716 0.03597122302158273 0.04612546125461259
0 0.8519184652278178 0.45940959409594095 0.03477218225419665 0.047970479704797064
0 0.184052757793765 0.9326568265682658 0.03956834532374101 0.053505535055350495
0 0.7410071942446044 0.4151291512915129 0.03597122302158284 0.047970479704797064
0 0.0725419664268585 0.41328413284132837 0.039568345323741 0.044280442804428055
0 0.35071942446043164 0.4114391143911439 0.03477218225419665 0.044280442804428055
0 0.5755395683453237 0.9326568265682658 0.03597122302158273 0.04981549815498154
0 0.8519184652278178 0.36531365313653136 0.03477218225419665 0.047970479704797064
0 0.8531175059952039 0.4123616236162362 0.03237410071942448 0.04243542435424358
0 0.9628297362110312 0.275830258302583 0.0383693045563549 0.05350553505535055
0 0.5743405275779376 0.7859778597785978 0.033573141486810565 0.04428044280442811
0 0.6858513189448441 0.3643911439114391 0.0383693045563549 0.04243542435424352
0 0.184052757793765 0.6494464944649446 0.03956834532374101 0.047970479704797064
0 0.6858513189448441 0.8819188191881919 0.03597122302158273 0.044280442804428
0 0.184052757793765 0.8404059040590406 0.03956834532374101 0.046125461254612476
0 0.07134292565947242 0.6900369003690037 0.03956834532374101 0.047970479704797064
0 0.9652278177458034 0.6457564575645757 0.04076738609112707 0.047970479704797064
0 0.35071942446043164 0.8376383763837638 0.037170263788968816 0.04428044280442811
0 0.9628297362110312 0.5535055350553505 0.03597122302158273 0.047970479704797064
0 0.9628297362110312 0.227859778597786 0.03597122302158273 0.04243542435424355
0 0.7404076738609113 0.8339483394833949 0.03717026378896893 0.047970479704797064
0 0.29376498800959233 0.8837638376383764 0.033573141486810565 0.04428044280442811
0 0.40707434052757796 0.5055350553505535 0.037170263788968816 0.03690036900369004
0 0.7404076738609113 0.7407749077490775 0.03717026378896893 0.042435424354243634
0 0.7410071942446044 0.9280442804428044 0.03597122302158284 0.059040590405904037
0 0.9640287769784173 0.507380073800738 0.03597122302158273 0.047970479704797064
0 0.8513189448441247 0.6005535055350553 0.033573141486810565 0.04981549815498154
0 0.7979616306954437 0.27767527675276754 0.037170263788968816 0.04981549815498154
0 0.9664268585131894 0.6964944649446496 0.0383693045563549 0.04981549815498154
0 0.908273381294964 0.2767527675276753 0.037170263788968816 0.04797047970479701
0 0.9664268585131894 0.7407749077490775 0.0383693045563549 0.046125461254612476
0 0.907673860911271 0.46033210332103325 0.03597122302158273 0.04612546125461253
0 0.907673860911271 0.5064575645756457 0.0383693045563549 0.05350553505535066
0 0.9640287769784173 0.3219557195571956 0.03597122302158273 0.04243542435424358
0 0.907673860911271 0.6014760147601476 0.03597122302158273 0.047970479704797064
0 0.9088729016786571 0.6457564575645757 0.03597122302158273 0.047970479704797064
0 0.9628297362110312 0.41328413284132837 0.0383693045563549 0.044280442804428055
0 0.9652278177458034 0.7887453874538746 0.04076738609112707 0.04981549815498154
0 0.9640287769784173 0.5977859778597786 0.04076738609112707 0.047970479704797064
0 0.907074340527578 0.12638376383763839 0.03956834532374098 0.06457564575645755
0 0.9640287769784173 0.4603321033210332 0.04076738609112707 0.04981549815498154
0 0.7404076738609113 0.555350553505535 0.03717026378896893 0.044280442804428
0 0.46402877697841727 0.7380073800738007 0.033573141486810565 0.04428044280442811
0 0.6294964028776978 0.8791512915129152 0.03597122302158273 0.04243542435424352
0 0.9088729016786571 0.8339483394833949 0.0383693045563549 0.05166051660516602
0 0.9088729016786571 0.7416974169741697 0.0383693045563549 0.04797047970479695
0 0.0725419664268585 0.7896678966789668 0.039568345323741 0.040590405904059046
0 0.9658273381294964 0.9345018450184501 0.03956834532374098 0.05719557195571945
0 0.9088729016786571 0.9289667896678966 0.03597122302158273 0.04981549815498154
0 0.9100719424460432 0.6928044280442804 0.03597122302158273 0.04981549815498165
0 0.40707434052757796 0.9326568265682657 0.037170263788968816 0.03874538745387457
0 0.9664268585131894 0.8809963099630996 0.03597122302158273 0.04981549815498165
0 0.9088729016786571 0.78690036900369 0.03597122302158273 0.04612546125461259
0 0.5203836930455636 0.10055350553505536 0.04556354916067151 0.04243542435424352
0 0.5203836930455635 0.13745387453874539 0.05035971223021579 0.03136531365313654
0 0.9088729016786571 0.8819188191881919 0.0383693045563549 0.044280442804428
0 0.3519184652278178 0.5507380073800738 0.03956834532374104 0.03136531365313655
0 0.9712230215827338 0.8367158671586716 0.02877697841726612 0.042435424354243634
0 0.7416067146282974 0.8773062730627306 0.039568345323741094 0.03136531365313655
0 0.5197841726618706 0.4584870848708487 0.046762589928057596 0.03874538745387457
0 0.6306954436450839 0.6476014760147601 0.03597122302158273 0.047970479704797175
0 0.6306954436450839 0.3662361623616236 0.03597122302158273 0.04612546125461253
0 0.4634292565947242 0.9326568265682658 0.03956834532374098 0.04612546125461259
0 0.07134292565947242 0.6005535055350554 0.03956834532374101 0.04243542435424352
0 0.907673860911271 0.5562730627306274 0.0383693045563549 0.04612546125461259
0 0.684652278177458 0.6955719557195572 0.033573141486810565 0.04428044280442811
0 0.6870503597122302 0.8385608856088561 0.03836930455635501 0.04243542435424352
0 0.6306954436450839 0.8357933579335795 0.0383693045563549 0.04797047970479695
0 0.5191846522781774 0.17435424354243542 0.0455635491606714 0.04243542435424352
0 0.8525179856115108 0.5525830258302583 0.03597122302158273 0.04243542435424352
0 0.5743405275779376 0.6485239852398524 0.0383693045563549 0.04243542435424352
0 0.0725419664268585 0.6457564575645756 0.03717026378896883 0.044280442804428
0 0.1264988009592326 0.5996309963099631 0.03237410071942447 0.047970479704797064
0 0.9064748201438849 0.17896678966789664 0.03597122302158273 0.04428044280442797
0 0.1288968824940048 0.9326568265682658 0.039568345323741 0.04981549815498154
0 0.7410071942446044 0.5110701107011071 0.03836930455635501 0.05166051660516613
0 0.9628297362110312 0.12730627306273062 0.0383693045563549 0.04797047970479705
0 0.7410071942446044 0.46125461254612543 0.03597122302158284 0.04797047970479701
0 0.40707434052757796 0.7444649446494465 0.03956834532374104 0.04243542435424352
0 0.7410071942446044 0.6494464944649446 0.03836930455635501 0.047970479704797064
0 0.7404076738609113 0.6014760147601476 0.039568345323741094 0.047970479704797064
0 0.6294964028776978 0.7435424354243543 0.04076738609112707 0.04428044280442789
0 0.1276978417266187 0.7453874538745389 0.034772182254196635 0.04797047970479695
0 0.684652278177458 0.5562730627306273 0.03597122302158273 0.04243542435424352
0 0.8519184652278178 0.17896678966789664 0.03477218225419665 0.04428044280442797
0 0.1276978417266187 0.8376383763837638 0.03956834532374101 0.04428044280442811
0 0.18225419664268586 0.8837638376383764 0.033573141486810565 0.04428044280442811
0 0.5749400479616307 0.8837638376383764 0.03477218225419665 0.047970479704797064
0 0.9064748201438849 0.3210332103321033 0.03597122302158273 0.040590405904059046
0 0.2961630695443645 0.9317343173431735 0.04076738609112707 0.05166051660516602
0 0.8519184652278178 0.12638376383763839 0.03477218225419665 0.057195571955719574
0 0.6858513189448441 0.9289667896678966 0.03597122302158273 0.04981549815498154
0 0.7410071942446044 0.6964944649446496 0.03836930455635501 0.04981549815498154
0 0.9628297362110312 0.17988929889298894 0.0383693045563549 0.05350553505535055
0 0.1276978417266187 0.8809963099630996 0.03956834532374101 0.04981549815498165
0 0.184052757793765 0.6964944649446494 0.03956834532374101 0.04612546125461259
0 0.0725419664268585 0.8367158671586716 0.039568345323741 0.053505535055350495
0 0.684652278177458 0.6494464944649446 0.033573141486810565 0.047970479704797064
0 0.6294964028776978 0.12730627306273062 0.03597122302158273 0.05166051660516606
0 0.7416067146282974 0.7859778597785978 0.039568345323741094 0.05166051660516613
0 0.0725419664268585 0.5083025830258303 0.039568345323741 0.04612546125461259
0 0.2392086330935252 0.5996309963099631 0.037170263788968844 0.040590405904058935
0 0.7410071942446044 0.32011070110701106 0.03597122302158284 0.04243542435424352
0 0.6858513189448441 0.6014760147601476 0.03597122302158273 0.047970479704797064
0 0.5743405275779376 0.7444649446494465 0.03597122302158273 0.04243542435424352
0 0.6858513189448441 0.4621771217712177 0.03597122302158273 0.04612546125461253
0 0.1288968824940048 0.5073800738007379 0.03717026378896883 0.044280442804428
0 0.0725419664268585 0.5544280442804428 0.039568345323741 0.05350553505535072
0 0.23980815347721823 0.8819188191881919 0.03597122302158273 0.047970479704797064
0 0.0725419664268585 0.9381918819188191 0.04196642685851319 0.04981549815498154
0 0.9064748201438849 0.3662361623616236 0.03597122302158273 0.04612546125461253
0 0.8519184652278178 0.22324723247232472 0.03477218225419665 0.047970479704797064
0 0.5743405275779376 0.224169741697417 0.03597122302158273 0.04981549815498157
0 0.23980815347721823 0.9326568265682658 0.03836930455635498 0.04981549815498154
0 0.29616306954436455 0.22047970479704798 0.03597122302158268 0.04612546125461256
0 0.9628297362110312 0.3662361623616236 0.0383693045563549 0.04981549815498154
0 0.35311750599520386 0.8809963099630996 0.03477218225419659 0.046125461254612476
0 0.3519184652278178 0.6955719557195572 0.03956834532374104 0.04428044280442811
0 0.1288968824940048 0.5535055350553505 0.03717026378896883 0.047970479704797064
0 0.35071942446043164 0.9308118081180812 0.037170263788968816 0.053505535055350606
0 0.1276978417266187 0.6992619926199262 0.034772182254196635 0.047970479704797064
0 0.684652278177458 0.4123616236162362 0.033573141486810565 0.04981549815498154
0 0.0737410071942446 0.8874538745387454 0.03956834532374101 0.047970479704797064
0 0.5203836930455636 0.24815498154981547 0.04556354916067151 0.046125461254612476
0 0.8531175059952039 0.5083025830258303 0.03956834532374098 0.04981549815498154
0 0.7967625899280576 0.1282287822878229 0.03956834532374098 0.049815498154981555
0 0.23980815347721823 0.4132841328413284 0.033573141486810565 0.047970479704797064
0 0.40707434052757796 0.2702952029520295 0.03956834532374104 0.05350553505535052
0 0.4646282973621103 0.27121771217712176 0.03956834532374098 0.04797047970479704
0 0.4634292565947242 0.555350553505535 0.03477218225419665 0.044280442804428
0 0.1276978417266187 0.4621771217712177 0.03956834532374101 0.05350553505535055
0 0.40707434052757796 0.4132841328413284 0.03956834532374104 0.047970479704797064
0 0.4634292565947242 0.36254612546125464 0.03477218225419665 0.05350553505535055
0 0.1828537170263789 0.45940959409594095 0.03956834532374098 0.05166051660516602
0 0.4634292565947242 0.4132841328413284 0.037170263788968816 0.047970479704797064
0 0.40707434052757796 0.5535055350553506 0.03956834532374104 0.05166051660516613
0 0.4634292565947242 0.5083025830258303 0.03956834532374098 0.04981549815498154
