0 0.508750 0.883703 0.020000 0.026899
0 0.437500 0.886867 0.035000 0.030063
0 0.714375 0.760285 0.033750 0.033228
0 0.661250 0.409810 0.032500 0.028481
0 0.896875 0.505538 0.023750 0.030063
0 0.660625 0.628165 0.033750 0.034810
0 0.660625 0.600475 0.031250 0.030063
0 0.788125 0.265823 0.021250 0.028481
0 0.881875 0.412184 0.033750 0.033228
0 0.771250 0.601266 0.035000 0.028481
0 0.703125 0.300633 0.026250 0.028481
0 0.716875 0.443038 0.033750 0.031646
0 0.716875 0.475475 0.033750 0.033228
0 0.896250 0.476266 0.022500 0.028481
0 0.869375 0.475475 0.021250 0.030063
0 0.328125 0.881329 0.036250 0.031646
0 0.715000 0.727057 0.035000 0.033228
0 0.658125 0.856804 0.033750 0.030063
0 0.716875 0.412184 0.036250 0.033228
0 0.716250 0.630538 0.032500 0.030063
0 0.677500 0.159810 0.025000 0.031646
0 0.896250 0.443829 0.025000 0.033228
0 0.771250 0.539557 0.032500 0.031646
0 0.770000 0.826741 0.032500 0.030063
0 0.881875 0.379747 0.033750 0.028481
0 0.716250 0.504747 0.035000 0.028481
0 0.704375 0.193829 0.028750 0.030063
0 0.881875 0.602057 0.033750 0.030063
0 0.771875 0.412184 0.033750 0.030063
0 0.606875 0.441456 0.033750 0.031646
0 0.770000 0.760285 0.032500 0.033228
0 0.880625 0.664557 0.033750 0.031646
0 0.714375 0.857595 0.033750 0.028481
0 0.770625 0.442247 0.033750 0.030063
0 0.546875 0.885285 0.033750 0.033228
0 0.770000 0.727057 0.035000 0.033228
0 0.881875 0.571994 0.033750 0.033228
0 0.758750 0.300633 0.025000 0.028481
0 0.272500 0.881329 0.035000 0.031646
0 0.658125 0.789557 0.033750 0.031646
0 0.770625 0.633703 0.033750 0.033228
0 0.770625 0.696994 0.036250 0.033228
0 0.897500 0.345728 0.020000 0.023734
0 0.383125 0.879747 0.033750 0.041139
0 0.716875 0.571203 0.033750 0.028481
0 0.659375 0.756329 0.033750 0.034810
0 0.760000 0.197785 0.025000 0.028481
0 0.716250 0.600475 0.032500 0.033228
0 0.869375 0.442247 0.021250 0.023734
0 0.870625 0.349684 0.021250 0.028481
0 0.658125 0.889241 0.033750 0.031646
0 0.871250 0.503956 0.022500 0.026899
0 0.770625 0.571994 0.033750 0.033228
0 0.660625 0.726266 0.033750 0.034810
0 0.661250 0.440665 0.035000 0.033228
0 0.768750 0.856804 0.035000 0.033228
0 0.769375 0.890032 0.033750 0.033228
0 0.770625 0.663766 0.036250 0.033228
0 0.789375 0.162975 0.026250 0.031646
0 0.715000 0.790348 0.035000 0.033228
0 0.731875 0.267405 0.023750 0.031646
0 0.883125 0.538766 0.036250 0.033228
0 0.770625 0.794304 0.033750 0.034810
0 0.881250 0.635285 0.032500 0.033228
0 0.827500 0.412975 0.032500 0.031646
0 0.761250 0.163766 0.025000 0.033228
0 0.715625 0.696994 0.033750 0.033228
0 0.788125 0.231804 0.023750 0.033228
0 0.758750 0.266614 0.027500 0.030063
0 0.606875 0.474684 0.033750 0.034810
0 0.733125 0.162184 0.023750 0.030063
0 0.661875 0.375791 0.031250 0.036392
0 0.828125 0.380538 0.033750 0.033228
0 0.788125 0.301424 0.023750 0.033228
0 0.760000 0.232595 0.025000 0.028481
0 0.703125 0.265823 0.026250 0.028481
0 0.828125 0.346519 0.036250 0.034810
0 0.659375 0.822785 0.033750 0.034810
0 0.789375 0.196994 0.026250 0.033228
0 0.732500 0.231804 0.022500 0.033228
0 0.660000 0.693038 0.035000 0.031646
0 0.881250 0.697785 0.035000 0.034810
0 0.731875 0.300633 0.023750 0.028481
0 0.715000 0.824367 0.035000 0.034810
0 0.771250 0.472310 0.035000 0.033228
0 0.607500 0.375000 0.035000 0.034810
0 0.660625 0.504747 0.033750 0.028481
0 0.827500 0.442247 0.032500 0.033228
0 0.605625 0.409019 0.033750 0.033228
0 0.715000 0.663766 0.035000 0.033228
0 0.714375 0.889241 0.036250 0.034810
0 0.660625 0.662184 0.033750 0.033228
0 0.661875 0.472310 0.033750 0.033228
0 0.702500 0.233386 0.027500 0.030063
0 0.661250 0.568038 0.032500 0.031646
0 0.772500 0.378956 0.035000 0.036392
0 0.731875 0.196994 0.023750 0.033228
0 0.661875 0.537975 0.033750 0.031646
0 0.771875 0.505538 0.033750 0.033228
0 0.675625 0.196994 0.026250 0.033228
0 0.706250 0.162184 0.025000 0.033228
0 0.716875 0.537975 0.033750 0.034810
0 0.826875 0.476266 0.033750 0.034810
0 0.717500 0.375791 0.035000 0.036392
