0 0.300000 0.335884 0.034483 0.042517
0 0.567816 0.730442 0.034483 0.042517
0 0.633908 0.428571 0.019540 0.034014
0 0.792529 0.426020 0.024138 0.035714
0 0.474713 0.727891 0.027586 0.037415
0 0.473563 0.947279 0.022989 0.034014
0 0.098276 0.896259 0.021839 0.034014
0 0.447701 0.857143 0.024138 0.037415
0 0.097126 0.943027 0.024138 0.035714
0 0.795402 0.552721 0.025287 0.037415
0 0.073563 0.943027 0.025287 0.035714
0 0.448276 0.898810 0.025287 0.035714
0 0.472989 0.857143 0.024138 0.040816
0 0.516092 0.151361 0.045977 0.034014
0 0.474713 0.813776 0.025287 0.035714
0 0.301149 0.294218 0.032184 0.040816
0 0.516092 0.215986 0.048276 0.027211
0 0.473563 0.767007 0.022989 0.037415
0 0.473563 0.901361 0.022989 0.037415
0 0.795402 0.471939 0.025287 0.035714
0 0.205747 0.467687 0.022989 0.040816
0 0.524138 0.772109 0.025287 0.030612
0 0.633908 0.557823 0.026437 0.034014
0 0.887356 0.250000 0.036782 0.047619
0 0.567816 0.338435 0.034483 0.040816
0 0.514943 0.509354 0.039080 0.045918
0 0.192529 0.637755 0.037931 0.051020
0 0.567241 0.291667 0.035632 0.049320
0 0.462644 0.291667 0.037931 0.049320
0 0.244253 0.726190 0.037931 0.047619
0 0.674713 0.250000 0.034483 0.047619
0 0.833333 0.294218 0.032184 0.044218
0 0.943678 0.204082 0.036782 0.051020
0 0.727586 0.206633 0.036782 0.056122
0 0.567816 0.381803 0.034483 0.049320
0 0.138506 0.636054 0.033333 0.047619
0 0.515517 0.463435 0.040230 0.045918
0 0.245977 0.294218 0.036782 0.047619
0 0.462644 0.337585 0.035632 0.045918
0 0.835057 0.340136 0.035632 0.044218
0 0.301149 0.248299 0.034483 0.051020
0 0.462644 0.381803 0.035632 0.042517
0 0.191379 0.728741 0.037931 0.045918
0 0.516092 0.247449 0.043678 0.039116
0 0.621839 0.294218 0.034483 0.047619
0 0.139655 0.384354 0.033333 0.044218
0 0.193678 0.340986 0.035632 0.039116
0 0.407471 0.636054 0.035632 0.051020
0 0.192529 0.684524 0.035632 0.039116
0 0.782184 0.381803 0.040230 0.042517
0 0.246552 0.340136 0.037931 0.044218
0 0.726437 0.255102 0.034483 0.037415
0 0.084483 0.384354 0.037931 0.051020
0 0.406322 0.684524 0.033333 0.042517
0 0.085632 0.638605 0.037931 0.045918
0 0.726437 0.296769 0.034483 0.049320
0 0.137931 0.684524 0.036782 0.045918
0 0.943678 0.252551 0.034483 0.042517
0 0.621839 0.384354 0.034483 0.044218
0 0.192529 0.381803 0.037931 0.042517
0 0.609770 0.426020 0.021839 0.035714
0 0.781034 0.340136 0.037931 0.040816
0 0.354598 0.204082 0.035632 0.054422
0 0.137356 0.728741 0.035632 0.045918
0 0.246552 0.640306 0.035632 0.049320
0 0.353448 0.296769 0.035632 0.049320
0 0.835057 0.381803 0.037931 0.042517
0 0.942529 0.296769 0.039080 0.045918
0 0.084483 0.684524 0.037931 0.049320
0 0.139655 0.294218 0.033333 0.047619
0 0.085057 0.727891 0.039080 0.040816
0 0.621839 0.681973 0.036782 0.047619
0 0.779885 0.294218 0.033333 0.051020
0 0.518391 0.319728 0.041379 0.040816
0 0.193678 0.294218 0.035632 0.054422
0 0.622989 0.637755 0.034483 0.044218
0 0.407471 0.727891 0.033333 0.047619
0 0.085632 0.340136 0.035632 0.044218
0 0.421839 0.291667 0.022989 0.042517
0 0.450000 0.466837 0.021839 0.039116
0 0.355172 0.252551 0.032184 0.042517
0 0.567816 0.638605 0.034483 0.045918
0 0.514943 0.552721 0.029885 0.040816
0 0.609770 0.465136 0.021839 0.035714
0 0.245402 0.384354 0.037931 0.044218
0 0.473563 0.428571 0.020690 0.037415
0 0.621839 0.340136 0.034483 0.040816
0 0.138506 0.340136 0.033333 0.044218
0 0.887356 0.337585 0.032184 0.039116
0 0.674138 0.340136 0.033333 0.040816
0 0.633908 0.470238 0.021839 0.039116
0 0.448851 0.426020 0.021839 0.035714
0 0.474713 0.511054 0.022989 0.039116
0 0.835057 0.730442 0.037931 0.045918
0 0.566667 0.686224 0.036782 0.049320
0 0.474713 0.596939 0.022989 0.040816
0 0.072414 0.852891 0.027586 0.039116
0 0.621839 0.730442 0.036782 0.045918
0 0.516092 0.388605 0.043678 0.035714
0 0.674138 0.296769 0.033333 0.042517
0 0.835632 0.640306 0.032184 0.045918
0 0.097126 0.769558 0.021839 0.035714
0 0.181034 0.513605 0.024138 0.037415
0 0.448276 0.681973 0.025287 0.037415
0 0.448851 0.594388 0.021839 0.039116
0 0.451149 0.511054 0.021839 0.035714
0 0.098276 0.813776 0.024138 0.035714
0 0.181034 0.426020 0.024138 0.039116
0 0.473563 0.469388 0.022989 0.037415
0 0.447701 0.723639 0.024138 0.039116
0 0.516667 0.284864 0.042529 0.032313
0 0.151149 0.813776 0.026437 0.039116
0 0.205747 0.426020 0.022989 0.035714
0 0.448851 0.637755 0.024138 0.037415
0 0.473563 0.638605 0.022989 0.039116
0 0.448276 0.811224 0.025287 0.037415
0 0.085632 0.294218 0.033333 0.044218
0 0.179885 0.469388 0.024138 0.040816
0 0.070115 0.813776 0.022989 0.039116
0 0.071264 0.897109 0.025287 0.039116
0 0.448851 0.767007 0.024138 0.040816
0 0.514943 0.181122 0.043678 0.039116
0 0.071264 0.769558 0.022989 0.035714
0 0.448851 0.550170 0.021839 0.042517
0 0.179885 0.555272 0.024138 0.035714
0 0.516667 0.353741 0.042529 0.034014
0 0.395977 0.291667 0.024138 0.039116
0 0.888506 0.295918 0.032184 0.044218
0 0.473563 0.681973 0.025287 0.040816
0 0.474713 0.555272 0.022989 0.035714
0 0.836207 0.684524 0.035632 0.049320
0 0.150575 0.772109 0.022989 0.034014
0 0.447701 0.945578 0.024138 0.037415
