0 0.3479661185849527 0.22996742671009773 0.022449427005480856 0.02475570032573291
0 0.3500069755854509 0.3009771986970684 0.02040857000498257 0.018241042345276882
0 0.34847633283507723 0.28794788273615635 0.021428998505231712 0.023452768729641704
0 0.3530682610861983 0.6397394136807818 0.018367713004484358 0.02084690553745929
0 0.34847633283507723 0.20195439739413681 0.023469855505729963 0.026058631921824116
0 0.3489865470852017 0.3192182410423453 0.018367713004484282 0.01563517915309447
0 0.1137777777777778 0.603257328990228 0.025510712506228193 0.028664495114006528
0 0.3494967613353263 0.33680781758957656 0.021428998505231674 0.019543973941368087
0 0.15663577478824114 0.603257328990228 0.021428998505231694 0.028664495114006528
0 0.0724504235176881 0.6058631921824105 0.02040857000498257 0.028664495114006528
0 0.19082012954658695 0.5172638436482084 0.02449028400597903 0.026058631921824116
0 0.1897997010463378 0.3947882736156352 0.030612855007473853 0.023452768729641704
0 0.18877927254608864 0.3674267100977199 0.028571998006975567 0.028664495114006528
0 0.5469496761335326 0.18371335504885994 0.026531141006477355 0.03648208469055374
0 0.14847234678624815 0.6996742671009771 0.0275515695067265 0.036482084690553675
0 0.18877927254608864 0.42605863192182414 0.028571998006975567 0.036482084690553765
0 0.18877927254608864 0.30618892508143325 0.028571998006975567 0.026058631921824116
0 0.6306248131539611 0.3374592833876221 0.03061285500747378 0.028664495114006483
0 0.6306248131539611 0.3087947882736156 0.03061285500747378 0.028664495114006528
0 0.10663477827603388 0.6970684039087948 0.03163328350772296 0.028664495114006438
0 0.3479661185849527 0.17068403908794788 0.022449427005480856 0.023452768729641683
0 0.18877927254608864 0.33224755700325737 0.028571998006975567 0.026058631921824116
0 0.10612456402590931 0.6338762214983713 0.028571998006975585 0.032573289902280145
0 0.10663477827603388 0.6651465798045603 0.03163328350772296 0.029967426710097732
0 0.18928948679621324 0.4592833876221499 0.02959242650722475 0.02736156351791532
0 0.5892974588938714 0.3087947882736156 0.02755156950672646 0.028664495114006528
0 0.3479661185849527 0.1472312703583062 0.022449427005480856 0.02084690553745929
0 0.1494927752864973 0.634527687296417 0.02551071250622823 0.03387622149837135
0 0.1897997010463378 0.488599348534202 0.030612855007473853 0.028664495114006438
0 0.14847234678624815 0.6651465798045603 0.0275515695067265 0.029967426710097732
0 0.06326656701544593 0.6964169381107492 0.032653712007972104 0.03778501628664488
0 0.6316452416542102 0.2456026058631922 0.028571998006975567 0.0325732899022801
0 0.6311350274040858 0.36872964169381106 0.02755156950672646 0.028664495114006528
0 0.1051041355256602 0.3374592833876221 0.028571998006975585 0.028664495114006483
0 0.06326656701544593 0.6371335504885993 0.030612855007473825 0.03387622149837135
0 0.6311350274040858 0.28013029315960913 0.02755156950672646 0.028664495114006528
0 0.589807673143996 0.2482084690553746 0.028571998006975567 0.029967426710097687
0 0.1897997010463378 0.5472312703583062 0.030612855007473853 0.03127035830618894
0 0.5892974588938714 0.2794788273615635 0.02755156950672646 0.029967426710097732
0 0.10408370702541106 0.21433224755700325 0.030612855007473853 0.02736156351791532
0 0.1051041355256602 0.30618892508143325 0.028571998006975585 0.028664495114006528
0 0.5892974588938714 0.21498371335504887 0.02755156950672646 0.03127035830618894
0 0.14694170403587445 0.24755700325732902 0.030612855007473874 0.036482084690553716
0 0.10408370702541106 0.2456026058631922 0.030612855007473853 0.029967426710097687
0 0.1051041355256602 0.18110749185667752 0.030612855007473835 0.03387622149837133
0 0.10459392127553563 0.27622149837133547 0.02959242650722471 0.03127035830618894
0 0.18928948679621324 0.2768729641693811 0.03163328350772296 0.032573289902280145
0 0.1887792725460887 0.2429967426710098 0.030612855007473853 0.0325732899022801
0 0.3489865470852018 0.18697068403908795 0.02040857000498257 0.006514657980456029
