0 0.757333 0.384375 0.032000 0.037500
0 0.500000 0.414844 0.026667 0.029687
0 0.498667 0.390625 0.024000 0.015625
0 0.498667 0.262500 0.032000 0.034375
0 0.759333 0.782813 0.036000 0.034375
0 0.704000 0.312500 0.034667 0.037500
0 0.868667 0.850000 0.036000 0.034375
0 0.124667 0.527344 0.036000 0.035937
0 0.758000 0.527344 0.028000 0.032813
0 0.758667 0.599219 0.032000 0.029687
0 0.123333 0.743750 0.036000 0.034375
0 0.402667 0.817969 0.037333 0.042188
0 0.538000 0.850000 0.036000 0.034375
0 0.498000 0.296875 0.028000 0.028125
0 0.758000 0.633594 0.033333 0.035937
0 0.867333 0.671094 0.028000 0.032813
0 0.868667 0.814844 0.036000 0.035937
0 0.402000 0.779687 0.036000 0.034375
0 0.815333 0.850000 0.036000 0.034375
0 0.868000 0.745313 0.032000 0.037500
0 0.814667 0.779687 0.034667 0.034375
0 0.867333 0.277344 0.036000 0.032813
0 0.180667 0.418750 0.036000 0.040625
0 0.540667 0.778125 0.033333 0.028125
0 0.866000 0.421094 0.033333 0.029687
0 0.868667 0.886719 0.036000 0.035937
0 0.814667 0.746094 0.034667 0.032813
0 0.867333 0.634375 0.036000 0.037500
0 0.540667 0.603125 0.036000 0.034375
0 0.814000 0.887500 0.038667 0.034375
0 0.759333 0.746094 0.036000 0.035937
0 0.815333 0.814844 0.036000 0.035937
0 0.594667 0.887500 0.037333 0.028125
0 0.456667 0.527344 0.033333 0.032813
0 0.124667 0.815625 0.036000 0.034375
0 0.236000 0.815625 0.034667 0.031250
0 0.347333 0.565625 0.036000 0.037500
0 0.757333 0.562500 0.032000 0.037500
0 0.758667 0.418750 0.032000 0.031250
0 0.757333 0.492188 0.032000 0.034375
0 0.593333 0.743750 0.037333 0.034375
0 0.868000 0.780469 0.034667 0.032813
0 0.538000 0.748437 0.036000 0.034375
0 0.540667 0.639062 0.033333 0.034375
0 0.593333 0.490625 0.032000 0.034375
0 0.539333 0.709375 0.036000 0.037500
0 0.124000 0.635938 0.037333 0.037500
0 0.866667 0.312500 0.034667 0.034375
0 0.593333 0.815625 0.037333 0.037500
0 0.594667 0.527344 0.034667 0.039062
0 0.539333 0.887500 0.036000 0.037500
0 0.180667 0.814844 0.036000 0.032813
0 0.455333 0.708594 0.036000 0.032813
0 0.402000 0.856250 0.036000 0.034375
0 0.758000 0.850000 0.036000 0.037500
0 0.759333 0.709375 0.036000 0.034375
0 0.814000 0.634375 0.036000 0.034375
0 0.292000 0.418750 0.034667 0.034375
0 0.866000 0.237500 0.036000 0.043750
0 0.455333 0.743750 0.036000 0.034375
0 0.179333 0.743750 0.036000 0.034375
0 0.540667 0.675000 0.036000 0.034375
0 0.593333 0.854688 0.037333 0.034375
0 0.291333 0.673438 0.036000 0.031250
0 0.292667 0.815625 0.036000 0.034375
0 0.179333 0.637500 0.033333 0.034375
0 0.236667 0.418750 0.033333 0.034375
0 0.814000 0.673438 0.036000 0.034375
0 0.402000 0.636719 0.036000 0.035937
0 0.236667 0.636719 0.036000 0.032813
0 0.812667 0.421094 0.036000 0.035937
0 0.760667 0.671875 0.036000 0.037500
0 0.402000 0.564844 0.036000 0.035937
0 0.812000 0.562500 0.032000 0.034375
0 0.402000 0.531250 0.036000 0.034375
0 0.346000 0.746094 0.036000 0.039062
0 0.124000 0.492969 0.034667 0.035937
0 0.593333 0.456250 0.032000 0.034375
0 0.348000 0.309375 0.032000 0.034375
0 0.124000 0.892188 0.037333 0.037500
0 0.125333 0.345313 0.032000 0.034375
0 0.236667 0.564844 0.033333 0.032813
0 0.235333 0.671875 0.036000 0.034375
0 0.181333 0.380469 0.032000 0.035937
0 0.500667 0.196875 0.028000 0.028125
0 0.455333 0.564063 0.036000 0.037500
0 0.236000 0.456250 0.037333 0.037500
0 0.123333 0.779687 0.036000 0.037500
0 0.293333 0.346875 0.037333 0.037500
0 0.757333 0.312500 0.032000 0.037500
0 0.179333 0.778125 0.036000 0.034375
0 0.291333 0.492188 0.036000 0.034375
0 0.234000 0.706250 0.036000 0.037500
0 0.867333 0.562500 0.036000 0.034375
0 0.404667 0.493750 0.033333 0.034375
0 0.236000 0.306250 0.032000 0.037500
0 0.866667 0.349219 0.034667 0.035937
0 0.455333 0.490625 0.036000 0.037500
0 0.290000 0.636719 0.036000 0.039062
0 0.180667 0.564844 0.036000 0.035937
0 0.180667 0.600000 0.036000 0.037500
0 0.180000 0.492969 0.034667 0.035937
0 0.541333 0.493750 0.032000 0.034375
0 0.595333 0.203125 0.036000 0.037500
0 0.867333 0.454688 0.036000 0.037500
0 0.348667 0.384375 0.033333 0.034375
0 0.404000 0.309375 0.032000 0.037500
0 0.540667 0.531250 0.033333 0.037500
0 0.291333 0.600000 0.036000 0.034375
0 0.541333 0.424219 0.032000 0.035937
0 0.402000 0.421875 0.036000 0.034375
0 0.348667 0.421875 0.033333 0.034375
0 0.593333 0.312500 0.032000 0.034375
0 0.182000 0.308594 0.033333 0.035937
0 0.292000 0.384375 0.034667 0.034375
0 0.292667 0.565625 0.036000 0.037500
0 0.237333 0.346094 0.032000 0.035937
0 0.182667 0.345313 0.034667 0.037500
0 0.866000 0.384375 0.036000 0.034375
0 0.348667 0.456250 0.033333 0.034375
0 0.291333 0.455469 0.036000 0.035937
0 0.124667 0.599219 0.036000 0.039062
0 0.540000 0.387500 0.032000 0.034375
0 0.594667 0.278125 0.034667 0.034375
0 0.125333 0.380469 0.034667 0.035937
0 0.235333 0.493750 0.033333 0.034375
0 0.293333 0.274219 0.037333 0.032813
0 0.811333 0.384375 0.036000 0.034375
0 0.404667 0.457813 0.033333 0.037500
0 0.541333 0.459375 0.032000 0.034375
0 0.236000 0.381250 0.034667 0.034375
0 0.348000 0.493750 0.034667 0.037500
0 0.498667 0.368750 0.032000 0.034375
0 0.758000 0.814844 0.033333 0.032813
0 0.137333 0.671875 0.024000 0.025000
0 0.503333 0.782813 0.020000 0.028125
0 0.456667 0.455469 0.036000 0.023438
0 0.346667 0.600000 0.034667 0.034375
0 0.125333 0.417969 0.034667 0.039062
0 0.540667 0.814063 0.036000 0.037500
0 0.292667 0.743750 0.036000 0.034375
0 0.180667 0.527344 0.036000 0.035937
0 0.292000 0.852344 0.037333 0.035937
0 0.180000 0.852344 0.034667 0.039062
0 0.593333 0.600000 0.037333 0.037500
0 0.403333 0.889844 0.036000 0.035937
0 0.236667 0.742969 0.036000 0.032813
0 0.593333 0.709375 0.040000 0.034375
0 0.236667 0.852344 0.036000 0.035937
0 0.455333 0.636719 0.036000 0.039062
0 0.402000 0.671875 0.036000 0.034375
0 0.649333 0.242969 0.032000 0.035937
0 0.814667 0.711719 0.037333 0.035937
0 0.866000 0.527344 0.036000 0.035937
0 0.594667 0.777344 0.034667 0.035937
0 0.867333 0.599219 0.036000 0.032813
0 0.348000 0.531250 0.032000 0.031250
0 0.455333 0.815625 0.036000 0.037500
0 0.456000 0.852344 0.034667 0.035937
0 0.292667 0.781250 0.036000 0.034375
0 0.181333 0.890625 0.032000 0.034375
0 0.866000 0.492188 0.036000 0.034375
0 0.293333 0.234375 0.037333 0.037500
0 0.124000 0.306250 0.032000 0.037500
0 0.124000 0.705469 0.037333 0.042188
0 0.402000 0.746094 0.036000 0.032813
0 0.592000 0.564063 0.034667 0.034375
0 0.540000 0.567969 0.034667 0.032813
0 0.236000 0.886719 0.037333 0.032813
0 0.758667 0.348438 0.032000 0.031250
0 0.179333 0.708594 0.036000 0.035937
0 0.292667 0.887500 0.038667 0.034375
0 0.867333 0.706250 0.036000 0.037500
0 0.236000 0.778125 0.034667 0.040625
0 0.402667 0.710938 0.037333 0.037500
0 0.812000 0.600000 0.034667 0.034375
0 0.456667 0.778125 0.033333 0.034375
0 0.592000 0.637500 0.037333 0.037500
0 0.346667 0.637500 0.037333 0.034375
0 0.403333 0.602344 0.036000 0.032813
0 0.346000 0.709375 0.036000 0.034375
0 0.456000 0.887500 0.034667 0.034375
0 0.650000 0.203125 0.036000 0.037500
0 0.124667 0.562500 0.033333 0.034375
0 0.346000 0.673438 0.036000 0.034375
0 0.758000 0.453125 0.036000 0.037500
0 0.593333 0.421875 0.032000 0.034375
0 0.812000 0.492188 0.034667 0.034375
0 0.124000 0.457813 0.034667 0.034375
0 0.593333 0.675000 0.040000 0.034375
0 0.179333 0.671875 0.036000 0.034375
0 0.292667 0.527344 0.036000 0.035937
0 0.759333 0.887500 0.036000 0.034375
0 0.812000 0.456250 0.034667 0.034375
0 0.124000 0.853125 0.037333 0.037500
0 0.236667 0.528125 0.033333 0.034375
0 0.180667 0.458594 0.033333 0.032813
0 0.455333 0.673438 0.036000 0.034375
0 0.813333 0.527344 0.032000 0.035937
0 0.812667 0.311719 0.033333 0.039062
0 0.498000 0.225000 0.028000 0.028125
0 0.292667 0.708594 0.036000 0.035937
0 0.456667 0.600000 0.036000 0.034375
0 0.456667 0.421094 0.033333 0.032813
0 0.293333 0.309375 0.037333 0.034375
0 0.236667 0.600000 0.036000 0.034375
0 0.540000 0.352344 0.032000 0.035937
0 0.456667 0.306250 0.033333 0.034375
0 0.456000 0.346094 0.034667 0.039062
0 0.812667 0.350000 0.036000 0.034375
0 0.456667 0.384375 0.033333 0.037500
0 0.594667 0.387500 0.034667 0.034375
0 0.348000 0.348438 0.034667 0.037500
0 0.403333 0.348438 0.036000 0.034375
0 0.594000 0.242188 0.036000 0.037500
0 0.402000 0.384375 0.036000 0.034375
0 0.540000 0.314844 0.034667 0.039062
0 0.593333 0.349219 0.037333 0.039062
