0 0.07924743443557583 0.8582608695652174 0.023945267958950966 0.03652173913043477
0 0.06784492588369442 0.38 0.03990877993158494 0.04695652173913045
0 0.597491448118586 0.6869565217391305 0.036488027366020526 0.04173913043478272
0 0.05416191562143672 0.46695652173913044 0.021664766248574677 0.040000000000000036
0 0.0798175598631699 0.4652173913043478 0.02280501710376283 0.03999999999999998
0 0.9161915621436716 0.3391304347826087 0.033067274800456126 0.04173913043478261
0 0.2816419612314709 0.29130434782608694 0.038768529076396774 0.043478260869565244
0 0.387115165336374 0.3382608695652174 0.03762827822120868 0.040000000000000036
0 0.6488027366020525 0.728695652173913 0.03876852907639683 0.04869565217391314
0 0.798175598631699 0.46869565217391307 0.020524515393386622 0.03652173913043483
0 0.40079817559863173 0.7730434782608695 0.021664766248574663 0.03652173913043477
0 0.07810718358038768 0.8147826086956521 0.02394526795895098 0.03652173913043488
0 0.5473204104903079 0.6417391304347827 0.03420752565564422 0.05217391304347818
0 0.2805017103762828 0.20260869565217393 0.03420752565564422 0.057391304347826105
0 0.05131128848346636 0.7721739130434783 0.022805017103762835 0.034782608695652195
0 0.49258836944127715 0.1791304347826087 0.04332953249714949 0.04173913043478261
0 0.18415051311288483 0.8165217391304347 0.028506271379703546 0.03652173913043488
0 0.3745724059293044 0.4678260869565217 0.023945267958950966 0.038260869565217404
0 0.6647662485746865 0.4678260869565217 0.022805017103762815 0.034782608695652195
0 0.40193842645381983 0.4678260869565217 0.023945267958950966 0.04173913043478261
0 0.6396807297605474 0.7730434782608695 0.022805017103762815 0.03652173913043477
0 0.82212086659065 0.4695652173913043 0.022805017103762815 0.038260869565217404
0 0.06898517673888255 0.29391304347826086 0.039908779931584946 0.04869565217391303
0 0.18415051311288483 0.7747826086956522 0.026225769669327242 0.040000000000000036
0 0.8221208665906499 0.42782608695652175 0.02052451539338651 0.034782608695652195
0 0.49486887115165334 0.3191304347826087 0.04332953249714938 0.04347826086956519
0 0.6641961231470923 0.5547826086956522 0.023945267958951022 0.034782608695652195
0 0.6630558722919042 0.5121739130434783 0.02394526795895091 0.040000000000000036
0 0.3751425313568985 0.7704347826086957 0.022805017103762815 0.034782608695652195
0 0.387115165336374 0.728695652173913 0.03306727480045607 0.045217391304347876
0 0.22805017103762826 0.42260869565217396 0.03420752565564425 0.038260869565217404
0 0.053591790193842644 0.8139130434782609 0.02280501710376283 0.03826086956521735
0 0.6391106043329533 0.4217391304347826 0.021664766248574607 0.03652173913043477
0 0.5461801596351197 0.6886956521739132 0.03420752565564433 0.04173913043478261
0 0.07924743443557583 0.9017391304347826 0.02166476624857469 0.040000000000000036
0 0.053021664766248575 0.9026086956521739 0.02622576966932725 0.03826086956521735
0 0.3745724059293044 0.8600000000000001 0.021664766248574663 0.03652173913043477
0 0.052451539338654506 0.4217391304347826 0.02280501710376283 0.03652173913043477
0 0.7554161915621437 0.25130434782608696 0.03534777651083232 0.033043478260869535
0 0.053021664766248575 0.8565217391304347 0.023945267958950966 0.03652173913043477
0 0.6636259977194983 0.42434782608695654 0.022805017103762815 0.038260869565217404
0 0.0798175598631699 0.7721739130434783 0.02280501710376283 0.03826086956521735
0 0.3757126567844926 0.42260869565217396 0.02622576966932727 0.038260869565217404
0 0.4925883694412771 0.14260869565217393 0.04789053591790193 0.03478260869565217
0 0.4013683010262258 0.4226086956521739 0.022805017103762815 0.034782608695652195
0 0.862599771949829 0.3382608695652174 0.03534777651083232 0.03652173913043477
0 0.7035347776510832 0.33739130434782605 0.036488027366020526 0.03130434782608699
0 0.6396807297605474 0.9008695652173913 0.022805017103762815 0.03826086956521746
0 0.9150513112884835 0.2539130434782609 0.03762827822120862 0.034782608695652195
0 0.4942987457240593 0.5513043478260871 0.030786773090079766 0.04173913043478261
0 0.6391106043329533 0.8156521739130433 0.021664766248574607 0.03826086956521746
0 0.7046750285062713 0.4252173913043478 0.036488027366020526 0.03652173913043477
0 0.40079817559863173 0.8147826086956521 0.021664766248574663 0.03304347826086973
0 0.6396807297605474 0.8591304347826088 0.022805017103762815 0.034782608695652084
0 0.49258836944127715 0.2469565217391304 0.04332953249714949 0.041739130434782584
0 0.6664766248574686 0.9504347826086956 0.02166476624857472 0.03652173913043477
0 0.3745724059293044 0.8165217391304347 0.023945267958950966 0.04000000000000015
0 0.22805017103762826 0.33478260869565213 0.03420752565564425 0.03304347826086956
0 0.5450399087799316 0.7339130434782609 0.03876852907639683 0.04869565217391303
0 0.49486887115165334 0.3565217391304348 0.04332953249714938 0.034782608695652195
0 0.053591790193842644 0.948695652173913 0.025085518814139104 0.040000000000000036
0 0.6653363740022805 0.8582608695652174 0.02166476624857472 0.040000000000000036
0 0.0798175598631699 0.9495652173913043 0.02280501710376283 0.03826086956521746
0 0.49486887115165334 0.3843478260869565 0.04561003420752563 0.038260869565217404
0 0.5051311288483467 0.7634782608695652 0.022805017103762815 0.02782608695652178
0 0.8620296465222349 0.4252173913043478 0.03876852907639683 0.029565217391304355
0 0.2816419612314709 0.3356521739130435 0.038768529076396774 0.03826086956521735
0 0.6641961231470923 0.8147826086956521 0.023945267958951022 0.03652173913043488
0 0.06784492588369442 0.3356521739130435 0.03534777651083238 0.03826086956521735
0 0.17445838084378562 0.3365217391304348 0.03420752565564425 0.03999999999999998
0 0.6664766248574687 0.9017391304347826 0.023945267958951022 0.040000000000000036
0 0.6630558722919042 0.771304347826087 0.02166476624857472 0.03652173913043477
0 0.49258836944127704 0.21565217391304348 0.04561003420752563 0.03130434782608696
0 0.3996579247434435 0.9026086956521739 0.023945267958950966 0.03826086956521735
0 0.49372862029646525 0.2843478260869565 0.04104903078677319 0.03304347826086962
0 0.28164196123147095 0.25043478260869567 0.03420752565564422 0.03478260869565214
0 0.18529076396807298 0.9026086956521739 0.02622576966932727 0.04173913043478261
0 0.07924743443557583 0.42434782608695654 0.023945267958950966 0.034782608695652195
0 0.6385404789053591 0.9478260869565218 0.022805017103762815 0.04173913043478261
0 0.5051311288483467 0.7834782608695652 0.03192702394526792 0.008695652173913104
0 0.5450399087799316 0.2921739130434783 0.036488027366020526 0.048695652173913084
0 0.49372862029646525 0.5078260869565218 0.03876852907639683 0.045217391304347876
0 0.6510832383124288 0.29391304347826086 0.03420752565564422 0.05217391304347829
0 0.8614595210946407 0.24956521739130436 0.03762827822120862 0.05043478260869566
0 0.5997719498289624 0.2930434782608695 0.036488027366020526 0.05043478260869566
0 0.7023945267958951 0.24695652173913044 0.036488027366020526 0.05217391304347824
0 0.3335233751425314 0.6860869565217391 0.03762827822120868 0.04695652173913045
0 0.5461801596351197 0.3817391304347826 0.03876852907639672 0.0469565217391304
0 0.7554161915621437 0.2043478260869565 0.03762827822120873 0.057391304347826105
0 0.8078677309007982 0.29478260869565215 0.03762827822120862 0.05391304347826087
0 0.3335233751425314 0.38 0.035347776510832374 0.04695652173913045
0 0.17388825541619157 0.6860869565217391 0.03762827822120865 0.0434782608695653
0 0.4942987457240593 0.4617391304347826 0.042189281641961174 0.04695652173913045
0 0.9144811858608894 0.20521739130434782 0.036488027366020526 0.0556521739130435
0 0.44070695553021666 0.7330434782608696 0.03762827822120868 0.04695652173913034
0 0.44184720638540476 0.6869565217391305 0.035347776510832374 0.045217391304347876
0 0.8078677309007982 0.3808695652173913 0.03534777651083243 0.05217391304347829
0 0.12371721778791334 0.29304347826086957 0.037628278221208664 0.04695652173913045
0 0.7554161915621437 0.3817391304347826 0.03762827822120873 0.0469565217391304
0 0.44184720638540476 0.29304347826086957 0.03762827822120868 0.04695652173913045
0 0.387115165336374 0.2921739130434783 0.03762827822120868 0.05217391304347824
0 0.862599771949829 0.2973913043478261 0.03534777651083232 0.04521739130434782
0 0.7554161915621437 0.2947826086956522 0.03534777651083232 0.05043478260869566
0 0.17559863169897377 0.3808695652173913 0.03876852907639683 0.04869565217391303
0 0.12143671607753706 0.37913043478260866 0.03762827822120868 0.04521739130434782
0 0.12200684150513112 0.3365217391304348 0.0387685290763968 0.043478260869565244
0 0.5974914481185861 0.38086956521739135 0.03876852907639683 0.04521739130434782
0 0.3335233751425314 0.7339130434782609 0.03762827822120868 0.04869565217391303
0 0.9144811858608894 0.38086956521739135 0.036488027366020526 0.04521739130434782
0 0.387115165336374 0.6869565217391305 0.03306727480045607 0.045217391304347876
0 0.44184720638540476 0.3391304347826087 0.035347776510832374 0.04173913043478261
0 0.3352337514253136 0.6400000000000001 0.03420752565564422 0.04869565217391292
0 0.1750285062713797 0.6391304347826088 0.035347776510832374 0.050434782608695605
0 0.597491448118586 0.3391304347826087 0.036488027366020526 0.04173913043478261
0 0.5461801596351197 0.3391304347826087 0.03420752565564433 0.04173913043478261
0 0.44070695553021666 0.3817391304347826 0.03762827822120868 0.0469565217391304
0 0.5997719498289624 0.6408695652173914 0.03420752565564433 0.050434782608695494
0 0.7559863169897378 0.3382608695652174 0.036488027366020526 0.040000000000000036
0 0.7035347776510832 0.2973913043478261 0.03420752565564433 0.04521739130434782
0 0.22805017103762826 0.24956521739130436 0.03420752565564425 0.05043478260869566
0 0.44070695553021666 0.6382608695652174 0.03762827822120868 0.04869565217391303
0 0.0661345496009122 0.6373913043478261 0.03648802736602051 0.050434782608695605
0 0.5997719498289624 0.7313043478260869 0.03876852907639672 0.050434782608695716
0 0.17388825541619157 0.731304347826087 0.03762827822120865 0.04695652173913034
0 0.6499429874572406 0.38086956521739135 0.03876852907639683 0.04521739130434782
0 0.33580387685290763 0.2921739130434783 0.03762827822120862 0.048695652173913084
0 0.2816419612314709 0.37913043478260866 0.038768529076396774 0.048695652173913084
0 0.12029646522234891 0.6391304347826088 0.035347776510832374 0.050434782608695605
0 0.6510832383124288 0.3391304347826087 0.03420752565564422 0.04173913043478261
0 0.862599771949829 0.3808695652173913 0.03762827822120873 0.04869565217391303
0 0.11915621436716078 0.6869565217391305 0.03534777651083239 0.045217391304347876
0 0.7035347776510832 0.37913043478260866 0.036488027366020526 0.048695652173913084
0 0.17616875712656785 0.29304347826086957 0.035347776510832374 0.04695652173913045
0 0.0661345496009122 0.6852173913043479 0.038768529076396815 0.045217391304347876
0 0.9144811858608894 0.29304347826086957 0.036488027366020526 0.04695652173913045
0 0.38597491448118587 0.6391304347826088 0.033067274800456126 0.050434782608695605
0 0.0661345496009122 0.7321739130434783 0.038768529076396815 0.04869565217391292
0 0.22805017103762826 0.2973913043478261 0.03420752565564425 0.04521739130434782
0 0.6391106043329533 0.46608695652173915 0.021664766248574607 0.04173913043478261
0 0.3346636259977195 0.3373913043478261 0.035347776510832374 0.04173913043478261
0 0.6510832383124288 0.6869565217391305 0.03420752565564422 0.04173913043478272
0 0.6510832383124288 0.64 0.03420752565564422 0.05217391304347818
0 0.7964652223489168 0.4252173913043479 0.021664766248574607 0.03304347826086956
0 0.22805017103762826 0.3765217391304348 0.03420752565564425 0.04695652173913045
0 0.6391106043329533 0.5104347826086957 0.019384264538198415 0.03304347826086956
0 0.387115165336374 0.3791304347826087 0.03762827822120868 0.04173913043478261
0 0.40079817559863173 0.8573913043478261 0.023945267958950966 0.03826086956521735
0 0.07867730900798175 0.5095652173913043 0.027366020524515394 0.04173913043478267
0 0.11972633979475485 0.731304347826087 0.0387685290763968 0.04695652173913034
