0 0.723160 0.954268 0.041411 0.042683
0 0.846626 0.905488 0.042945 0.046748
0 0.973160 0.719512 0.041411 0.044715
0 0.553681 0.134146 0.036810 0.044715
0 0.314417 0.860772 0.046012 0.046748
0 0.976227 0.673780 0.041411 0.042683
0 0.504601 0.673780 0.036810 0.042683
0 0.125000 0.287602 0.041411 0.046748
0 0.554448 0.048780 0.035276 0.032520
0 0.973160 0.485772 0.038344 0.040650
0 0.660276 0.950203 0.041411 0.042683
0 0.721626 0.906504 0.041411 0.048780
0 0.315951 0.951220 0.042945 0.044715
0 0.724693 0.721545 0.041411 0.048780
0 0.725460 0.532520 0.039877 0.040650
0 0.377301 0.905488 0.039877 0.042683
0 0.377301 0.857724 0.039877 0.044715
0 0.444018 0.954268 0.041411 0.046748
0 0.605828 0.199187 0.039877 0.048780
0 0.976994 0.345528 0.036810 0.048780
0 0.597393 0.906504 0.041411 0.044715
0 0.851227 0.296748 0.036810 0.044715
0 0.725460 0.199187 0.039877 0.052846
0 0.504601 0.906504 0.039877 0.044715
0 0.315951 0.621951 0.036810 0.044715
0 0.787577 0.767276 0.041411 0.042683
0 0.974693 0.439024 0.041411 0.044715
0 0.188650 0.235772 0.042945 0.052846
0 0.601227 0.718496 0.042945 0.050813
0 0.784509 0.906504 0.041411 0.048780
0 0.443252 0.906504 0.036810 0.044715
0 0.913344 0.486789 0.038344 0.042683
0 0.444018 0.195122 0.038344 0.048780
0 0.252301 0.191057 0.038344 0.048780
0 0.316718 0.434959 0.041411 0.044715
0 0.660276 0.813008 0.041411 0.040650
0 0.251534 0.904472 0.039877 0.044715
0 0.251534 0.577236 0.042945 0.044715
0 0.312883 0.670732 0.039877 0.044715
0 0.659509 0.904472 0.042945 0.048780
0 0.380368 0.718496 0.042945 0.046748
0 0.123466 0.388211 0.041411 0.044715
0 0.187883 0.336382 0.041411 0.054878
0 0.125000 0.191057 0.041411 0.044715
0 0.911043 0.721545 0.039877 0.044715
0 0.850460 0.580285 0.041411 0.042683
0 0.252301 0.238821 0.041411 0.042683
0 0.599693 0.811992 0.036810 0.046748
0 0.601227 0.669715 0.039877 0.042683
0 0.789877 0.581301 0.042945 0.044715
0 0.976994 0.201220 0.036810 0.044715
0 0.189417 0.478659 0.044479 0.050813
0 0.504601 0.861789 0.039877 0.044715
0 0.849693 0.811992 0.042945 0.046748
0 0.786043 0.813008 0.041411 0.044715
0 0.252301 0.715447 0.041411 0.044715
0 0.661810 0.528455 0.041411 0.044715
0 0.381135 0.481707 0.041411 0.048780
0 0.664877 0.195122 0.038344 0.044715
0 0.125000 0.336382 0.044479 0.050813
0 0.913344 0.438008 0.041411 0.046748
0 0.121933 0.434959 0.041411 0.052846
0 0.914877 0.202236 0.041411 0.050813
0 0.600460 0.531504 0.038344 0.042683
0 0.317485 0.341463 0.042945 0.048780
0 0.444018 0.674797 0.041411 0.044715
0 0.315951 0.811992 0.042945 0.046748
0 0.378834 0.764228 0.042945 0.048780
0 0.913344 0.673780 0.041411 0.046748
0 0.382669 0.194106 0.038344 0.046748
0 0.851227 0.487805 0.039877 0.044715
0 0.724693 0.389228 0.041411 0.046748
0 0.851994 0.532520 0.041411 0.044715
0 0.600460 0.621951 0.041411 0.048780
0 0.662577 0.343496 0.036810 0.044715
0 0.504601 0.811992 0.039877 0.046748
0 0.787577 0.629065 0.041411 0.046748
0 0.789110 0.246951 0.041411 0.046748
0 0.662577 0.390244 0.039877 0.048780
0 0.724693 0.246951 0.041411 0.046748
0 0.786810 0.390244 0.039877 0.044715
0 0.504601 0.628049 0.039877 0.044715
0 0.723160 0.813008 0.041411 0.048780
0 0.444785 0.483740 0.042945 0.048780
0 0.789877 0.296748 0.039877 0.044715
0 0.505368 0.340447 0.041411 0.050813
0 0.444785 0.577236 0.042945 0.044715
0 0.250767 0.434959 0.041411 0.048780
0 0.504601 0.580285 0.039877 0.046748
0 0.382669 0.243902 0.041411 0.048780
0 0.316718 0.292683 0.041411 0.044715
0 0.504601 0.531504 0.039877 0.050813
0 0.250767 0.621951 0.041411 0.048780
0 0.379601 0.531504 0.038344 0.046748
0 0.663344 0.439024 0.041411 0.048780
0 0.250767 0.763211 0.041411 0.050813
0 0.789110 0.434959 0.041411 0.044715
0 0.601994 0.438008 0.041411 0.046748
0 0.603528 0.246951 0.038344 0.046748
0 0.913344 0.345528 0.041411 0.044715
0 0.851994 0.393293 0.041411 0.046748
0 0.505368 0.390244 0.041411 0.044715
0 0.444785 0.813008 0.042945 0.048780
0 0.661810 0.768293 0.041411 0.048780
0 0.505368 0.292683 0.041411 0.044715
0 0.661810 0.670732 0.041411 0.048780
0 0.506902 0.245935 0.038344 0.044715
0 0.789110 0.532520 0.041411 0.044715
0 0.444018 0.390244 0.041411 0.044715
0 0.381135 0.292683 0.041411 0.048780
0 0.850460 0.674797 0.041411 0.048780
0 0.506902 0.194106 0.041411 0.050813
0 0.789110 0.486789 0.041411 0.050813
0 0.725460 0.486789 0.039877 0.046748
0 0.662577 0.245935 0.039877 0.048780
0 0.445552 0.292683 0.041411 0.044715
0 0.600460 0.485772 0.041411 0.044715
0 0.317485 0.191057 0.039877 0.048780
0 0.724693 0.438008 0.041411 0.046748
0 0.603528 0.295732 0.038344 0.050813
0 0.662577 0.296748 0.039877 0.048780
0 0.601994 0.390244 0.041411 0.044715
0 0.974693 0.528455 0.041411 0.048780
0 0.661043 0.856707 0.039877 0.046748
0 0.787577 0.674797 0.038344 0.044715
0 0.974693 0.580285 0.041411 0.046748
0 0.601227 0.577236 0.036810 0.044715
0 0.598160 0.768293 0.039877 0.044715
0 0.315184 0.389228 0.041411 0.046748
0 0.250767 0.388211 0.041411 0.048780
0 0.976227 0.393293 0.041411 0.042683
0 0.444018 0.861789 0.041411 0.044715
0 0.189417 0.527439 0.041411 0.046748
0 0.380368 0.954268 0.042945 0.050813
0 0.851994 0.439024 0.041411 0.044715
0 0.377301 0.670732 0.039877 0.044715
0 0.914110 0.579268 0.039877 0.044715
0 0.315951 0.763211 0.042945 0.050813
0 0.250767 0.287602 0.041411 0.046748
0 0.913344 0.393293 0.038344 0.046748
0 0.973160 0.628049 0.041411 0.044715
0 0.250767 0.813008 0.041411 0.044715
0 0.252301 0.485772 0.041411 0.048780
0 0.723926 0.626016 0.036810 0.044715
0 0.504601 0.434959 0.039877 0.044715
0 0.189417 0.430894 0.041411 0.044715
0 0.316718 0.243902 0.041411 0.048780
0 0.660276 0.621951 0.038344 0.040650
0 0.444785 0.722561 0.042945 0.046748
0 0.250767 0.951220 0.041411 0.048780
0 0.250767 0.531504 0.041411 0.046748
0 0.188650 0.191057 0.042945 0.044715
0 0.660276 0.719512 0.041411 0.044715
0 0.187883 0.386179 0.041411 0.044715
0 0.315951 0.531504 0.042945 0.050813
0 0.377301 0.626016 0.039877 0.044715
0 0.379601 0.434959 0.041411 0.044715
0 0.444785 0.531504 0.039877 0.046748
0 0.914110 0.296748 0.042945 0.044715
0 0.723926 0.296748 0.036810 0.044715
0 0.725460 0.670732 0.042945 0.048780
0 0.187883 0.577236 0.041411 0.048780
0 0.850460 0.344512 0.041411 0.046748
0 0.913344 0.251016 0.041411 0.046748
0 0.913344 0.532520 0.041411 0.044715
0 0.380368 0.577236 0.039877 0.044715
0 0.914110 0.626016 0.039877 0.044715
0 0.504601 0.766260 0.039877 0.044715
0 0.555982 0.109756 0.032209 0.008130
0 0.444018 0.626016 0.041411 0.044715
0 0.603528 0.345528 0.038344 0.040650
0 0.849693 0.723577 0.039877 0.044715
0 0.786810 0.345528 0.039877 0.048780
0 0.377301 0.813008 0.039877 0.044715
0 0.851227 0.247967 0.039877 0.044715
0 0.503834 0.481707 0.041411 0.044715
0 0.725460 0.579268 0.042945 0.048780
0 0.661810 0.577236 0.041411 0.048780
0 0.664110 0.486789 0.042945 0.042683
0 0.447086 0.243902 0.041411 0.044715
0 0.444785 0.434959 0.039877 0.044715
0 0.553681 0.311992 0.027607 0.026423
0 0.552147 0.272358 0.036810 0.044715
0 0.552147 0.340447 0.033742 0.030488
0 0.251534 0.857724 0.042945 0.044715
0 0.557515 0.813008 0.023006 0.036585
0 0.784509 0.857724 0.038344 0.044715
0 0.851227 0.202236 0.036810 0.042683
0 0.125000 0.239837 0.041411 0.044715
0 0.973160 0.906504 0.044479 0.044715
0 0.973160 0.864837 0.041411 0.042683
0 0.252301 0.336382 0.041411 0.050813
0 0.973926 0.953252 0.042945 0.044715
0 0.786043 0.721545 0.041411 0.048780
0 0.975460 0.296748 0.036810 0.044715
0 0.597393 0.954268 0.041411 0.042683
0 0.725460 0.340447 0.036810 0.038618
0 0.598926 0.860772 0.038344 0.046748
0 0.973160 0.817073 0.041411 0.048780
0 0.789110 0.198171 0.038344 0.042683
0 0.187883 0.284553 0.038344 0.044715
0 0.123466 0.145325 0.041411 0.046748
0 0.124233 0.097561 0.039877 0.048780
0 0.555982 0.085366 0.032209 0.036585
0 0.849693 0.953252 0.039877 0.044715
0 0.315184 0.579268 0.041411 0.040650
0 0.975460 0.247967 0.036810 0.048780
0 0.552147 0.174797 0.033742 0.036585
0 0.911043 0.768293 0.039877 0.048780
0 0.504601 0.953252 0.039877 0.044715
0 0.504601 0.719512 0.036810 0.044715
0 0.722393 0.861789 0.039877 0.040650
0 0.250767 0.670732 0.038344 0.040650
0 0.974693 0.770325 0.041411 0.052846
0 0.316718 0.483740 0.041411 0.048780
0 0.315951 0.906504 0.039877 0.040650
0 0.314417 0.715447 0.042945 0.044715
0 0.848926 0.860772 0.041411 0.042683
0 0.381135 0.341463 0.041411 0.044715
0 0.786043 0.955285 0.041411 0.044715
0 0.441718 0.768293 0.039877 0.044715
0 0.381135 0.389228 0.041411 0.042683
0 0.849693 0.768293 0.039877 0.044715
0 0.850460 0.623984 0.041411 0.044715
0 0.723926 0.768293 0.036810 0.044715
0 0.851994 0.150407 0.038344 0.052846
0 0.444018 0.341463 0.041411 0.048780
