0 0.512469 0.775830 0.024938 0.027675
0 0.512469 0.751845 0.024938 0.031365
0 0.953242 0.716790 0.026185 0.035055
0 0.498753 0.485240 0.044888 0.036900
0 0.975686 0.299815 0.026185 0.038745
0 0.148379 0.770295 0.039900 0.046125
0 0.953242 0.623616 0.026185 0.044280
0 0.148379 0.864391 0.037406 0.042435
0 0.030549 0.916974 0.041147 0.047970
0 0.978803 0.764760 0.024938 0.038745
0 0.499377 0.353321 0.043641 0.035055
0 0.965711 0.810886 0.041147 0.042435
0 0.668953 0.298893 0.038653 0.044280
0 0.976933 0.392066 0.026185 0.038745
0 0.029302 0.869926 0.041147 0.049815
0 0.951995 0.531365 0.023691 0.033210
0 0.951995 0.671587 0.023691 0.036900
0 0.671446 0.488930 0.036160 0.047970
0 0.949501 0.764760 0.026185 0.042435
0 0.147756 0.303506 0.038653 0.046125
0 0.148379 0.681734 0.042394 0.053506
0 0.030549 0.966790 0.041147 0.051661
0 0.978803 0.671587 0.024938 0.033210
0 0.975686 0.258303 0.023691 0.040590
0 0.148379 0.820111 0.042394 0.057196
0 0.980050 0.623616 0.022444 0.040590
0 0.147132 0.727860 0.039900 0.042435
0 0.949501 0.575646 0.023691 0.036900
0 0.977556 0.439114 0.027431 0.040590
0 0.979426 0.530443 0.023691 0.035055
0 0.947007 0.256458 0.023691 0.040590
0 0.029302 0.729705 0.041147 0.046125
0 0.980050 0.715867 0.024938 0.040590
0 0.950125 0.436347 0.024938 0.038745
0 0.847880 0.907749 0.037406 0.051661
0 0.028055 0.774908 0.041147 0.047970
0 0.731297 0.812731 0.036160 0.042435
0 0.948878 0.392066 0.024938 0.038745
0 0.978803 0.576568 0.024938 0.042435
0 0.438903 0.678044 0.037406 0.046125
0 0.976309 0.345941 0.024938 0.042435
0 0.978803 0.484317 0.024938 0.038745
0 0.497506 0.166052 0.044888 0.036900
0 0.029302 0.823801 0.041147 0.049815
0 0.556733 0.490775 0.041147 0.051661
0 0.847880 0.813653 0.037406 0.044280
0 0.029302 0.587638 0.038653 0.046125
0 0.787406 0.254613 0.036160 0.044280
0 0.205112 0.443727 0.036160 0.046125
0 0.203242 0.209410 0.042394 0.046125
0 0.730673 0.771218 0.039900 0.047970
0 0.321072 0.207565 0.036160 0.049815
0 0.556110 0.628229 0.037406 0.046125
0 0.087905 0.158672 0.036160 0.051661
0 0.205736 0.491697 0.037406 0.049815
0 0.264339 0.157749 0.039900 0.049815
0 0.555486 0.677122 0.041147 0.051661
0 0.322943 0.155904 0.034913 0.049815
0 0.846633 0.673432 0.034913 0.044280
0 0.788030 0.439114 0.039900 0.040590
0 0.614713 0.863469 0.042394 0.047970
0 0.787406 0.345941 0.033666 0.046125
0 0.264963 0.445572 0.041147 0.046125
0 0.087905 0.212177 0.041147 0.051661
0 0.383416 0.768450 0.038653 0.049815
0 0.614090 0.816421 0.041147 0.049815
0 0.788030 0.628229 0.039900 0.049815
0 0.671446 0.770295 0.043641 0.049815
0 0.204489 0.158672 0.037406 0.055351
0 0.263716 0.349631 0.038653 0.049815
0 0.791771 0.716790 0.042394 0.049815
0 0.672693 0.675277 0.036160 0.044280
0 0.903990 0.396679 0.037406 0.047970
0 0.264963 0.583026 0.038653 0.047970
0 0.614090 0.628229 0.038653 0.049815
0 0.845387 0.255535 0.037406 0.049815
0 0.382793 0.817343 0.039900 0.047970
0 0.614090 0.438192 0.036160 0.042435
0 0.846633 0.535055 0.034913 0.047970
0 0.324813 0.491697 0.036160 0.049815
0 0.670200 0.347786 0.038653 0.049815
0 0.382170 0.582103 0.038653 0.046125
0 0.440150 0.207565 0.037406 0.053506
0 0.730050 0.626384 0.041147 0.049815
0 0.206983 0.631919 0.042394 0.049815
0 0.728803 0.255535 0.036160 0.046125
0 0.556110 0.349631 0.034913 0.046125
0 0.846633 0.394834 0.037406 0.047970
0 0.613466 0.206642 0.037406 0.055351
0 0.556110 0.205720 0.037406 0.049815
0 0.263092 0.399446 0.039900 0.049815
0 0.788030 0.535978 0.042394 0.046125
0 0.903990 0.347786 0.037406 0.049815
0 0.845387 0.487085 0.037406 0.047970
0 0.380923 0.536900 0.041147 0.047970
0 0.204489 0.256458 0.037406 0.047970
0 0.788030 0.580258 0.042394 0.049815
0 0.380923 0.347786 0.038653 0.046125
0 0.728180 0.207565 0.034913 0.049815
0 0.790524 0.767528 0.042394 0.051661
0 0.847880 0.628229 0.037406 0.046125
0 0.668953 0.206642 0.038653 0.051661
0 0.204489 0.302583 0.037406 0.047970
0 0.613466 0.258303 0.037406 0.044280
0 0.788030 0.486162 0.037406 0.053506
0 0.440150 0.440959 0.042394 0.047970
0 0.671446 0.440037 0.036160 0.046125
0 0.673940 0.857934 0.041147 0.051661
0 0.556110 0.154059 0.039900 0.053506
0 0.380923 0.207565 0.041147 0.053506
0 0.670200 0.535978 0.038653 0.046125
0 0.380923 0.257380 0.041147 0.046125
0 0.497506 0.243542 0.047382 0.036900
0 0.903367 0.485240 0.041147 0.055351
0 0.382170 0.154982 0.036160 0.051661
0 0.028055 0.448339 0.041147 0.047970
0 0.322319 0.299815 0.036160 0.042435
0 0.438903 0.155904 0.034913 0.049815
0 0.029302 0.402214 0.041147 0.047970
0 0.614090 0.721402 0.038653 0.047970
0 0.265586 0.535978 0.037406 0.046125
0 0.441397 0.818266 0.037406 0.046125
0 0.146509 0.156827 0.041147 0.051661
0 0.266209 0.724170 0.041147 0.046125
0 0.383416 0.630074 0.038653 0.049815
0 0.205736 0.539668 0.042394 0.046125
0 0.440150 0.723247 0.037406 0.047970
0 0.205112 0.350554 0.036160 0.047970
0 0.089152 0.350554 0.041147 0.047970
0 0.789277 0.675277 0.042394 0.044280
0 0.556733 0.768450 0.038653 0.049815
0 0.264339 0.206642 0.037406 0.047970
0 0.264963 0.630996 0.038653 0.047970
0 0.668953 0.153137 0.041147 0.055351
0 0.264339 0.255535 0.034913 0.046125
0 0.440150 0.630074 0.037406 0.053506
0 0.671446 0.581181 0.036160 0.044280
0 0.612843 0.485240 0.036160 0.051661
0 0.614090 0.767528 0.041147 0.047970
0 0.731920 0.859779 0.042394 0.051661
0 0.498753 0.436347 0.044888 0.053506
0 0.556110 0.539668 0.039900 0.046125
0 0.730050 0.722325 0.041147 0.049815
0 0.727556 0.395756 0.041147 0.046125
0 0.672693 0.720480 0.041147 0.049815
0 0.727556 0.152214 0.041147 0.057196
0 0.788030 0.392989 0.037406 0.051661
0 0.614090 0.578413 0.041147 0.046125
0 0.847880 0.580258 0.039900 0.049815
0 0.612219 0.152214 0.037406 0.057196
0 0.670200 0.255535 0.041147 0.046125
0 0.728803 0.298893 0.038653 0.047970
0 0.204489 0.399446 0.037406 0.049815
0 0.728803 0.347786 0.038653 0.049815
0 0.612843 0.348708 0.038653 0.047970
0 0.730050 0.439114 0.038653 0.044280
0 0.614090 0.395756 0.041147 0.046125
0 0.556110 0.441882 0.037406 0.046125
0 0.439526 0.257380 0.038653 0.046125
0 0.382170 0.301661 0.038653 0.046125
0 0.846633 0.345941 0.037406 0.049815
0 0.322319 0.443727 0.036160 0.046125
0 0.438903 0.350554 0.039900 0.047970
0 0.731297 0.579336 0.038653 0.047970
0 0.614090 0.534133 0.041147 0.046125
0 0.322319 0.345941 0.036160 0.049815
0 0.846633 0.440037 0.037406 0.046125
0 0.613466 0.301661 0.039900 0.046125
0 0.554863 0.255535 0.037406 0.049815
0 0.730050 0.675277 0.041147 0.047970
0 0.380923 0.394834 0.038653 0.047970
0 0.730050 0.487085 0.038653 0.051661
0 0.614090 0.677122 0.041147 0.047970
0 0.322319 0.397601 0.041147 0.049815
0 0.323566 0.256458 0.043641 0.047970
0 0.382170 0.441882 0.038653 0.049815
0 0.903367 0.300738 0.033666 0.044280
0 0.029302 0.494465 0.041147 0.044280
0 0.206983 0.864391 0.039900 0.046125
0 0.965087 0.907749 0.042394 0.051661
0 0.266209 0.909594 0.041147 0.044280
0 0.208229 0.962177 0.039900 0.046125
0 0.029302 0.633764 0.038653 0.049815
0 0.497506 0.095018 0.047382 0.038745
0 0.557357 0.909594 0.034913 0.051661
0 0.965711 0.856089 0.041147 0.047970
0 0.149626 0.913284 0.042394 0.055351
0 0.497506 0.130996 0.044888 0.040590
0 0.029302 0.683579 0.041147 0.049815
0 0.382793 0.960332 0.039900 0.053506
0 0.206983 0.912362 0.042394 0.053506
0 0.205736 0.821033 0.042394 0.047970
0 0.146509 0.444649 0.041147 0.047970
0 0.847257 0.958487 0.043641 0.049815
0 0.441397 0.910517 0.037406 0.053506
0 0.438903 0.300738 0.039900 0.044280
0 0.381546 0.910517 0.037406 0.049815
0 0.949501 0.482472 0.026185 0.046125
0 0.948878 0.298893 0.024938 0.040590
0 0.967581 0.955720 0.042394 0.047970
0 0.205736 0.772140 0.042394 0.049815
0 0.673940 0.959410 0.041147 0.051661
0 0.440150 0.960332 0.037406 0.046125
0 0.029302 0.306273 0.038653 0.044280
0 0.845387 0.101476 0.037406 0.059041
0 0.264963 0.865314 0.041147 0.044280
0 0.555486 0.861624 0.033666 0.044280
0 0.847880 0.769373 0.039900 0.047970
0 0.790524 0.814576 0.039900 0.042435
0 0.441397 0.861624 0.034913 0.044280
0 0.030549 0.541513 0.043641 0.049815
0 0.206983 0.723247 0.039900 0.047970
0 0.440150 0.769373 0.037406 0.047970
0 0.902743 0.253690 0.032419 0.053506
0 0.672693 0.909594 0.041147 0.051661
0 0.845387 0.299815 0.034913 0.042435
0 0.266209 0.771218 0.041147 0.047970
0 0.266209 0.961255 0.038653 0.055351
0 0.324813 0.581181 0.036160 0.044280
0 0.148379 0.583948 0.037406 0.046125
0 0.790524 0.959410 0.042394 0.047970
0 0.902743 0.438192 0.034913 0.038745
0 0.556110 0.302583 0.037406 0.051661
0 0.263716 0.300738 0.038653 0.047970
0 0.030549 0.209410 0.041147 0.046125
0 0.149626 0.965867 0.044888 0.049815
0 0.029302 0.160517 0.038653 0.051661
0 0.324190 0.537823 0.032419 0.042435
0 0.206983 0.679889 0.037406 0.046125
0 0.381546 0.721402 0.034913 0.044280
0 0.440150 0.580258 0.037406 0.042435
0 0.730673 0.910517 0.042394 0.053506
0 0.672693 0.814576 0.041147 0.042435
0 0.614090 0.960332 0.041147 0.046125
0 0.846633 0.155904 0.037406 0.049815
0 0.147756 0.397601 0.038653 0.049815
0 0.731297 0.959410 0.041147 0.044280
0 0.789277 0.908672 0.042394 0.049815
0 0.496259 0.205720 0.047382 0.046125
0 0.147132 0.631919 0.039900 0.049815
0 0.790524 0.859779 0.039900 0.047970
0 0.947007 0.344096 0.023691 0.042435
0 0.146509 0.495387 0.038653 0.049815
0 0.147756 0.540590 0.038653 0.044280
0 0.846633 0.857934 0.037406 0.047970
0 0.557357 0.818266 0.037406 0.046125
0 0.146509 0.207565 0.041147 0.049815
0 0.324813 0.629151 0.036160 0.051661
0 0.028055 0.108856 0.041147 0.051661
0 0.557980 0.960332 0.041147 0.046125
0 0.089152 0.303506 0.041147 0.046125
0 0.555486 0.396679 0.036160 0.044280
0 0.615337 0.910517 0.041147 0.049815
0 0.787406 0.298893 0.036160 0.047970
0 0.264963 0.678967 0.041147 0.047970
0 0.029302 0.351476 0.038653 0.049815
0 0.557357 0.721402 0.039900 0.044280
0 0.147756 0.348708 0.041147 0.047970
0 0.556110 0.583026 0.039900 0.044280
0 0.380923 0.490775 0.038653 0.047970
0 0.670200 0.628229 0.038653 0.046125
0 0.440150 0.539668 0.037406 0.042435
0 0.786783 0.152214 0.042394 0.057196
0 0.383416 0.863469 0.036160 0.044280
0 0.087905 0.260148 0.036160 0.044280
0 0.381546 0.678044 0.037406 0.046125
0 0.787406 0.206642 0.041147 0.051661
0 0.263716 0.107934 0.038653 0.053506
0 0.264963 0.820111 0.041147 0.049815
0 0.730050 0.534133 0.033666 0.046125
0 0.672693 0.394834 0.038653 0.044280
0 0.440773 0.493542 0.043641 0.053506
0 0.846633 0.719557 0.037406 0.051661
0 0.264963 0.490775 0.041147 0.047970
0 0.029925 0.260148 0.042394 0.051661
0 0.089152 0.402214 0.041147 0.055351
0 0.147756 0.258303 0.041147 0.051661
0 0.845387 0.205720 0.037406 0.049815
0 0.206983 0.583948 0.039900 0.046125
0 0.438903 0.395756 0.037406 0.042435
0 0.500000 0.318266 0.047382 0.035055
0 0.500000 0.280443 0.047382 0.040590
