0 0.580777 0.748864 0.024737 0.038225
0 0.111121 0.789329 0.023562 0.036483
0 0.248842 0.336850 0.040003 0.033010
0 0.502712 0.738711 0.021016 0.028066
0 0.114503 0.704634 0.023497 0.034839
0 0.088438 0.702346 0.022388 0.034741
0 0.507472 0.368629 0.043527 0.038236
0 0.508654 0.339027 0.041440 0.041330
0 0.136687 0.832007 0.024737 0.038225
0 0.140102 0.746489 0.022388 0.034741
0 0.580311 0.788431 0.024606 0.034936
0 0.141090 0.707793 0.023562 0.036483
0 0.086894 0.740994 0.024672 0.036581
0 0.514691 0.201754 0.044440 0.033399
0 0.345711 0.809921 0.022453 0.036386
0 0.511999 0.269182 0.042221 0.033205
0 0.063448 0.700978 0.025781 0.036678
0 0.061905 0.739625 0.025715 0.035033
0 0.321863 0.807828 0.023562 0.036483
0 0.137774 0.790844 0.023759 0.041417
0 0.114069 0.743379 0.023694 0.039772
0 0.567976 0.414374 0.021278 0.034644
0 0.306551 0.215666 0.034917 0.044035
0 0.594620 0.708821 0.033873 0.045582
0 0.604059 0.792991 0.023562 0.036483
0 0.346407 0.764599 0.022519 0.038030
0 0.346874 0.725032 0.022388 0.034741
0 0.128867 0.665462 0.040463 0.044522
0 0.323027 0.722938 0.023497 0.034839
0 0.079097 0.615709 0.041506 0.042975
0 0.077422 0.657646 0.041834 0.051197
0 0.099626 0.450003 0.024540 0.033291
0 0.073528 0.448537 0.023497 0.034839
0 0.514341 0.168717 0.043593 0.039880
0 0.097952 0.491939 0.024737 0.038225
0 0.076811 0.366309 0.025715 0.035033
0 0.322560 0.762505 0.023628 0.038128
0 0.605113 0.752651 0.022519 0.038030
0 0.075235 0.405778 0.025584 0.031744
0 0.920301 0.315749 0.037135 0.044230
0 0.426592 0.777413 0.023562 0.036483
0 0.103986 0.368694 0.022388 0.034741
0 0.517449 0.132683 0.044702 0.039978
0 0.131096 0.623574 0.037201 0.045874
0 0.921811 0.277924 0.037135 0.044230
0 0.452114 0.737570 0.022388 0.034741
0 0.303800 0.256682 0.032567 0.040551
0 0.449885 0.779458 0.023562 0.036483
0 0.426570 0.736153 0.024672 0.036581
0 0.698229 0.720391 0.037266 0.047519
0 0.181031 0.669216 0.038441 0.049261
0 0.565324 0.452923 0.025912 0.039967
0 0.500256 0.521477 0.030217 0.037067
0 0.710515 0.384802 0.039353 0.044424
0 0.101301 0.408066 0.026824 0.035131
0 0.868659 0.312866 0.033808 0.043938
0 0.149038 0.243923 0.038441 0.049261
0 0.511747 0.233678 0.043790 0.044814
0 0.337913 0.684637 0.039419 0.046069
0 0.094612 0.282879 0.037135 0.044230
0 0.182706 0.627279 0.036026 0.044132
0 0.081880 0.573870 0.039747 0.054292
0 0.748761 0.723176 0.036157 0.047422
0 0.201202 0.247676 0.038376 0.047616
0 0.096907 0.239347 0.038441 0.049261
0 0.866952 0.355625 0.036157 0.047422
0 0.804373 0.640590 0.038507 0.050905
0 0.800958 0.726108 0.033808 0.043938
0 0.802600 0.684994 0.033808 0.043938
0 0.510131 0.302024 0.041506 0.042975
0 0.339653 0.641056 0.039485 0.047714
0 0.765637 0.300523 0.036289 0.050711
0 0.753318 0.636934 0.038441 0.049261
0 0.092971 0.323993 0.039353 0.044424
0 0.389000 0.687471 0.034851 0.042390
0 0.249962 0.294865 0.037266 0.047519
0 0.342502 0.597572 0.034982 0.045680
0 0.750403 0.682062 0.036157 0.047422
0 0.698761 0.679179 0.034917 0.044035
0 0.300918 0.300988 0.037266 0.047519
0 0.308389 0.169618 0.035179 0.050613
0 0.597403 0.666982 0.033808 0.043938
0 0.253267 0.253897 0.033808 0.043938
0 0.661233 0.336742 0.032501 0.038907
0 0.919082 0.360201 0.038507 0.050905
0 0.134011 0.578446 0.037529 0.054097
0 0.402951 0.352028 0.036092 0.045777
0 0.647871 0.671412 0.034917 0.044035
0 0.700665 0.631487 0.037398 0.050808
0 0.353603 0.305613 0.036026 0.044132
0 0.456224 0.355879 0.036157 0.047422
0 0.650720 0.627928 0.037332 0.049163
0 0.764941 0.345846 0.033742 0.042293
0 0.924237 0.231103 0.038704 0.055839
0 0.711146 0.341124 0.034982 0.045680
0 0.713995 0.297640 0.035179 0.050613
0 0.611397 0.288634 0.034070 0.050516
0 0.598622 0.622530 0.037398 0.050808
0 0.543598 0.704342 0.038310 0.045972
0 0.503440 0.441715 0.041769 0.049553
0 0.545273 0.662406 0.038244 0.044327
0 0.870432 0.268463 0.038507 0.050905
0 0.391653 0.648921 0.034917 0.044035
0 0.352516 0.346776 0.035048 0.047324
0 0.646098 0.715815 0.039485 0.047714
0 0.254551 0.207800 0.035179 0.050613
0 0.816659 0.305001 0.038507 0.050905
0 0.457832 0.315587 0.038179 0.042683
0 0.440511 0.693643 0.035960 0.042488
0 0.659559 0.378679 0.035179 0.050613
0 0.443295 0.651804 0.033939 0.047227
0 0.404559 0.311736 0.036026 0.044132
0 0.408485 0.269172 0.038507 0.050905
0 0.393557 0.601229 0.037398 0.050808
0 0.609135 0.331344 0.034917 0.044035
0 0.144678 0.325231 0.038638 0.054195
0 0.461725 0.273846 0.036157 0.047422
0 0.762646 0.389378 0.037398 0.050808
0 0.663072 0.290694 0.035245 0.052258
0 0.556308 0.372091 0.039550 0.049358
0 0.559712 0.328656 0.036026 0.044132
0 0.355376 0.261210 0.036289 0.050711
0 0.608439 0.376667 0.035114 0.048969
0 0.446177 0.607498 0.038507 0.050905
0 0.814288 0.392261 0.038507 0.050905
0 0.814821 0.351049 0.036157 0.047422
0 0.560996 0.282559 0.037398 0.050808
0 0.185588 0.582973 0.040857 0.054389
0 0.547111 0.616358 0.038507 0.050905
0 0.196875 0.328163 0.038638 0.054195
0 0.502842 0.484571 0.039288 0.042780
