0 0.5097159940209268 0.28745928338762217 0.03288490284005985 0.030944625407166138
0 0.5127055306427504 0.3762214983713355 0.029895366218236186 0.0228013029315961
0 0.5104633781763827 0.35993485342019543 0.03139013452914802 0.02931596091205213
0 0.5171898355754858 0.7996742671009772 0.026905829596412634 0.026058631921824116
0 0.5104633781763827 0.252442996742671 0.034379671150971625 0.032573289902280145
0 0.5112107623318385 0.3990228013029316 0.026905829596412523 0.019543973941368087
0 0.16666666666666669 0.754071661237785 0.037369207772795204 0.03583061889250816
0 0.5119581464872944 0.4210097719869707 0.03139013452914796 0.02442996742671011
0 0.2294469357249626 0.754071661237785 0.03139013452914799 0.03583061889250816
0 0.10612855007473843 0.757328990228013 0.029895366218236186 0.03583061889250816
0 0.2795216741405082 0.6465798045602605 0.035874439461883345 0.032573289902280145
0 0.2780269058295964 0.49348534201954397 0.04484304932735428 0.02931596091205213
0 0.27653213751868455 0.4592833876221498 0.041853512705530616 0.03583061889250816
0 0.8011958146487295 0.2296416938110749 0.038863976083707064 0.045602605863192175
0 0.21748878923766818 0.8745928338762214 0.040358744394618895 0.04560260586319209
0 0.27653213751868455 0.5325732899022801 0.041853512705530616 0.0456026058631922
0 0.27653213751868455 0.38273615635179153 0.041853512705530616 0.032573289902280145
0 0.9237668161434978 0.42182410423452765 0.04484304932735417 0.035830618892508104
0 0.9237668161434978 0.38599348534201955 0.04484304932735417 0.03583061889250816
0 0.156203288490284 0.8713355048859934 0.046337817638266054 0.03583061889250805
0 0.5097159940209268 0.21335504885993484 0.03288490284005985 0.029315960912052103
0 0.27653213751868455 0.4153094462540717 0.041853512705530616 0.032573289902280145
0 0.1554559043348281 0.7923452768729642 0.04185351270553064 0.04071661237785018
0 0.156203288490284 0.8314332247557004 0.046337817638266054 0.037459283387622166
0 0.2772795216741405 0.5741042345276873 0.0433482810164425 0.03420195439739415
0 0.8632286995515694 0.38599348534201955 0.04035874439461884 0.03583061889250816
0 0.5097159940209268 0.18403908794788273 0.03288490284005985 0.026058631921824116
0 0.21898355754858 0.7931596091205212 0.03736920777279526 0.04234527687296419
0 0.2780269058295964 0.6107491856677525 0.04484304932735428 0.03583061889250805
0 0.21748878923766818 0.8314332247557004 0.040358744394618895 0.037459283387622166
0 0.09267563527653214 0.8705211726384365 0.047832585949177886 0.0472312703583061
0 0.9252615844544095 0.30700325732899025 0.041853512705530616 0.040716612377850125
0 0.9245142002989537 0.4609120521172638 0.04035874439461884 0.03583061889250816
0 0.1539611360239163 0.42182410423452765 0.04185351270553064 0.035830618892508104
0 0.09267563527653214 0.7964169381107492 0.04484304932735424 0.04234527687296419
0 0.9245142002989537 0.3501628664495114 0.04035874439461884 0.03583061889250816
0 0.8639760837070254 0.31026058631921827 0.041853512705530616 0.03745928338762211
0 0.2780269058295964 0.6840390879478827 0.04484304932735428 0.039087947882736174
0 0.8632286995515694 0.3493485342019544 0.04035874439461884 0.037459283387622166
0 0.15246636771300448 0.2679153094462541 0.04484304932735428 0.03420195439739415
0 0.1539611360239163 0.38273615635179153 0.04185351270553064 0.03583061889250816
0 0.8632286995515694 0.2687296416938111 0.04035874439461884 0.039087947882736174
0 0.21524663677130046 0.30944625407166126 0.044843049327354306 0.04560260586319215
0 0.15246636771300448 0.30700325732899025 0.04484304932735428 0.03745928338762211
0 0.1539611360239163 0.2263843648208469 0.04484304932735425 0.04234527687296416
0 0.1532137518684604 0.34527687296416937 0.04334828101644245 0.039087947882736174
0 0.2772795216741405 0.34609120521172637 0.046337817638266054 0.04071661237785018
0 0.2765321375186846 0.30374592833876224 0.04484304932735428 0.040716612377850125
0 0.5112107623318386 0.23371335504885993 0.029895366218236186 0.008143322475570036
