0 0.237477 0.415316 0.035226 0.032107
0 0.802858 0.897478 0.036587 0.033702
0 0.806146 0.752996 0.035226 0.032107
0 0.126919 0.334418 0.035282 0.035231
0 0.175113 0.875585 0.036587 0.033702
0 0.804148 0.826401 0.036615 0.035264
0 0.180285 0.517039 0.033893 0.032073
0 0.126949 0.406310 0.035339 0.038355
0 0.395049 0.881847 0.036615 0.035264
0 0.877305 0.543003 0.031255 0.033569
0 0.121067 0.693729 0.033949 0.035198
0 0.284422 0.878309 0.036644 0.036826
0 0.694272 0.854920 0.033893 0.032073
0 0.880637 0.506359 0.028561 0.031940
0 0.500198 0.415611 0.027284 0.035032
0 0.118416 0.803062 0.035339 0.038355
0 0.692316 0.889254 0.036559 0.032140
0 0.175097 0.729458 0.036615 0.035264
0 0.591498 0.602303 0.032503 0.028916
0 0.881289 0.470430 0.028504 0.028816
0 0.118417 0.839789 0.036700 0.039951
0 0.504223 0.230513 0.028476 0.027254
0 0.120981 0.624961 0.036672 0.038388
0 0.184212 0.410863 0.035282 0.035231
0 0.117720 0.731154 0.033949 0.035198
0 0.178315 0.625608 0.036644 0.036826
0 0.544712 0.351080 0.036389 0.022767
0 0.877191 0.439070 0.032560 0.032040
0 0.504719 0.203175 0.028447 0.025692
0 0.287696 0.697881 0.036389 0.022767
0 0.653977 0.319420 0.035112 0.025858
0 0.502494 0.362531 0.032446 0.025792
0 0.461425 0.273988 0.032390 0.022667
0 0.586934 0.780354 0.035056 0.022734
0 0.398295 0.702981 0.036360 0.021205
0 0.871857 0.292029 0.037722 0.022800
0 0.410769 0.272726 0.035112 0.025858
0 0.173794 0.838044 0.037977 0.036859
0 0.707936 0.285600 0.035084 0.024296
0 0.130237 0.261828 0.036417 0.024329
0 0.707965 0.320765 0.033949 0.035198
0 0.817911 0.288341 0.036417 0.024329
0 0.124950 0.479715 0.039055 0.022833
0 0.500155 0.381227 0.025724 0.022501
0 0.298128 0.269919 0.036389 0.022767
0 0.124893 0.446112 0.038090 0.043108
0 0.646762 0.606805 0.036615 0.035264
0 0.176345 0.660723 0.036615 0.035264
0 0.536249 0.707200 0.032616 0.035164
0 0.696794 0.679162 0.035254 0.033669
0 0.536177 0.600924 0.033949 0.035198
0 0.505173 0.251635 0.028334 0.019443
0 0.184850 0.338988 0.036615 0.035264
0 0.458688 0.351281 0.035311 0.036793
0 0.184184 0.375698 0.036644 0.036826
0 0.589485 0.639761 0.038005 0.038422
0 0.703995 0.392558 0.033949 0.035198
0 0.350118 0.418123 0.036615 0.035264
0 0.290914 0.594031 0.033978 0.036760
0 0.701387 0.536275 0.033949 0.035198
0 0.650688 0.353721 0.035282 0.035231
0 0.759217 0.399404 0.032645 0.036727
0 0.700750 0.608151 0.035282 0.035231
0 0.649370 0.463088 0.033949 0.035198
0 0.344874 0.633666 0.036615 0.035264
0 0.644182 0.675507 0.036615 0.035264
0 0.538758 0.532223 0.036615 0.035264
0 0.647400 0.534930 0.035282 0.035231
0 0.296129 0.343323 0.032616 0.035164
0 0.757389 0.500162 0.032673 0.038289
0 0.455500 0.563750 0.036644 0.036826
0 0.459425 0.310665 0.035367 0.039917
0 0.533613 0.779025 0.032616 0.035164
0 0.650674 0.427956 0.032588 0.033602
0 0.700127 0.642518 0.035282 0.035231
0 0.406077 0.384353 0.032588 0.033602
0 0.638299 0.889471 0.040558 0.032239
0 0.592093 0.496043 0.035282 0.035231
0 0.812667 0.503884 0.036700 0.039951
0 0.180880 0.447507 0.035311 0.036793
0 0.352783 0.308008 0.032701 0.039851
0 0.596034 0.425813 0.035282 0.035231
0 0.287697 0.771335 0.034006 0.038322
0 0.456081 0.494999 0.035311 0.036793
0 0.186196 0.301513 0.035339 0.038355
0 0.702691 0.464416 0.033949 0.035198
0 0.809421 0.682750 0.036672 0.038388
0 0.232999 0.698862 0.036644 0.036826
0 0.402874 0.597602 0.036615 0.035264
0 0.750797 0.753180 0.036672 0.038388
0 0.450936 0.741801 0.036700 0.039951
0 0.752116 0.717267 0.035282 0.035231
0 0.646110 0.569281 0.036672 0.038388
0 0.754029 0.611822 0.035311 0.036793
0 0.702068 0.498784 0.033949 0.035198
0 0.179662 0.551406 0.034006 0.038322
0 0.754101 0.681371 0.032616 0.035164
0 0.541409 0.459616 0.033921 0.033635
0 0.232941 0.591805 0.032673 0.038289
0 0.531628 0.814922 0.032673 0.038289
0 0.761925 0.323673 0.032616 0.035164
0 0.808740 0.646787 0.036615 0.035264
0 0.811987 0.541375 0.036644 0.036826
0 0.533584 0.743861 0.033978 0.036760
0 0.292798 0.453421 0.035254 0.033669
0 0.397034 0.772496 0.036672 0.038388
0 0.405425 0.457009 0.033949 0.035198
0 0.756708 0.537654 0.032616 0.035164
0 0.590789 0.567902 0.035282 0.035231
0 0.296838 0.304270 0.038005 0.038422
0 0.871814 0.257645 0.036672 0.038388
0 0.535540 0.672799 0.035282 0.035231
0 0.756056 0.573583 0.032673 0.038289
0 0.816537 0.364105 0.036615 0.035264
0 0.240851 0.302875 0.032616 0.035164
0 0.804828 0.788909 0.036615 0.035264
0 0.344250 0.668033 0.033836 0.028949
0 0.583007 0.886530 0.036615 0.035264
0 0.290941 0.519015 0.033921 0.033635
0 0.288885 0.558816 0.036559 0.032140
0 0.585587 0.817829 0.036615 0.035264
0 0.342946 0.739892 0.036615 0.035264
0 0.227144 0.874537 0.033949 0.035198
0 0.229115 0.839422 0.036644 0.036826
0 0.807422 0.719427 0.036587 0.033702
0 0.640241 0.819191 0.036615 0.035264
0 0.119038 0.658514 0.036644 0.036826
0 0.178315 0.588881 0.032616 0.035164
0 0.396354 0.846715 0.035311 0.036793
0 0.176388 0.695107 0.035282 0.035231
0 0.119735 0.767150 0.036615 0.035264
0 0.493678 0.774905 0.024391 0.022468
0 0.503500 0.270348 0.028561 0.031940
0 0.504266 0.301624 0.025781 0.025625
0 0.590166 0.675723 0.037948 0.035297
0 0.228448 0.802678 0.033949 0.035198
0 0.450283 0.704276 0.033921 0.033635
0 0.288900 0.631490 0.033921 0.033635
0 0.116417 0.876467 0.036615 0.035264
0 0.175807 0.763858 0.033949 0.035198
0 0.801482 0.863061 0.035311 0.036793
0 0.813857 0.401547 0.035339 0.038355
0 0.873799 0.221749 0.036615 0.035264
0 0.285088 0.841598 0.036615 0.035264
0 0.453529 0.598865 0.036615 0.035264
0 0.694910 0.819772 0.036644 0.036826
0 0.450965 0.813693 0.033978 0.036760
0 0.695519 0.786185 0.036615 0.035264
0 0.236187 0.449666 0.033949 0.035198
0 0.456166 0.527039 0.033893 0.032073
0 0.346192 0.561026 0.036644 0.036826
0 0.124369 0.511739 0.036700 0.039951
0 0.287045 0.807264 0.033949 0.035198
0 0.452240 0.669942 0.036587 0.033702
0 0.395687 0.809971 0.032616 0.035164
0 0.229071 0.768311 0.033949 0.035198
0 0.587501 0.749111 0.037948 0.035297
0 0.454196 0.635608 0.033978 0.036760
0 0.639618 0.853558 0.036615 0.035264
0 0.496795 0.456160 0.029950 0.035098
0 0.584978 0.851415 0.036644 0.036826
0 0.642212 0.747349 0.035282 0.035231
0 0.758012 0.465795 0.032560 0.032040
0 0.644820 0.640358 0.036644 0.036826
0 0.697490 0.751070 0.036644 0.036826
0 0.536178 0.637651 0.035254 0.033669
0 0.231580 0.630061 0.033921 0.033635
0 0.121619 0.589813 0.036644 0.036826
0 0.808031 0.612387 0.031283 0.035131
0 0.536801 0.566557 0.033949 0.035198
0 0.127586 0.371162 0.035311 0.036793
0 0.175141 0.800569 0.033978 0.036760
0 0.410103 0.309436 0.035367 0.039917
0 0.230971 0.663647 0.033949 0.035198
0 0.231028 0.733977 0.036615 0.035264
0 0.234259 0.555892 0.033893 0.032073
0 0.869915 0.362309 0.036559 0.032140
0 0.128933 0.296960 0.035339 0.038355
0 0.642183 0.712184 0.036644 0.036826
0 0.348205 0.523568 0.033978 0.036760
0 0.754724 0.647004 0.032616 0.035164
0 0.401570 0.669461 0.033949 0.035198
0 0.588195 0.710839 0.035367 0.039917
0 0.811349 0.576524 0.036615 0.035264
0 0.287072 0.732248 0.036672 0.038388
0 0.641546 0.784059 0.035254 0.033669
0 0.451631 0.776983 0.033949 0.035198
0 0.234897 0.520744 0.036700 0.039951
0 0.123618 0.553136 0.034006 0.038322
0 0.869901 0.399817 0.035339 0.038355
0 0.399061 0.734257 0.036644 0.036826
0 0.401542 0.634296 0.032645 0.036727
0 0.180242 0.482655 0.035226 0.032107
0 0.402221 0.560078 0.036672 0.038388
0 0.289596 0.666671 0.036615 0.035264
0 0.345511 0.598517 0.036644 0.036826
0 0.342308 0.701586 0.033978 0.036760
0 0.759940 0.433023 0.032560 0.032040
0 0.240128 0.342709 0.032588 0.033602
0 0.541408 0.422889 0.038005 0.038422
0 0.700041 0.573750 0.032616 0.035164
0 0.540728 0.497108 0.036644 0.036826
0 0.405411 0.421063 0.035339 0.038355
0 0.350075 0.383739 0.035282 0.035231
0 0.408076 0.347676 0.032616 0.035164
0 0.349495 0.452490 0.033949 0.035198
0 0.404135 0.491360 0.035282 0.035231
0 0.350755 0.346247 0.035282 0.035231
0 0.457413 0.458305 0.033949 0.035198
0 0.597338 0.317227 0.033978 0.036760
0 0.592745 0.533568 0.038005 0.038422
0 0.648080 0.497438 0.035282 0.035231
0 0.761273 0.359602 0.032673 0.038289
0 0.292884 0.485462 0.031283 0.035131
0 0.703996 0.429285 0.035311 0.036793
0 0.707285 0.358257 0.033949 0.035198
0 0.596700 0.352376 0.031283 0.035131
0 0.240157 0.377874 0.036615 0.035264
0 0.294144 0.379219 0.035282 0.035231
0 0.698156 0.714360 0.036615 0.035264
0 0.542046 0.387741 0.035254 0.033669
0 0.650007 0.391212 0.035282 0.035231
0 0.348828 0.489200 0.033921 0.033635
0 0.815232 0.325782 0.038090 0.043108
0 0.871885 0.327194 0.036700 0.039951
0 0.458051 0.386429 0.032616 0.035164
0 0.294131 0.416728 0.036672 0.038388
0 0.236868 0.485629 0.033949 0.035198
0 0.457399 0.422359 0.035282 0.035231
0 0.594063 0.460928 0.037977 0.036859
0 0.596020 0.389867 0.033949 0.035198
0 0.543336 0.316663 0.038062 0.041546
