0 0.8484848484848485 0.15517241379310345 0.036363636363636376 0.051724137931034475
0 0.23333333333333334 0.16034482758620688 0.037575757575757596 0.04827586206896553
0 0.68 0.2982758620689655 0.036363636363636376 0.04137931034482761
0 0.23212121212121212 0.2982758620689655 0.03757575757575757 0.04482758620689653
0 0.23212121212121212 0.20862068965517241 0.03757575757575757 0.04482758620689653
0 0.4024242424242424 0.42931034482758623 0.036363636363636376 0.04137931034482761
0 0.34424242424242424 0.2982758620689655 0.036363636363636376 0.04482758620689653
0 0.34545454545454546 0.2517241379310345 0.036363636363636376 0.0482758620689655
0 0.17636363636363636 0.6913793103448276 0.03999999999999998 0.04482758620689653
0 0.6242424242424243 0.20689655172413793 0.033939393939393936 0.0482758620689655
0 0.28787878787878785 0.16034482758620688 0.040000000000000036 0.0517241379310345
0 0.06181818181818183 0.38706896551724135 0.036363636363636355 0.043103448275862044
0 0.34424242424242424 0.34310344827586203 0.038787878787878816 0.044827586206896586
0 0.17757575757575755 0.8224137931034483 0.03757575757575757 0.0482758620689655
0 0.6248484848484849 0.2974137931034483 0.035151515151515156 0.03965517241379313
0 0.17515151515151514 0.3456896551724138 0.035151515151515156 0.03965517241379313
0 0.4587878787878788 0.7749999999999999 0.037575757575757596 0.04655172413793107
0 0.23212121212121212 0.253448275862069 0.03757575757575757 0.04482758620689656
0 0.17636363636363636 0.7379310344827587 0.035151515151515156 0.04482758620689653
0 0.4024242424242424 0.38448275862068965 0.036363636363636376 0.04137931034482756
0 0.8484848484848485 0.2043103448275862 0.036363636363636376 0.046551724137931044
0 0.17636363636363636 0.6491379310344827 0.03999999999999998 0.0431034482758621
0 0.7951515151515152 0.5551724137931034 0.036363636363636376 0.04482758620689653
0 0.1206060606060606 0.6051724137931034 0.035151515151515156 0.04137931034482756
0 0.23272727272727273 0.560344827586207 0.036363636363636376 0.037931034482758585
0 0.793939393939394 0.38275862068965516 0.033939393939393936 0.04137931034482756
0 0.7369696969696969 0.4267241379310345 0.033939393939393936 0.0431034482758621
0 0.06303030303030302 0.5629310344827586 0.03636363636363636 0.050000000000000044
0 0.8484848484848485 0.38275862068965516 0.033939393939393936 0.04137931034482756
0 0.793939393939394 0.5112068965517241 0.033939393939393936 0.0431034482758621
0 0.06303030303030302 0.6491379310344827 0.03636363636363636 0.0431034482758621
0 0.6272727272727273 0.5603448275862069 0.035151515151515156 0.04482758620689664
0 0.5151515151515151 0.4689655172413793 0.04363636363636364 0.0482758620689655
0 0.2872727272727273 0.3025862068965517 0.036363636363636376 0.043103448275862044
0 0.7393939393939394 0.5155172413793103 0.036363636363636376 0.04137931034482761
0 0.17636363636363636 0.5629310344827587 0.035151515151515156 0.04310344827586199
0 0.06303030303030302 0.43189655172413793 0.03636363636363636 0.0431034482758621
0 0.6266666666666667 0.6491379310344827 0.038787878787878816 0.04999999999999993
0 0.9042424242424243 0.29137931034482756 0.036363636363636265 0.04827586206896556
0 0.7357575757575757 0.38275862068965516 0.031515151515151496 0.04137931034482756
0 0.23333333333333334 0.7379310344827587 0.037575757575757596 0.04482758620689653
0 0.6272727272727273 0.6025862068965517 0.037575757575757596 0.0431034482758621
0 0.8484848484848485 0.33793103448275863 0.036363636363636376 0.044827586206896475
0 0.17636363636363636 0.6051724137931034 0.035151515151515156 0.04137931034482756
0 0.23333333333333334 0.6913793103448276 0.037575757575757596 0.048275862068965614
0 0.963030303030303 0.4224137931034483 0.037575757575757596 0.0482758620689655
0 0.11939393939393939 0.646551724137931 0.03757575757575758 0.04482758620689653
0 0.17393939393939395 0.2982758620689655 0.03757575757575757 0.051724137931034475
0 0.4036363636363636 0.8646551724137931 0.036363636363636376 0.0431034482758621
0 0.4581818181818182 0.20689655172413793 0.038787878787878816 0.0482758620689655
0 0.4024242424242424 0.6025862068965517 0.036363636363636376 0.04999999999999993
0 0.963030303030303 0.5086206896551724 0.035151515151515156 0.04482758620689653
0 0.23333333333333334 0.9086206896551725 0.04000000000000001 0.04137931034482756
0 0.9660606060606061 0.7706896551724138 0.038787878787878816 0.04482758620689653
0 0.1181818181818182 0.42931034482758623 0.03515151515151517 0.04137931034482761
0 0.850909090909091 0.425 0.033939393939393936 0.03965517241379313
0 0.12 0.7362068965517241 0.033939393939393936 0.04482758620689642
0 0.850909090909091 0.4663793103448276 0.036363636363636376 0.043103448275862044
0 0.7393939393939394 0.5577586206896552 0.036363636363636376 0.0431034482758621
0 0.4575757575757576 0.15517241379310345 0.037575757575757596 0.051724137931034475
0 0.403030303030303 0.8198275862068966 0.037575757575757596 0.0431034482758621
0 0.9606060606060606 0.15517241379310345 0.040000000000000036 0.0482758620689655
0 0.8484848484848485 0.29137931034482756 0.033939393939393936 0.04137931034482761
0 0.23212121212121212 0.8620689655172413 0.04000000000000001 0.0482758620689655
0 0.4575757575757576 0.8198275862068966 0.035151515151515156 0.0431034482758621
0 0.403030303030303 0.7362068965517241 0.037575757575757596 0.04482758620689642
0 0.17515151515151514 0.7801724137931034 0.035151515151515156 0.04310344827586221
0 0.9660606060606061 0.8129310344827585 0.038787878787878816 0.04310344827586221
0 0.11939393939393939 0.6913793103448276 0.03515151515151514 0.04482758620689653
0 0.1193939393939394 0.8663793103448276 0.04000000000000001 0.04999999999999993
0 0.2896969696969697 0.5155172413793103 0.03636363636363632 0.04137931034482761
0 0.28787878787878785 0.2560344827586207 0.040000000000000036 0.05000000000000002
0 0.6254545454545455 0.5112068965517241 0.033939393939393936 0.046551724137931016
0 0.7393939393939394 0.646551724137931 0.036363636363636376 0.04482758620689653
0 0.06303030303030302 0.5181034482758621 0.03636363636363636 0.03965517241379307
0 0.4018181818181818 0.6887931034482758 0.035151515151515156 0.0431034482758621
0 0.23333333333333334 0.34310344827586203 0.037575757575757596 0.03793103448275864
0 0.7393939393939394 0.7336206896551724 0.041212121212121255 0.04999999999999982
0 0.47212121212121216 0.33793103448275863 0.025454545454545452 0.037931034482758585
0 0.06181818181818183 0.16293103448275864 0.04121212121212121 0.046551724137931016
0 0.4018181818181818 0.646551724137931 0.035151515151515156 0.04137931034482756
0 0.4587878787878788 0.8646551724137931 0.035151515151515156 0.0431034482758621
0 0.06424242424242424 0.6043103448275862 0.03636363636363636 0.03965517241379313
0 0.7393939393939394 0.6 0.036363636363636376 0.04482758620689653
0 0.7957575757575758 0.6862068965517241 0.037575757575757596 0.04137931034482756
0 0.7406060606060606 0.6862068965517241 0.036363636363636376 0.04137931034482756
0 0.7993939393939393 0.9482758620689655 0.039999999999999925 0.0482758620689655
0 0.4018181818181818 0.5577586206896552 0.035151515151515156 0.03965517241379313
0 0.17757575757575755 0.9112068965517242 0.03757575757575757 0.0431034482758621
0 0.44606060606060605 0.471551724137931 0.026666666666666672 0.0362068965517241
0 0.17515151515151517 0.3844827586206897 0.03757575757575757 0.03448275862068967
0 0.9618181818181818 0.4663793103448276 0.035151515151515156 0.043103448275862044
0 0.8484848484848485 0.2517241379310345 0.036363636363636376 0.04482758620689656
0 0.9606060606060606 0.29137931034482756 0.037575757575757596 0.04137931034482761
0 0.4036363636363636 0.9086206896551725 0.038787878787878816 0.0482758620689655
0 0.6248484848484849 0.34310344827586203 0.035151515151515156 0.044827586206896586
0 0.9606060606060606 0.3353448275862069 0.037575757575757596 0.043103448275862044
0 0.23333333333333334 0.953448275862069 0.04000000000000001 0.04137931034482756
0 0.7963636363636364 0.6000000000000001 0.038787878787878816 0.04137931034482756
0 0.7981818181818182 0.8594827586206897 0.035151515151515156 0.0431034482758621
0 0.7957575757575758 0.6448275862068966 0.037575757575757596 0.04137931034482756
0 0.9648484848484848 0.6396551724137931 0.038787878787878816 0.048275862068965614
0 0.23212121212121212 0.7801724137931034 0.04000000000000001 0.03965517241379313
0 0.796969696969697 0.7732758620689655 0.035151515151515156 0.0431034482758621
0 0.9660606060606061 0.8551724137931035 0.038787878787878816 0.04482758620689653
0 0.06303030303030303 0.20948275862068966 0.03878787878787878 0.046551724137931016
0 0.796969696969697 0.8172413793103448 0.037575757575757596 0.04137931034482756
0 0.6260606060606061 0.38706896551724135 0.032727272727272716 0.03965517241379307
0 0.17757575757575755 0.8663793103448276 0.03757575757575757 0.03965517241379313
0 0.403030303030303 0.7784482758620689 0.035151515151515156 0.03965517241379324
0 0.4587878787878788 0.9482758620689655 0.037575757575757596 0.04137931034482767
0 0.9618181818181818 0.24655172413793103 0.040000000000000036 0.0482758620689655
0 0.4587878787878788 0.9068965517241379 0.037575757575757596 0.04137931034482756
0 0.17757575757575755 0.9560344827586207 0.03757575757575757 0.0431034482758621
0 0.10545454545454547 0.3801724137931034 0.02424242424242426 0.03965517241379318
0 0.06303030303030303 0.2560344827586207 0.03878787878787878 0.046551724137931044
0 0.9648484848484848 0.5948275862068966 0.036363636363636376 0.04482758620689653
0 0.47151515151515155 0.2982758620689655 0.021818181818181792 0.031034482758620696
0 0.13393939393939394 0.2982758620689655 0.023030303030303012 0.03793103448275864
0 0.9636363636363636 0.553448275862069 0.036363636363636376 0.04137931034482767
0 0.44606060606060605 0.5112068965517241 0.024242424242424232 0.03965517241379307
0 0.9654545454545455 0.6862068965517241 0.037575757575757596 0.04137931034482756
0 0.9660606060606061 0.7267241379310345 0.036363636363636376 0.04310344827586199
0 0.4448484848484848 0.4267241379310345 0.024242424242424232 0.036206896551724155
0 0.4018181818181818 0.5155172413793103 0.035151515151515156 0.04137931034482761
0 0.796969696969697 0.9043103448275862 0.037575757575757596 0.0431034482758621
0 0.7963636363636364 0.7310344827586207 0.033939393939393936 0.04482758620689653
0 0.1206060606060606 0.8198275862068966 0.035151515151515156 0.0431034482758621
0 0.11939393939393939 0.5181034482758621 0.03757575757575758 0.0431034482758621
0 0.6254545454545455 0.4267241379310345 0.036363636363636376 0.0431034482758621
0 0.23212121212121212 0.8198275862068966 0.04000000000000001 0.0431034482758621
0 0.4727272727272728 0.4267241379310345 0.024242424242424232 0.03965517241379313
0 0.44545454545454544 0.2956896551724138 0.020606060606060572 0.02931034482758621
0 0.47333333333333333 0.471551724137931 0.023030303030303068 0.03965517241379307
0 0.13393939393939394 0.34051724137931033 0.023030303030303012 0.036206896551724155
0 0.9660606060606061 0.8991379310344827 0.036363636363636376 0.04655172413793107
0 0.13333333333333336 0.3844827586206897 0.02181818181818182 0.03448275862068967
0 0.11939393939393939 0.7801724137931034 0.03515151515151514 0.03965517241379313
0 0.5139393939393939 0.2517241379310345 0.04606060606060608 0.041379310344827586
0 0.06060606060606061 0.33793103448275863 0.04121212121212121 0.0482758620689655
0 0.4733333333333334 0.6887931034482758 0.025454545454545452 0.036206896551724155
0 0.963030303030303 0.3758620689655172 0.035151515151515156 0.04137931034482761
0 0.4727272727272727 0.5163793103448275 0.021818181818181848 0.03275862068965518
0 0.10424242424242425 0.33793103448275863 0.024242424242424246 0.037931034482758585
0 0.9660606060606061 0.9465517241379311 0.038787878787878816 0.04137931034482756
0 0.10424242424242425 0.2956896551724138 0.02181818181818182 0.036206896551724155
0 0.4024242424242424 0.34310344827586203 0.036363636363636376 0.04137931034482761
0 0.47333333333333333 0.7310344827586207 0.027878787878787836 0.037931034482758585
0 0.47212121212121216 0.38275862068965516 0.025454545454545452 0.031034482758620696
0 0.7375757575757576 0.3405172413793103 0.035151515151515156 0.03965517241379307
0 0.6272727272727273 0.46896551724137936 0.037575757575757596 0.027586206896551724
0 0.9618181818181818 0.2 0.035151515151515156 0.041379310344827586
0 0.5296969696969698 0.7775862068965518 0.024242424242424288 0.03448275862068961
0 0.5145454545454545 0.5112068965517241 0.0472727272727273 0.02931034482758621
0 0.23333333333333334 0.6025862068965517 0.04000000000000001 0.04655172413793096
0 0.28848484848484846 0.471551724137931 0.03636363636363632 0.043103448275862044
0 0.5175757575757576 0.3887931034482759 0.043636363636363695 0.0362068965517241
0 0.516969696969697 0.32068965517241377 0.04484848484848486 0.04137931034482761
0 0.5121212121212121 0.1482758620689655 0.04727272727272719 0.031034482758620696
0 0.516969696969697 0.3560344827586207 0.0472727272727273 0.03275862068965518
0 0.5139393939393939 0.18017241379310345 0.04606060606060608 0.036206896551724155
0 0.06060606060606061 0.3 0.03878787878787878 0.04482758620689653
0 0.5133333333333333 0.21293103448275863 0.0472727272727273 0.02931034482758621
0 0.5157575757575757 0.2853448275862069 0.04484848484848486 0.02931034482758621
0 0.6248484848484849 0.2560344827586207 0.037575757575757596 0.046551724137931044
0 0.5678787878787879 0.253448275862069 0.040000000000000036 0.04482758620689656
0 0.23212121212121212 0.47586206896551725 0.035151515151515156 0.04482758620689653
0 0.2872727272727273 0.42931034482758623 0.036363636363636376 0.04137931034482761
0 0.23212121212121212 0.3844827586206896 0.04000000000000001 0.04827586206896556
0 0.17515151515151517 0.5206896551724138 0.04000000000000001 0.04137931034482767
0 0.793939393939394 0.33793103448275863 0.036363636363636376 0.044827586206896475
0 0.11939393939393939 0.5629310344827586 0.03757575757575758 0.04655172413793096
0 0.2872727272727273 0.34310344827586203 0.036363636363636376 0.04137931034482761
0 0.6248484848484849 0.16034482758620688 0.037575757575757596 0.0517241379310345
0 0.7951515151515152 0.4224137931034483 0.036363636363636376 0.04137931034482756
0 0.28787878787878785 0.20862068965517241 0.040000000000000036 0.04482758620689653
0 0.06303030303030302 0.4767241379310345 0.03636363636363636 0.046551724137931016
0 0.17515151515151517 0.47844827586206895 0.03757575757575757 0.043103448275862044
0 0.7357575757575757 0.29568965517241375 0.036363636363636376 0.04999999999999999
0 0.2878787878787879 0.38448275862068965 0.035151515151515156 0.04137931034482756
0 0.23272727272727273 0.5206896551724138 0.036363636363636376 0.04137931034482767
0 0.5678787878787879 0.2982758620689655 0.03757575757575771 0.04137931034482761
0 0.17636363636363636 0.43189655172413793 0.035151515151515156 0.050000000000000044
0 0.5690909090909091 0.16034482758620688 0.040000000000000036 0.04827586206896553
0 0.6787878787878788 0.253448275862069 0.033939393939393936 0.04827586206896553
0 0.23272727272727273 0.646551724137931 0.036363636363636376 0.04482758620689653
0 0.7945454545454546 0.4663793103448276 0.035151515151515156 0.046551724137931016
0 0.12 0.47586206896551725 0.03636363636363636 0.04482758620689653
0 0.5678787878787879 0.20948275862068966 0.035151515151515045 0.04310344827586207
0 0.6793939393939394 0.16034482758620688 0.039999999999999925 0.04827586206896553
0 0.23212121212121212 0.43189655172413793 0.035151515151515156 0.04655172413793107
0 0.7903030303030303 0.15775862068965518 0.038787878787878816 0.05000000000000002
0 0.4018181818181818 0.471551724137931 0.035151515151515156 0.046551724137931016
0 0.7927272727272727 0.2956896551724138 0.033939393939393936 0.0431034482758621
0 0.40242424242424246 0.2982758620689655 0.03878787878787876 0.0482758620689655
0 0.4581818181818182 0.2560344827586207 0.036363636363636376 0.046551724137931044
0 0.6793939393939394 0.20689655172413796 0.035151515151515156 0.041379310344827586
0 0.7915151515151515 0.2517241379310345 0.036363636363636376 0.0482758620689655
0 0.7381818181818182 0.4706896551724138 0.033939393939393936 0.04482758620689653
0 0.7927272727272727 0.20517241379310347 0.036363636363636376 0.04482758620689656
