0 0.840000 0.341772 0.027500 0.025316
0 0.607500 0.390823 0.032500 0.050633
0 0.110000 0.526899 0.030000 0.025316
0 0.508750 0.855222 0.022500 0.023734
0 0.330000 0.783228 0.032500 0.022152
0 0.840000 0.499209 0.022500 0.033228
0 0.510000 0.568038 0.020000 0.022152
0 0.440625 0.687500 0.031250 0.033228
0 0.550625 0.724684 0.031250 0.034810
0 0.275625 0.623418 0.036250 0.022152
0 0.372500 0.334652 0.025000 0.030063
0 0.550625 0.748418 0.033750 0.034810
0 0.440000 0.715981 0.035000 0.039557
0 0.550000 0.846519 0.035000 0.028481
0 0.714375 0.878956 0.036250 0.036392
0 0.276250 0.367880 0.032500 0.023734
0 0.607500 0.368671 0.030000 0.034810
0 0.109375 0.503165 0.036250 0.044304
0 0.605000 0.591772 0.032500 0.018987
0 0.828125 0.370253 0.033750 0.031646
0 0.659375 0.878956 0.033750 0.033228
0 0.814375 0.436709 0.021250 0.022152
0 0.399375 0.338608 0.026250 0.031646
0 0.276250 0.495253 0.032500 0.018987
0 0.330000 0.654272 0.035000 0.020570
0 0.607500 0.432753 0.032500 0.033228
0 0.715000 0.851266 0.035000 0.034810
0 0.388125 0.398734 0.033750 0.028481
0 0.660000 0.849684 0.035000 0.031646
0 0.331250 0.590981 0.032500 0.033228
0 0.842500 0.436709 0.022500 0.034810
0 0.660625 0.817247 0.036250 0.033228
0 0.660625 0.784810 0.036250 0.031646
0 0.386875 0.625000 0.031250 0.031646
0 0.386250 0.653481 0.032500 0.028481
0 0.716875 0.688291 0.033750 0.028481
0 0.551250 0.818038 0.032500 0.028481
0 0.771875 0.657437 0.033750 0.033228
0 0.716250 0.720728 0.035000 0.033228
0 0.110000 0.589399 0.030000 0.033228
0 0.275625 0.682753 0.036250 0.026899
0 0.385000 0.561709 0.032500 0.022152
0 0.840625 0.469146 0.021250 0.026899
0 0.440000 0.750791 0.032500 0.033228
0 0.330000 0.754747 0.035000 0.041139
0 0.164375 0.844937 0.033750 0.025316
0 0.440000 0.817247 0.035000 0.033228
0 0.773750 0.370253 0.035000 0.037975
0 0.715625 0.818829 0.033750 0.033228
0 0.827500 0.403481 0.035000 0.034810
0 0.330000 0.719937 0.035000 0.028481
0 0.770625 0.784019 0.033750 0.033228
0 0.373125 0.431171 0.021250 0.023734
0 0.109375 0.556171 0.031250 0.033228
0 0.275625 0.813291 0.033750 0.031646
0 0.440000 0.658228 0.035000 0.034810
0 0.166875 0.431962 0.033750 0.031646
0 0.388750 0.368671 0.035000 0.028481
0 0.551250 0.498418 0.032500 0.028481
0 0.717500 0.659019 0.035000 0.033228
0 0.715625 0.787184 0.033750 0.033228
0 0.770625 0.850475 0.033750 0.033228
0 0.440625 0.783228 0.031250 0.034810
0 0.331250 0.560918 0.032500 0.033228
0 0.716875 0.628165 0.033750 0.034810
0 0.384375 0.686709 0.033750 0.034810
0 0.165625 0.497627 0.033750 0.033228
0 0.166875 0.464399 0.033750 0.033228
0 0.440625 0.850475 0.036250 0.036392
0 0.400000 0.499209 0.022500 0.033228
0 0.770000 0.880538 0.035000 0.033228
0 0.165000 0.623418 0.032500 0.028481
0 0.770625 0.817247 0.033750 0.033228
0 0.551250 0.690665 0.032500 0.033228
0 0.385000 0.721519 0.035000 0.037975
0 0.275625 0.719146 0.033750 0.033228
0 0.330000 0.685918 0.035000 0.036392
0 0.273750 0.879747 0.035000 0.028481
0 0.495000 0.793513 0.032500 0.036392
0 0.385625 0.591772 0.031250 0.034810
0 0.165000 0.652690 0.032500 0.033228
0 0.273750 0.847310 0.035000 0.033228
0 0.108750 0.435918 0.032500 0.030063
0 0.605625 0.879747 0.031250 0.028481
0 0.275625 0.749209 0.033750 0.033228
0 0.771250 0.753956 0.032500 0.033228
0 0.813125 0.465981 0.021250 0.030063
0 0.551250 0.527690 0.032500 0.033228
0 0.110000 0.464399 0.035000 0.033228
0 0.108750 0.656646 0.032500 0.031646
0 0.604375 0.817247 0.033750 0.033228
0 0.771875 0.529272 0.033750 0.033228
0 0.164375 0.720728 0.036250 0.030063
0 0.660000 0.754747 0.035000 0.034810
0 0.770625 0.720728 0.033750 0.033228
0 0.661875 0.402690 0.033750 0.030063
0 0.165625 0.527690 0.033750 0.033228
0 0.605000 0.721519 0.032500 0.028481
0 0.716250 0.754747 0.035000 0.034810
0 0.771250 0.690665 0.032500 0.033228
0 0.330000 0.527690 0.032500 0.033228
0 0.443125 0.498418 0.033750 0.031646
0 0.441875 0.529272 0.033750 0.030063
0 0.883125 0.406646 0.033750 0.031646
0 0.550625 0.657437 0.031250 0.033228
0 0.550000 0.875791 0.035000 0.036392
0 0.716250 0.499209 0.037500 0.033228
0 0.883125 0.372627 0.033750 0.036392
0 0.443750 0.465190 0.032500 0.034810
0 0.331250 0.430380 0.030000 0.028481
0 0.441875 0.591772 0.033750 0.031646
0 0.400625 0.431171 0.026250 0.033228
0 0.771250 0.562500 0.035000 0.033228
0 0.276250 0.590981 0.037500 0.036392
0 0.400000 0.465190 0.022500 0.028481
0 0.275625 0.526108 0.033750 0.033228
0 0.442500 0.431962 0.032500 0.031646
0 0.386250 0.529272 0.035000 0.036392
0 0.605625 0.658228 0.033750 0.034810
0 0.331250 0.401899 0.030000 0.031646
0 0.275625 0.465981 0.036250 0.039557
0 0.221875 0.368671 0.036250 0.034810
0 0.827500 0.563291 0.035000 0.031646
0 0.552500 0.368671 0.035000 0.037975
0 0.108125 0.398734 0.033750 0.037975
0 0.331250 0.464399 0.030000 0.033228
0 0.551875 0.595728 0.033750 0.033228
0 0.551875 0.561709 0.033750 0.034810
0 0.606875 0.563291 0.033750 0.034810
0 0.276250 0.401108 0.032500 0.036392
0 0.165625 0.556962 0.033750 0.031646
0 0.771875 0.466772 0.033750 0.028481
0 0.275625 0.556171 0.036250 0.030063
0 0.661875 0.527690 0.033750 0.030063
0 0.605000 0.750791 0.035000 0.033228
0 0.443125 0.401899 0.031250 0.031646
0 0.110000 0.623418 0.032500 0.034810
0 0.275625 0.653481 0.036250 0.034810
0 0.440625 0.624209 0.031250 0.033228
0 0.661250 0.657437 0.035000 0.033228
0 0.371875 0.464399 0.021250 0.033228
0 0.275000 0.783228 0.035000 0.034810
0 0.496875 0.352057 0.031250 0.017405
0 0.497500 0.370253 0.032500 0.018987
0 0.496875 0.390032 0.031250 0.020570
0 0.497500 0.417722 0.035000 0.031646
0 0.498125 0.331487 0.031250 0.023734
0 0.495625 0.451741 0.033750 0.036392
0 0.331250 0.367880 0.032500 0.036392
0 0.605625 0.531646 0.031250 0.031646
0 0.221875 0.402690 0.036250 0.033228
0 0.826875 0.595728 0.033750 0.033228
0 0.330625 0.494462 0.031250 0.030063
0 0.552500 0.402690 0.032500 0.030063
0 0.772500 0.403481 0.032500 0.031646
0 0.606875 0.465981 0.033750 0.033228
0 0.716250 0.532437 0.037500 0.030063
0 0.771875 0.437500 0.033750 0.033228
0 0.605625 0.499209 0.031250 0.033228
0 0.717500 0.404272 0.037500 0.033228
0 0.660625 0.720728 0.033750 0.033228
0 0.548750 0.784810 0.035000 0.037975
0 0.164375 0.749209 0.036250 0.033228
0 0.717500 0.369462 0.037500 0.033228
0 0.441875 0.560918 0.033750 0.033228
0 0.661875 0.465981 0.033750 0.033228
0 0.717500 0.595728 0.035000 0.033228
0 0.662500 0.498418 0.035000 0.031646
0 0.605000 0.691456 0.032500 0.031646
0 0.165625 0.590981 0.033750 0.033228
0 0.662500 0.369462 0.037500 0.039557
0 0.771250 0.625791 0.035000 0.033228
0 0.330625 0.624209 0.036250 0.033228
0 0.163750 0.686709 0.035000 0.034810
0 0.443125 0.367880 0.033750 0.036392
0 0.826875 0.531646 0.033750 0.034810
0 0.605000 0.623418 0.035000 0.034810
0 0.510000 0.608386 0.020000 0.020570
0 0.497500 0.529272 0.032500 0.023734
0 0.510000 0.587025 0.020000 0.018987
0 0.511250 0.626582 0.022500 0.015823
0 0.510000 0.670886 0.017500 0.015823
0 0.510000 0.690665 0.017500 0.023734
0 0.813750 0.341772 0.020000 0.025316
0 0.330000 0.849684 0.030000 0.025316
0 0.510625 0.641614 0.021250 0.017405
0 0.510000 0.656646 0.020000 0.012658
0 0.497500 0.545886 0.037500 0.009494
0 0.330000 0.814873 0.035000 0.041139
0 0.509375 0.880538 0.026250 0.026899
0 0.496875 0.504747 0.036250 0.028481
0 0.716875 0.562500 0.036250 0.033228
0 0.661250 0.625791 0.035000 0.033228
0 0.661250 0.688291 0.035000 0.031646
0 0.661875 0.435127 0.033750 0.031646
0 0.166250 0.397152 0.037500 0.041139
0 0.107500 0.688291 0.035000 0.037975
0 0.165625 0.782437 0.033750 0.033228
0 0.551250 0.624209 0.032500 0.026899
0 0.771250 0.499209 0.035000 0.033228
0 0.716875 0.465981 0.036250 0.030063
0 0.883125 0.436709 0.033750 0.028481
0 0.552500 0.435127 0.032500 0.031646
0 0.771250 0.595728 0.035000 0.030063
0 0.330000 0.879747 0.037500 0.034810
0 0.164375 0.815665 0.036250 0.033228
0 0.604375 0.849684 0.033750 0.031646
0 0.716875 0.436709 0.036250 0.028481
0 0.661250 0.561709 0.032500 0.034810
0 0.881875 0.469146 0.033750 0.033228
0 0.165000 0.875000 0.035000 0.034810
0 0.661250 0.594146 0.032500 0.030063
0 0.551250 0.466772 0.032500 0.031646
0 0.604375 0.784019 0.033750 0.033228
0 0.276250 0.431171 0.032500 0.026899
