0 0.5153625519367377 0.6398125992682616 0.013724701782602879 0.031801336294990525
0 0.5345771344323818 0.6738854595843229 0.013724701782602816 0.027258288252849063
0 0.05386945449671626 0.5201790008252021 0.013038466693472736 0.034830034989751596
0 0.3743412411204933 0.33164250707632975 0.011665996515212416 0.027258288252849015
0 0.05386945449671626 0.48156309246699924 0.013038466693472736 0.027258288252849157
0 0.24635839699772147 0.640569773941952 0.013724701782602848 0.033315685642371015
0 0.5496743063932449 0.713258542616216 0.013724701782602879 0.033315685642371015
0 0.054898807130411474 0.6011966909100589 0.015097171960863152 0.033315685642371015
0 0.2460152794531564 0.7511172763007286 0.014410936871732992 0.033315685642371015
0 0.0545556895858464 0.5603092585307854 0.014410936871733008 0.033315685642371015
0 0.5496743063932449 0.6746426342580132 0.013724701782602879 0.03180133629499062
0 0.2614555689585846 0.7920047086800021 0.013724701782602879 0.033315685642371015
0 0.22268328642273155 0.6034682149311298 0.022645757941294753 0.04391613107403443
0 0.26179868650314975 0.640569773941952 0.013038466693472736 0.030286986947610037
0 0.2302318724031631 0.368744066087152 0.013038466693472736 0.0348300349897515
0 0.287189384800965 0.0810176900848568 0.029508108832596098 0.03483003498975153
0 0.26111245141401956 0.7518744509744187 0.013038466693472736 0.0348300349897515
0 0.0545556895858464 0.44370435878248676 0.013038466693472712 0.02725828825284897
0 0.5006084975204397 0.21655195667541163 0.013038466693472767 0.02725828825284904
0 0.2861600321672698 0.23623849819135817 0.027449403565205758 0.033315685642371015
0 0.5486449537595497 0.44521870812986736 0.014410936871733055 0.030286986947610037
0 0.3887521779922262 0.36950124076084223 0.014410936871732992 0.030286986947609992
0 0.5012947326095698 0.6390554245945714 0.013038466693472705 0.030286986947609944
0 0.07068221418040478 0.5625807825518561 0.015097171960863144 0.034830034989751686
0 0.2460152794531564 0.6753998089317034 0.014410936871732992 0.030286986947610037
0 0.07102533172496985 0.640569773941952 0.014410936871733017 0.033315685642371015
0 0.0545556895858464 0.33012815772894927 0.013038466693472712 0.027258288252849015
0 0.5012947326095698 0.6746426342580132 0.013038466693472705 0.03180133629499062
0 0.4525720412813296 0.36798689141346175 0.014410936871732992 0.033315685642371015
0 0.25390698297815306 0.6034682149311297 0.023331993030424863 0.040887432379273544
0 0.054898807130411474 0.365715367392391 0.013724701782602863 0.031801336294990525
0 0.2302318724031631 0.3301281577289492 0.014410936871733023 0.030286986947610037
0 0.1506286020640665 0.6398125992682616 0.013038466693472705 0.031801336294990525
0 0.06999597909127464 0.368744066087152 0.013724701782602856 0.0348300349897515
0 0.07033909663583969 0.5224505248462729 0.015783407049993304 0.03331568564237092
0 0.13415895992494303 0.3308853324026395 0.013038466693472736 0.028772637600229505
0 0.1345020774695081 0.36950124076084223 0.013724701782602879 0.030286986947609992
0 0.5153625519367377 0.2559250397073047 0.015097171960863168 0.033315685642371064
0 0.5328615467095563 0.3301281577289492 0.013038466693472705 0.030286986947610037
0 0.11906178796407987 0.3672297167397715 0.01303846669347272 0.031801336294990525
0 0.2861600321672698 0.4421900094351062 0.01921458249564403 0.033315685642371015
0 0.2858169146227048 0.1741501749487576 0.026763168476075648 0.03937308303189303
0 0.05558504221954162 0.4066027997716645 0.015097171960863168 0.0348300349897515
0 0.02985122637716124 0.6034682149311297 0.022645757941294732 0.040887432379273544
0 0.22268328642273155 0.29151224937074643 0.022645757941294753 0.04391613107403448
0 0.06210427556627798 0.29151224937074643 0.02127328776303444 0.040887432379273544
0 0.5332046642541214 0.4066027997716645 0.013724701782602816 0.031801336294990525
0 0.373311888486798 0.36798689141346175 0.012352231604342529 0.030286986947610037
0 0.12558102131081625 0.6042253896048199 0.02333199303042488 0.04543048042141492
0 0.5479587186704195 0.3672297167397715 0.013038466693472767 0.031801336294990525
0 0.4844819729258812 0.2566822143809949 0.012352231604342592 0.028772637600229505
0 0.09367108966626457 0.6042253896048199 0.01990081758477416 0.03937308303189306
0 0.0703390966358397 0.444461533456177 0.014410936871733 0.031801336294990525
0 0.5404101326899879 0.5996823415626784 0.022645757941294718 0.039373083031892964
0 0.12661037394451147 0.5633379572255464 0.021273287763034446 0.03937308303189306
0 0.030194343921726312 0.25213916633885336 0.0205870526739043 0.03785873368451252
0 0.469041683420453 0.2566822143809949 0.013038466693472705 0.028772637600229505
0 0.4525720412813296 0.33315685642371023 0.014410936871732992 0.030286986947609992
0 0.5486449537595497 0.33239968175002 0.013038466693472705 0.028772637600229505
0 0.4837957378367511 0.21882348069648236 0.013724701782602879 0.031801336294990504
0 0.09435732475539473 0.2930265987181269 0.021273287763034433 0.0408874323792735
0 0.4137997587454765 0.6011966909100589 0.02195952285216461 0.04845917911617608
0 0.4457096903900281 0.6011966909100589 0.022645757941294718 0.03937308303189287
0 0.09504355984452487 0.21200890863327013 0.022645757941294718 0.042401781726654014
0 0.15783407049993298 0.5633379572255464 0.02058705267390432 0.03937308303189306
0 0.5400670151454229 0.5595520838570951 0.021959522852164546 0.03785873368451248
0 0.253563865433588 0.5633379572255464 0.022645757941294718 0.03937308303189306
0 0.5328615467095563 0.368744066087152 0.01578340704999328 0.0348300349897515
0 0.15783407049993298 0.5186646514778216 0.02195952285216461 0.043916131074034526
0 0.349293660367243 0.17717887364351861 0.020587052673904257 0.03937308303189303
0 0.062104275566277976 0.2536535156862339 0.01990081758477416 0.03785873368451257
0 0.5400670151454229 0.29454094806550746 0.02058705267390432 0.03785873368451248
0 0.5496743063932449 0.4058456250979743 0.015097171960863168 0.030286986947610037
0 0.5088433185900013 0.5981679922152978 0.021273287763034495 0.042401781726654035
0 0.19008711968904973 0.5625807825518562 0.02058705267390432 0.03785873368451267
0 0.09435732475539473 0.5625807825518561 0.019900817584774144 0.040887432379273544
0 0.11974802305321001 0.3301281577289492 0.014410936871733008 0.033315685642371015
0 0.06210427556627798 0.21276608330696037 0.02264575794129473 0.040887432379273524
0 0.3815467095563597 0.6019538655837492 0.02195952285216461 0.043916131074034526
0 0.030194343921726312 0.5224505248462729 0.023331993030424877 0.04543048042141492
0 0.3887521779922262 0.33315685642371023 0.014410936871732992 0.030286986947609992
0 0.22199705133360137 0.5640951318992365 0.021273287763034464 0.03785873368451267
0 0.030194343921726312 0.5640951318992365 0.02195952285216459 0.040887432379273544
0 0.09435732475539473 0.5216933501725826 0.019900817584774144 0.043916131074034526
0 0.445023455300898 0.5625807825518562 0.021273287763034433 0.03785873368451267
0 0.1262672563999464 0.2506248169914729 0.020587052673904305 0.03483003498975155
0 0.31806996381182145 0.2536535156862339 0.021273287763034433 0.03785873368451257
0 0.253563865433588 0.5224505248462729 0.022645757941294718 0.042401781726654035
0 0.02985122637716124 0.29151224937074643 0.024018228119555025 0.040887432379273544
0 0.4137997587454765 0.5201790008252022 0.02195952285216461 0.04391613107403443
0 0.3815467095563597 0.2952981227391977 0.02195952285216461 0.042401781726654035
0 0.4765902694008846 0.6019538655837492 0.022645757941294718 0.043916131074034526
0 0.15852030558906313 0.2544106903599242 0.02058705267390432 0.03634438433713204
0 0.22199705133360137 0.2544106903599242 0.021273287763034464 0.03634438433713204
0 0.2216539337890363 0.5216933501725826 0.02058705267390432 0.04694482976879531
0 0.12661037394451147 0.5216933501725826 0.022645757941294753 0.043916131074034526
0 0.1262672563999464 0.2922694240444367 0.023331993030424894 0.042401781726654035
0 0.19008711968904973 0.2536535156862339 0.02058705267390432 0.03785873368451257
0 0.3187561989009516 0.21655195667541163 0.019900817584774144 0.03634438433713201
0 0.19008711968904973 0.6034682149311297 0.02195952285216461 0.040887432379273544
0 0.3499798954563731 0.21503760732803115 0.02058705267390432 0.03634438433713201
0 0.030194343921726312 0.21200890863327013 0.023331993030424877 0.04543048042141501
0 0.3815467095563597 0.5610664332044757 0.020587052673904257 0.04088743237927364
0 0.09435732475539473 0.2536535156862339 0.022645757941294718 0.03785873368451257
0 0.47727650449001474 0.5633379572255464 0.021273287763034433 0.03937308303189306
0 0.38223294464548985 0.5201790008252022 0.021959522852164546 0.04391613107403443
0 0.1262672563999464 0.21276608330696037 0.02195952285216459 0.040887432379273524
0 0.15783407049993298 0.21276608330696037 0.02058705267390432 0.040887432379273524
0 0.5081570835008712 0.5595520838570951 0.019900817584774206 0.03785873368451248
0 0.22199705133360137 0.21276608330696037 0.021273287763034464 0.0439161310740345
0 0.5404101326899879 0.21730913134910188 0.022645757941294718 0.043916131074034526
0 0.5400670151454229 0.5194218261515118 0.021959522852164546 0.04240178172665394
0 0.5081570835008712 0.5186646514778216 0.021273287763034433 0.04088743237927336
0 0.3499798954563731 0.13401991724317436 0.019214582495643968 0.043916131074034526
0 0.19008711968904973 0.2945409480655074 0.02058705267390432 0.04694482976879555
0 0.44502345530089793 0.5216933501725826 0.022645757941294718 0.043916131074034526
0 0.4443372202117679 0.2930265987181269 0.022645757941294718 0.043916131074034526
0 0.4443372202117679 0.2157947820017214 0.021273287763034495 0.040887432379273544
0 0.2861600321672698 0.3642010180450105 0.026076933386945503 0.043916131074034526
0 0.2549363356118483 0.2536535156862339 0.021273287763034433 0.03785873368451257
0 0.19077335477817986 0.5201790008252022 0.02195952285216461 0.04391613107403443
0 0.3815467095563597 0.2157947820017214 0.020587052673904257 0.040887432379273544
0 0.5404101326899879 0.2566822143809949 0.021273287763034433 0.03785873368451257
0 0.19008711968904973 0.21200890863327013 0.02195952285216461 0.042401781726654014
0 0.3815467095563597 0.2566822143809949 0.020587052673904257 0.03785873368451257
0 0.2549363356118483 0.21200890863327013 0.021273287763034433 0.03937308303189303
0 0.47727650449001474 0.5201790008252022 0.019900817584774206 0.04391613107403443
0 0.41242728856721617 0.2157947820017214 0.020587052673904257 0.040887432379273544
0 0.3499798954563731 0.2566822143809949 0.02058705267390432 0.0408874323792735
0 0.41242728856721617 0.2566822143809949 0.020587052673904257 0.03785873368451257
0 0.41242728856721617 0.29605529741288794 0.020587052673904257 0.043916131074034526
0 0.3184130813563866 0.1741501749487576 0.02058705267390432 0.042401781726654014
0 0.2861600321672698 0.405088450424284 0.024704463208685183 0.0408874323792735
0 0.2861600321672698 0.20746586059112865 0.026076933386945503 0.027258288252849015
0 0.037056694813027743 0.7518744509744187 0.017842112317383727 0.03785873368451248
0 0.29405173569226645 0.6360267258998105 0.01303846669347283 0.02725828825284897
0 0.24704463208685165 0.7927618833536922 0.013724701782602848 0.031801336294990525
0 0.5342340168878166 0.7117441932688354 0.014410936871732992 0.030286986947610037
0 0.24704463208685165 0.713258542616216 0.015097171960863137 0.033315685642371015
0 0.037399812357592814 0.6738854595843229 0.017155877228253583 0.033315685642371015
0 0.0545556895858464 0.6390554245945714 0.013038466693472712 0.030286986947609944
0 0.5026672027878301 0.7511172763007286 0.014410936871733055 0.030286986947610037
0 0.5338908993432516 0.7518744509744187 0.015097171960863104 0.031801336294990525
0 0.5496743063932449 0.6390554245945715 0.013724701782602879 0.033315685642371015
0 0.03671357726846267 0.6405697739419519 0.014410936871733008 0.02725828825284897
0 0.229545637314033 0.6753998089317034 0.014410936871733023 0.030286986947610037
0 0.5163919045704329 0.6776713329527743 0.013038466693472705 0.031801336294990525
0 0.5153625519367377 0.21655195667541163 0.013724701782602879 0.02725828825284904
0 0.2614555689585846 0.6746426342580133 0.013724701782602879 0.028772637600229644
0 0.48482509047044636 0.2922694240444367 0.014410936871732992 0.030286986947610037
0 0.3177268462672564 0.29378377339181716 0.021959522852164546 0.030286986947609992
0 0.07068221418040477 0.3301281577289492 0.012352231604342585 0.030286986947610037
0 0.1592065406781933 0.29151224937074643 0.02195952285216461 0.040887432379273544
0 0.5019809676986998 0.713258542616216 0.014410936871732992 0.030286986947609944
0 0.0703390966358397 0.4838346164880701 0.014410936871733 0.028772637600229644
0 0.5345771344323818 0.7927618833536922 0.015097171960863168 0.0348300349897515
0 0.1506286020640665 0.6746426342580132 0.013038466693472705 0.03180133629499062
0 0.15783407049993298 0.6011966909100589 0.02195952285216461 0.03937308303189287
0 0.5170781396595631 0.752631625648109 0.013038466693472767 0.030286986947610037
0 0.2861600321672698 0.29605529741288794 0.027449403565205758 0.031801336294990525
0 0.16641200911405976 0.6746426342580133 0.013038466693472705 0.028772637600229644
0 0.5493311888486798 0.7927618833536922 0.014410936871732992 0.031801336294990525
0 0.22851628468033774 0.6390554245945714 0.016469642139123455 0.030286986947609944
0 0.287189384800965 0.2672826598126585 0.026763168476075648 0.028772637600229505
0 0.2865031497118349 0.14386318800114758 0.02950810883259619 0.027258288252849015
0 0.25802439351293394 0.2945409480655074 0.013724701782602879 0.03483003498975155
0 0.5019809676986998 0.7897331846589313 0.014410936871732992 0.031801336294990434
0 0.46869856587588793 0.21503760732803115 0.013724701782602879 0.030286986947610037
0 0.5493311888486798 0.7511172763007286 0.014410936871732992 0.033315685642371015
0 0.16641200911405976 0.6390554245945713 0.013038466693472705 0.027258288252848876
0 0.5338908993432516 0.6360267258998104 0.015097171960863104 0.030286986947610037
0 0.06999597909127464 0.6011966909100589 0.013724701782602856 0.033315685642371015
0 0.2861600321672698 0.11433337572722782 0.027449403565205758 0.03483003498975153
