0 0.509220 0.566092 0.025532 0.044061
0 0.509220 0.609195 0.025532 0.034483
0 0.056028 0.761494 0.038298 0.044061
0 0.055319 0.732759 0.036879 0.036398
0 0.495745 0.320881 0.041135 0.044061
0 0.512057 0.660920 0.022695 0.022989
0 0.056028 0.800766 0.041135 0.049808
0 0.307801 0.387931 0.036879 0.040230
0 0.682979 0.649425 0.038298 0.034483
0 0.808511 0.573755 0.036879 0.040230
0 0.118440 0.613985 0.041135 0.040230
0 0.118440 0.537356 0.038298 0.040230
0 0.307801 0.574713 0.036879 0.034483
0 0.054610 0.609195 0.038298 0.038314
0 0.870922 0.654215 0.034043 0.036398
0 0.119858 0.923372 0.035461 0.038314
0 0.245390 0.730843 0.034043 0.040230
0 0.870922 0.614943 0.036879 0.042146
0 0.681560 0.882184 0.038298 0.040230
0 0.182270 0.807471 0.038298 0.040230
0 0.244681 0.690613 0.038298 0.040230
0 0.681560 0.423372 0.038298 0.034483
0 0.370213 0.613985 0.036879 0.040230
0 0.932624 0.313218 0.035461 0.040230
0 0.307801 0.348659 0.036879 0.038314
0 0.620567 0.842912 0.038298 0.042146
0 0.870922 0.727011 0.036879 0.036398
0 0.495745 0.408046 0.038298 0.042146
0 0.619858 0.882184 0.036879 0.040230
0 0.370213 0.650383 0.039716 0.040230
0 0.872340 0.386015 0.034043 0.036398
0 0.307801 0.465517 0.036879 0.038314
0 0.307801 0.270115 0.036879 0.038314
0 0.055319 0.537356 0.039716 0.040230
0 0.182979 0.655172 0.036879 0.042146
0 0.745390 0.613985 0.035461 0.040230
0 0.556738 0.386973 0.035461 0.038314
0 0.619858 0.922414 0.039716 0.036398
0 0.870213 0.538314 0.035461 0.034483
0 0.307801 0.692529 0.036879 0.044061
0 0.370922 0.923372 0.035461 0.034483
0 0.182270 0.307471 0.038298 0.044061
0 0.056028 0.305556 0.038298 0.040230
0 0.370922 0.729885 0.035461 0.038314
0 0.118440 0.423372 0.035461 0.038314
0 0.434043 0.271073 0.036879 0.040230
0 0.934043 0.348659 0.035461 0.038314
0 0.556028 0.574713 0.036879 0.038314
0 0.435461 0.388889 0.036879 0.034483
0 0.370213 0.767241 0.036879 0.040230
0 0.370922 0.690613 0.035461 0.040230
0 0.119858 0.691571 0.038298 0.042146
0 0.307801 0.539272 0.039716 0.040230
0 0.118440 0.573755 0.041135 0.040230
0 0.745390 0.690613 0.035461 0.036398
0 0.620567 0.690613 0.035461 0.040230
0 0.182270 0.729885 0.038298 0.038314
0 0.808511 0.387931 0.034043 0.036398
0 0.870922 0.574713 0.036879 0.038314
0 0.870922 0.767241 0.036879 0.040230
0 0.619858 0.651341 0.036879 0.038314
0 0.055319 0.462644 0.036879 0.040230
0 0.307801 0.651341 0.036879 0.038314
0 0.934043 0.423372 0.038298 0.038314
0 0.245390 0.500000 0.036879 0.042146
0 0.243262 0.463602 0.035461 0.034483
0 0.681560 0.846743 0.038298 0.038314
0 0.556028 0.650383 0.036879 0.036398
0 0.118440 0.346743 0.041135 0.042146
0 0.434752 0.423372 0.035461 0.038314
0 0.243262 0.846743 0.035461 0.038314
0 0.556028 0.690613 0.036879 0.040230
0 0.682270 0.387931 0.036879 0.040230
0 0.744681 0.887931 0.036879 0.040230
0 0.809220 0.805556 0.038298 0.040230
0 0.056028 0.690613 0.038298 0.040230
0 0.807801 0.613027 0.035461 0.038314
0 0.371631 0.387931 0.036879 0.040230
0 0.681560 0.807471 0.038298 0.040230
0 0.370213 0.499042 0.034043 0.040230
0 0.434752 0.463602 0.035461 0.042146
0 0.243262 0.423372 0.035461 0.038314
0 0.054610 0.347701 0.038298 0.040230
0 0.871631 0.423372 0.035461 0.042146
0 0.556028 0.499042 0.036879 0.036398
0 0.118440 0.463602 0.035461 0.034483
0 0.620567 0.539272 0.035461 0.040230
0 0.495035 0.272989 0.039716 0.047893
0 0.620567 0.386973 0.035461 0.038314
0 0.808511 0.843870 0.036879 0.040230
0 0.055319 0.386973 0.039716 0.038314
0 0.182270 0.500000 0.038298 0.042146
0 0.244681 0.884100 0.038298 0.040230
0 0.870922 0.690613 0.036879 0.040230
0 0.181560 0.848659 0.036879 0.042146
0 0.682979 0.575670 0.035461 0.036398
0 0.681560 0.918582 0.038298 0.036398
0 0.370213 0.842912 0.036879 0.038314
0 0.119858 0.305556 0.038298 0.047893
0 0.370213 0.463602 0.039716 0.034483
0 0.745390 0.423372 0.035461 0.034483
0 0.556738 0.427203 0.035461 0.042146
0 0.932624 0.271073 0.038298 0.047893
0 0.746099 0.575670 0.036879 0.036398
0 0.682979 0.727011 0.038298 0.040230
0 0.870213 0.500000 0.038298 0.038314
0 0.434752 0.500000 0.035461 0.038314
0 0.056028 0.649425 0.038298 0.042146
0 0.745390 0.846743 0.038298 0.045977
0 0.307092 0.428161 0.038298 0.040230
0 0.243262 0.348659 0.035461 0.038314
0 0.307801 0.310345 0.039716 0.042146
0 0.745390 0.766284 0.038298 0.042146
0 0.682979 0.689655 0.035461 0.038314
0 0.370213 0.310345 0.039716 0.042146
0 0.807801 0.422414 0.035461 0.040230
0 0.809220 0.766284 0.038298 0.042146
0 0.681560 0.767241 0.038298 0.040230
0 0.371631 0.424330 0.036879 0.040230
0 0.556738 0.346743 0.035461 0.042146
0 0.370213 0.575670 0.036879 0.036398
0 0.182270 0.427203 0.035461 0.038314
0 0.808511 0.729885 0.036879 0.038314
0 0.556028 0.539272 0.036879 0.040230
0 0.182270 0.386973 0.038298 0.042146
0 0.681560 0.346743 0.038298 0.042146
0 0.808511 0.690613 0.036879 0.040230
0 0.619858 0.424330 0.034043 0.040230
0 0.621277 0.500000 0.034043 0.038314
0 0.244681 0.310345 0.038298 0.042146
0 0.432624 0.539272 0.039716 0.040230
0 0.745390 0.346743 0.035461 0.042146
0 0.621277 0.346743 0.036879 0.042146
0 0.745390 0.651341 0.035461 0.038314
0 0.370213 0.348659 0.039716 0.038314
0 0.620567 0.462644 0.035461 0.036398
0 0.745390 0.387931 0.038298 0.040230
0 0.245390 0.538314 0.034043 0.034483
0 0.182270 0.613985 0.038298 0.040230
0 0.512057 0.635057 0.022695 0.021073
0 0.509220 0.890805 0.025532 0.026820
0 0.509929 0.684866 0.024113 0.028736
0 0.869504 0.846743 0.039716 0.038314
0 0.620567 0.575670 0.035461 0.036398
0 0.369504 0.270115 0.035461 0.038314
0 0.370213 0.805556 0.034043 0.036398
0 0.620567 0.766284 0.035461 0.042146
0 0.118440 0.651341 0.041135 0.038314
0 0.934043 0.386973 0.035461 0.034483
0 0.871631 0.464559 0.035461 0.040230
0 0.746099 0.539272 0.036879 0.040230
0 0.808511 0.650383 0.036879 0.040230
0 0.433333 0.348659 0.038298 0.042146
0 0.369504 0.539272 0.038298 0.040230
0 0.743972 0.726054 0.038298 0.038314
0 0.745390 0.500000 0.035461 0.038314
0 0.682270 0.461686 0.036879 0.038314
0 0.682270 0.499042 0.036879 0.040230
0 0.809220 0.346743 0.035461 0.042146
0 0.745390 0.461686 0.038298 0.038314
0 0.682270 0.539272 0.036879 0.040230
0 0.808511 0.498084 0.039716 0.042146
0 0.497163 0.496169 0.038298 0.030651
0 0.495745 0.468391 0.041135 0.028736
0 0.495035 0.363027 0.039716 0.040230
0 0.496454 0.522989 0.039716 0.019157
0 0.244681 0.923372 0.038298 0.038314
0 0.808511 0.539272 0.036879 0.040230
0 0.118440 0.731801 0.041135 0.034483
0 0.243262 0.807471 0.035461 0.040230
0 0.243262 0.387931 0.035461 0.036398
0 0.808511 0.883142 0.036879 0.034483
0 0.556738 0.464559 0.035461 0.036398
0 0.434043 0.311303 0.036879 0.036398
0 0.307092 0.502874 0.038298 0.036398
0 0.809220 0.458812 0.032624 0.036398
0 0.118440 0.846743 0.035461 0.042146
0 0.621277 0.727011 0.036879 0.036398
0 0.118440 0.386973 0.038298 0.038314
0 0.182270 0.766284 0.038298 0.034483
0 0.181560 0.884100 0.036879 0.036398
0 0.055319 0.423372 0.036879 0.034483
0 0.370213 0.883142 0.031206 0.034483
0 0.055319 0.574713 0.036879 0.034483
0 0.118440 0.767241 0.041135 0.040230
0 0.118440 0.806513 0.041135 0.038314
0 0.870213 0.923372 0.038298 0.038314
0 0.244681 0.767241 0.038298 0.040230
0 0.744681 0.924330 0.039716 0.028736
0 0.556738 0.613985 0.035461 0.040230
0 0.182270 0.691571 0.038298 0.034483
0 0.056028 0.847701 0.035461 0.040230
0 0.118440 0.884100 0.035461 0.036398
0 0.745390 0.805556 0.035461 0.036398
0 0.054610 0.498084 0.038298 0.034483
0 0.243262 0.573755 0.035461 0.040230
0 0.509929 0.918582 0.024113 0.028736
0 0.181560 0.540230 0.034043 0.034483
0 0.871631 0.341954 0.035461 0.040230
0 0.307801 0.613985 0.036879 0.040230
0 0.244681 0.654215 0.035461 0.040230
0 0.057447 0.924330 0.038298 0.040230
0 0.869504 0.883142 0.039716 0.042146
0 0.181560 0.346743 0.036879 0.034483
0 0.181560 0.924330 0.039716 0.036398
0 0.118440 0.499042 0.035461 0.036398
0 0.805674 0.919540 0.039716 0.038314
0 0.181560 0.462644 0.036879 0.032567
0 0.682270 0.613985 0.034043 0.040230
0 0.869504 0.807471 0.039716 0.040230
0 0.620567 0.802682 0.038298 0.034483
0 0.243262 0.614943 0.035461 0.042146
0 0.056028 0.884100 0.035461 0.040230
0 0.182979 0.575670 0.036879 0.040230
0 0.496454 0.816092 0.034043 0.038314
0 0.619149 0.613985 0.035461 0.040230
