0 0.133455 0.570765 0.032819 0.038162
0 0.653226 0.881555 0.036783 0.036732
0 0.648761 0.591670 0.032784 0.036612
0 0.490608 0.258341 0.032715 0.033512
0 0.405052 0.817698 0.036714 0.033633
0 0.650987 0.811056 0.038012 0.032123
0 0.703069 0.664476 0.036783 0.036732
0 0.235303 0.711927 0.035416 0.035142
0 0.597800 0.848331 0.036679 0.032083
0 0.702017 0.557495 0.036714 0.033633
0 0.751353 0.227990 0.032888 0.041261
0 0.866090 0.588217 0.035450 0.036692
0 0.295235 0.857456 0.036818 0.038282
0 0.453330 0.560342 0.035381 0.033592
0 0.865670 0.479666 0.036714 0.033633
0 0.403621 0.633958 0.036679 0.032083
0 0.455836 0.672707 0.035485 0.038242
0 0.701204 0.521073 0.036818 0.038282
0 0.101742 0.315046 0.028717 0.033391
0 0.865541 0.443999 0.035450 0.036692
0 0.106651 0.535127 0.028786 0.036491
0 0.174138 0.421426 0.032715 0.033512
0 0.240715 0.894771 0.032750 0.035062
0 0.698732 0.410257 0.036714 0.033633
0 0.752901 0.267491 0.036714 0.033633
0 0.285375 0.385502 0.035450 0.036692
0 0.130948 0.458399 0.030188 0.039631
0 0.233532 0.602642 0.036783 0.036732
0 0.651378 0.738927 0.036783 0.036732
0 0.103204 0.350672 0.030119 0.036531
0 0.406677 0.890542 0.036783 0.036732
0 0.129733 0.314201 0.028786 0.036491
0 0.545297 0.886361 0.036783 0.036732
0 0.407197 0.854080 0.036818 0.038282
0 0.812354 0.481274 0.036714 0.033633
0 0.592780 0.593358 0.035381 0.033592
0 0.460572 0.885039 0.035416 0.035142
0 0.179568 0.605045 0.032612 0.028862
0 0.698861 0.445924 0.035381 0.033592
0 0.595397 0.740616 0.036783 0.036732
0 0.343484 0.419420 0.032784 0.036612
0 0.863198 0.368851 0.036679 0.032083
0 0.544210 0.777830 0.036783 0.036732
0 0.450927 0.452626 0.032681 0.031962
0 0.698569 0.373041 0.032784 0.036612
0 0.864677 0.405253 0.038116 0.036772
0 0.699107 0.337353 0.035450 0.036692
0 0.454159 0.597539 0.035450 0.036692
0 0.648000 0.557573 0.035381 0.033592
0 0.541738 0.667015 0.036748 0.035182
0 0.537985 0.558564 0.036818 0.038282
0 0.292832 0.749741 0.036783 0.036732
0 0.287520 0.421884 0.038012 0.032123
0 0.811296 0.553424 0.036887 0.041382
0 0.806421 0.334892 0.034014 0.032002
0 0.538798 0.594986 0.036783 0.036732
0 0.536086 0.413612 0.034048 0.033552
0 0.653712 0.843543 0.036818 0.038282
0 0.862454 0.335529 0.036783 0.036732
0 0.806942 0.298430 0.036852 0.039832
0 0.404257 0.782051 0.036783 0.036732
0 0.650841 0.774614 0.036783 0.036732
0 0.294423 0.821034 0.036783 0.036732
0 0.543672 0.813517 0.036783 0.036732
0 0.459760 0.848617 0.038185 0.039872
0 0.650583 0.703280 0.036783 0.036732
0 0.399757 0.490616 0.038116 0.036772
0 0.289256 0.529619 0.036783 0.036732
0 0.590751 0.412739 0.036748 0.035182
0 0.862975 0.299067 0.036818 0.038282
0 0.180526 0.677909 0.036818 0.038282
0 0.177960 0.532976 0.040782 0.036853
0 0.229324 0.384091 0.035450 0.036692
0 0.591301 0.556956 0.036818 0.038282
0 0.544485 0.849939 0.039483 0.038363
0 0.396976 0.306142 0.032854 0.039711
0 0.646410 0.486279 0.035450 0.036692
0 0.341661 0.307810 0.034117 0.036652
0 0.291208 0.676897 0.036783 0.036732
0 0.537711 0.486455 0.036783 0.036732
0 0.174951 0.457848 0.038150 0.038322
0 0.230494 0.346833 0.036783 0.036732
0 0.591009 0.484073 0.036818 0.038282
0 0.649685 0.662984 0.036852 0.039832
0 0.594353 0.663877 0.038150 0.038322
0 0.643990 0.377788 0.035381 0.033592
0 0.346914 0.603100 0.036818 0.038282
0 0.642528 0.342162 0.036852 0.039832
0 0.398438 0.341768 0.036783 0.036732
0 0.230137 0.420512 0.038150 0.038322
0 0.702145 0.593162 0.038116 0.036772
0 0.290864 0.601688 0.036818 0.038282
0 0.754911 0.447336 0.038116 0.036772
0 0.232480 0.495661 0.036783 0.036732
0 0.343953 0.380633 0.035450 0.036692
0 0.293336 0.712504 0.036783 0.036732
0 0.287777 0.493218 0.038081 0.035223
0 0.348539 0.675943 0.039552 0.041462
0 0.397268 0.379026 0.038116 0.036772
0 0.642980 0.302600 0.036887 0.041382
0 0.447712 0.308489 0.032819 0.038162
0 0.451968 0.379702 0.038081 0.035223
0 0.172462 0.346257 0.040885 0.041502
0 0.450115 0.416204 0.035450 0.036692
0 0.346050 0.564353 0.036887 0.041382
0 0.758689 0.586804 0.039587 0.043012
0 0.344554 0.527176 0.035485 0.038242
0 0.286347 0.309478 0.040851 0.039953
0 0.400132 0.417712 0.036783 0.036732
0 0.289385 0.565286 0.038116 0.036772
0 0.293627 0.785388 0.036783 0.036732
0 0.754988 0.480678 0.036748 0.035182
0 0.591821 0.520494 0.036783 0.036732
0 0.867680 0.659511 0.038116 0.036772
0 0.458041 0.741656 0.034048 0.033552
0 0.170774 0.898432 0.026016 0.031761
0 0.757717 0.662828 0.036783 0.036732
0 0.759880 0.699984 0.036783 0.036732
0 0.456614 0.707579 0.035381 0.033592
0 0.168551 0.828708 0.024683 0.031721
0 0.761453 0.770503 0.036679 0.032083
0 0.168874 0.753479 0.028647 0.030292
0 0.294680 0.892369 0.036714 0.033633
0 0.763189 0.878239 0.038116 0.036772
0 0.599244 0.883183 0.035381 0.033592
0 0.458965 0.812970 0.035381 0.033592
0 0.454955 0.633186 0.038116 0.036772
0 0.760675 0.735631 0.036783 0.036732
0 0.104811 0.422741 0.027280 0.028702
0 0.452535 0.524695 0.038185 0.039872
0 0.760932 0.806965 0.036783 0.036732
0 0.868493 0.695933 0.038150 0.038322
0 0.495608 0.362877 0.030153 0.038081
0 0.105752 0.494830 0.031451 0.036571
0 0.870083 0.767227 0.037805 0.022824
0 0.491352 0.291664 0.032612 0.028862
0 0.507469 0.775061 0.024683 0.031721
0 0.860778 0.260360 0.036541 0.025883
0 0.594224 0.628210 0.036472 0.022783
0 0.285465 0.269956 0.037874 0.025923
0 0.642765 0.263058 0.037839 0.024374
0 0.757894 0.551157 0.036437 0.021234
0 0.396830 0.269700 0.036472 0.022783
0 0.402809 0.597537 0.036506 0.024333
0 0.871059 0.840866 0.036783 0.036732
0 0.493199 0.434291 0.027418 0.034901
0 0.873169 0.875697 0.039414 0.035263
0 0.494421 0.399359 0.028647 0.030292
0 0.128674 0.386351 0.028682 0.031841
0 0.866465 0.515313 0.036852 0.039832
0 0.871510 0.801304 0.039552 0.041462
0 0.761728 0.842612 0.036783 0.036732
0 0.869322 0.733130 0.038150 0.038322
0 0.597654 0.811889 0.032784 0.036612
0 0.104682 0.387074 0.028820 0.038041
0 0.104974 0.459958 0.026085 0.034861
0 0.491163 0.223429 0.032681 0.031962
0 0.194268 0.755815 0.028647 0.030292
0 0.198764 0.897588 0.028613 0.028742
0 0.448507 0.344136 0.035416 0.035142
0 0.646539 0.521946 0.036783 0.036732
0 0.135974 0.534242 0.028717 0.033391
0 0.130820 0.422732 0.028717 0.033391
0 0.133846 0.498635 0.028717 0.033391
0 0.866885 0.623864 0.035519 0.039792
0 0.458836 0.777303 0.034117 0.036652
0 0.129212 0.350663 0.028751 0.034941
0 0.490437 0.190882 0.032612 0.028862
0 0.538926 0.630653 0.035450 0.036692
0 0.865295 0.552570 0.035381 0.033592
0 0.648889 0.627337 0.036783 0.036732
0 0.237904 0.858410 0.036783 0.036732
0 0.289010 0.638190 0.034186 0.039752
0 0.404795 0.746364 0.036783 0.036732
0 0.811559 0.445627 0.036783 0.036732
0 0.178364 0.640752 0.036818 0.038282
0 0.537547 0.449239 0.035450 0.036692
0 0.538506 0.522102 0.036783 0.036732
0 0.700989 0.481531 0.032854 0.039711
0 0.230984 0.458484 0.038047 0.033673
0 0.233012 0.639104 0.036818 0.038282
0 0.398927 0.453419 0.035450 0.036692
0 0.589273 0.376337 0.032715 0.033512
0 0.178742 0.717511 0.039449 0.036813
0 0.237577 0.783976 0.036852 0.039832
0 0.533666 0.305121 0.034117 0.036652
0 0.236765 0.747554 0.036748 0.035182
0 0.198670 0.863470 0.030084 0.034981
0 0.404434 0.670380 0.036852 0.039832
0 0.288298 0.456756 0.040782 0.036853
0 0.751696 0.303198 0.035450 0.036692
0 0.754783 0.411669 0.039449 0.036813
0 0.587682 0.305043 0.032784 0.036612
0 0.342981 0.456657 0.035450 0.036692
0 0.645598 0.449857 0.035416 0.035142
0 0.342491 0.345007 0.036783 0.036732
0 0.346376 0.638787 0.036748 0.035182
0 0.644751 0.411885 0.035450 0.036692
0 0.753773 0.336480 0.040747 0.035303
0 0.534496 0.342318 0.036783 0.036732
0 0.345091 0.491489 0.032681 0.031962
0 0.196473 0.824764 0.032819 0.038162
0 0.810483 0.517002 0.036783 0.036732
0 0.177148 0.496554 0.035416 0.035142
0 0.753304 0.375267 0.038150 0.038322
0 0.173343 0.385779 0.038116 0.036772
0 0.402100 0.565764 0.036748 0.035182
0 0.807866 0.369744 0.035450 0.036692
0 0.232737 0.566995 0.036852 0.039832
0 0.757185 0.519385 0.036887 0.041382
0 0.588477 0.340690 0.035450 0.036692
0 0.698312 0.301706 0.035450 0.036692
0 0.230348 0.310391 0.035485 0.038242
0 0.171615 0.308286 0.035450 0.036692
0 0.541398 0.741469 0.038150 0.038322
0 0.810764 0.409980 0.034117 0.036652
0 0.285895 0.349040 0.038081 0.035223
0 0.401236 0.527018 0.036818 0.038282
0 0.595234 0.703399 0.038185 0.039872
0 0.405332 0.710677 0.036783 0.036732
0 0.535291 0.377965 0.031382 0.033472
0 0.702274 0.628829 0.036783 0.036732
0 0.178158 0.571743 0.036783 0.036732
0 0.452389 0.488253 0.034083 0.035102
0 0.590214 0.448426 0.036679 0.032083
0 0.237109 0.822763 0.036783 0.036732
0 0.232591 0.530553 0.032681 0.031962
0 0.540586 0.705047 0.038116 0.036772
0 0.759588 0.627100 0.039449 0.036813
0 0.196344 0.789097 0.028682 0.031841
0 0.596859 0.776242 0.035450 0.036692
0 0.170628 0.861990 0.030119 0.036531
0 0.169020 0.789921 0.027418 0.034901
0 0.233824 0.675526 0.036783 0.036732
