0 0.265292 0.362862 0.038407 0.040886
0 0.816501 0.838160 0.042674 0.040886
0 0.145804 0.522147 0.038407 0.035775
0 0.483642 0.229131 0.034139 0.039182
0 0.817212 0.362862 0.038407 0.037479
0 0.642248 0.522147 0.038407 0.039182
0 0.528450 0.364566 0.038407 0.037479
0 0.528450 0.560477 0.038407 0.034072
0 0.699147 0.758092 0.038407 0.037479
0 0.145092 0.798126 0.039829 0.042589
0 0.642959 0.719761 0.036984 0.039182
0 0.815078 0.683135 0.039829 0.037479
0 0.817212 0.720613 0.038407 0.037479
0 0.146515 0.443782 0.042674 0.042589
0 0.585349 0.638842 0.038407 0.037479
0 0.086060 0.277683 0.041252 0.040886
0 0.204836 0.877342 0.042674 0.040886
0 0.264580 0.321976 0.039829 0.037479
0 0.817212 0.563032 0.038407 0.035775
0 0.437411 0.280239 0.035562 0.045997
0 0.264580 0.441227 0.039829 0.037479
0 0.758890 0.364566 0.038407 0.037479
0 0.529872 0.325383 0.038407 0.040886
0 0.701991 0.324532 0.038407 0.042589
0 0.324324 0.164395 0.042674 0.045997
0 0.204836 0.917376 0.039829 0.035775
0 0.266003 0.242760 0.039829 0.039182
0 0.583926 0.719761 0.038407 0.039182
0 0.205548 0.761499 0.038407 0.040886
0 0.815078 0.798126 0.039829 0.039182
0 0.527027 0.797274 0.038407 0.040886
0 0.437411 0.440375 0.038407 0.042589
0 0.086060 0.918228 0.038407 0.040886
0 0.527027 0.637990 0.038407 0.042589
0 0.264580 0.403748 0.039829 0.040886
0 0.758179 0.918228 0.039829 0.037479
0 0.875533 0.563032 0.038407 0.035775
0 0.145092 0.880750 0.042674 0.040886
0 0.699858 0.638842 0.036984 0.034072
0 0.437411 0.400341 0.035562 0.030664
0 0.323613 0.444634 0.038407 0.040886
0 0.759602 0.797274 0.034139 0.037479
0 0.640114 0.918228 0.039829 0.037479
0 0.266003 0.195911 0.042674 0.044293
0 0.640114 0.877342 0.039829 0.040886
0 0.440256 0.560477 0.032717 0.034072
0 0.817923 0.283646 0.036984 0.042589
0 0.145092 0.839864 0.042674 0.040886
0 0.817212 0.644804 0.038407 0.039182
0 0.205548 0.358603 0.035562 0.035775
0 0.757468 0.758092 0.035562 0.037479
0 0.323613 0.484668 0.035562 0.035775
0 0.815078 0.917376 0.042674 0.039182
0 0.485064 0.266610 0.034139 0.035775
0 0.583926 0.873935 0.038407 0.037479
0 0.204836 0.318569 0.039829 0.040886
0 0.485775 0.399489 0.029872 0.028961
0 0.276671 0.478705 0.029872 0.030664
0 0.438834 0.754685 0.038407 0.034072
0 0.875533 0.641397 0.041252 0.045997
0 0.322191 0.201874 0.044097 0.025554
0 0.484353 0.352641 0.032717 0.023850
0 0.486486 0.375639 0.025605 0.022147
0 0.485775 0.331346 0.029872 0.025554
0 0.527027 0.678876 0.038407 0.039182
0 0.874822 0.284497 0.039829 0.040886
0 0.817923 0.483816 0.034139 0.040886
0 0.205548 0.839864 0.041252 0.037479
0 0.645092 0.364566 0.038407 0.037479
0 0.085349 0.676320 0.039829 0.037479
0 0.438834 0.718910 0.038407 0.040886
0 0.585349 0.443782 0.038407 0.042589
0 0.204125 0.519591 0.038407 0.037479
0 0.144381 0.679727 0.038407 0.037479
0 0.642248 0.403748 0.038407 0.040886
0 0.528450 0.519591 0.038407 0.040886
0 0.204836 0.400341 0.039829 0.040886
0 0.527738 0.599659 0.039829 0.040886
0 0.642959 0.560477 0.036984 0.037479
0 0.204836 0.559625 0.039829 0.042589
0 0.584637 0.403748 0.036984 0.037479
0 0.700569 0.560477 0.038407 0.037479
0 0.760313 0.444634 0.038407 0.037479
0 0.584637 0.281090 0.039829 0.040886
0 0.642248 0.482112 0.038407 0.037479
0 0.701991 0.403748 0.038407 0.037479
0 0.384068 0.280239 0.042674 0.045997
0 0.265292 0.560477 0.044097 0.037479
0 0.760313 0.484668 0.035562 0.039182
0 0.701991 0.484668 0.038407 0.039182
0 0.325036 0.241908 0.041252 0.044293
0 0.760313 0.524702 0.038407 0.037479
0 0.758179 0.679727 0.039829 0.037479
0 0.529872 0.281090 0.038407 0.040886
0 0.758890 0.600511 0.038407 0.039182
0 0.699858 0.600511 0.036984 0.039182
0 0.758890 0.563884 0.038407 0.040886
0 0.206259 0.242760 0.042674 0.039182
0 0.322902 0.522147 0.036984 0.035775
0 0.817212 0.759796 0.038407 0.040886
0 0.207681 0.160136 0.042674 0.040886
0 0.874822 0.525554 0.039829 0.039182
0 0.874111 0.798126 0.038407 0.032368
0 0.438834 0.522998 0.038407 0.037479
0 0.146515 0.321976 0.042674 0.040886
0 0.582504 0.836457 0.041252 0.040886
0 0.485064 0.189097 0.031294 0.030664
0 0.262447 0.760647 0.038407 0.035775
0 0.876956 0.403748 0.038407 0.034072
0 0.642248 0.758092 0.038407 0.037479
0 0.874111 0.836457 0.038407 0.040886
0 0.142959 0.754685 0.035562 0.037479
0 0.875533 0.877342 0.041252 0.040886
0 0.086060 0.877342 0.038407 0.037479
0 0.524893 0.913969 0.039829 0.039182
0 0.583926 0.914821 0.038407 0.037479
0 0.582504 0.798978 0.038407 0.034072
0 0.874111 0.719761 0.038407 0.039182
0 0.699858 0.873935 0.036984 0.037479
0 0.262447 0.720613 0.041252 0.044293
0 0.485064 0.157581 0.028450 0.032368
0 0.086060 0.836457 0.038407 0.040886
0 0.086060 0.798978 0.038407 0.034072
0 0.145804 0.638842 0.038407 0.040886
0 0.643670 0.324532 0.038407 0.042589
0 0.263869 0.873935 0.044097 0.037479
0 0.815078 0.877342 0.039829 0.037479
0 0.642959 0.638842 0.036984 0.037479
0 0.872688 0.761499 0.041252 0.040886
0 0.524893 0.873935 0.039829 0.037479
0 0.263869 0.678876 0.044097 0.042589
0 0.263869 0.836457 0.038407 0.037479
0 0.874822 0.327087 0.039829 0.040886
0 0.817212 0.444634 0.032717 0.034072
0 0.527738 0.836457 0.039829 0.037479
0 0.700569 0.795571 0.032717 0.034072
0 0.083215 0.440375 0.041252 0.039182
0 0.206970 0.201874 0.038407 0.039182
0 0.817923 0.325383 0.036984 0.034072
0 0.642248 0.798126 0.038407 0.039182
0 0.086060 0.359455 0.041252 0.040886
0 0.263869 0.638842 0.038407 0.040886
0 0.086060 0.399489 0.041252 0.039182
0 0.440256 0.917376 0.038407 0.042589
0 0.147226 0.923339 0.038407 0.040886
0 0.438122 0.794719 0.036984 0.039182
0 0.263869 0.914821 0.044097 0.040886
0 0.086060 0.638842 0.038407 0.037479
0 0.874822 0.441227 0.039829 0.037479
0 0.205548 0.638842 0.035562 0.037479
0 0.438834 0.877342 0.038407 0.037479
0 0.583926 0.761499 0.038407 0.040886
0 0.084637 0.760647 0.038407 0.042589
0 0.872688 0.918228 0.044097 0.040886
0 0.700569 0.911414 0.041252 0.037479
0 0.438834 0.638842 0.038407 0.037479
0 0.086060 0.318569 0.041252 0.040886
0 0.083215 0.557070 0.038407 0.037479
0 0.440256 0.321976 0.035562 0.037479
0 0.875533 0.599659 0.038407 0.034072
0 0.263158 0.797274 0.042674 0.037479
0 0.874111 0.682283 0.038407 0.035775
0 0.700569 0.833049 0.038407 0.040886
0 0.757468 0.879898 0.038407 0.035775
0 0.642248 0.836457 0.038407 0.037479
0 0.527027 0.757240 0.038407 0.039182
0 0.207681 0.280239 0.039829 0.039182
0 0.322191 0.559625 0.038407 0.039182
0 0.084637 0.478705 0.041252 0.037479
0 0.875533 0.366269 0.041252 0.037479
0 0.437411 0.483816 0.038407 0.040886
0 0.642959 0.600511 0.036984 0.039182
0 0.438122 0.836457 0.036984 0.040886
0 0.701280 0.366269 0.034139 0.037479
0 0.757468 0.642249 0.035562 0.037479
0 0.144381 0.719761 0.038407 0.035775
0 0.265292 0.281090 0.041252 0.037479
0 0.262447 0.601363 0.041252 0.040886
0 0.264580 0.516184 0.039829 0.044293
0 0.147226 0.362010 0.038407 0.039182
0 0.817212 0.522998 0.038407 0.037479
0 0.643670 0.443782 0.038407 0.039182
0 0.758890 0.282794 0.038407 0.040886
0 0.585349 0.519591 0.035562 0.037479
0 0.585349 0.483816 0.035562 0.034072
0 0.147226 0.402896 0.038407 0.039182
0 0.529872 0.443782 0.038407 0.039182
0 0.204125 0.441227 0.038407 0.037479
0 0.527738 0.718910 0.039829 0.040886
0 0.702703 0.283646 0.034139 0.042589
0 0.084637 0.519591 0.041252 0.037479
0 0.204125 0.718910 0.038407 0.040886
0 0.585349 0.558773 0.038407 0.040886
0 0.083215 0.597956 0.038407 0.037479
0 0.204125 0.481261 0.038407 0.039182
0 0.437411 0.597956 0.038407 0.037479
0 0.437411 0.678876 0.038407 0.039182
0 0.817923 0.406303 0.036984 0.039182
0 0.086060 0.718910 0.041252 0.040886
0 0.645092 0.279387 0.038407 0.044293
0 0.322191 0.318569 0.038407 0.040886
0 0.205548 0.798978 0.038407 0.040886
0 0.322191 0.638842 0.038407 0.040886
0 0.758890 0.720613 0.038407 0.037479
0 0.583215 0.600511 0.036984 0.039182
0 0.583926 0.678876 0.038407 0.042589
0 0.816501 0.601363 0.042674 0.044293
0 0.147937 0.279387 0.039829 0.044293
0 0.324324 0.361158 0.039829 0.040886
0 0.699858 0.522998 0.036984 0.037479
0 0.586060 0.324532 0.039829 0.039182
0 0.145804 0.483816 0.038407 0.037479
0 0.202703 0.678024 0.038407 0.037479
0 0.528450 0.481261 0.038407 0.035775
0 0.759602 0.324532 0.039829 0.042589
0 0.325036 0.282794 0.035562 0.034072
0 0.322191 0.403748 0.041252 0.040886
0 0.758179 0.839012 0.039829 0.042589
0 0.204125 0.601363 0.038407 0.037479
0 0.438834 0.362862 0.038407 0.040886
0 0.145092 0.559625 0.039829 0.039182
0 0.584637 0.364566 0.036984 0.037479
0 0.528450 0.403748 0.038407 0.037479
0 0.322191 0.599659 0.041252 0.040886
0 0.701280 0.444634 0.034139 0.037479
0 0.700569 0.717206 0.035562 0.037479
0 0.757468 0.403748 0.038407 0.037479
0 0.874822 0.483816 0.039829 0.040886
0 0.642959 0.678876 0.039829 0.039182
0 0.701991 0.678024 0.038407 0.037479
0 0.145804 0.599659 0.038407 0.040886
