0 0.2827751695357329 0.28131007040097944 0.02470526864893066 0.03291092745638203
0 0.2510589462702139 0.19824915824915823 0.020031298904538346 0.03917967554331196
0 0.3729160146061554 0.27895928986838076 0.019363588941053726 0.040746862565044346
0 0.4133124673969745 0.5869115396388124 0.013354199269692231 0.026642179369452065
0 0.2814397496087637 0.3972819100091827 0.02203442879499224 0.02977655341291707
0 0.5355033907146582 0.23742883379247015 0.013354199269692231 0.02977655341291707
0 0.4113093375065206 0.31422099785736146 0.013354199269692167 0.036045301499846985
0 0.2196765779864371 0.11597183960820324 0.022702138758476768 0.028209366391184577
0 0.3438706311945748 0.7475482093663912 0.021366718831507557 0.040746862565044395
0 0.28344287949921754 0.25466789103152737 0.024705268648930693 0.02977655341291702
0 0.18829420970266042 0.11753902662993572 0.020031298904538315 0.05014998469543923
0 0.39695357329160147 0.39179675543311904 0.012686489306207641 0.025074992347719562
0 0.39728742827334373 0.5876951331496786 0.013354199269692231 0.028209366391184567
0 0.15824726134585287 0.7146372819100092 0.022702138758476768 0.03761248852157949
0 0.4116431924882629 0.3894459749005204 0.012686489306207579 0.023507805325987247
0 0.39728742827334373 0.6652708907254362 0.013354199269692231 0.03291092745638198
0 0.3972874282733438 0.6245240281603918 0.01201877934272299 0.03291092745638198
0 0.2897861241523213 0.6307927762473217 0.013354199269692262 0.02977655341291707
0 0.1595826812728221 0.7498989898989898 0.020031298904538315 0.036045301499846985
0 0.4133124673969745 0.6652708907254362 0.013354199269692231 0.02977655341291707
0 0.4126447574334898 0.4294092439546985 0.013354199269692231 0.03134374043464953
0 0.2807720396452791 0.12615855524946434 0.02737610850286905 0.023507805325987154
0 0.4126447574334898 0.6268748086929905 0.013354199269692231 0.03134374043464957
0 0.22067814293166407 0.7498989898989898 0.019363588941053726 0.036045301499846985
0 0.4133124673969744 0.5093357820630547 0.01201877934272299 0.03134374043464948
0 0.5208137715179969 0.19824915824915826 0.013354199269692167 0.032910927456382
0 0.5355033907146584 0.19824915824915826 0.01201877934272299 0.032910927456382
0 0.2807720396452791 0.18884603611876338 0.02604068857589978 0.029776553412917045
0 0.3435367762128326 0.5908295071931435 0.022034428794992147 0.0438812366085093
0 0.5291601460615545 0.3933639424548515 0.020699008868022967 0.03447811447811448
0 0.28277516953573295 0.21940618304254672 0.026040688575899903 0.03761248852157944
0 0.3438706311945748 0.6691888582797674 0.021366718831507557 0.0407468625650443
0 0.39661971830985915 0.5093357820630547 0.01201877934272299 0.03447811447811457
0 0.28277516953573295 0.06112029384756658 0.026040688575899903 0.03134374043464953
0 0.4366823161189358 0.7459810223446588 0.020031298904538315 0.03761248852157939
0 0.033719353155972874 0.7146372819100092 0.02203442879499217 0.03761248852157949
0 0.39695357329160147 0.4317600244872972 0.012686489306207641 0.03604530149984703
0 0.41231090245174756 0.546164677073768 0.012686489306207641 0.03604530149984689
0 0.4366823161189358 0.707584940312213 0.020031298904538315 0.036045301499846985
0 0.03472091810119979 0.5931802877257422 0.02003129890453834 0.036045301499847075
0 0.52849243609807 0.4317600244872972 0.018028169014084546 0.03917967554331189
0 0.410641627543036 0.19824915824915826 0.01201877934272299 0.032910927456382
0 0.410641627543036 0.2366452402816039 0.01201877934272299 0.03447811447811448
0 0.0651017214397496 0.7530333639424549 0.02203442879499217 0.0423140495867769
0 0.39728742827334373 0.5477318640955003 0.013354199269692231 0.036045301499847075
0 0.034720918101199795 0.6300091827364555 0.022702138758476785 0.0438812366085094
0 0.3438706311945748 0.7091521273339456 0.021366718831507557 0.03917967554331199
0 0.41231090245174756 0.4701561065197429 0.012686489306207641 0.03134374043464948
0 0.34420448617631716 0.6300091827364555 0.020699008868022905 0.03761248852157949
0 0.4366823161189359 0.7859442913988368 0.021366718831507557 0.0423140495867769
0 0.064434011476265 0.5931802877257423 0.019363588941053726 0.03917967554331189
0 0.39561815336463224 0.19824915824915823 0.012686489306207579 0.036045301499846936
0 0.0651017214397496 0.7945638200183655 0.02203442879499217 0.0438812366085093
0 0.0654355764214919 0.7146372819100092 0.022702138758476792 0.0407468625650443
0 0.18896191966614503 0.39493112947658404 0.017360459050599894 0.03447811447811448
0 0.4366823161189359 0.5892623201714111 0.021366718831507557 0.0407468625650443
0 0.0651017214397496 0.556351392715029 0.02203442879499217 0.0376124885215793
0 0.3445383411580594 0.7882950719314356 0.0227021387584768 0.0438812366085093
0 0.15824726134585287 0.3964983164983165 0.020031298904538346 0.03761248852157944
0 0.3432029212310902 0.5508662381389654 0.020031298904538378 0.036045301499846985
0 0.15824726134585287 0.5547842056932966 0.020031298904538346 0.03761248852157949
0 0.2196765779864371 0.5547842056932966 0.020031298904538346 0.03761248852157949
0 0.22134585289514866 0.7882950719314356 0.019363588941053726 0.03761248852157949
0 0.5291601460615545 0.2734741352923171 0.019363588941053726 0.03604530149984689
0 0.1575795513823683 0.24213039485766757 0.018695878977569136 0.03917967554331189
0 0.03305164319248827 0.3964983164983165 0.01936358894105373 0.03761248852157944
0 0.52849243609807 0.4725068870523416 0.02203442879499221 0.03917967554331189
0 0.2513928012519562 0.7475482093663912 0.019363588941053726 0.040746862565044395
0 0.39695357329160147 0.31422099785736146 0.012686489306207641 0.036045301499846985
0 0.0651017214397496 0.6746740128558311 0.02203442879499217 0.0423140495867768
0 0.18962962962962965 0.6339271502907867 0.018695878977569105 0.036045301499847075
0 0.4366823161189358 0.628441995714723 0.020031298904538315 0.040746862565044395
0 0.0651017214397496 0.0720906029996939 0.02203442879499217 0.047015610651974286
0 0.4119770474700052 0.3526170798898071 0.013354199269692231 0.03134374043464953
0 0.19029733959311423 0.7514661769207224 0.020031298904538315 0.03917967554331189
0 0.2513928012519562 0.7898622589531681 0.019363588941053726 0.0438812366085093
0 0.0647678664580073 0.44037955310682586 0.021366718831507564 0.03761248852157944
0 0.4353468961919666 0.31578818487909394 0.018695878977569073 0.036045301499846936
0 0.06376630151278039 0.5156045301499848 0.019363588941053732 0.0407468625650443
0 0.4974439227960355 0.23507805325987144 0.020031298904538315 0.03761248852157944
0 0.033719353155972874 0.6746740128558311 0.020699008868022947 0.0423140495867768
0 0.15891497130933752 0.7882950719314356 0.022702138758476768 0.0438812366085093
0 0.4974439227960355 0.19668197122742578 0.020031298904538315 0.039179675543311844
0 0.281773604590506 0.1559351086623814 0.02537297861241522 0.036045301499846936
0 0.3962858633281168 0.4709397000306092 0.012686489306207579 0.03291092745638198
0 0.4113093375065206 0.2734741352923171 0.013354199269692167 0.03291092745638203
0 0.03438706311945749 0.556351392715029 0.022034428794992175 0.0376124885215793
0 0.2507250912884716 0.7091521273339456 0.020699008868022967 0.03917967554331199
0 0.28143974960876367 0.09481481481481482 0.024705268648930568 0.03604530149984695
0 0.5291601460615545 0.31265381083562904 0.020699008868022967 0.036045301499846936
0 0.19029733959311423 0.6707560453014999 0.018695878977569136 0.0376124885215793
0 0.0651017214397496 0.6339271502907867 0.02203442879499217 0.03917967554331189
0 0.46539384454877414 0.15985307621671255 0.018695878977569136 0.03761248852157939
0 0.22034428794992178 0.6723232323232323 0.020031298904538346 0.0407468625650443
0 0.39661971830985915 0.35340067340067344 0.01201877934272299 0.02977655341291702
0 0.39695357329160147 0.2734741352923171 0.012686489306207641 0.03291092745638203
0 0.09581637976004174 0.27895928986838076 0.01936358894105374 0.03761248852157944
0 0.4650599895670318 0.11362105907560455 0.019363588941053726 0.048582797673706775
0 0.09648408972352633 0.31735537190082647 0.02069900886802295 0.0423140495867769
0 0.25005738132498695 0.4372451790633609 0.019363588941053726 0.0376124885215793
0 0.15891497130933752 0.6762411998775635 0.022702138758476768 0.042314049586776994
0 0.09648408972352635 0.07365779002142638 0.022034428794992178 0.04701561065197431
0 0.4360146061554512 0.4317600244872972 0.021366718831507557 0.03917967554331189
0 0.064434011476265 0.31970615243342515 0.02069900886802296 0.03761248852157944
0 0.43634846113719356 0.6684052647689012 0.02203442879499221 0.03917967554331189
0 0.03305164319248827 0.31970615243342515 0.0180281690140845 0.03761248852157944
0 0.09514866979655712 0.19824915824915823 0.020699008868022967 0.03917967554331196
0 0.43601460615545123 0.5492990511172329 0.020031298904538315 0.03917967554331208
0 0.2510589462702139 0.5508662381389654 0.020031298904538346 0.036045301499846985
0 0.1585811163275952 0.3181389654116927 0.019363588941053726 0.03447811447811448
0 0.03338549817423057 0.11988980716253443 0.020031298904538343 0.04231404958677685
0 0.49677621283255086 0.11205387205387206 0.021366718831507557 0.04544842363024182
0 0.4340114762649974 0.06973982246709519 0.021366718831507557 0.04231404958677686
0 0.1582472613458529 0.6323599632690542 0.021366718831507557 0.0423140495867769
0 0.18962962962962965 0.7906458524640343 0.020031298904538346 0.0423140495867769
0 0.37358372456964006 0.19668197122742578 0.019363588941053726 0.039179675543311844
0 0.4961085028690662 0.27739210284664834 0.018695878977569136 0.04388123660850926
0 0.2510589462702139 0.07365779002142638 0.020031298904538346 0.04074686256504438
0 0.064434011476265 0.4756412610958066 0.02069900886802296 0.03917967554331199
0 0.3432029212310902 0.4740740740740741 0.020031298904538378 0.03917967554331189
0 0.49677621283255086 0.15671870217324765 0.020031298904538378 0.040746862565044416
0 0.2517266562336985 0.23664524028160394 0.018695878977569136 0.03761248852157949
0 0.3435367762128326 0.06973982246709519 0.022034428794992147 0.04544842363024182
0 0.09648408972352635 0.35810223446587086 0.022034428794992178 0.03917967554331189
0 0.46539384454877414 0.19668197122742578 0.020031298904538315 0.039179675543311844
0 0.033719353155972874 0.5179553106825833 0.020699008868022947 0.03917967554331199
0 0.434679186228482 0.3549678604224059 0.018695878977569136 0.03917967554331189
0 0.1575795513823683 0.27895928986838076 0.020031298904538315 0.03761248852157944
0 0.033719353155972874 0.4348943985307622 0.020699008868022947 0.03917967554331194
0 0.2200104329681794 0.7107193143556779 0.022034428794992178 0.03917967554331189
0 0.06510172143974961 0.15985307621671255 0.019363588941053732 0.03761248852157939
0 0.2510589462702139 0.5900459136822773 0.020031298904538346 0.0423140495867768
0 0.46539384454877414 0.2773921028466483 0.020031298904538315 0.03761248852157939
0 0.52849243609807 0.35496786042240586 0.02203442879499221 0.04231404958677685
0 0.22034428794992178 0.5916131007040097 0.020031298904538346 0.03604530149984689
0 0.49677621283255086 0.06895622895622897 0.021366718831507557 0.04388123660850934
0 0.188961919666145 0.595531068258341 0.020031298904538346 0.0438812366085093
0 0.03338549817423057 0.19981634527089073 0.020031298904538343 0.03917967554331189
0 0.37324986958789774 0.5547842056932966 0.020031298904538315 0.0438812366085093
0 0.3962858633281168 0.23899602081420265 0.012686489306207579 0.036045301499846936
0 0.09514866979655712 0.11753902662993572 0.019363588941053726 0.040746862565044395
0 0.43601460615545123 0.3933639424548515 0.018695878977569136 0.03761248852157944
0 0.18929577464788733 0.4756412610958066 0.018028169014084484 0.03917967554331199
0 0.342869066249348 0.11362105907560455 0.022034428794992147 0.04231404958677686
0 0.4366823161189358 0.5124701561065198 0.020031298904538315 0.03761248852157939
0 0.03405320813771518 0.35966942148760334 0.020031298904538333 0.036045301499846936
0 0.18962962962962965 0.7115029078665442 0.020031298904538346 0.0438812366085094
0 0.434679186228482 0.2773921028466483 0.020031298904538315 0.040746862565044395
0 0.09514866979655712 0.15985307621671258 0.019363588941053726 0.040746862565044395
0 0.2510589462702139 0.5140373431282522 0.020031298904538346 0.040746862565044395
0 0.18829420970266042 0.35810223446587086 0.020031298904538315 0.03917967554331189
0 0.09514866979655712 0.39963269054178147 0.020699008868022967 0.04388123660850935
0 0.09514866979655712 0.23899602081420265 0.020699008868022967 0.04231404958677685
0 0.34286906624934793 0.15750229568411384 0.019363588941053726 0.0423140495867768
0 0.0651017214397496 0.11753902662993572 0.02203442879499217 0.04388123660850933
0 0.3435367762128326 0.43567799204162844 0.019363588941053726 0.03761248852157949
0 0.4353468961919666 0.4725068870523416 0.020031298904538378 0.0423140495867769
0 0.1582472613458529 0.4756412610958066 0.021366718831507557 0.036045301499846985
0 0.19029733959311423 0.5148209366391185 0.017360459050599894 0.03917967554331189
0 0.03338549817423057 0.27895928986838076 0.020031298904538343 0.03761248852157944
0 0.15824726134585287 0.5916131007040097 0.020031298904538346 0.03917967554331189
0 0.033719353155972874 0.4756412610958066 0.02203442879499217 0.03917967554331199
0 0.34220135628586335 0.27895928986838076 0.018028169014084546 0.03447811447811448
0 0.22034428794992178 0.23899602081420265 0.020031298904538346 0.03917967554331194
0 0.434679186228482 0.11518824609733702 0.0227021387584768 0.042314049586776876
0 0.2513928012519562 0.6707560453014998 0.022034428794992178 0.040746862565044395
0 0.25039123630672927 0.39806550352004905 0.020031298904538346 0.04074686256504449
0 0.434679186228482 0.23742883379247015 0.020031298904538315 0.0423140495867769
0 0.064434011476265 0.27895928986838076 0.02069900886802296 0.040746862565044346
0 0.064434011476265 0.35810223446587086 0.02069900886802296 0.04231404958677685
0 0.2200104329681794 0.4372451790633609 0.022034428794992178 0.0376124885215793
0 0.34286906624934793 0.39649831649831646 0.019363588941053726 0.040746862565044395
0 0.03338549817423057 0.15985307621671255 0.022702138758476785 0.03761248852157939
0 0.064434011476265 0.20059993878175697 0.022034428794992178 0.040746862565044395
0 0.313489827856025 0.5109029690847872 0.020699008868022905 0.040746862565044395
0 0.37324986958789774 0.513253749617386 0.018695878977569136 0.0423140495867769
0 0.03338549817423057 0.23821242730333642 0.021366718831507557 0.040746862565044395
0 0.0654355764214919 0.40198347107438015 0.022702138758476792 0.04231404958677685
0 0.4650599895670318 0.23899602081420265 0.019363588941053726 0.04231404958677685
0 0.37324986958789774 0.31578818487909394 0.018695878977569136 0.036045301499846936
0 0.34220135628586335 0.19824915824915823 0.018028169014084546 0.03917967554331196
0 0.3729160146061554 0.35653504744413833 0.016692749087115242 0.03917967554331189
0 0.2510589462702139 0.47407407407407404 0.020031298904538346 0.036045301499846985
0 0.15791340636411058 0.20059993878175697 0.019363588941053726 0.040746862565044395
0 0.434679186228482 0.19824915824915823 0.021366718831507557 0.03917967554331196
0 0.2513928012519562 0.6300091827364555 0.022034428794992178 0.03761248852157949
0 0.15891497130933752 0.43724517906336086 0.022702138758476768 0.040746862565044395
0 0.2200104329681794 0.6300091827364555 0.022034428794992178 0.040746862565044395
0 0.15824726134585287 0.35653504744413833 0.020031298904538346 0.04231404958677685
0 0.434679186228482 0.15828588919498007 0.0227021387584768 0.040746862565044326
0 0.28177360459050593 0.3534006734006734 0.024037558685445947 0.045448423630241805
0 0.2507250912884716 0.11518824609733702 0.020699008868022967 0.042314049586776876
0 0.22034428794992175 0.4756412610958066 0.021366718831507557 0.03917967554331199
0 0.31282211789254044 0.3964983164983165 0.019363588941053726 0.03761248852157944
0 0.31215440792905585 0.4725068870523416 0.019363588941053788 0.03604530149984689
0 0.22034428794992178 0.516388123660851 0.020031298904538346 0.036045301499847075
0 0.31282211789254044 0.43567799204162844 0.019363588941053726 0.03761248852157949
0 0.31148669796557127 0.19824915824915823 0.019363588941053663 0.03917967554331196
0 0.1582472613458529 0.5148209366391185 0.021366718831507557 0.03917967554331189
0 0.3432029212310902 0.5124701561065198 0.020031298904538378 0.03761248852157939
0 0.37258215962441316 0.4740740740740741 0.017360459050599894 0.03917967554331189
0 0.3735837245696401 0.4333272115090297 0.016692749087115304 0.036045301499846936
0 0.0651017214397496 0.23821242730333642 0.02203442879499217 0.040746862565044395
0 0.12653103808033386 0.11518824609733702 0.019363588941053726 0.04544842363024182
0 0.31148669796557127 0.15985307621671258 0.019363588941053663 0.040746862565044395
0 0.18829420970266042 0.23821242730333644 0.021366718831507557 0.03447811447811453
0 0.188961919666145 0.5547842056932966 0.020031298904538346 0.04074686256504421
0 0.2510589462702139 0.35810223446587086 0.020031298904538346 0.03917967554331189
0 0.18829420970266042 0.3181389654116927 0.020031298904538315 0.040746862565044395
0 0.12719874804381848 0.2429139883685338 0.022034428794992178 0.0438812366085093
0 0.34286906624934793 0.24056320783593513 0.019363588941053726 0.03917967554331189
0 0.31215440792905585 0.31735537190082647 0.018028169014084484 0.03917967554331189
0 0.25005738132498695 0.31970615243342515 0.019363588941053726 0.040746862565044395
0 0.18962962962962965 0.43567799204162844 0.020031298904538346 0.040746862565044346
0 0.12653103808033386 0.15985307621671258 0.022034428794992178 0.040746862565044395
0 0.2196765779864371 0.3181389654116927 0.018695878977569105 0.040746862565044395
0 0.2196765779864371 0.19824915824915823 0.020031298904538346 0.03917967554331196
0 0.34286906624934793 0.31578818487909394 0.019363588941053726 0.04231404958677685
0 0.3729160146061554 0.2366452402816039 0.019363588941053726 0.040746862565044395
0 0.188961919666145 0.27895928986838076 0.020031298904538346 0.040746862565044346
0 0.12719874804381848 0.20059993878175697 0.022034428794992178 0.040746862565044395
0 0.3114866979655712 0.11518824609733702 0.02203442879499221 0.04544842363024182
0 0.21900886802295252 0.15750229568411384 0.020031298904538346 0.0423140495867768
0 0.1575795513823683 0.11753902662993572 0.021366718831507557 0.047015610651974286
0 0.188961919666145 0.15985307621671255 0.018695878977569105 0.03761248852157939
0 0.37324986958789774 0.39493112947658404 0.018695878977569136 0.040746862565044395
0 0.18829420970266042 0.19824915824915826 0.018695878977569136 0.0423140495867768
0 0.21900886802295252 0.35810223446587086 0.020031298904538346 0.03917967554331189
0 0.2507250912884716 0.1575022956841139 0.018028169014084484 0.03917967554331194
0 0.22034428794992175 0.39884909703091526 0.021366718831507557 0.03917967554331203
0 0.22034428794992178 0.2773921028466483 0.020031298904538346 0.03761248852157939
0 0.3425352112676056 0.35810223446587086 0.018695878977569136 0.03917967554331189
0 0.31215440792905585 0.35810223446587086 0.019363588941053788 0.03917967554331189
0 0.25039123630672927 0.27895928986838076 0.020031298904538346 0.040746862565044346
0 0.31148669796557127 0.24056320783593513 0.019363588941053663 0.045448423630241805
0 0.15791340636411058 0.15985307621671255 0.020699008868022936 0.03761248852157939
0 0.31215440792905585 0.2805264768901133 0.019363588941053788 0.03761248852157944
