0 0.860556 0.333608 0.036667 0.041186
0 0.291111 0.333608 0.037778 0.047776
0 0.191667 0.620264 0.034444 0.047776
0 0.911667 0.292422 0.034444 0.047776
0 0.859444 0.372323 0.036667 0.039539
0 0.913333 0.618616 0.035556 0.047776
0 0.137222 0.334432 0.034444 0.039539
0 0.861111 0.616969 0.033333 0.044481
0 0.191667 0.707578 0.036667 0.044481
0 0.911667 0.375618 0.036667 0.042834
0 0.861111 0.661450 0.033333 0.041186
0 0.912222 0.702636 0.035556 0.044481
0 0.084444 0.203460 0.037778 0.051071
0 0.292778 0.289127 0.034444 0.041186
0 0.240556 0.295717 0.034444 0.041186
0 0.190556 0.664745 0.032222 0.041186
0 0.292778 0.247941 0.034444 0.037891
0 0.911667 0.335255 0.034444 0.041186
0 0.085556 0.292422 0.037778 0.044481
0 0.922778 0.455519 0.025556 0.037891
0 0.912222 0.660626 0.033333 0.039539
0 0.848333 0.453048 0.021111 0.032949
0 0.847222 0.413509 0.023333 0.029654
0 0.861667 0.704283 0.032222 0.044481
0 0.873333 0.454695 0.022222 0.029654
0 0.084444 0.250412 0.033333 0.036244
0 0.922222 0.497529 0.024444 0.029654
0 0.922778 0.414333 0.025556 0.034596
0 0.085556 0.329489 0.037778 0.026359
0 0.874444 0.415157 0.022222 0.029654
0 0.188333 0.290774 0.034444 0.047776
0 0.137222 0.290774 0.034444 0.047776
0 0.291667 0.203460 0.036667 0.051071
0 0.188333 0.376442 0.034444 0.047776
0 0.860556 0.290774 0.034444 0.047776
0 0.137778 0.377265 0.037778 0.052718
0 0.189444 0.334432 0.036667 0.042834
0 0.084444 0.375618 0.040000 0.049423
0 0.240556 0.247117 0.036667 0.052718
