0 0.541413 0.276745 0.035642 0.045439
0 0.562488 0.650854 0.035740 0.047083
0 0.380025 0.160365 0.039353 0.052449
0 0.593804 0.313790 0.040167 0.047662
0 0.587306 0.185429 0.037953 0.047372
0 0.845188 0.236175 0.039060 0.047517
0 0.839777 0.144944 0.039353 0.052449
0 0.557710 0.570308 0.037953 0.047372
0 0.808724 0.448843 0.034535 0.045294
0 0.387011 0.296945 0.039158 0.049161
0 0.588637 0.226668 0.035545 0.043795
0 0.244796 0.522620 0.040070 0.046018
0 0.695535 0.298824 0.035545 0.043795
0 0.591123 0.268585 0.035642 0.045439
0 0.584381 0.136115 0.038538 0.057235
0 0.823836 0.703632 0.039158 0.049161
0 0.544811 0.315230 0.035545 0.043795
0 0.705284 0.463204 0.035740 0.047083
0 0.283377 0.308018 0.040167 0.047662
0 0.803946 0.368297 0.034535 0.045294
0 0.700409 0.381014 0.035740 0.047083
0 0.738095 0.160732 0.037042 0.050515
0 0.436497 0.247400 0.038963 0.045873
0 0.438983 0.289317 0.039060 0.047517
0 0.230579 0.273512 0.034633 0.046938
0 0.895178 0.185736 0.040460 0.052593
0 0.905726 0.354153 0.036847 0.047228
0 0.078797 0.290884 0.036749 0.045584
0 0.796906 0.287219 0.034633 0.046938
0 0.211152 0.867443 0.038865 0.044230
0 0.175080 0.231076 0.038343 0.053948
0 0.892302 0.137244 0.038343 0.053948
0 0.842555 0.191793 0.034633 0.046938
0 0.334747 0.299641 0.039060 0.047517
0 0.534993 0.187303 0.038148 0.050660
0 0.532214 0.140455 0.036032 0.052014
0 0.898218 0.227581 0.036652 0.043940
0 0.233745 0.355097 0.033429 0.045149
0 0.130537 0.326357 0.038343 0.053948
0 0.381697 0.207358 0.039255 0.050805
0 0.636723 0.172337 0.035545 0.043795
0 0.238815 0.440574 0.035837 0.048727
0 0.384427 0.253384 0.034633 0.046938
0 0.793070 0.241337 0.037042 0.050515
0 0.254558 0.734210 0.039060 0.047517
0 0.853656 0.360137 0.034730 0.048582
0 0.813843 0.535143 0.034633 0.046938
0 0.197146 0.612510 0.036847 0.047228
0 0.328102 0.168814 0.039548 0.055736
0 0.816329 0.577060 0.034535 0.045294
0 0.683344 0.121511 0.041469 0.051094
0 0.241301 0.482491 0.037758 0.044085
0 0.229509 0.227268 0.037953 0.047372
0 0.743360 0.249497 0.036652 0.043940
0 0.697370 0.339170 0.034535 0.045294
0 0.340826 0.383330 0.039060 0.047517
0 0.736423 0.113739 0.035120 0.055157
0 0.903093 0.309771 0.034633 0.046938
0 0.907610 0.395321 0.035545 0.043795
0 0.689358 0.213491 0.033331 0.043506
0 0.499355 0.442105 0.043683 0.051384
0 0.181500 0.320518 0.035642 0.045439
0 0.441567 0.332878 0.038963 0.045873
0 0.446568 0.454809 0.038963 0.045873
0 0.236182 0.396192 0.033234 0.041862
0 0.283104 0.265812 0.035642 0.045439
0 0.713948 0.590454 0.035642 0.045439
0 0.187901 0.447235 0.035642 0.045439
0 0.333318 0.256757 0.039060 0.047517
0 0.857978 0.442400 0.033429 0.045149
0 0.232414 0.313857 0.033234 0.041862
0 0.342400 0.428679 0.036749 0.045584
0 0.861017 0.484244 0.034633 0.046938
0 0.191669 0.529570 0.033429 0.045149
0 0.600893 0.395690 0.033331 0.043506
0 0.086675 0.461307 0.038865 0.044230
0 0.863698 0.529449 0.034535 0.045294
0 0.182831 0.361758 0.035642 0.045439
0 0.217475 0.955242 0.039158 0.049161
0 0.869729 0.612316 0.038865 0.044230
0 0.554805 0.483719 0.035447 0.042151
0 0.934686 0.814200 0.042186 0.044664
0 0.089112 0.502402 0.036847 0.047228
0 0.549784 0.399063 0.035935 0.050370
0 0.091871 0.586525 0.034438 0.043650
0 0.725679 0.797645 0.037793 0.026148
0 0.528575 0.737290 0.023794 0.030841
0 0.526298 0.717710 0.023209 0.020978
0 0.186375 0.402708 0.035837 0.048727
0 0.882160 0.821900 0.037139 0.052159
0 0.501141 0.481629 0.043814 0.035091
0 0.204702 0.739904 0.038963 0.045873
0 0.298197 0.557876 0.035740 0.047083
0 0.827186 0.741295 0.035774 0.029146
0 0.495521 0.368062 0.046223 0.038668
0 0.493717 0.337651 0.045930 0.033737
0 0.226779 0.181242 0.036325 0.056946
0 0.305753 0.685270 0.035642 0.045439
0 0.431590 0.155275 0.033819 0.051725
0 0.355239 0.635726 0.035642 0.045439
0 0.931093 0.772428 0.035837 0.048727
0 0.252528 0.690577 0.038051 0.049016
0 0.260686 0.818721 0.036749 0.045584
0 0.710403 0.549504 0.033429 0.045149
0 0.556184 0.525781 0.035740 0.047083
0 0.300585 0.598149 0.035447 0.042151
0 0.280423 0.220607 0.033526 0.046793
0 0.358502 0.718955 0.036652 0.043940
0 0.829118 0.783284 0.035545 0.043795
0 0.560099 0.610581 0.035447 0.042151
0 0.190892 0.488258 0.034535 0.045294
0 0.884939 0.868748 0.039060 0.047517
0 0.717764 0.673610 0.035740 0.047083
0 0.348508 0.550465 0.036749 0.045584
0 0.929713 0.730366 0.035545 0.043795
0 0.251197 0.649337 0.037661 0.042441
0 0.721260 0.713739 0.037856 0.045729
0 0.485673 0.202038 0.046028 0.035380
0 0.740825 0.206758 0.036847 0.047228
0 0.639921 0.263858 0.038051 0.049016
0 0.639453 0.218364 0.038148 0.050660
0 0.746856 0.289625 0.034535 0.045294
0 0.539985 0.233861 0.037856 0.045729
0 0.693048 0.256907 0.038246 0.052304
0 0.109499 0.921328 0.041176 0.046163
0 0.483772 0.169984 0.042283 0.046308
0 0.434971 0.202873 0.037139 0.052159
0 0.799198 0.325848 0.034340 0.042007
0 0.097658 0.665282 0.041274 0.047807
0 0.112326 0.968998 0.041566 0.052738
0 0.103342 0.798720 0.039060 0.047517
0 0.286824 0.347325 0.037368 0.037510
0 0.075058 0.246646 0.036749 0.045584
0 0.443956 0.373151 0.034438 0.043650
0 0.099281 0.711454 0.039060 0.047517
0 0.546044 0.354826 0.033331 0.043506
0 0.872069 0.651767 0.034438 0.043650
0 0.450259 0.498225 0.039255 0.050805
0 0.856093 0.401232 0.034340 0.042007
0 0.288154 0.388564 0.037953 0.047372
0 0.937221 0.856939 0.035740 0.047083
0 0.108119 0.879266 0.036652 0.043940
0 0.481822 0.137108 0.044107 0.040022
0 0.198485 0.569264 0.031117 0.043216
0 0.731595 0.887982 0.038051 0.049016
0 0.081731 0.415570 0.037042 0.050515
0 0.105682 0.838171 0.036652 0.043940
0 0.213589 0.908538 0.039060 0.047517
0 0.091647 0.545140 0.039060 0.047517
0 0.094163 0.625154 0.036554 0.042296
0 0.307230 0.728976 0.040362 0.050950
0 0.489719 0.270256 0.043912 0.036735
0 0.811210 0.490760 0.036847 0.047228
0 0.100661 0.753515 0.038963 0.045873
0 0.848635 0.275482 0.034438 0.043650
0 0.552368 0.442624 0.035642 0.045439
0 0.262017 0.859961 0.038963 0.045873
0 0.927422 0.691737 0.035642 0.045439
0 0.081459 0.373363 0.038963 0.045873
0 0.202265 0.698809 0.038963 0.045873
0 0.849917 0.315899 0.034535 0.045294
0 0.833265 0.824984 0.034730 0.048582
0 0.866185 0.571366 0.034633 0.046938
0 0.344789 0.468952 0.036652 0.043940
0 0.487818 0.238201 0.044399 0.044954
0 0.360891 0.759228 0.036749 0.045584
0 0.492776 0.302987 0.044497 0.046597
0 0.702245 0.421360 0.034340 0.042007
0 0.267738 0.947010 0.040265 0.049306
0 0.723437 0.759838 0.039353 0.052449
0 0.347731 0.509153 0.035642 0.045439
0 0.715278 0.631694 0.035642 0.045439
0 0.296866 0.516636 0.033526 0.046793
0 0.643562 0.306452 0.033234 0.041862
0 0.207091 0.780177 0.038865 0.044230
0 0.338340 0.341413 0.034535 0.045294
0 0.080177 0.332945 0.036652 0.043940
0 0.350995 0.592382 0.039060 0.047517
0 0.787805 0.152572 0.034633 0.046938
0 0.303023 0.639244 0.035837 0.048727
0 0.265512 0.900089 0.039060 0.047517
0 0.877139 0.737244 0.036652 0.043940
0 0.366205 0.848815 0.039060 0.047517
0 0.293273 0.474864 0.035447 0.042151
0 0.818766 0.618155 0.034535 0.045294
0 0.330930 0.216484 0.038963 0.045873
0 0.363621 0.805254 0.036944 0.048871
0 0.597397 0.355562 0.033429 0.045149
0 0.356618 0.677787 0.037953 0.047372
0 0.565023 0.693593 0.035740 0.047083
0 0.924984 0.650642 0.035837 0.048727
0 0.921196 0.605582 0.037953 0.047372
0 0.208470 0.822239 0.034730 0.048582
0 0.728117 0.838740 0.039548 0.055736
0 0.647107 0.347402 0.035837 0.048727
0 0.687735 0.167320 0.038343 0.053948
0 0.199779 0.656892 0.039060 0.047517
0 0.247283 0.564537 0.035545 0.043795
0 0.752528 0.375852 0.033331 0.043506
0 0.179567 0.278529 0.034633 0.046938
0 0.072328 0.200620 0.037334 0.055447
0 0.805782 0.408643 0.033331 0.043506
0 0.834791 0.869511 0.037139 0.052159
0 0.879674 0.779983 0.036847 0.047228
0 0.874002 0.693756 0.035642 0.045439
0 0.908892 0.435739 0.033429 0.045149
0 0.446344 0.413424 0.034535 0.045294
0 0.915622 0.520999 0.036944 0.048871
0 0.257142 0.777771 0.038963 0.045873
0 0.708926 0.505798 0.035740 0.047083
0 0.791642 0.198453 0.034633 0.046938
0 0.898898 0.267249 0.035740 0.047083
0 0.912989 0.476617 0.036749 0.045584
0 0.249866 0.608097 0.035837 0.048727
0 0.820650 0.659322 0.033429 0.045149
0 0.918710 0.563666 0.035642 0.045439
0 0.749391 0.332364 0.034535 0.045294
0 0.277042 0.173009 0.039645 0.057380
0 0.290835 0.433769 0.040265 0.049306
