0 0.491509 0.606922 0.024703 0.028838
0 0.405906 0.379849 0.036052 0.040771
0 0.409264 0.363769 0.047134 0.071824
0 0.495607 0.578906 0.022435 0.022318
0 0.460459 0.321814 0.025227 0.031932
0 0.480786 0.681686 0.022958 0.025412
0 0.477385 0.701801 0.022958 0.025412
0 0.487350 0.329099 0.025227 0.031932
0 0.404321 0.309841 0.026449 0.032264
0 0.947168 0.270822 0.025227 0.031932
0 0.244691 0.335365 0.038758 0.042980
0 0.131238 0.329710 0.040765 0.047953
0 0.134420 0.307110 0.038758 0.042980
0 0.508019 0.437448 0.039980 0.043311
0 0.417744 0.638718 0.037274 0.041102
0 0.520360 0.372022 0.038672 0.035575
0 0.465443 0.360380 0.039894 0.035906
0 0.488327 0.629523 0.025664 0.027622
0 0.524108 0.342293 0.040242 0.044858
0 0.447256 0.872439 0.025664 0.027622
0 0.347873 0.719303 0.039980 0.043311
0 0.342423 0.747761 0.040941 0.042095
0 0.363962 0.624148 0.037274 0.041102
0 0.451399 0.851717 0.024180 0.025744
0 0.919535 0.264145 0.031600 0.035135
0 0.184716 0.349861 0.036665 0.030602
0 0.837908 0.493648 0.037450 0.035244
0 0.431212 0.317126 0.026972 0.035358
0 0.162523 0.477343 0.038149 0.032481
0 0.422453 0.610868 0.036751 0.038007
0 0.545472 0.869921 0.038235 0.039886
0 0.448898 0.787124 0.036489 0.036460
0 0.558642 0.807147 0.035790 0.039223
0 0.249181 0.305028 0.040242 0.044858
0 0.832654 0.849827 0.038496 0.041433
0 0.933824 0.338404 0.031861 0.036683
0 0.562260 0.778192 0.036052 0.040771
0 0.116438 0.753691 0.035790 0.039223
0 0.922706 0.404162 0.026711 0.033811
0 0.368190 0.595358 0.040679 0.040548
0 0.337409 0.781193 0.038934 0.037122
0 0.142337 0.600514 0.037711 0.036791
0 0.838497 0.819047 0.039719 0.041764
0 0.648656 0.607424 0.037973 0.038338
0 0.540632 0.898545 0.038496 0.041433
0 0.750508 0.666570 0.037012 0.039554
0 0.352102 0.690513 0.040418 0.039001
0 0.394459 0.765095 0.040941 0.042095
0 0.822932 0.911108 0.039457 0.040217
0 0.441403 0.419401 0.021997 0.026628
0 0.777541 0.510465 0.035267 0.036129
0 0.621754 0.762756 0.038934 0.037122
0 0.137628 0.628365 0.038235 0.039886
0 0.589293 0.622086 0.039719 0.041764
0 0.121670 0.722746 0.035267 0.036129
0 0.375935 0.466389 0.025488 0.033480
0 0.831977 0.521167 0.041464 0.045190
0 0.458092 0.487028 0.025488 0.033480
0 0.847128 0.756661 0.038496 0.041433
0 0.292869 0.704402 0.039980 0.043311
0 0.817177 0.945147 0.042948 0.047068
0 0.147830 0.568022 0.035790 0.039223
0 0.826461 0.878893 0.038496 0.041433
0 0.859906 0.696207 0.042601 0.038116
0 0.391061 0.796536 0.039719 0.041764
0 0.842856 0.789484 0.040941 0.042095
0 0.110856 0.782923 0.037536 0.042649
0 0.928330 0.370896 0.026449 0.032264
0 0.595375 0.914994 0.037450 0.035244
0 0.606320 0.854044 0.041902 0.040879
0 0.153062 0.537077 0.036313 0.042318
0 0.513775 0.403409 0.039980 0.043311
0 0.912819 0.296306 0.029678 0.037568
0 0.854062 0.726987 0.042425 0.043973
0 0.239589 0.365536 0.037973 0.038338
0 0.553280 0.838865 0.040941 0.042095
0 0.939099 0.303425 0.027933 0.034142
0 0.158556 0.504585 0.038235 0.039886
0 0.864396 0.665871 0.042163 0.042426
0 0.406015 0.704310 0.038235 0.039886
0 0.574208 0.715086 0.037973 0.038338
0 0.140918 0.272462 0.037797 0.044196
0 0.459862 0.389612 0.039719 0.041764
0 0.880746 0.569168 0.038934 0.037122
0 0.401044 0.733708 0.038758 0.042980
0 0.611290 0.824646 0.039980 0.043311
0 0.907064 0.330345 0.029155 0.034473
0 0.616915 0.791380 0.039719 0.041764
0 0.756832 0.636730 0.037274 0.041102
0 0.369568 0.500263 0.027234 0.036905
0 0.304140 0.312636 0.039980 0.043311
0 0.127252 0.693514 0.037012 0.039554
0 0.883752 0.540048 0.043386 0.042757
0 0.789139 0.445646 0.040503 0.046406
0 0.287506 0.736120 0.039719 0.041764
0 0.632741 0.697772 0.038934 0.037122
0 0.393104 0.534956 0.027495 0.038453
0 0.583319 0.653639 0.040679 0.040548
0 0.568364 0.745865 0.037797 0.044196
0 0.612447 0.496483 0.035267 0.036129
0 0.734703 0.434944 0.039719 0.041764
0 0.600215 0.886370 0.041202 0.043642
0 0.772090 0.538923 0.037274 0.041102
0 0.579440 0.684141 0.040941 0.042095
0 0.622561 0.432880 0.036489 0.036460
0 0.701566 0.623376 0.037274 0.041102
0 0.869758 0.634152 0.039980 0.043311
0 0.427946 0.578376 0.034829 0.040439
0 0.596096 0.593185 0.038496 0.041433
0 0.643205 0.635883 0.037012 0.039554
0 0.194612 0.283773 0.041464 0.045190
0 0.874903 0.599947 0.040679 0.040548
0 0.718396 0.527613 0.037973 0.038338
0 0.723628 0.496668 0.037973 0.038338
0 0.825087 0.558135 0.039719 0.041764
0 0.253714 0.270658 0.042163 0.042426
0 0.331916 0.813685 0.039980 0.043311
0 0.310049 0.610351 0.038934 0.037122
0 0.761714 0.604073 0.036052 0.040771
0 0.282405 0.766291 0.038934 0.037122
0 0.674248 0.448501 0.038235 0.039886
0 0.767819 0.571746 0.039719 0.041764
0 0.599757 0.560197 0.039719 0.041764
0 0.605250 0.527704 0.039719 0.041764
0 0.275842 0.472444 0.036751 0.038007
0 0.287528 0.410886 0.039719 0.041764
0 0.664395 0.510556 0.039457 0.040217
0 0.335118 0.454522 0.042163 0.042426
0 0.264636 0.534942 0.041202 0.043642
0 0.299127 0.346067 0.040941 0.042095
0 0.707190 0.590111 0.039980 0.043311
0 0.659032 0.542275 0.039719 0.041764
0 0.482791 0.666048 0.022611 0.016460
0 0.498703 0.564373 0.020951 0.020440
0 0.491410 0.547025 0.026977 0.014690
0 0.842878 0.464250 0.038496 0.041433
0 0.412120 0.671984 0.039980 0.043311
0 0.888111 0.510484 0.039719 0.041764
0 0.469516 0.427017 0.028979 0.040331
0 0.627793 0.401936 0.039980 0.043311
0 0.504707 0.460822 0.033174 0.023751
0 0.493284 0.532161 0.037887 0.030933
0 0.484665 0.651184 0.025141 0.024527
0 0.167885 0.445625 0.040503 0.046406
0 0.293022 0.378394 0.039719 0.041764
0 0.303202 0.643286 0.042163 0.042426
0 0.281205 0.440726 0.037012 0.039554
0 0.653408 0.575540 0.039980 0.043311
0 0.496509 0.505527 0.038934 0.037122
0 0.118113 0.399779 0.039980 0.043311
0 0.330846 0.487346 0.039719 0.041764
0 0.270872 0.501842 0.037274 0.041102
0 0.320382 0.549235 0.039719 0.041764
0 0.781900 0.480902 0.037536 0.042649
0 0.346673 0.393738 0.039980 0.043311
0 0.124349 0.366678 0.040941 0.042095
0 0.352909 0.360637 0.036052 0.040771
0 0.463324 0.456084 0.024965 0.030385
0 0.403568 0.473066 0.029940 0.039115
0 0.396227 0.437097 0.038496 0.041433
0 0.572920 0.386261 0.038320 0.047291
0 0.433528 0.549144 0.037973 0.038338
0 0.313666 0.581396 0.039719 0.041764
0 0.375037 0.562424 0.043909 0.045852
0 0.680484 0.415401 0.037797 0.044196
0 0.895700 0.476942 0.041464 0.045190
0 0.436083 0.447086 0.026711 0.033811
0 0.173772 0.410812 0.039719 0.041764
0 0.638715 0.666219 0.038496 0.041433
0 0.277173 0.797236 0.039457 0.040217
0 0.325876 0.516743 0.039195 0.038669
0 0.713426 0.557010 0.038496 0.041433
0 0.437799 0.516320 0.036575 0.043865
0 0.398685 0.505724 0.025227 0.031932
0 0.847892 0.430819 0.039980 0.043311
0 0.739716 0.401513 0.041202 0.043642
0 0.341180 0.426230 0.038934 0.037122
0 0.358533 0.327372 0.041202 0.043642
0 0.233616 0.397089 0.039457 0.040217
0 0.617679 0.465538 0.038758 0.042980
0 0.357596 0.658021 0.040941 0.042095
0 0.190167 0.321403 0.040242 0.044858
0 0.669496 0.480385 0.037274 0.041102
0 0.272072 0.827407 0.037274 0.041102
0 0.179745 0.379259 0.035790 0.039223
0 0.298931 0.676109 0.039719 0.041764
0 0.729079 0.468210 0.039980 0.043311
0 0.401066 0.408473 0.037711 0.036791
0 0.627248 0.730264 0.039980 0.043311
0 0.132134 0.660857 0.041202 0.043642
