0 0.6358333333333333 0.8999999999999999 0.04500000000000004 0.024299065420560706
0 0.38416666666666666 0.15233644859813084 0.041666666666666685 0.035514018691588795
0 0.38333333333333336 0.2757009345794392 0.043333333333333335 0.04299065420560749
0 0.7891666666666666 0.8981308411214953 0.03500000000000003 0.03551401869158877
0 0.8258333333333334 0.8962616822429907 0.03500000000000003 0.04299065420560744
0 0.79 0.8542056074766355 0.030000000000000027 0.03364485981308407
0 0.3833333333333333 0.1897196261682243 0.03999999999999998 0.03551401869158877
0 0.8408333333333333 0.8532710280373832 0.04499999999999993 0.04299065420560755
0 0.6375 0.47102803738317756 0.04500000000000004 0.04485981308411213
0 0.8591666666666666 0.8962616822429906 0.03500000000000003 0.03925233644859816
0 0.6375 0.5981308411214954 0.04500000000000004 0.04112149532710274
0 0.8258333333333334 0.72803738317757 0.03500000000000003 0.03925233644859816
0 0.3833333333333333 0.10747663551401869 0.03999999999999998 0.03177570093457943
0 0.7591666666666667 0.8551401869158879 0.03499999999999992 0.03925233644859816
0 0.8574999999999999 0.7261682242990655 0.03500000000000003 0.04299065420560744
0 0.3833333333333334 0.3186915887850467 0.03666666666666679 0.03925233644859816
0 0.8416666666666667 0.7691588785046729 0.046666666666666634 0.03925233644859816
0 0.8416666666666666 0.6803738317757009 0.043333333333333335 0.04485981308411213
0 0.38083333333333336 0.36261682242990656 0.03833333333333333 0.0411214953271028
0 0.7908333333333333 0.6850467289719626 0.03500000000000003 0.03551401869158877
0 0.6375 0.25233644859813087 0.03500000000000003 0.03738317757009338
0 0.5708333333333333 0.46822429906542057 0.04500000000000004 0.03551401869158877
0 0.7908333333333333 0.4233644859813084 0.03500000000000003 0.03551401869158882
0 0.8416666666666666 0.811214953271028 0.043333333333333335 0.04112149532710274
0 0.7916666666666667 0.597196261682243 0.033333333333333326 0.03551401869158888
0 0.3833333333333333 0.07383177570093456 0.03999999999999998 0.035514018691588815
0 0.8425 0.20841121495327103 0.04500000000000004 0.04299065420560749
0 0.84 0.5953271028037384 0.040000000000000036 0.03925233644859816
0 0.6375 0.7280373831775702 0.04500000000000004 0.04299065420560744
0 0.6366666666666667 0.6869158878504673 0.039999999999999925 0.04299065420560744
0 0.84 0.6364485981308412 0.040000000000000036 0.04299065420560744
0 0.7741666666666667 0.2953271028037383 0.04499999999999993 0.0411214953271028
0 0.7916666666666667 0.3383177570093458 0.033333333333333326 0.03738317757009346
0 0.7575000000000001 0.3841121495327103 0.03500000000000003 0.04299065420560744
0 0.7741666666666667 0.2514018691588785 0.04499999999999993 0.042990654205607465
0 0.7050000000000001 0.7280373831775702 0.039999999999999925 0.04299065420560744
0 0.7566666666666666 0.3392523364485981 0.033333333333333326 0.0392523364485981
0 0.5016666666666667 0.4252336448598131 0.039999999999999925 0.03925233644859816
0 0.7566666666666666 0.6411214953271028 0.033333333333333326 0.04112149532710285
0 0.6383333333333333 0.8130841121495327 0.040000000000000036 0.041121495327102964
0 0.5716666666666668 0.6850467289719626 0.039999999999999925 0.03925233644859816
0 0.6366666666666667 0.860747663551402 0.043333333333333335 0.04672897196261683
0 0.7733333333333333 0.508411214953271 0.040000000000000036 0.0411214953271028
0 0.7908333333333333 0.3813084112149533 0.03500000000000003 0.0411214953271028
0 0.6391666666666667 0.3813084112149533 0.03833333333333333 0.03738317757009346
0 0.7733333333333334 0.7280373831775702 0.043333333333333335 0.04672897196261683
0 0.6375 0.4252336448598131 0.04500000000000004 0.04672897196261683
0 0.5008333333333332 0.47102803738317767 0.045000000000000095 0.05233644859813097
0 0.7066666666666668 0.5542056074766355 0.043333333333333335 0.04672897196261683
0 0.5691666666666667 0.20841121495327103 0.04499999999999993 0.04672897196261683
0 0.7050000000000001 0.4233644859813084 0.039999999999999925 0.04299065420560749
0 0.7033333333333334 0.2953271028037383 0.040000000000000036 0.04485981308411213
0 0.5708333333333333 0.5542056074766355 0.04500000000000004 0.05046728971962611
0 0.7050000000000001 0.3383177570093458 0.039999999999999925 0.04485981308411213
0 0.6391666666666667 0.20841121495327103 0.04499999999999993 0.04672897196261683
0 0.7050000000000001 0.4691588785046729 0.039999999999999925 0.04485981308411213
0 0.5008333333333332 0.297196261682243 0.045000000000000095 0.04485981308411213
0 0.5708333333333333 0.508411214953271 0.04500000000000004 0.0411214953271028
0 0.7050000000000001 0.6411214953271027 0.039999999999999925 0.04485981308411202
0 0.5708333333333333 0.2532710280373832 0.04500000000000004 0.04299065420560749
0 0.5683333333333334 0.42710280373831766 0.043333333333333224 0.05046728971962605
0 0.6358333333333333 0.6411214953271027 0.04166666666666663 0.04485981308411202
0 0.7066666666666668 0.6 0.043333333333333335 0.04112149532710285
0 0.7033333333333334 0.6869158878504673 0.040000000000000036 0.04299065420560744
0 0.5016666666666667 0.20560747663551404 0.043333333333333335 0.04485981308411208
0 0.8416666666666666 0.5542056074766355 0.043333333333333335 0.04672897196261683
0 0.5025 0.3411214953271028 0.04499999999999993 0.04299065420560749
0 0.8416666666666666 0.297196261682243 0.043333333333333335 0.0411214953271028
0 0.6375 0.7719626168224298 0.04500000000000004 0.04112149532710263
0 0.6366666666666667 0.2953271028037383 0.039999999999999925 0.04485981308411213
0 0.6375 0.5514018691588785 0.04500000000000004 0.04112149532710263
0 0.5700000000000001 0.297196261682243 0.039999999999999925 0.04485981308411213
0 0.5683333333333334 0.3813084112149533 0.043333333333333224 0.0411214953271028
0 0.6391666666666667 0.5102803738317757 0.04499999999999993 0.03738317757009346
0 0.7066666666666667 0.3794392523364486 0.040000000000000036 0.03738317757009346
0 0.7066666666666668 0.8130841121495327 0.043333333333333335 0.041121495327102964
0 0.5008333333333332 0.2514018691588785 0.04166666666666663 0.042990654205607465
0 0.5683333333333334 0.7719626168224298 0.043333333333333224 0.04859813084112152
0 0.5708333333333333 0.6 0.04500000000000004 0.04112149532710285
0 0.84 0.3392523364485981 0.040000000000000036 0.0392523364485981
0 0.8408333333333333 0.4644859813084111 0.04499999999999993 0.042990654205607604
0 0.5708333333333333 0.6411214953271027 0.04500000000000004 0.04485981308411202
0 0.7050000000000001 0.5102803738317757 0.039999999999999925 0.03738317757009346
0 0.7050000000000001 0.20747663551401868 0.039999999999999925 0.04485981308411216
0 0.79 0.6411214953271027 0.040000000000000036 0.04485981308411202
0 0.5008333333333332 0.3841121495327103 0.04166666666666663 0.04299065420560744
0 0.7725 0.46728971962616817 0.04500000000000004 0.04485981308411202
0 0.7558333333333334 0.5981308411214954 0.03500000000000003 0.04112149532710274
0 0.7050000000000001 0.7700934579439253 0.039999999999999925 0.04112149532710285
0 0.7733333333333333 0.20560747663551404 0.046666666666666634 0.04485981308411208
0 0.7733333333333334 0.7691588785046729 0.043333333333333335 0.03925233644859816
0 0.8416666666666667 0.38037383177570094 0.040000000000000036 0.03925233644859816
0 0.5708333333333333 0.8149532710280374 0.04500000000000004 0.04112149532710285
0 0.7725 0.5542056074766355 0.04500000000000004 0.04299065420560755
0 0.7050000000000001 0.8542056074766355 0.039999999999999925 0.04112149532710285
0 0.8416666666666666 0.508411214953271 0.043333333333333335 0.0411214953271028
0 0.8416666666666666 0.4214953271028037 0.043333333333333335 0.042990654205607326
0 0.6366666666666667 0.33831775700934574 0.043333333333333335 0.0411214953271028
0 0.5708333333333333 0.8588785046728973 0.04500000000000004 0.04299065420560744
0 0.8416666666666666 0.25327102803738316 0.043333333333333335 0.0467289719626168
0 0.5708333333333333 0.8999999999999999 0.04500000000000004 0.04299065420560744
0 0.7058333333333333 0.8981308411214953 0.04166666666666663 0.04672897196261672
0 0.7066666666666667 0.24953271028037383 0.040000000000000036 0.03925233644859813
0 0.7733333333333333 0.8130841121495327 0.046666666666666634 0.041121495327102964
0 0.5700000000000001 0.7261682242990655 0.039999999999999925 0.04299065420560744
0 0.5683333333333334 0.3411214953271028 0.043333333333333224 0.04299065420560749
