0 0.47097104377104376 0.1358581980058314 0.019307744107744107 0.03835996178988181
0 0.2734114478114478 0.39239044247566607 0.02689292929292931 0.030368303083656508
0 0.21824646464646466 0.35482964655640675 0.013101683501683491 0.03516329830739168
0 0.23514074074074073 0.8047600317168956 0.015170370370370374 0.03356496656614664
0 0.21066127946127947 0.43714373123052813 0.01861818181818181 0.03995829353112686
0 0.048958922558922556 0.10548989492217499 0.020686868686868688 0.044753288754862085
0 0.49510572390572394 0.1334607003939638 0.026203367003366982 0.0399582935311269
0 0.08171313131313132 0.7632034064445234 0.022755555555555553 0.04315495701361708
0 0.23514074074074073 0.7592075770914108 0.013791245791245818 0.03516329830739168
0 0.24996632996632998 0.05434327920233256 0.013101683501683522 0.035163298307391656
0 0.21824646464646466 0.2717163960116628 0.013101683501683491 0.03516329830739168
0 0.049303703703703704 0.4379428971011507 0.0199973063973064 0.03835996178988181
0 0.2747905723905724 0.24454475641049653 0.02689292929292931 0.0319666348249015
0 0.3137508417508417 0.8015633682344052 0.01654949494949493 0.03676163004863672
0 0.14584242424242425 0.6001735688375258 0.021376430976430973 0.04315495701361717
0 0.23479595959595959 0.6752951606760443 0.014480808080808079 0.03036830308365646
0 0.0824026936026936 0.805559197587518 0.021376430976430973 0.041556625272371944
0 0.08171313131313132 0.6009727347081485 0.022755555555555553 0.03516329830739159
0 0.23445117845117844 0.4363445653599056 0.013791245791245785 0.0319666348249015
0 0.530962962962963 0.7592075770914108 0.020686868686868694 0.03835996178988176
0 0.05068282828282829 0.762404240573901 0.024134680134680134 0.04475328875486212
0 0.23514074074074073 0.5985752370962809 0.013791245791245818 0.03356496656614645
0 0.4975191919191919 0.8007642023637828 0.022755555555555577 0.04475328875486212
0 0.23445117845117844 0.47550369302040996 0.013791245791245785 0.03676163004863681
0 0.2982356902356902 0.3532313148151617 0.013101683501683522 0.035163298307391636
0 0.530962962962963 0.8007642023637828 0.020686868686868694 0.04475328875486212
0 0.43442424242424243 0.5178594841634044 0.020686868686868694 0.03835996178988176
0 0.46510976430976436 0.5162611524221594 0.0199973063973064 0.03835996178988167
0 0.049993265993266 0.5993744029669033 0.022755555555555553 0.03835996178988195
0 0.40132525252525253 0.4347462336186605 0.020686868686868694 0.04155662527237199
0 0.5299286195286196 0.6377343647567851 0.021376430976430986 0.03835996178988176
0 0.23445117845117844 0.5586169435651538 0.013791245791245785 0.03356496656614645
0 0.27548013468013466 0.27571222536477547 0.02689292929292931 0.0335649665661465
0 0.23445117845117844 0.5170603182927819 0.013791245791245785 0.03676163004863663
0 0.04999326599326599 0.8071575293287632 0.024134680134680134 0.04475328875486212
0 0.016894276094276097 0.15104234954765963 0.024134680134680134 0.04315495701361703
0 0.5299286195286196 0.7176509518190389 0.022755555555555577 0.041556625272371944
0 0.5299286195286196 0.6760943265466669 0.022755555555555577 0.041556625272371944
0 0.5292390572390573 0.2701180642704177 0.021376430976430986 0.04475328875486208
0 0.05033804713804714 0.7232451129133965 0.023445117845117838 0.03995829353112681
0 0.2741010101010101 0.17981232089007101 0.02689292929292931 0.030368303083656435
0 0.23583030303030303 0.7168517859484165 0.013791245791245818 0.03676163004863672
0 0.2179016835016835 0.39558710595815616 0.013791245791245785 0.03356496656614655
0 0.3375407407407407 0.2693188983997952 0.021376430976430924 0.04315495701361703
0 0.08102356902356903 0.5194578159046496 0.02137643097643098 0.03835996178988176
0 0.46683367003367 0.43554539948928306 0.024824242424242395 0.0399582935311269
0 0.338230303030303 0.4347462336186605 0.019997306397306337 0.035163298307391636
0 0.2734114478114478 0.11268238775777782 0.028272053872053896 0.027171639601166295
0 0.23514074074074073 0.6369351988861626 0.015170370370370374 0.03356496656614664
0 0.20169696969696968 0.05594161094357764 0.015859932659932668 0.035163298307391656
0 0.3140956228956229 0.3532313148151617 0.01310168350168346 0.03835996178988181
0 0.314440404040404 0.7600067429620334 0.01654949494949493 0.03676163004863672
0 0.5292390572390573 0.43394706774803804 0.0199973063973064 0.03676163004863672
0 0.08171313131313132 0.39718543769940123 0.022755555555555553 0.04315495701361703
0 0.28237575757575756 0.6241485449562019 0.014480808080808143 0.020778312636185924
0 0.2827205387205387 0.6441276917217654 0.015170370370370374 0.02237664437743106
0 0.46579932659932666 0.35482964655640675 0.02275555555555551 0.0319666348249015
0 0.2734114478114478 0.04555245462548466 0.028272053872053896 0.0335649665661466
0 0.2734114478114478 0.07911742119163122 0.02689292929292931 0.0399582935311269
0 0.2741010101010101 0.1462473543239244 0.02689292929292931 0.03995829353112688
0 0.40063569023569023 0.3124738554134122 0.020686868686868694 0.04315495701361708
0 0.14515286195286195 0.2309589366099134 0.022755555555555577 0.04315495701361705
0 0.08067878787878788 0.1502431836770371 0.023445117845117838 0.041556625272371944
0 0.30582087542087544 0.2701180642704178 0.021376430976430986 0.041556625272371896
0 0.36891582491582486 0.3947879400875336 0.020686868686868694 0.03835996178988181
0 0.4961400673400673 0.18460731611380626 0.021376430976430924 0.04315495701361703
0 0.43373468013468014 0.3092771919309221 0.022065993265993282 0.0399582935311269
0 0.4347690235690236 0.5594161094357764 0.022755555555555577 0.04155662527237185
0 0.43442424242424243 0.6401318623686527 0.022065993265993282 0.04315495701361698
0 0.11274343434343434 0.05833910855544526 0.024134680134680134 0.04954828397859736
0 0.30582087542087544 0.22856143899804582 0.0199973063973064 0.041556625272371944
0 0.4975191919191919 0.5146628206809143 0.0199973063973064 0.04155662527237185
0 0.3371959595959596 0.10149406556906229 0.020686868686868694 0.043154957013617046
0 0.3371959595959596 0.39398877421691114 0.019307744107744107 0.04315495701361703
0 0.39994612794612794 0.1862056478550513 0.02344511784511787 0.04635162049610714
0 0.46510976430976436 0.18460731611380626 0.02275555555555551 0.046351620496107186
0 0.4968296296296296 0.3524321489445391 0.0199973063973064 0.0399582935311269
0 0.3682262626262626 0.22776227312742325 0.020686868686868632 0.03995829353112681
0 0.4968296296296296 0.3124738554134122 0.021376430976430986 0.04315495701361708
0 0.3375407407407407 0.05434327920233256 0.021376430976430924 0.05114661571984241
0 0.30582087542087544 0.14544818845330187 0.021376430976430986 0.04475328875486212
0 0.4961400673400673 0.2293606048686684 0.021376430976430924 0.04315495701361703
0 0.4968296296296296 0.39398877421691114 0.0199973063973064 0.04315495701361703
0 0.36960538720538716 0.3132730212840348 0.020686868686868694 0.041556625272372034
0 0.43373468013468014 0.3939887742169111 0.020686868686868694 0.0399582935311269
0 0.17687272727272726 0.14944401780641456 0.021376430976430986 0.04315495701361703
0 0.17652794612794612 0.10548989492217499 0.020686868686868694 0.041556625272371965
0 0.3682262626262626 0.2701180642704177 0.020686868686868632 0.04475328875486208
0 0.30513131313131314 0.10149406556906229 0.022755555555555577 0.043154957013617046
0 0.3375407407407407 0.31407218715465735 0.02275555555555551 0.04315495701361713
0 0.43373468013468014 0.3516329830739166 0.022065993265993282 0.04475328875486208
0 0.14515286195286195 0.14864485193579202 0.022755555555555577 0.0447532887548621
0 0.36960538720538716 0.35482964655640675 0.020686868686868694 0.041556625272371944
0 0.08067878787878788 0.10708822666342006 0.023445117845117838 0.04155662527237196
0 0.30582087542087544 0.1878039795962964 0.021376430976430986 0.039958293531126926
0 0.08136835016835017 0.3156705188959024 0.023445117845117845 0.04315495701361698
0 0.14515286195286195 0.05833910855544525 0.021376430976430973 0.052744947461087495
0 0.017239057239057238 0.3148713530252799 0.023445117845117845 0.041556625272371944
0 0.4968296296296296 0.2709172301410403 0.0199973063973064 0.03995829353112681
0 0.36960538720538716 0.560215275306399 0.020686868686868694 0.04315495701361717
0 0.46510976430976436 0.5554202800826636 0.0199973063973064 0.03995829353112681
0 0.46442020202020207 0.26851973252917266 0.0199973063973064 0.04155662527237199
0 0.2734114478114478 0.349235485462049 0.02689292929292931 0.046351620496107214
0 0.43304511784511784 0.18300898437256113 0.020686868686868694 0.046351620496107235
0 0.4654545454545454 0.22776227312742325 0.020686868686868632 0.03995829353112681
0 0.11343299663299664 0.15104234954765963 0.02275555555555556 0.04954828397859734
0 0.40063569023569023 0.2285614389980458 0.020686868686868694 0.03835996178988179
0 0.21031649831649832 0.5178594841634044 0.020686868686868694 0.04155662527237185
0 0.1461872053872054 0.5210561476458947 0.020686868686868677 0.04475328875486203
0 0.36891582491582486 0.43554539948928306 0.020686868686868694 0.0399582935311269
0 0.4968296296296296 0.43554539948928306 0.0199973063973064 0.0399582935311269
0 0.08136835016835017 0.2725155618822854 0.023445117845117845 0.04315495701361703
0 0.4975191919191919 0.6377343647567851 0.0199973063973064 0.041556625272372034
0 0.1448080808080808 0.19179980894940907 0.020686868686868677 0.03835996178988179
0 0.17583838383838382 0.06153577203793543 0.020686868686868694 0.04315495701361704
0 0.3365063973063973 0.2285614389980458 0.019307744107744107 0.03835996178988179
0 0.36891582491582486 0.47550369302041007 0.02206599326599322 0.039958293531126995
0 0.5292390572390573 0.3931896083462886 0.021376430976430986 0.041556625272371944
0 0.017239057239057238 0.35882547590951946 0.023445117845117845 0.04315495701361703
0 0.3375407407407407 0.18700481372567385 0.021376430976430924 0.041556625272372014
0 0.1454976430976431 0.4763028588910325 0.020686868686868677 0.041556625272372034
0 0.14446329966329965 0.1038915631809299 0.022755555555555577 0.03835996178988181
0 0.11343299663299664 0.10628906079279751 0.024134680134680134 0.04315495701361703
0 0.21686734006734007 0.23015977073929086 0.014480808080808079 0.035163298307391636
0 0.1461872053872054 0.5618136070476439 0.020686868686868677 0.03676163004863663
0 0.04964848484848485 0.39718543769940123 0.022065993265993265 0.04315495701361703
0 0.4975191919191919 0.6792909900291572 0.022755555555555577 0.041556625272371944
0 0.33754074074074075 0.14464902258267934 0.0199973063973064 0.0399582935311269
0 0.3371959595959596 0.3532313148151617 0.020686868686868694 0.035163298307391636
0 0.4340794612794613 0.7192492835602841 0.021376430976430986 0.041556625272371944
0 0.08171313131313132 0.4794995223735226 0.02413468013468014 0.04475328875486212
0 0.528549494949495 0.18300898437256113 0.022755555555555577 0.046351620496107235
0 0.3137508417508417 0.7176509518190389 0.01654949494949493 0.041556625272371944
0 0.338230303030303 0.4747045271497874 0.019997306397306337 0.04475328875486222
0 0.14515286195286195 0.3148713530252799 0.022755555555555577 0.041556625272371944
0 0.14584242424242425 0.3580263100388969 0.021376430976430973 0.04475328875486208
0 0.4027043771043771 0.6369351988861626 0.022065993265993282 0.046351620496107165
0 0.14584242424242425 0.27411389362353045 0.02275555555555556 0.03995829353112695
0 0.4340794612794613 0.5977760712256582 0.022755555555555577 0.041556625272372034
0 0.43235555555555555 0.23015977073929086 0.020686868686868694 0.04475328875486208
0 0.3385750841750842 0.5194578159046496 0.020686868686868632 0.04475328875486203
0 0.4027043771043771 0.5937802418725454 0.020686868686868694 0.039958293531126995
0 0.04964848484848485 0.2317581024805359 0.022065993265993265 0.04155662527237199
0 0.40063569023569023 0.2693188983997952 0.020686868686868694 0.04315495701361703
0 0.08102356902356903 0.6409310282392752 0.022755555555555553 0.04475328875486203
0 0.5299286195286196 0.5162611524221594 0.021376430976430986 0.04155662527237185
0 0.46510976430976436 0.5969769053550357 0.0199973063973064 0.04315495701361717
0 0.23445117845117844 0.2285614389980458 0.013791245791245785 0.03835996178988179
0 0.5292390572390573 0.3524321489445391 0.0199973063973064 0.03676163004863672
0 0.3137508417508417 0.39558710595815616 0.015170370370370341 0.03676163004863672
0 0.46579932659932666 0.7192492835602841 0.02275555555555551 0.041556625272371944
0 0.048958922558922556 0.15104234954765963 0.022065993265993265 0.04315495701361703
0 0.08102356902356903 0.4379428971011507 0.022755555555555553 0.03835996178988181
0 0.5292390572390573 0.3132730212840348 0.021376430976430986 0.041556625272372034
0 0.3137508417508417 0.6385335306274076 0.015170370370370341 0.03676163004863672
0 0.4975191919191919 0.47390536127916494 0.01861818181818181 0.03676163004863681
0 0.21066127946127947 0.4763028588910325 0.01861818181818181 0.03835996178988195
0 0.4020148148148148 0.5562194459532862 0.020686868686868694 0.041556625272371944
0 0.08033400673400673 0.19020147720816397 0.02137643097643098 0.03835996178988181
0 0.2747905723905724 0.21257812158559503 0.02689292929292931 0.03835996178988184
0 0.4027043771043771 0.7592075770914108 0.022065993265993282 0.041556625272372034
0 0.08033400673400674 0.2317581024805359 0.02275555555555556 0.04155662527237199
0 0.46579932659932666 0.677692658287912 0.0241346801346801 0.04475328875486212
0 0.017239057239057238 0.27411389362353045 0.023445117845117845 0.03995829353112695
0 0.23514074074074073 0.3116746895427897 0.013791245791245818 0.035163298307391636
0 0.049303703703703704 0.35482964655640675 0.02275555555555556 0.03835996178988176
0 0.4982087542087542 0.7576092453501658 0.022755555555555577 0.041556625272371944
0 0.016549494949494953 0.10548989492217498 0.02344511784511784 0.0479499522373523
0 0.46579932659932666 0.6369351988861626 0.021376430976430924 0.03676163004863672
0 0.4020148148148148 0.7176509518190389 0.020686868686868694 0.04475328875486212
0 0.08102356902356903 0.3564279782976518 0.022755555555555553 0.03835996178988181
0 0.3137508417508417 0.5977760712256582 0.01654949494949493 0.035163298307391774
0 0.20135218855218853 0.1038915631809299 0.015170370370370374 0.03516329830739164
0 0.2179016835016835 0.31407218715465735 0.013791245791245785 0.03356496656614655
0 0.23307205387205385 0.10229323143968483 0.012412121212121197 0.035163298307391656
0 0.017239057239057238 0.23415560009240352 0.023445117845117845 0.03995829353112686
0 0.4664888888888889 0.7608059088326559 0.0241346801346801 0.041556625272371944
0 0.5299286195286196 0.4747045271497874 0.021376430976430986 0.04475328875486222
0 0.2982356902356902 0.43634456535990557 0.013101683501683522 0.035163298307391636
0 0.23445117845117844 0.18780397959629638 0.013791245791245785 0.03676163004863677
0 0.40063569023569023 0.3524321489445391 0.020686868686868694 0.0399582935311269
0 0.43442424242424243 0.6792909900291572 0.020686868686868694 0.03835996178988186
0 0.25065589225589224 0.1038915631809299 0.013101683501683522 0.03516329830739164
0 0.3151299663299663 0.47550369302040996 0.013791245791245818 0.03356496656614673
0 0.4982087542087542 0.7200484494309065 0.021376430976430986 0.03676163004863672
0 0.4664888888888889 0.39398877421691114 0.0241346801346801 0.04315495701361703
0 0.14515286195286195 0.39718543769940123 0.022755555555555577 0.03356496656614659
0 0.4340794612794613 0.8023625341050279 0.021376430976430986 0.0479499522373523
0 0.049303703703703704 0.4763028588910325 0.021376430976430973 0.041556625272372034
0 0.4340794612794613 0.7592075770914108 0.021376430976430986 0.03835996178988176
0 0.04964848484848485 0.3156705188959025 0.023445117845117845 0.03995829353112686
0 0.14480808080808083 0.43554539948928306 0.01930774410774412 0.04315495701361703
0 0.2989252525252525 0.4747045271497874 0.013101683501683522 0.0319666348249015
0 0.04964848484848485 0.5194578159046496 0.022065993265993265 0.04475328875486203
0 0.4975191919191919 0.5977760712256582 0.0199973063973064 0.03835996178988186
0 0.23445117845117844 0.39718543769940123 0.013791245791245785 0.03356496656614659
0 0.43304511784511784 0.2701180642704178 0.020686868686868694 0.03835996178988176
0 0.4020148148148148 0.5170603182927819 0.020686868686868694 0.03995829353112681
0 0.40132525252525253 0.39398877421691114 0.020686868686868694 0.04315495701361703
0 0.314440404040404 0.4347462336186605 0.013791245791245754 0.03835996178988176
0 0.314440404040404 0.5154619865515369 0.013791245791245754 0.03676163004863663
0 0.23445117845117844 0.3532313148151617 0.013791245791245785 0.03835996178988181
0 0.23376161616161614 0.14704652019454698 0.013791245791245785 0.03196663482490155
0 0.2982356902356902 0.3939887742169111 0.013101683501683522 0.03676163004863672
0 0.3137508417508417 0.6784918241585345 0.015170370370370341 0.03356496656614664
0 0.20135218855218856 0.14704652019454698 0.013791245791245818 0.03196663482490155
0 0.017239057239057238 0.19179980894940907 0.023445117845117845 0.04475328875486212
0 0.5299286195286196 0.5586169435651538 0.021376430976430986 0.03995829353112681
0 0.049303703703703704 0.5626127729182666 0.02275555555555556 0.041556625272372034
0 0.04964848484848485 0.6393326964980303 0.022065993265993265 0.041556625272371944
0 0.43373468013468014 0.4779011906322776 0.020686868686868694 0.041556625272372034
0 0.4020148148148148 0.677692658287912 0.020686868686868694 0.03835996178988176
0 0.049303703703703704 0.27411389362353045 0.02275555555555556 0.046351620496107165
0 0.04861414141414141 0.19020147720816397 0.019997306397306392 0.03835996178988181
0 0.5278599326599327 0.2285614389980458 0.0199973063973064 0.03835996178988179
0 0.08171313131313132 0.720847615301529 0.022755555555555553 0.041556625272371944
0 0.5295838383838384 0.5969769053550357 0.020686868686868694 0.0399582935311269
0 0.049993265993266 0.6808893217704021 0.022755555555555553 0.041556625272371944
0 0.08102356902356903 0.6824876535116472 0.022755555555555553 0.03835996178988186
0 0.2341063973063973 0.2701180642704178 0.013101683501683491 0.035163298307391636
0 0.23307205387205385 0.055142445072955106 0.013791245791245785 0.03676163004863674
0 0.46510976430976436 0.4747045271497874 0.021376430976430924 0.04155662527237213
0 0.4027043771043771 0.8015633682344053 0.022065993265993282 0.04315495701361698
0 0.314440404040404 0.5546211142120412 0.013791245791245754 0.03516329830739168
0 0.08033400673400674 0.561813607047644 0.02275555555555556 0.046351620496107256
0 0.40132525252525253 0.47550369302040996 0.020686868686868694 0.04315495701361717
0 0.21617777777777777 0.190201477208164 0.014480808080808079 0.03196663482490155
0 0.4664888888888889 0.8023625341050279 0.0241346801346801 0.041556625272371944
0 0.43373468013468014 0.43554539948928306 0.020686868686868694 0.04315495701361703
0 0.30582087542087544 0.05674077681420017 0.02275555555555551 0.04635162049610718
0 0.36857104377104377 0.1862056478550513 0.0199973063973064 0.039958293531126926
0 0.4975191919191919 0.5586169435651538 0.0199973063973064 0.04315495701361689
0 0.36960538720538716 0.5162611524221594 0.022065993265993282 0.04155662527237185
0 0.08033400673400674 0.05993744029669033 0.02275555555555556 0.04954828397859734
0 0.4654545454545454 0.3132730212840348 0.02206599326599322 0.04475328875486217
0 0.30582087542087544 0.3116746895427897 0.021376430976430986 0.04155662527237199
