0 0.225979 0.785300 0.034401 0.046422
0 0.502966 0.264990 0.049822 0.038685
0 0.502372 0.221470 0.046263 0.044487
0 0.502372 0.301741 0.046263 0.038685
0 0.501186 0.436170 0.046263 0.032882
0 0.940095 0.443907 0.036773 0.044487
0 0.502372 0.029014 0.043891 0.038685
0 0.940095 0.246615 0.039146 0.044487
0 0.830368 0.443907 0.033215 0.048356
0 0.501186 0.183752 0.043891 0.034816
0 0.223606 0.443907 0.034401 0.044487
0 0.515421 0.735010 0.024911 0.034816
0 0.224792 0.296905 0.039146 0.029014
0 0.502372 0.066731 0.043891 0.044487
0 0.502372 0.105416 0.046263 0.032882
0 0.942467 0.932302 0.034401 0.054159
0 0.224792 0.737911 0.036773 0.048356
0 0.831554 0.882979 0.035587 0.044487
0 0.227165 0.935203 0.039146 0.056093
0 0.227165 0.886847 0.036773 0.044487
0 0.831554 0.782398 0.035587 0.052224
0 0.943654 0.882012 0.036773 0.042553
0 0.722420 0.882012 0.033215 0.046422
0 0.390273 0.396518 0.037960 0.058027
0 0.611507 0.246615 0.039146 0.056093
0 0.831554 0.735010 0.035587 0.046422
0 0.057533 0.546422 0.034401 0.052224
0 0.611507 0.346228 0.034401 0.042553
0 0.666667 0.882012 0.035587 0.042553
0 0.940095 0.538685 0.036773 0.044487
0 0.501779 0.145068 0.045077 0.046422
0 0.830368 0.249516 0.035587 0.050290
0 0.941281 0.586074 0.034401 0.050290
0 0.941281 0.632495 0.032028 0.046422
0 0.115065 0.543520 0.035587 0.050290
0 0.225979 0.638298 0.034401 0.046422
0 0.831554 0.688588 0.035587 0.050290
0 0.227165 0.837524 0.039146 0.058027
0 0.666667 0.735977 0.035587 0.044487
0 0.058719 0.202128 0.036773 0.044487
0 0.938909 0.396518 0.036773 0.050290
0 0.830368 0.929400 0.035587 0.048356
0 0.224792 0.541586 0.036773 0.046422
0 0.057533 0.099613 0.039146 0.056093
0 0.942467 0.735010 0.039146 0.042553
0 0.224199 0.047389 0.035587 0.059961
0 0.113879 0.042553 0.035587 0.050290
0 0.555753 0.735010 0.032028 0.046422
0 0.721827 0.638298 0.034401 0.046422
0 0.720641 0.443907 0.034401 0.052224
0 0.942467 0.782398 0.036773 0.056093
0 0.831554 0.538685 0.035587 0.048356
0 0.057533 0.154739 0.041518 0.050290
0 0.224792 0.590909 0.036773 0.048356
0 0.940095 0.344294 0.034401 0.046422
0 0.831554 0.590909 0.035587 0.048356
0 0.776987 0.685687 0.037960 0.048356
0 0.392645 0.247582 0.033215 0.046422
0 0.940095 0.491296 0.036773 0.046422
0 0.831554 0.835590 0.035587 0.050290
0 0.113879 0.446809 0.035587 0.046422
0 0.776987 0.882012 0.035587 0.046422
0 0.940095 0.045455 0.039146 0.052224
0 0.830368 0.638298 0.035587 0.050290
0 0.227165 0.690522 0.036773 0.054159
0 0.778173 0.785300 0.035587 0.054159
0 0.555753 0.934236 0.039146 0.050290
0 0.666667 0.491296 0.033215 0.038685
0 0.115065 0.496132 0.033215 0.048356
0 0.058126 0.346228 0.037960 0.050290
0 0.722420 0.932302 0.035587 0.050290
0 0.829181 0.042553 0.033215 0.054159
0 0.723013 0.538685 0.032028 0.048356
0 0.721234 0.835590 0.037960 0.046422
0 0.722420 0.737911 0.035587 0.048356
0 0.556940 0.244681 0.034401 0.044487
0 0.167853 0.200193 0.032028 0.052224
0 0.941281 0.835590 0.039146 0.046422
0 0.056940 0.044487 0.040332 0.054159
0 0.665480 0.394584 0.035587 0.038685
0 0.720641 0.247582 0.036773 0.046422
0 0.058126 0.499033 0.035587 0.046422
0 0.666667 0.685687 0.035587 0.056093
0 0.224199 0.097679 0.033215 0.040619
0 0.390273 0.347195 0.033215 0.048356
0 0.112693 0.094778 0.040332 0.054159
0 0.666667 0.835590 0.037960 0.046422
0 0.831554 0.491296 0.035587 0.046422
0 0.942467 0.685687 0.039146 0.056093
0 0.113879 0.350097 0.035587 0.050290
0 0.558126 0.039652 0.036773 0.056093
0 0.776987 0.835590 0.035587 0.046422
0 0.555753 0.147002 0.034401 0.054159
0 0.883749 0.094778 0.037960 0.054159
0 0.554567 0.685687 0.034401 0.048356
0 0.555753 0.832689 0.039146 0.044487
0 0.554567 0.882979 0.036773 0.052224
0 0.775801 0.588008 0.035587 0.050290
0 0.831554 0.296905 0.033215 0.048356
0 0.829181 0.344294 0.035587 0.046422
0 0.336892 0.042553 0.035587 0.054159
0 0.884935 0.197292 0.033215 0.046422
0 0.113879 0.299807 0.033215 0.046422
0 0.392052 0.294004 0.032028 0.050290
0 0.778173 0.932302 0.040332 0.054159
0 0.224199 0.249516 0.035587 0.050290
0 0.940095 0.202128 0.039146 0.048356
0 0.666667 0.638298 0.035587 0.046422
0 0.666074 0.296905 0.036773 0.048356
0 0.774614 0.299807 0.035587 0.046422
0 0.224792 0.491296 0.034401 0.050290
0 0.224792 0.344294 0.039146 0.054159
0 0.775801 0.491296 0.035587 0.050290
0 0.776987 0.538685 0.035587 0.048356
0 0.721234 0.688588 0.035587 0.046422
0 0.611507 0.391683 0.032028 0.048356
0 0.830368 0.149903 0.037960 0.048356
0 0.774614 0.638298 0.037960 0.050290
0 0.058719 0.399420 0.036773 0.052224
0 0.281732 0.042553 0.039146 0.054159
0 0.392645 0.042553 0.037960 0.054159
0 0.058126 0.448743 0.037960 0.050290
0 0.115065 0.399420 0.037960 0.048356
0 0.556940 0.202128 0.034401 0.048356
0 0.337485 0.197292 0.034401 0.046422
0 0.884935 0.147002 0.037960 0.046422
0 0.883749 0.041586 0.035587 0.052224
0 0.501186 0.385880 0.041518 0.056093
0 0.884935 0.349130 0.035587 0.056093
0 0.830368 0.200193 0.037960 0.048356
0 0.721234 0.491296 0.035587 0.042553
0 0.112693 0.149903 0.037960 0.052224
0 0.667260 0.785300 0.039146 0.054159
0 0.721827 0.588008 0.034401 0.050290
0 0.113879 0.249516 0.035587 0.046422
0 0.830368 0.393617 0.033215 0.052224
0 0.335706 0.149903 0.035587 0.048356
0 0.057533 0.250484 0.039146 0.052224
0 0.940095 0.100580 0.039146 0.050290
0 0.664887 0.194391 0.034401 0.056093
0 0.558126 0.590909 0.036773 0.048356
0 0.722420 0.785300 0.035587 0.050290
0 0.939502 0.151838 0.037960 0.052224
0 0.666667 0.932302 0.040332 0.058027
0 0.720641 0.393617 0.034401 0.044487
0 0.940095 0.294004 0.039146 0.050290
0 0.556940 0.638298 0.034401 0.050290
0 0.446026 0.250484 0.033215 0.052224
0 0.774614 0.391683 0.037960 0.048356
0 0.224199 0.147969 0.035587 0.052224
0 0.058719 0.299807 0.036773 0.050290
0 0.775801 0.735010 0.040332 0.050290
0 0.113879 0.202128 0.035587 0.048356
0 0.611507 0.194391 0.034401 0.056093
0 0.830368 0.100580 0.035587 0.050290
0 0.556940 0.396518 0.034401 0.046422
0 0.774614 0.344294 0.037960 0.046422
0 0.555753 0.785300 0.039146 0.054159
0 0.280546 0.296905 0.036773 0.052224
0 0.335706 0.244681 0.035587 0.052224
0 0.884935 0.247582 0.035587 0.050290
0 0.556940 0.491296 0.034401 0.046422
0 0.666667 0.590909 0.035587 0.052224
0 0.392645 0.096712 0.037960 0.050290
0 0.558126 0.094778 0.036773 0.054159
0 0.720641 0.294004 0.034401 0.046422
0 0.775801 0.441006 0.035587 0.046422
0 0.555753 0.443907 0.036773 0.048356
0 0.884935 0.294004 0.035587 0.050290
0 0.223606 0.397485 0.036773 0.052224
0 0.666074 0.247582 0.036773 0.050290
0 0.555753 0.541586 0.036773 0.050290
0 0.281732 0.097679 0.039146 0.052224
0 0.774614 0.197292 0.033215 0.054159
0 0.390273 0.147002 0.037960 0.050290
0 0.774614 0.250484 0.035587 0.052224
0 0.718861 0.344294 0.035587 0.054159
0 0.665480 0.537718 0.037960 0.050290
0 0.447212 0.197292 0.035587 0.054159
0 0.335706 0.296905 0.035587 0.048356
0 0.612693 0.299807 0.039146 0.054159
0 0.720641 0.194391 0.034401 0.056093
0 0.556940 0.294004 0.032028 0.050290
0 0.281732 0.149903 0.039146 0.048356
0 0.280546 0.249516 0.039146 0.050290
0 0.224199 0.197292 0.035587 0.050290
0 0.335706 0.097679 0.037960 0.056093
0 0.665480 0.443907 0.037960 0.056093
0 0.336892 0.347195 0.035587 0.056093
0 0.281139 0.200193 0.040332 0.052224
0 0.392645 0.197292 0.035587 0.050290
0 0.666074 0.347195 0.036773 0.052224
0 0.555753 0.346228 0.034401 0.050290
