0 0.713485 0.683443 0.039907 0.051435
0 0.178716 0.572396 0.024961 0.038477
0 0.205434 0.572139 0.025038 0.040118
0 0.184608 0.698740 0.022744 0.038250
0 0.145811 0.702704 0.036352 0.046173
0 0.208821 0.656698 0.024006 0.041645
0 0.183105 0.403785 0.038722 0.049681
0 0.183651 0.654324 0.024961 0.038477
0 0.076860 0.334681 0.039907 0.051435
0 0.406075 0.718976 0.038569 0.046399
0 0.816019 0.672967 0.036429 0.047814
0 0.914812 0.331493 0.025038 0.040118
0 0.212761 0.741201 0.026146 0.040231
0 0.402585 0.429170 0.024961 0.038477
0 0.555667 0.368190 0.025191 0.043399
0 0.280493 0.271010 0.036123 0.041250
0 0.080801 0.419184 0.039831 0.049794
0 0.868309 0.671745 0.040939 0.049907
0 0.181145 0.612540 0.025993 0.036949
0 0.865134 0.627556 0.038569 0.046399
0 0.231454 0.318061 0.036352 0.046173
0 0.557618 0.410032 0.024961 0.038477
0 0.459282 0.713539 0.034135 0.045946
0 0.900017 0.253046 0.034135 0.045946
0 0.851821 0.342051 0.038722 0.049681
0 0.763709 0.637920 0.037308 0.043004
0 0.589757 0.239410 0.036276 0.044532
0 0.406562 0.466682 0.024808 0.035195
0 0.586468 0.192759 0.034441 0.052510
0 0.765106 0.679818 0.038799 0.051322
0 0.179279 0.321743 0.039028 0.056244
0 0.798325 0.305477 0.035167 0.044419
0 0.228280 0.273872 0.038722 0.049681
0 0.130567 0.411626 0.035320 0.047700
0 0.812633 0.588407 0.035550 0.052623
0 0.848761 0.300323 0.036276 0.044532
0 0.694129 0.316124 0.035167 0.044419
0 0.644056 0.317118 0.035091 0.042778
0 0.143746 0.658402 0.036505 0.049454
0 0.282482 0.313671 0.038799 0.051322
0 0.709545 0.598941 0.035550 0.052623
0 0.389184 0.344809 0.037461 0.046286
0 0.897912 0.207923 0.041015 0.051548
0 0.335977 0.350246 0.037308 0.043004
0 0.591746 0.282071 0.038646 0.048040
0 0.496558 0.450068 0.042124 0.051662
0 0.147801 0.745366 0.038722 0.049681
0 0.278312 0.224246 0.039028 0.056244
0 0.747221 0.308226 0.037308 0.043004
0 0.497993 0.492786 0.042926 0.045212
0 0.539648 0.287395 0.034212 0.047587
0 0.863068 0.583254 0.038875 0.052963
0 0.401580 0.634529 0.035473 0.050982
0 0.645453 0.359016 0.038799 0.051322
0 0.800200 0.345677 0.035091 0.042778
0 0.761643 0.593617 0.037767 0.052849
0 0.456222 0.671811 0.038492 0.044758
0 0.796145 0.258713 0.035550 0.052623
0 0.493362 0.345705 0.044761 0.037234
0 0.889663 0.831131 0.028134 0.035535
0 0.490570 0.309720 0.045067 0.043797
0 0.488123 0.281119 0.044684 0.035593
0 0.484909 0.212204 0.046748 0.032538
0 0.494816 0.376881 0.044914 0.040516
0 0.902885 0.290672 0.037957 0.033273
0 0.499944 0.534627 0.038416 0.043118
0 0.787206 0.843249 0.024808 0.035195
0 0.484104 0.147164 0.046978 0.037460
0 0.404678 0.677078 0.035167 0.044419
0 0.197918 0.446785 0.021636 0.038137
0 0.881268 0.710813 0.029319 0.037289
0 0.779288 0.721233 0.024732 0.033554
0 0.485672 0.180801 0.044837 0.038875
0 0.829170 0.716137 0.025038 0.040118
0 0.486478 0.245841 0.045067 0.043797
0 0.129801 0.371313 0.035091 0.042778
0 0.833146 0.753649 0.024885 0.036836
0 0.782271 0.761320 0.029395 0.038930
0 0.522810 0.738372 0.022285 0.028405
0 0.166841 0.867069 0.024808 0.035195
0 0.917318 0.373278 0.026070 0.038590
0 0.078811 0.376523 0.037308 0.043004
0 0.203560 0.531938 0.024808 0.035195
0 0.164852 0.824407 0.024808 0.035195
0 0.173647 0.451738 0.026146 0.040231
0 0.710387 0.640895 0.035167 0.044419
0 0.209663 0.698653 0.023776 0.036723
0 0.233443 0.360723 0.038416 0.043118
0 0.814699 0.632710 0.037461 0.046286
0 0.163168 0.788309 0.027025 0.035422
0 0.540491 0.329349 0.038263 0.039836
0 0.176287 0.532252 0.023929 0.040004
0 0.174413 0.492052 0.023853 0.038364
0 0.884251 0.750900 0.027178 0.038703
0 0.201570 0.489277 0.025114 0.041758
0 0.127850 0.329471 0.035473 0.050982
0 0.387118 0.300507 0.037614 0.049568
0 0.439620 0.339656 0.036352 0.046173
0 0.453010 0.626802 0.038875 0.052963
0 0.438547 0.292779 0.038646 0.048040
0 0.333911 0.305943 0.035397 0.049341
0 0.745155 0.263923 0.037614 0.049568
0 0.441494 0.379856 0.034059 0.044305
0 0.692063 0.271821 0.037690 0.051209
0 0.697112 0.356211 0.035244 0.046060
0 0.749096 0.348426 0.035167 0.044419
0 0.537467 0.240631 0.038722 0.049681
0 0.847804 0.255908 0.038799 0.051322
0 0.641436 0.272872 0.038875 0.052963
0 0.391059 0.385010 0.037537 0.047927
0 0.337852 0.390446 0.039754 0.048153
