0 0.692448233861145 0.38827838827838823 0.035322777101096214 0.047619047619047616
0 0.0682095006090134 0.0641025641025641 0.034104750304506694 0.05128205128205128
0 0.9738124238733252 0.2985347985347986 0.040194884287454324 0.04395604395604391
0 0.523142509135201 0.43223443223443225 0.045066991473812434 0.036630036630036666
0 0.5383678440925701 0.7133699633699633 0.02436053593179055 0.034798534798534786
0 0.5243605359317906 0.19688644688644688 0.0523751522533496 0.034798534798534786
0 0.523142509135201 0.1208791208791209 0.054811205846528654 0.032967032967032975
0 0.52557856272838 0.271062271062271 0.049939098660170544 0.032967032967033016
0 0.12728380024360536 0.576007326007326 0.035322777101096214 0.045787545787545736
0 0.5219244823386116 0.08699633699633698 0.052375152253349655 0.03846153846153849
0 0.9738124238733252 0.11172161172161174 0.040194884287454324 0.051282051282051266
0 0.18453105968331304 0.7683150183150182 0.040194884287454324 0.053113553113553036
0 0.12667478684531058 0.26007326007326004 0.0389768574908648 0.043956043956043966
0 0.06942752740560293 0.4487179487179487 0.03654080389768575 0.047619047619047505
0 0.35444579780755175 0.8122710622710623 0.03654080389768577 0.042124542124542086
0 0.9738124238733252 0.34523809523809523 0.037758830694275325 0.04578754578754579
0 0.06881851400730817 0.7664835164835164 0.03288672350791716 0.03846153846153855
0 0.12667478684531058 0.5347985347985348 0.03654080389768574 0.04395604395604402
0 0.5219244823386114 0.16025641025641024 0.04993909866017049 0.045787545787545764
0 0.12667478684531058 0.39468864468864473 0.03410475030450669 0.04578754578754579
0 0.3520097442143727 0.3956043956043956 0.03654080389768577 0.03296703296703296
0 0.12606577344701583 0.673992673992674 0.03775883069427527 0.04761904761904756
0 0.5243605359317906 0.3067765567765568 0.0523751522533496 0.04212454212454214
0 0.06942752740560293 0.5347985347985348 0.0389768574908648 0.04395604395604402
0 0.18453105968331304 0.8131868131868132 0.03775883069427527 0.04395604395604391
0 0.182095006090134 0.39560439560439564 0.040194884287454324 0.040293040293040316
0 0.06942752740560293 0.4908424908424908 0.0389768574908648 0.04395604395604391
0 0.06942752740560293 0.3983516483516484 0.03654080389768575 0.04945054945054944
0 0.0712545676004872 0.858974358974359 0.04019488428745432 0.04761904761904756
0 0.35627283800243603 0.532051282051282 0.03045066991473816 0.0421245421245422
0 0.18453105968331304 0.7206959706959706 0.03775883069427527 0.053113553113553036
0 0.1248477466504263 0.3507326007326007 0.035322777101096214 0.04578754578754579
0 0.06942752740560293 0.5815018315018314 0.03654080389768575 0.049450549450549386
0 0.5219244823386113 0.3864468864468864 0.04506699147381232 0.047619047619047616
0 0.3514007308160779 0.11172161172161171 0.03775883069427527 0.0476190476190476
0 0.464068209500609 0.21062271062271062 0.03654080389768577 0.047619047619047616
0 0.5243605359317904 0.23168498168498164 0.049939098660170544 0.04578754578754571
0 0.07003654080389769 0.8086080586080586 0.037758830694275276 0.049450549450549386
0 0.8611449451887941 0.2994505494505495 0.03654080389768577 0.04212454212454214
0 0.2971985383678441 0.6730769230769231 0.04141291108404388 0.049450549450549386
0 0.07064555420219244 0.6291208791208791 0.03897685749086479 0.04945054945054961
0 0.7466504263093788 0.11080586080586081 0.03654080389768577 0.049450549450549414
0 0.18453105968331304 0.858974358974359 0.040194884287454324 0.04761904761904756
0 0.9750304506699148 0.6703296703296704 0.037758830694275214 0.05128205128205121
0 0.7515225334957369 0.7133699633699634 0.03897685749086477 0.0494505494505495
0 0.12667478684531058 0.3058608058608059 0.03654080389768574 0.040293040293040316
0 0.7515225334957369 0.8040293040293041 0.03654080389768577 0.04029304029304015
0 0.7466504263093788 0.3003663003663004 0.03654080389768577 0.04761904761904756
0 0.6942752740560292 0.902014652014652 0.03897685749086477 0.05311355311355315
0 0.12606577344701583 0.489010989010989 0.03775883069427527 0.05128205128205121
0 0.9725943970767357 0.16025641025641024 0.040194884287454324 0.04945054945054947
0 0.07064555420219244 0.674908424908425 0.03897685749086479 0.045787545787545736
0 0.917783191230207 0.8992673992673993 0.042630937880633435 0.04761904761904767
0 0.7515225334957369 0.6675824175824177 0.03897685749086477 0.042124542124541975
0 0.12667478684531058 0.43864468864468864 0.03654080389768574 0.04578754578754579
0 0.3520097442143727 0.3489010989010989 0.038976857490864825 0.04945054945054944
0 0.2953714981729598 0.2564102564102564 0.04019488428745438 0.043956043956043966
0 0.12667478684531058 0.6254578754578755 0.0389768574908648 0.05311355311355315
0 0.7515225334957369 0.7600732600732601 0.03897685749086477 0.04761904761904767
0 0.35444579780755175 0.8562271062271063 0.03897685749086477 0.049450549450549386
0 0.9725943970767357 0.2536630036630037 0.040194884287454324 0.04578754578754585
0 0.9713763702801461 0.2087912087912088 0.037758830694275214 0.043956043956043966
0 0.9165651644336176 0.3891941391941392 0.035322777101096214 0.042124542124542086
0 0.8617539585870888 0.8983516483516483 0.040194884287454324 0.045787545787545736
0 0.6942752740560292 0.760989010989011 0.03654080389768566 0.0421245421245422
0 0.17965895249695493 0.3507326007326007 0.040194884287454324 0.04945054945054944
0 0.18453105968331304 0.9093406593406593 0.040194884287454324 0.05311355311355315
0 0.18331303288672351 0.6730769230769231 0.035322777101096214 0.045787545787545736
0 0.6942752740560292 0.8562271062271063 0.03654080389768566 0.045787545787545736
0 0.9738124238733252 0.38827838827838823 0.035322777101096214 0.043956043956043966
0 0.0712545676004872 0.9065934065934066 0.037758830694275256 0.04395604395604402
0 0.18331303288672351 0.5778388278388278 0.040194884287454324 0.045787545787545736
0 0.9750304506699148 0.4835164835164835 0.037758830694275214 0.04395604395604391
0 0.9202192448233861 0.6666666666666667 0.042630937880633324 0.04761904761904756
0 0.7503045066991474 0.902014652014652 0.03897685749086488 0.0494505494505495
0 0.523142509135201 0.04670329670329669 0.054811205846528654 0.049450549450549414
0 0.35444579780755175 0.7161172161172161 0.03654080389768577 0.04395604395604402
0 0.9750304506699148 0.5283882783882784 0.037758830694275214 0.04578754578754585
0 0.35444579780755175 0.7646520146520147 0.03654080389768577 0.05311355311355315
0 0.18331303288672351 0.5347985347985348 0.035322777101096214 0.04395604395604402
0 0.915347137637028 0.10897435897435898 0.037758830694275325 0.05311355311355308
0 0.12667478684531058 0.21336996336996336 0.03654080389768574 0.04578754578754579
0 0.12667478684531058 0.11446886446886448 0.03654080389768574 0.049450549450549455
0 0.8617539585870888 0.48168498168498164 0.040194884287454324 0.043956043956043966
0 0.46833130328867234 0.902014652014652 0.035322777101096214 0.0494505494505495
0 0.6942752740560292 0.8067765567765568 0.03654080389768566 0.0494505494505495
0 0.07064555420219246 0.7197802197802198 0.03654080389768574 0.04761904761904767
0 0.7490864799025578 0.5741758241758241 0.03654080389768577 0.045787545787545736
0 0.9165651644336175 0.29670329670329676 0.040194884287454324 0.040293040293040205
0 0.9190012180267966 0.8058608058608059 0.037758830694275325 0.04761904761904767
0 0.9738124238733252 0.575091575091575 0.040194884287454324 0.04761904761904756
0 0.12667478684531058 0.7683150183150182 0.0389768574908648 0.053113553113553036
0 0.7503045066991474 0.8525641025641025 0.03897685749086488 0.0494505494505495
0 0.3507917174177832 0.21336996336996336 0.03654080389768577 0.04578754578754579
0 0.12606577344701583 0.7197802197802198 0.03775883069427527 0.04761904761904767
0 0.182095006090134 0.49175824175824173 0.03775883069427527 0.042124542124542086
0 0.0682095006090134 0.1163003663003663 0.03654080389768574 0.049450549450549455
0 0.9190012180267966 0.7170329670329669 0.040194884287454324 0.045787545787545736
0 0.9190012180267966 0.8525641025641026 0.040194884287454324 0.045787545787545736
0 0.917783191230207 0.48168498168498164 0.040194884287454324 0.043956043956043966
0 0.12667478684531058 0.16391941391941392 0.03654080389768574 0.04945054945054944
0 0.2381242387332521 0.2564102564102564 0.035322777101096214 0.043956043956043966
0 0.915347137637028 0.1565934065934066 0.037758830694275325 0.04945054945054944
0 0.3520097442143727 0.30219780219780223 0.03654080389768577 0.047619047619047616
0 0.6942752740560292 0.7152014652014651 0.03654080389768566 0.049450549450549386
0 0.9750304506699148 0.61996336996337 0.037758830694275214 0.04578754578754585
0 0.46711327649208284 0.7591575091575091 0.035322777101096214 0.042124542124542086
0 0.0682095006090134 0.25732600732600736 0.03654080389768574 0.04578754578754585
0 0.6942752740560292 0.575091575091575 0.03654080389768566 0.04029304029304015
0 0.2971985383678441 0.7216117216117216 0.03897685749086477 0.04395604395604402
0 0.23751522533495734 0.2133699633699634 0.03410475030450666 0.042124542124542114
0 0.3514007308160779 0.16208791208791207 0.03775883069427527 0.05311355311355312
0 0.2953714981729598 0.21062271062271062 0.03775883069427527 0.051282051282051266
0 0.3520097442143727 0.2564102564102564 0.03654080389768577 0.043956043956043966
0 0.9190012180267966 0.76007326007326 0.037758830694275325 0.04395604395604391
0 0.3544457978075518 0.489010989010989 0.034104750304506715 0.04761904761904756
0 0.06942752740560293 0.2097069597069597 0.03654080389768575 0.04578754578754579
0 0.8629719853836785 0.8104395604395604 0.035322777101096214 0.04578754578754585
0 0.35566382460414125 0.575091575091575 0.038976857490864825 0.04395604395604391
0 0.06942752740560293 0.30311355311355315 0.0389768574908648 0.045787545787545736
0 0.8617539585870889 0.6208791208791209 0.035322777101096214 0.04395604395604402
0 0.06942752740560293 0.3507326007326007 0.0389768574908648 0.04945054945054944
0 0.35444579780755175 0.9056776556776557 0.04141291108404388 0.05311355311355315
0 0.7490864799025578 0.48168498168498164 0.03654080389768577 0.047619047619047616
0 0.46711327649208284 0.8543956043956045 0.035322777101096214 0.049450549450549386
0 0.2965895249695493 0.532967032967033 0.035322777101096214 0.04029304029304037
0 0.46650426309378806 0.06227106227106227 0.03654080389768577 0.05128205128205129
0 0.46528623629719856 0.25274725274725274 0.036540803897685714 0.043956043956043966
0 0.18087697929354446 0.2564102564102564 0.03775883069427527 0.043956043956043966
0 0.23934226552984164 0.3498168498168498 0.03775883069427527 0.043956043956043966
0 0.23690621193666261 0.11355311355311357 0.03775883069427524 0.05128205128205128
0 0.182095006090134 0.30311355311355315 0.040194884287454324 0.04945054945054944
0 0.2369062119366626 0.16391941391941392 0.03532277710109616 0.04945054945054944
0 0.2381242387332521 0.4423076923076923 0.035322777101096214 0.04945054945054944
0 0.35444579780755175 0.673992673992674 0.03654080389768577 0.04395604395604391
0 0.5791717417783191 0.21062271062271062 0.040194884287454324 0.043956043956043966
0 0.9165651644336176 0.3424908424908425 0.035322777101096214 0.047619047619047616
0 0.9713763702801461 0.05769230769230771 0.040194884287454324 0.056776556776556804
0 0.46589524969549334 0.7161172161172161 0.03775883069427527 0.04029304029304037
0 0.917783191230207 0.4358974358974359 0.040194884287454324 0.05128205128205132
0 0.9750304506699148 0.4368131868131868 0.037758830694275214 0.0494505494505495
0 0.8617539585870889 0.7170329670329669 0.037758830694275325 0.045787545787545736
0 0.6942752740560292 0.61996336996337 0.03654080389768566 0.04945054945054961
0 0.18087697929354446 0.4423076923076923 0.040194884287454324 0.05311355311355309
0 0.7515225334957369 0.6236263736263736 0.03897685749086477 0.04578754578754596
0 0.9153471376370279 0.0576923076923077 0.040194884287454324 0.05311355311355313
0 0.6930572472594397 0.6666666666666667 0.03654080389768577 0.04761904761904756
0 0.23690621193666261 0.06135531135531136 0.03775883069427524 0.05311355311355312
0 0.917783191230207 0.575091575091575 0.040194884287454324 0.04761904761904756
0 0.23934226552984164 0.391941391941392 0.03775883069427527 0.047619047619047616
0 0.46528623629719856 0.16117216117216115 0.036540803897685714 0.051282051282051294
0 0.8617539585870889 0.5778388278388278 0.035322777101096214 0.045787545787545736
0 0.8617539585870889 0.8562271062271063 0.037758830694275325 0.045787545787545736
0 0.06942752740560293 0.16391941391941392 0.03654080389768575 0.04578754578754579
0 0.6942752740560292 0.5283882783882784 0.03654080389768566 0.04578754578754585
0 0.40803897685749085 0.20695970695970695 0.03654080389768577 0.058608058608058594
0 0.8617539585870888 0.7637362637362637 0.040194884287454324 0.05128205128205121
0 0.2959805115712546 0.6254578754578755 0.038976857490864825 0.05311355311355315
0 0.915347137637028 0.20512820512820512 0.037758830694275325 0.043956043956043966
0 0.18331303288672351 0.6254578754578755 0.040194884287454324 0.05311355311355315
0 0.46650426309378806 0.43864468864468864 0.03654080389768577 0.04578754578754579
0 0.8611449451887941 0.3424908424908425 0.03654080389768577 0.047619047619047616
0 0.5791717417783191 0.16025641025641024 0.037758830694275436 0.045787545787545764
0 0.18087697929354446 0.16391941391941392 0.040194884287454324 0.04578754578754579
0 0.8617539585870889 0.6675824175824177 0.037758830694275325 0.049450549450549386
0 0.5791717417783191 0.1108058608058608 0.040194884287454324 0.04578754578754578
0 0.6352009744214373 0.25549450549450553 0.040194884287454324 0.0494505494505495
0 0.46528623629719856 0.11263736263736265 0.036540803897685714 0.049450549450549455
0 0.7466504263093788 0.16117216117216118 0.03654080389768577 0.047619047619047616
0 0.917783191230207 0.5274725274725275 0.040194884287454324 0.04761904761904767
0 0.18148599269183924 0.2097069597069597 0.0389768574908648 0.04578754578754579
0 0.29598051157125455 0.3012820512820513 0.04141291108404388 0.049450549450549386
0 0.8063337393422655 0.3891941391941392 0.03654080389768577 0.042124542124542086
0 0.7472594397076736 0.2518315018315019 0.035322777101096214 0.049450549450549525
0 0.7503045066991474 0.5283882783882784 0.03654080389768577 0.04578754578754585
0 0.7466504263093788 0.34523809523809523 0.03654080389768577 0.04578754578754579
0 0.2965895249695493 0.3498168498168498 0.040194884287454324 0.047619047619047616
0 0.3514007308160779 0.059523809523809534 0.03775883069427527 0.05311355311355314
0 0.2965895249695494 0.39560439560439564 0.03775883069427527 0.047619047619047616
0 0.6918392204628502 0.34615384615384615 0.03410475030450666 0.043956043956043966
0 0.2971985383678441 0.5778388278388278 0.03654080389768577 0.045787545787545736
0 0.7466504263093788 0.059523809523809534 0.03654080389768577 0.05311355311355314
0 0.7466504263093788 0.20695970695970695 0.03654080389768577 0.04395604395604394
0 0.23934226552984164 0.30311355311355315 0.03775883069427527 0.04945054945054944
0 0.9190012180267966 0.6217948717948718 0.037758830694275325 0.04945054945054961
0 0.2965895249695494 0.4423076923076923 0.03775883069427527 0.04578754578754579
0 0.17965895249695493 0.11355311355311357 0.040194884287454324 0.05128205128205128
0 0.35322777101096225 0.43772893772893773 0.03654080389768577 0.05128205128205132
0 0.8617539585870889 0.44047619047619047 0.035322777101096214 0.04578754578754579
0 0.7478684531059683 0.3928571428571429 0.03654080389768566 0.04578754578754579
0 0.46711327649208284 0.8086080586080586 0.035322777101096214 0.049450549450549386
0 0.4658952496954933 0.532967032967033 0.035322777101096214 0.04029304029304037
0 0.6918392204628502 0.48168498168498164 0.03654080389768577 0.047619047619047616
0 0.6918392204628502 0.43864468864468864 0.03410475030450666 0.04578754578754579
0 0.8617539585870889 0.3928571428571429 0.035322777101096214 0.04945054945054944
0 0.18148599269183924 0.06135531135531136 0.0389768574908648 0.05311355311355312
0 0.7490864799025578 0.4368131868131868 0.03410475030450666 0.04578754578754579
0 0.4658952496954933 0.4880952380952381 0.035322777101096214 0.049450549450549386
0 0.8617539585870889 0.5283882783882784 0.035322777101096214 0.0494505494505495
0 0.692448233861145 0.2994505494505495 0.035322777101096214 0.045787545787545736
0 0.4658952496954933 0.3937728937728938 0.035322777101096214 0.043956043956043966
0 0.5791717417783191 0.06135531135531136 0.037758830694275436 0.05311355311355312
0 0.8593179049939099 0.2536630036630037 0.035322777101096325 0.04578754578754585
0 0.35322777101096225 0.6236263736263736 0.03654080389768577 0.05311355311355315
0 0.8599269183922046 0.2032967032967033 0.03654080389768577 0.051282051282051266
0 0.4658952496954933 0.6236263736263736 0.035322777101096214 0.04578754578754596
0 0.8063337393422655 0.5329670329670328 0.03654080389768577 0.04761904761904778
0 0.2953714981729598 0.4880952380952381 0.04019488428745438 0.045787545787545736
0 0.4646772228989038 0.2994505494505495 0.035322777101096214 0.04945054945054944
0 0.6906211936662606 0.2032967032967033 0.03410475030450666 0.051282051282051266
0 0.8063337393422655 0.43864468864468864 0.03654080389768577 0.04578754578754579
0 0.46650426309378806 0.5778388278388278 0.03654080389768577 0.045787545787545736
0 0.6352009744214373 0.2042124542124542 0.037758830694275214 0.05311355311355312
0 0.6906211936662606 0.2536630036630037 0.03654080389768577 0.04578754578754585
0 0.9165651644336175 0.25366300366300365 0.040194884287454324 0.04945054945054947
0 0.8045066991473813 0.4853479853479853 0.035322777101096214 0.04761904761904745
0 0.805115712545676 0.3003663003663004 0.03897685749086477 0.043956043956043966
0 0.8038976857490865 0.2042124542124542 0.03654080389768577 0.04945054945054944
0 0.8063337393422655 0.34523809523809523 0.03654080389768577 0.04945054945054944
0 0.46711327649208284 0.6684981684981686 0.035322777101096214 0.04761904761904756
0 0.46650426309378806 0.3498168498168498 0.03654080389768577 0.047619047619047616
0 0.805115712545676 0.2527472527472528 0.03897685749086477 0.0476190476190477
