0 0.667249 0.857955 0.038462 0.061364
0 0.328089 0.459091 0.024476 0.045455
0 0.504079 0.505682 0.043124 0.061364
0 0.881702 0.344318 0.038462 0.056818
0 0.773310 0.346591 0.038462 0.061364
0 0.666667 0.346591 0.034965 0.061364
0 0.559441 0.737500 0.034965 0.065909
0 0.284382 0.344318 0.039627 0.065909
0 0.667832 0.737500 0.037296 0.065909
0 0.611888 0.346591 0.034965 0.056818
0 0.328671 0.512500 0.023310 0.047727
0 0.504079 0.178409 0.050117 0.038636
0 0.180070 0.739773 0.036131 0.065909
0 0.396853 0.734091 0.038462 0.068182
0 0.935315 0.287500 0.036131 0.065909
0 0.451632 0.737500 0.036131 0.065909
0 0.343823 0.859091 0.034965 0.063636
0 0.342075 0.801136 0.033800 0.056818
0 0.341492 0.344318 0.032634 0.056818
0 0.880536 0.397727 0.038462 0.054545
0 0.665501 0.400000 0.034965 0.054545
0 0.937063 0.737500 0.037296 0.065909
0 0.122960 0.345455 0.036131 0.054545
0 0.882284 0.735227 0.034965 0.061364
0 0.450466 0.800000 0.033800 0.054545
0 0.611888 0.739773 0.034965 0.065909
0 0.449301 0.343182 0.033800 0.050000
0 0.180070 0.860227 0.038462 0.061364
0 0.935315 0.402273 0.038462 0.059091
0 0.882284 0.796591 0.034965 0.056818
0 0.826923 0.345455 0.036131 0.059091
0 0.935897 0.853409 0.037296 0.061364
0 0.067599 0.164773 0.039627 0.070455
0 0.286131 0.282955 0.036131 0.056818
0 0.231352 0.292045 0.036131 0.056818
0 0.178904 0.801136 0.033800 0.056818
0 0.286131 0.226136 0.036131 0.052273
0 0.614219 0.853409 0.034965 0.065909
0 0.396853 0.801136 0.033800 0.056818
0 0.829254 0.795455 0.036131 0.054545
0 0.935315 0.346591 0.036131 0.056818
0 0.774476 0.403409 0.038462 0.056818
0 0.716783 0.226136 0.034965 0.061364
0 0.068765 0.287500 0.039627 0.061364
0 0.946970 0.512500 0.026807 0.052273
0 0.354895 0.459091 0.022145 0.040909
0 0.935897 0.795455 0.034965 0.054545
0 0.868881 0.509091 0.022145 0.045455
0 0.867716 0.454545 0.024476 0.040909
0 0.356643 0.513636 0.020979 0.045455
0 0.826923 0.402273 0.033800 0.059091
0 0.396270 0.348864 0.034965 0.052273
0 0.882867 0.855682 0.033800 0.061364
0 0.449301 0.857955 0.033800 0.061364
0 0.506410 0.318182 0.045455 0.050000
0 0.829254 0.859091 0.038462 0.063636
0 0.395688 0.855682 0.036131 0.061364
0 0.895105 0.511364 0.023310 0.040909
0 0.719114 0.289773 0.037296 0.065909
0 0.067599 0.229545 0.034965 0.050000
0 0.395105 0.403409 0.037296 0.065909
0 0.504079 0.088636 0.050117 0.045455
0 0.946387 0.570455 0.025641 0.040909
0 0.505245 0.136364 0.047786 0.050000
0 0.504662 0.272727 0.046620 0.040909
0 0.504079 0.628409 0.031469 0.061364
0 0.946970 0.455682 0.026807 0.047727
0 0.506410 0.404545 0.045455 0.045455
0 0.519814 0.919318 0.023310 0.034091
0 0.068765 0.338636 0.039627 0.036364
0 0.896270 0.456818 0.023310 0.040909
0 0.518648 0.884091 0.020979 0.040909
0 0.505828 0.365909 0.044289 0.040909
0 0.504079 0.222727 0.045455 0.054545
0 0.503497 0.567045 0.041958 0.061364
0 0.394522 0.287500 0.038462 0.070455
0 0.559441 0.287500 0.034965 0.061364
0 0.610723 0.282955 0.037296 0.070455
0 0.557692 0.403409 0.036131 0.061364
0 0.341492 0.285227 0.034965 0.065909
0 0.176573 0.285227 0.036131 0.065909
0 0.448135 0.401136 0.036131 0.065909
0 0.122960 0.285227 0.036131 0.065909
0 0.666667 0.287500 0.034965 0.061364
0 0.341492 0.398864 0.034965 0.061364
0 0.774476 0.285227 0.038462 0.065909
0 0.449301 0.287500 0.036131 0.061364
0 0.284965 0.164773 0.038462 0.070455
0 0.611888 0.405682 0.039627 0.061364
0 0.558275 0.344318 0.034965 0.056818
0 0.343240 0.735227 0.038462 0.070455
0 0.176573 0.403409 0.036131 0.065909
0 0.881702 0.285227 0.036131 0.065909
0 0.559441 0.801136 0.034965 0.056818
0 0.123543 0.404545 0.039627 0.072727
0 0.177739 0.345455 0.038462 0.059091
0 0.067599 0.402273 0.041958 0.068182
0 0.826923 0.285227 0.036131 0.065909
0 0.231352 0.225000 0.038462 0.072727
0 0.667832 0.801136 0.034965 0.056818
0 0.559441 0.859091 0.039627 0.063636
0 0.829254 0.735227 0.036131 0.065909
