0 0.692511 0.876471 0.031436 0.026768
0 0.755029 0.782961 0.034543 0.036489
0 0.882458 0.539831 0.037342 0.041480
0 0.667846 0.426192 0.036010 0.020979
0 0.807069 0.821721 0.035379 0.030311
0 0.376435 0.645100 0.034338 0.033335
0 0.338122 0.385502 0.034543 0.036489
0 0.311918 0.769360 0.037137 0.038326
0 0.141162 0.839690 0.035789 0.036619
0 0.628247 0.803891 0.024269 0.030720
0 0.495002 0.731273 0.023654 0.021259
0 0.485659 0.855722 0.024064 0.027567
0 0.500060 0.634160 0.021265 0.022576
0 0.883680 0.511381 0.035481 0.031888
0 0.640519 0.644026 0.022921 0.029014
0 0.484642 0.881018 0.025515 0.030850
0 0.650094 0.487054 0.021368 0.024153
0 0.648616 0.519447 0.022921 0.029014
0 0.646045 0.549344 0.019184 0.028625
0 0.643475 0.579241 0.020224 0.025600
0 0.643243 0.611763 0.021573 0.027307
0 0.676153 0.491356 0.018876 0.023894
0 0.674206 0.521318 0.016589 0.026788
0 0.505590 0.356108 0.031129 0.022037
0 0.502558 0.393102 0.032477 0.023744
0 0.496893 0.509202 0.036522 0.028864
0 0.494733 0.532792 0.032580 0.025321
0 0.493136 0.547708 0.032903 0.011258
0 0.504152 0.561556 0.022101 0.016398
0 0.505047 0.576732 0.025941 0.018364
0 0.492175 0.765112 0.022306 0.019552
0 0.496752 0.713991 0.020122 0.024023
0 0.499212 0.676144 0.022613 0.024283
0 0.499709 0.649206 0.019712 0.017716
0 0.697695 0.806361 0.035891 0.038196
0 0.262031 0.697484 0.033195 0.034783
0 0.363256 0.838212 0.035891 0.038196
0 0.327147 0.544710 0.033092 0.033206
0 0.229765 0.344847 0.038383 0.038455
0 0.705639 0.684148 0.038280 0.036878
0 0.559593 0.383959 0.035891 0.038196
0 0.424272 0.748515 0.033297 0.036360
0 0.615909 0.385855 0.035789 0.036619
0 0.449261 0.402634 0.035891 0.038196
0 0.257931 0.760562 0.038178 0.035302
0 0.600263 0.607287 0.035481 0.031888
0 0.554842 0.476340 0.033297 0.036360
0 0.396079 0.362167 0.034850 0.041220
0 0.211316 0.628698 0.033400 0.037936
0 0.704314 0.714175 0.037035 0.036749
0 0.256402 0.793743 0.034645 0.038066
0 0.594011 0.703481 0.037973 0.032148
0 0.595958 0.673519 0.035686 0.035042
0 0.602833 0.577390 0.036932 0.035172
0 0.203116 0.754854 0.035891 0.038196
0 0.426270 0.717764 0.033195 0.034783
0 0.701590 0.746437 0.035686 0.035042
0 0.206542 0.692499 0.034543 0.036489
0 0.215621 0.562466 0.033195 0.034783
0 0.318170 0.673166 0.036932 0.035172
0 0.584616 0.828719 0.035789 0.036619
0 0.223095 0.437822 0.034645 0.038066
0 0.267404 0.605168 0.034543 0.036489
0 0.435921 0.588584 0.035481 0.031888
0 0.429617 0.685566 0.035789 0.036619
0 0.209164 0.661814 0.035686 0.035042
0 0.200964 0.787970 0.035686 0.035042
0 0.583710 0.861964 0.035789 0.036619
0 0.632398 0.740025 0.029560 0.035970
0 0.769797 0.565407 0.033297 0.036360
0 0.152350 0.686856 0.038485 0.040032
0 0.613134 0.418906 0.034133 0.030181
0 0.651034 0.868182 0.023023 0.030591
0 0.552272 0.506238 0.034338 0.033335
0 0.390682 0.425904 0.036830 0.033595
0 0.832291 0.443318 0.034543 0.036489
0 0.379809 0.583534 0.032887 0.030052
0 0.649555 0.900574 0.027068 0.035711
0 0.562368 0.350908 0.034645 0.038066
0 0.451516 0.367941 0.038383 0.038455
0 0.386633 0.488193 0.036932 0.035172
0 0.388580 0.458231 0.036932 0.035172
0 0.119513 0.333364 0.034850 0.041220
0 0.822613 0.601866 0.032990 0.031629
0 0.776956 0.435967 0.036199 0.042927
0 0.823989 0.571051 0.032051 0.036230
0 0.216894 0.533227 0.034338 0.033335
0 0.324371 0.577761 0.032051 0.036230
0 0.878102 0.606851 0.039526 0.037008
0 0.497257 0.696580 0.021163 0.020999
0 0.306596 0.860888 0.032990 0.031629
0 0.855683 0.922835 0.035686 0.035042
0 0.331195 0.482420 0.032990 0.031629
0 0.278328 0.446749 0.038178 0.035302
0 0.475637 0.787998 0.034866 0.022426
0 0.498040 0.452961 0.034748 0.039643
0 0.508066 0.337315 0.036317 0.025710
0 0.473887 0.805280 0.033211 0.015989
0 0.285408 0.347466 0.034850 0.041220
0 0.439970 0.526294 0.033297 0.036360
0 0.586564 0.798757 0.035789 0.036619
0 0.418020 0.844709 0.032887 0.030052
0 0.367305 0.775922 0.035789 0.036619
0 0.861679 0.830583 0.035584 0.033465
0 0.506954 0.373714 0.033621 0.022297
0 0.859211 0.858904 0.036625 0.030441
0 0.159825 0.562212 0.034133 0.030181
0 0.745430 0.911353 0.039219 0.032277
0 0.492006 0.748425 0.024695 0.018235
0 0.415398 0.875394 0.036932 0.035172
0 0.502113 0.419251 0.035891 0.038196
0 0.588093 0.765576 0.037035 0.036749
0 0.608411 0.481919 0.035789 0.036619
0 0.332571 0.451605 0.037035 0.036749
0 0.747480 0.879814 0.036932 0.035172
0 0.865932 0.765140 0.035686 0.035042
0 0.802062 0.918045 0.038075 0.033725
0 0.863985 0.795102 0.035891 0.038196
0 0.867880 0.735178 0.035686 0.035042
0 0.364786 0.805031 0.036727 0.032018
0 0.310594 0.799387 0.037973 0.032148
0 0.382328 0.554425 0.034440 0.034912
0 0.607556 0.514377 0.032990 0.031629
0 0.372335 0.708178 0.037035 0.036749
0 0.271658 0.539724 0.034645 0.038066
0 0.313968 0.737821 0.036932 0.035172
0 0.226742 0.391367 0.037019 0.055542
0 0.661386 0.708910 0.022613 0.024283
0 0.117566 0.363327 0.034235 0.031758
0 0.809793 0.789458 0.036932 0.035172
0 0.764451 0.628355 0.035789 0.036619
0 0.771275 0.533015 0.031744 0.031499
0 0.143374 0.815312 0.037137 0.038326
0 0.857212 0.889654 0.037137 0.038326
0 0.876623 0.639244 0.035686 0.035042
0 0.818615 0.663367 0.035891 0.038196
0 0.812414 0.758773 0.035789 0.036619
0 0.097015 0.679505 0.034543 0.036489
0 0.691443 0.902555 0.035891 0.038196
0 0.716511 0.526517 0.028945 0.026509
0 0.751887 0.812005 0.037137 0.038326
0 0.802918 0.885587 0.038178 0.035302
0 0.335603 0.414611 0.033400 0.037936
0 0.153982 0.652098 0.037035 0.036749
0 0.830761 0.476499 0.033297 0.036360
0 0.323414 0.611795 0.034645 0.038066
0 0.173003 0.369100 0.033195 0.034783
0 0.756354 0.752934 0.035789 0.036619
0 0.430524 0.652321 0.033092 0.033206
0 0.162028 0.528307 0.034850 0.041220
0 0.320272 0.640839 0.036830 0.033595
0 0.149626 0.719118 0.036727 0.032018
0 0.626402 0.832277 0.024269 0.030720
0 0.816463 0.696483 0.038178 0.035302
0 0.657337 0.771200 0.022716 0.025860
0 0.637897 0.674711 0.024064 0.027567
0 0.629641 0.357914 0.024269 0.030720
0 0.684455 0.363623 0.024269 0.030720
0 0.085417 0.838647 0.037035 0.036749
0 0.710567 0.617981 0.034543 0.036489
0 0.873430 0.669076 0.038383 0.038455
0 0.550794 0.538630 0.033400 0.037936
0 0.820094 0.630975 0.031846 0.033076
0 0.276381 0.476711 0.038383 0.038455
0 0.655808 0.804380 0.021675 0.028884
0 0.098596 0.645536 0.035891 0.038196
0 0.758404 0.721395 0.035789 0.036619
0 0.709037 0.651161 0.035789 0.036619
0 0.091047 0.742388 0.033092 0.033206
0 0.871849 0.703045 0.037035 0.036749
0 0.659488 0.361816 0.026658 0.029403
0 0.761025 0.690710 0.034645 0.038066
0 0.274228 0.509827 0.035481 0.031888
0 0.828814 0.506461 0.035789 0.036619
0 0.805173 0.850895 0.038588 0.041609
0 0.547967 0.572470 0.032051 0.036230
0 0.115046 0.392435 0.035789 0.036619
0 0.329350 0.510805 0.033400 0.037936
0 0.620800 0.899167 0.024167 0.029144
0 0.107316 0.521022 0.034235 0.031758
0 0.099920 0.615509 0.036932 0.035172
0 0.148353 0.748357 0.038280 0.036878
0 0.773999 0.500752 0.033297 0.036360
0 0.761881 0.658252 0.037035 0.036749
0 0.664161 0.675859 0.024269 0.030720
0 0.167425 0.464570 0.034543 0.036489
0 0.630553 0.768410 0.023962 0.025990
0 0.444692 0.463281 0.034338 0.033335
0 0.814567 0.725657 0.038280 0.036878
0 0.670729 0.584461 0.022818 0.027437
0 0.174899 0.339926 0.033297 0.036360
0 0.253626 0.826794 0.032990 0.031629
0 0.623729 0.863751 0.022818 0.027437
0 0.155307 0.622071 0.035789 0.036619
0 0.556321 0.443948 0.034440 0.034912
0 0.666680 0.646750 0.023126 0.032168
0 0.264030 0.666734 0.033092 0.033206
0 0.670417 0.396295 0.035789 0.036619
0 0.826090 0.538723 0.034645 0.038066
0 0.885576 0.482207 0.038280 0.036878
0 0.669455 0.613699 0.021675 0.028884
0 0.090191 0.774846 0.035686 0.035042
0 0.094240 0.712556 0.035789 0.036619
0 0.750153 0.848340 0.035891 0.038196
0 0.671635 0.551215 0.023023 0.030591
0 0.700889 0.776529 0.035481 0.031888
0 0.432420 0.623147 0.033605 0.041090
0 0.712463 0.588807 0.034440 0.034912
0 0.283256 0.380582 0.034440 0.034912
0 0.633876 0.707633 0.025515 0.030850
0 0.146201 0.781473 0.038280 0.036878
0 0.775375 0.469937 0.034440 0.034912
0 0.112271 0.425486 0.034338 0.033335
0 0.307818 0.832438 0.037137 0.038326
0 0.379107 0.613626 0.035789 0.036619
0 0.109547 0.457749 0.033195 0.034783
0 0.721132 0.465081 0.033297 0.036360
0 0.281103 0.413698 0.034645 0.038066
0 0.196088 0.853348 0.036830 0.033595
0 0.879580 0.574459 0.038383 0.038455
0 0.666001 0.454577 0.037240 0.039903
0 0.660010 0.739725 0.024372 0.032297
0 0.369457 0.742806 0.033297 0.036360
0 0.373813 0.675786 0.038383 0.038455
0 0.087570 0.805531 0.037035 0.036749
0 0.393303 0.395218 0.035686 0.035042
0 0.768421 0.596222 0.034235 0.031758
0 0.165529 0.493744 0.036932 0.035172
0 0.422171 0.780842 0.033195 0.034783
0 0.719235 0.494255 0.033195 0.034783
0 0.447314 0.432596 0.035686 0.035042
0 0.653758 0.835919 0.024167 0.029144
0 0.340018 0.356329 0.036932 0.035172
0 0.101970 0.583970 0.034235 0.031758
0 0.558217 0.414775 0.034543 0.036489
0 0.611187 0.448868 0.032051 0.036230
0 0.361155 0.870539 0.035584 0.033465
0 0.204441 0.724827 0.034235 0.031758
0 0.156836 0.588890 0.037035 0.036749
0 0.168281 0.432113 0.034440 0.034912
0 0.105420 0.550195 0.037240 0.039903
0 0.442071 0.493967 0.030908 0.037677
0 0.265457 0.635130 0.034543 0.036489
0 0.888974 0.449221 0.036199 0.042927
0 0.198189 0.821021 0.034645 0.038066
0 0.170902 0.401428 0.035789 0.036619
0 0.723438 0.429600 0.038383 0.038455
0 0.221617 0.470214 0.035789 0.036619
0 0.108845 0.487841 0.033195 0.034783
0 0.251781 0.855179 0.035891 0.038196
0 0.581557 0.895080 0.038280 0.036878
0 0.592114 0.732654 0.038280 0.036878
0 0.316795 0.703981 0.038280 0.036878
0 0.384532 0.520521 0.037035 0.036749
0 0.604934 0.545062 0.037035 0.036749
0 0.213520 0.594793 0.033297 0.036360
0 0.269557 0.572052 0.034543 0.036489
0 0.598110 0.640403 0.035891 0.038196
0 0.419344 0.814682 0.037240 0.039903
0 0.695235 0.844208 0.035891 0.038196
0 0.715238 0.555756 0.035891 0.038196
0 0.219465 0.503330 0.035789 0.036619
0 0.438440 0.559475 0.034543 0.036489
0 0.259879 0.730600 0.035891 0.038196
