0 0.193333 0.747549 0.035556 0.040850
0 0.193333 0.830882 0.033333 0.037582
0 0.088333 0.877451 0.036667 0.042484
0 0.933333 0.742647 0.022222 0.034314
0 0.087222 0.835784 0.036667 0.044118
0 0.192778 0.334150 0.034444 0.040850
0 0.193333 0.669118 0.037778 0.047386
0 0.088333 0.921569 0.036667 0.045752
0 0.933333 0.660131 0.022222 0.029412
0 0.193333 0.791667 0.037778 0.050654
0 0.934444 0.617647 0.020000 0.035948
0 0.192222 0.709967 0.035556 0.037582
0 0.933889 0.535131 0.021111 0.031046
0 0.087222 0.711601 0.036667 0.040850
0 0.934444 0.699346 0.022222 0.035948
0 0.816667 0.869281 0.033333 0.045752
0 0.086111 0.751634 0.036667 0.042484
0 0.933333 0.575980 0.022222 0.037582
0 0.452222 0.665850 0.033333 0.040850
0 0.933333 0.494281 0.022222 0.034314
0 0.087222 0.794935 0.036667 0.044118
0 0.087222 0.585784 0.034444 0.040850
0 0.243889 0.458333 0.032222 0.040850
0 0.242222 0.250817 0.037778 0.040850
0 0.347222 0.249183 0.032222 0.044118
0 0.139444 0.205882 0.032222 0.045752
0 0.244444 0.500817 0.033333 0.044118
0 0.296667 0.205065 0.035556 0.044118
0 0.348889 0.203431 0.031111 0.044118
0 0.608889 0.830065 0.037778 0.042484
0 0.297222 0.459967 0.036667 0.040850
0 0.139444 0.253268 0.036667 0.045752
0 0.402778 0.745915 0.034444 0.044118
0 0.243333 0.205882 0.033333 0.049020
0 0.296111 0.375000 0.034444 0.044118
0 0.297222 0.581699 0.034444 0.042484
0 0.402222 0.789216 0.035556 0.042484
0 0.350556 0.500817 0.032222 0.044118
0 0.401667 0.580882 0.034444 0.040850
0 0.453333 0.249183 0.033333 0.047386
0 0.245556 0.625000 0.037778 0.044118
0 0.295556 0.419118 0.035556 0.044118
0 0.400556 0.540850 0.036667 0.042484
0 0.243333 0.292484 0.033333 0.042484
0 0.400556 0.373366 0.034444 0.040850
0 0.243333 0.333333 0.033333 0.042484
0 0.453333 0.455882 0.037778 0.042484
0 0.661667 0.825163 0.036667 0.045752
0 0.400556 0.249183 0.036667 0.047386
0 0.400556 0.293301 0.036667 0.040850
0 0.401667 0.202614 0.032222 0.045752
0 0.086111 0.462418 0.036667 0.042484
0 0.348333 0.330882 0.032222 0.037582
0 0.452222 0.203431 0.031111 0.044118
0 0.087222 0.421569 0.036667 0.042484
0 0.297778 0.540033 0.033333 0.040850
0 0.454444 0.790033 0.033333 0.040850
0 0.191667 0.204248 0.036667 0.045752
0 0.298333 0.706699 0.036667 0.040850
0 0.402778 0.623366 0.034444 0.044118
0 0.244444 0.543301 0.037778 0.040850
0 0.453333 0.705882 0.033333 0.042484
0 0.243889 0.375817 0.032222 0.042484
0 0.140556 0.375817 0.036667 0.042484
0 0.296667 0.248366 0.033333 0.042484
0 0.297222 0.624183 0.034444 0.042484
0 0.296667 0.291667 0.031111 0.040850
0 0.453333 0.623366 0.033333 0.047386
0 0.713333 0.826797 0.037778 0.045752
0 0.243333 0.419118 0.033333 0.044118
0 0.452778 0.293301 0.034444 0.040850
0 0.401667 0.332516 0.034444 0.040850
0 0.348333 0.458333 0.032222 0.040850
0 0.452222 0.375817 0.035556 0.042484
0 0.348333 0.371732 0.032222 0.044118
0 0.400556 0.415033 0.034444 0.042484
0 0.348333 0.417484 0.036667 0.044118
0 0.349444 0.292484 0.038889 0.042484
0 0.401667 0.456699 0.034444 0.044118
0 0.087222 0.503268 0.036667 0.039216
0 0.245556 0.830882 0.035556 0.040850
0 0.921111 0.869281 0.037778 0.045752
0 0.298333 0.870915 0.036667 0.039216
0 0.246667 0.917484 0.035556 0.040850
0 0.087222 0.626634 0.034444 0.044118
0 0.504444 0.149510 0.042222 0.034314
0 0.557778 0.870915 0.031111 0.045752
0 0.921667 0.823529 0.036667 0.042484
0 0.194444 0.874183 0.037778 0.049020
0 0.087222 0.670752 0.036667 0.044118
0 0.402222 0.915850 0.035556 0.047386
0 0.245556 0.873366 0.037778 0.047386
0 0.244444 0.792484 0.037778 0.042484
0 0.191667 0.459150 0.036667 0.042484
0 0.816111 0.914216 0.038889 0.044118
0 0.454444 0.871732 0.033333 0.047386
0 0.452222 0.331699 0.035556 0.039216
0 0.401111 0.871732 0.033333 0.044118
0 0.923333 0.911765 0.037778 0.042484
0 0.244444 0.749183 0.037778 0.044118
0 0.661667 0.915033 0.036667 0.045752
0 0.453333 0.915850 0.033333 0.040850
0 0.087222 0.336601 0.034444 0.039216
0 0.297222 0.831699 0.036667 0.039216
0 0.556111 0.828431 0.030000 0.039216
0 0.454444 0.828431 0.031111 0.039216
0 0.088333 0.544935 0.038889 0.044118
0 0.245556 0.705882 0.035556 0.042484
0 0.453333 0.746732 0.033333 0.042484
0 0.660556 0.870915 0.036667 0.045752
0 0.298333 0.748366 0.036667 0.042484
0 0.298333 0.916667 0.034444 0.049020
0 0.350556 0.580065 0.032222 0.039216
0 0.193333 0.582516 0.033333 0.040850
0 0.765556 0.915033 0.037778 0.042484
0 0.296111 0.331699 0.034444 0.042484
0 0.088333 0.250817 0.036667 0.040850
0 0.194444 0.920752 0.040000 0.044118
0 0.087222 0.207516 0.034444 0.045752
0 0.350000 0.541667 0.028889 0.037582
0 0.245556 0.667484 0.033333 0.040850
0 0.401111 0.704248 0.031111 0.039216
0 0.453333 0.579248 0.033333 0.037582
0 0.712222 0.871732 0.037778 0.047386
0 0.608333 0.915850 0.036667 0.040850
0 0.192778 0.417484 0.034444 0.044118
0 0.712778 0.915033 0.036667 0.039216
0 0.764444 0.870098 0.037778 0.044118
0 0.192222 0.625000 0.035556 0.044118
0 0.765556 0.826797 0.035556 0.042484
0 0.191667 0.504085 0.034444 0.044118
0 0.192778 0.544118 0.034444 0.039216
0 0.815556 0.825163 0.033333 0.042484
0 0.191667 0.249183 0.036667 0.044118
0 0.350556 0.622549 0.032222 0.045752
0 0.086111 0.161765 0.036667 0.045752
0 0.558333 0.915850 0.036667 0.040850
0 0.140556 0.334150 0.036667 0.040850
0 0.609444 0.871732 0.036667 0.044118
0 0.297222 0.666667 0.036667 0.042484
0 0.087222 0.376634 0.034444 0.044118
0 0.192778 0.374183 0.036667 0.042484
0 0.400556 0.500000 0.034444 0.042484
0 0.453333 0.543301 0.033333 0.037582
0 0.402778 0.830065 0.032222 0.039216
0 0.139444 0.295752 0.032222 0.039216
0 0.401111 0.665850 0.033333 0.040850
0 0.296111 0.160948 0.034444 0.047386
0 0.297222 0.791667 0.036667 0.044118
0 0.453889 0.502451 0.038889 0.047386
0 0.297222 0.500000 0.036667 0.042484
0 0.087778 0.295752 0.037778 0.045752
0 0.140556 0.421569 0.036667 0.049020
0 0.192778 0.294118 0.036667 0.045752
0 0.245556 0.582516 0.035556 0.040850
0 0.452222 0.415850 0.033333 0.037582
