0 0.2652050919377652 0.171875 0.024045261669024043 0.03860294117647056
0 0.7149929278642151 0.6029411764705883 0.038189533239038176 0.03676470588235292
0 0.5905233380480905 0.45496323529411764 0.03536067892503536 0.03860294117647056
0 0.27934936350777934 0.6351102941176471 0.032531824611032545 0.03860294117647056
0 0.21640735502121639 0.6001838235294118 0.03960396039603961 0.03860294117647056
0 0.4045261669024045 0.4889705882352941 0.03677510608203677 0.03308823529411764
0 0.5905233380480905 0.4181985294117647 0.03536067892503536 0.03860294117647056
0 0.7149929278642151 0.568014705882353 0.038189533239038176 0.03676470588235281
0 0.6541725601131542 0.3832720588235294 0.03818953323903829 0.03860294117647067
0 0.09193776520509193 0.931985294117647 0.04243281471004243 0.0404411764705882
0 0.8415841584158416 0.5303308823529412 0.03960396039603964 0.038602941176470784
0 0.20297029702970298 0.21231617647058826 0.026874115983026886 0.03492647058823534
0 0.7157001414427158 0.49172794117647056 0.036775106082036824 0.03492647058823528
0 0.7779349363507779 0.494485294117647 0.03677510608203671 0.03676470588235292
0 0.46888260254596886 0.4181985294117647 0.03536067892503536 0.03860294117647056
0 0.7142857142857143 0.9365808823529411 0.03960396039603964 0.042279411764705954
0 0.21711456859971712 0.7123161764705882 0.038189533239038176 0.03860294117647056
0 0.2652050919377652 0.25183823529411764 0.02970297029702973 0.03308823529411764
0 0.8401697312588401 0.494485294117647 0.036775106082036824 0.03676470588235292
0 0.5898161244695899 0.49080882352941174 0.036775106082036824 0.03676470588235292
0 0.5891089108910892 0.34375 0.038189533239038176 0.04044117647058815
0 0.6534653465346536 0.7141544117647058 0.03960396039603953 0.03860294117647045
0 0.40381895332390383 0.5284926470588236 0.03536067892503536 0.03860294117647067
0 0.5898161244695899 0.6746323529411765 0.036775106082036824 0.040441176470588314
0 0.7142857142857143 0.7876838235294119 0.03960396039603964 0.03860294117647045
0 0.6534653465346536 0.4181985294117647 0.03960396039603953 0.03492647058823528
0 0.2644978783592645 0.1332720588235294 0.02828854314002832 0.03492647058823528
0 0.20297029702970298 0.25275735294117646 0.026874115983026886 0.03860294117647056
0 0.27934936350777934 0.3786764705882353 0.04101838755304099 0.04044117647058826
0 0.7779349363507779 0.5303308823529412 0.03677510608203671 0.038602941176470784
0 0.9016973125884018 0.34375 0.038189533239038176 0.04044117647058815
0 0.5891089108910892 0.6397058823529411 0.038189533239038176 0.03676470588235292
0 0.7779349363507779 0.786764705882353 0.03960396039603964 0.0404411764705882
0 0.6541725601131542 0.4568014705882353 0.03818953323903829 0.03860294117647056
0 0.5898161244695899 0.5670955882352942 0.036775106082036824 0.03860294117647056
0 0.7149929278642151 0.34558823529411764 0.038189533239038176 0.0404411764705882
0 0.7772277227722773 0.34375 0.038189533239038176 0.04044117647058815
0 0.7149929278642151 0.4568014705882353 0.038189533239038176 0.03860294117647056
0 0.7786421499292786 0.5689338235294119 0.038189533239038176 0.03860294117647045
0 0.34158415841584155 0.41727941176470584 0.04101838755304105 0.04044117647058826
0 0.8408769448373409 0.3841911764705882 0.03818953323903829 0.040441176470588314
0 0.46817538896746813 0.45588235294117646 0.03677510608203677 0.03676470588235292
0 0.5905233380480905 0.5294117647058825 0.03536067892503536 0.040441176470588425
0 0.21711456859971712 0.37683823529411764 0.04101838755304102 0.0404411764705882
0 0.5891089108910892 0.6029411764705883 0.038189533239038176 0.03308823529411764
0 0.7786421499292786 0.7141544117647058 0.04101838755304099 0.03860294117647045
0 0.46746817538896746 0.6369485294117647 0.038189533239038176 0.03125
0 0.09123055162659124 0.8584558823529411 0.03818953323903819 0.03308823529411775
0 0.9504950495049505 0.7858455882352942 0.022630834512022635 0.02757352941176472
0 0.9031117397454032 0.4568014705882353 0.038189533239038176 0.03860294117647056
0 0.09193776520509195 0.6727941176470589 0.0396039603960396 0.03676470588235292
0 0.29702970297029707 0.09191176470588233 0.02263083451202269 0.029411764705882318
0 0.963932107496464 0.8612132352941175 0.038189533239038176 0.03860294117647067
0 0.17114568599717114 0.08915441176470587 0.02545968882602545 0.03492647058823527
0 0.5898161244695899 0.8998161764705882 0.036775106082036824 0.03860294117647056
0 0.10749646393210752 0.08639705882352942 0.02263083451202265 0.03308823529411761
0 0.7149929278642151 0.8979779411764706 0.038189533239038176 0.03492647058823528
0 0.6534653465346534 0.494485294117647 0.0339462517680339 0.03676470588235292
0 0.28005657708628007 0.5615808823529411 0.039603960396039584 0.03860294117647067
0 0.17185289957567185 0.17279411764705882 0.02687411598302686 0.03308823529411764
0 0.6534653465346536 0.6764705882352942 0.03960396039603953 0.03308823529411764
0 0.5905233380480905 0.9338235294117647 0.038189533239038176 0.040441176470588314
0 0.4667609618104668 0.7867647058823529 0.03677510608203677 0.03308823529411775
0 0.09123055162659123 0.33915441176470584 0.03536067892503536 0.03860294117647062
0 0.07708628005657708 0.08639705882352941 0.026874115983026872 0.03676470588235295
0 0.963932107496464 0.8988970588235294 0.04101838755304099 0.0404411764705882
0 0.1074964639321075 0.2104779411764706 0.02545968882602548 0.03125
0 0.9653465346534653 0.7527573529411764 0.04101838755304099 0.03860294117647067
0 0.8415841584158416 0.8216911764705883 0.03960396039603964 0.03676470588235303
0 0.09193776520509195 0.7849264705882353 0.0396039603960396 0.03676470588235292
0 0.3408769448373409 0.7086397058823529 0.036775106082036824 0.03492647058823528
0 0.17185289957567185 0.2509191176470588 0.024045261669024043 0.02757352941176472
0 0.27934936350777934 0.6737132352941176 0.03536067892503536 0.03860294117647056
0 0.29702970297029707 0.21231617647058823 0.02263083451202269 0.02757352941176472
0 0.09123055162659123 0.8198529411764707 0.04101838755304102 0.040441176470588314
0 0.5905233380480905 0.8244485294117647 0.03536067892503536 0.03860294117647045
0 0.8408769448373409 0.640625 0.04101838755304099 0.03860294117647056
0 0.09193776520509195 0.5238970588235294 0.03677510608203678 0.03676470588235292
0 0.9653465346534653 0.640625 0.04101838755304099 0.03860294117647056
0 0.09052333804809053 0.4889705882352941 0.03960396039603961 0.03676470588235292
0 0.46605374823196605 0.6746323529411765 0.04101838755304099 0.040441176470588314
0 0.9031117397454032 0.9375 0.038189533239038176 0.03676470588235303
0 0.17185289957567185 0.13143382352941177 0.024045261669024043 0.03125
0 0.9031117397454032 0.8216911764705883 0.038189533239038176 0.03676470588235303
0 0.9045261669024045 0.41911764705882354 0.03536067892503536 0.03676470588235292
0 0.6513437057991514 0.7849264705882353 0.04101838755304099 0.044117647058823595
0 0.46463932107496464 0.8602941176470589 0.038189533239038176 0.04044117647058809
0 0.2963224893917963 0.17279411764705882 0.024045261669024154 0.04044117647058823
0 0.35997171145685997 0.17279411764705882 0.026874115983026914 0.03308823529411764
0 0.9031117397454032 0.7481617647058824 0.038189533239038176 0.03676470588235303
0 0.40523338048090524 0.5965073529411765 0.038189533239038176 0.02757352941176472
0 0.07567185289957568 0.25091911764705876 0.026874115983026872 0.03860294117647062
0 0.1393210749646393 0.25183823529411764 0.026874115983026886 0.03308823529411764
0 0.966053748231966 0.5689338235294119 0.03960396039603953 0.03860294117647045
0 0.27934936350777934 0.7086397058823529 0.04101838755304099 0.03860294117647056
0 0.1074964639321075 0.12775735294117646 0.02545968882602548 0.03492647058823531
0 0.4653465346534653 0.7490808823529412 0.03677510608203677 0.038602941176470784
0 0.27934936350777934 0.8979779411764706 0.04101838755304099 0.03860294117647056
0 0.35926449787835923 0.2123161764705882 0.02828854314002832 0.038602941176470534
0 0.28005657708628007 0.45128676470588236 0.039603960396039584 0.03860294117647056
0 0.8408769448373409 0.4568014705882353 0.03818953323903829 0.03860294117647056
0 0.34158415841584155 0.6020220588235294 0.03818953323903823 0.03860294117647056
0 0.9653465346534653 0.34558823529411764 0.038189533239038176 0.0404411764705882
0 0.35997171145685997 0.1323529411764706 0.02970297029702973 0.036764705882352935
0 0.09123055162659123 0.4126838235294118 0.04101838755304102 0.03860294117647062
0 0.7149929278642151 0.7141544117647058 0.038189533239038176 0.03860294117647045
0 0.15417256011315417 0.3786764705882353 0.03960396039603961 0.04044117647058826
0 0.20226308345120225 0.1332720588235294 0.02545968882602548 0.03492647058823528
0 0.7149929278642151 0.8244485294117647 0.038189533239038176 0.03860294117647045
0 0.7149929278642151 0.7518382352941175 0.038189533239038176 0.03676470588235292
0 0.7149929278642151 0.4181985294117647 0.038189533239038176 0.03492647058823528
0 0.6527581329561528 0.568014705882353 0.038189533239038065 0.0404411764705882
0 0.2340876944837341 0.1323529411764706 0.02687411598302686 0.036764705882352935
0 0.15417256011315417 0.30514705882352944 0.04243281471004243 0.04044117647058826
0 0.20367751060820366 0.17279411764705882 0.02545968882602548 0.04044117647058823
0 0.7164073550212164 0.5294117647058825 0.038189533239038176 0.040441176470588425
0 0.5297029702970297 0.3033088235294118 0.038189533239038176 0.03676470588235298
0 0.5438472418670439 0.6084558823529411 0.024045261669023987 0.02573529411764708
0 0.5452616690240453 0.6332720588235294 0.02404526166902421 0.023897058823529438
0 0.5304101838755304 0.5294117647058824 0.03677510608203671 0.025735294117646967
0 0.5304101838755304 0.3878676470588235 0.03960396039603953 0.01838235294117646
0 0.5304101838755304 0.4273897058823529 0.03677510608203671 0.0202205882352941
0 0.5304101838755304 0.3382352941176471 0.03677510608203671 0.03308823529411764
0 0.528995756718529 0.36672794117647056 0.03960396039603953 0.023897058823529382
0 0.5431400282885432 0.9347426470588235 0.022630834512022635 0.02757352941176472
0 0.5304101838755304 0.5477941176470588 0.03394625176803401 0.011029411764705843
0 0.5304101838755304 0.4476102941176471 0.03677510608203671 0.0202205882352941
0 0.528995756718529 0.40808823529411764 0.036775106082036824 0.022058823529411797
0 0.34158415841584155 0.5229779411764706 0.03818953323903823 0.03860294117647067
0 0.9794908062234795 0.8216911764705883 0.026874115983026803 0.03676470588235303
0 0.46605374823196605 0.8216911764705883 0.03536067892503536 0.03676470588235303
0 0.5438472418670439 0.5827205882352942 0.024045261669023987 0.02573529411764708
0 0.28005657708628007 0.5974264705882353 0.031117397454031137 0.02941176470588236
0 0.963932107496464 0.9338235294117647 0.04101838755304099 0.040441176470588314
0 0.9512022630834511 0.8207720588235294 0.024045261669023987 0.02757352941176472
0 0.1393210749646393 0.08823529411764705 0.026874115983026886 0.033088235294117654
0 0.40311173974540315 0.8612132352941175 0.03677510608203677 0.03492647058823539
0 0.6527581329561527 0.8979779411764706 0.0410183875530411 0.03860294117647056
0 0.09123055162659124 0.7077205882352942 0.03818953323903819 0.03308823529411764
0 0.27934936350777934 0.5220588235294117 0.04101838755304099 0.03308823529411764
0 0.2043847241867044 0.09191176470588233 0.024045261669024043 0.029411764705882318
0 0.6527581329561528 0.7527573529411766 0.038189533239038065 0.03125000000000011
0 0.5304101838755304 0.5018382352941176 0.03677510608203671 0.029411764705882415
0 0.5311173974540311 0.8318014705882353 0.03536067892503536 0.02757352941176483
0 0.9809052333804809 0.7858455882352942 0.024045261669023987 0.03125000000000011
0 0.6534653465346534 0.5294117647058822 0.0339462517680339 0.03308823529411764
0 0.5424328147100425 0.9053308823529411 0.0240452616690241 0.027573529411764608
0 0.5438472418670439 0.6810661764705883 0.024045261669023987 0.02757352941176483
0 0.34158415841584155 0.5542279411764707 0.04384724186704392 0.05698529411764697
0 0.9024045261669025 0.6415441176470588 0.036775106082036824 0.03308823529411775
0 0.4024045261669024 0.8253676470588235 0.038189533239038176 0.03676470588235281
0 0.5438472418670439 0.6553308823529411 0.024045261669023987 0.020220588235294046
0 0.28076379066478074 0.4898897058823529 0.04101838755304105 0.03860294117647056
0 0.9031117397454032 0.6038602941176472 0.038189533239038176 0.03860294117647067
0 0.3408769448373409 0.6737132352941176 0.036775106082036824 0.03860294117647056
0 0.07637906647807638 0.12683823529411764 0.02545968882602545 0.03308823529411761
0 0.2164073550212164 0.8943014705882353 0.03677510608203677 0.03492647058823528
0 0.21782178217821782 0.41544117647058826 0.03677510608203677 0.03308823529411764
0 0.6527581329561527 0.8612132352941175 0.0410183875530411 0.03860294117647067
0 0.9024045261669025 0.7141544117647058 0.036775106082036824 0.03492647058823539
0 0.07708628005657708 0.16819852941176472 0.026874115983026872 0.03492647058823531
0 0.09335219236209336 0.6351102941176471 0.0396039603960396 0.03860294117647056
0 0.9653465346534653 0.4568014705882353 0.038189533239038176 0.03492647058823528
0 0.9646393210749646 0.421875 0.03960396039603964 0.03860294117647056
0 0.8401697312588402 0.786764705882353 0.03960396039603964 0.0404411764705882
0 0.8408769448373409 0.9338235294117647 0.03818953323903829 0.03676470588235292
0 0.2340876944837341 0.25183823529411764 0.024045261669024043 0.03308823529411764
0 0.34158415841584155 0.9338235294117647 0.03818953323903823 0.03676470588235292
0 0.40523338048090524 0.4163602941176471 0.03536067892503536 0.03492647058823528
0 0.4024045261669024 0.9338235294117647 0.03536067892503536 0.03676470588235292
0 0.10537482319660538 0.25091911764705876 0.0268741159830269 0.03860294117647062
0 0.07567185289957568 0.21139705882352938 0.026874115983026872 0.0404411764705882
0 0.6534653465346534 0.6415441176470589 0.042432814710042344 0.0404411764705882
0 0.966053748231966 0.6029411764705883 0.03960396039603953 0.03676470588235292
0 0.2786421499292786 0.7472426470588236 0.039603960396039584 0.03860294117647067
0 0.27934936350777934 0.4163602941176471 0.038189533239038176 0.03860294117647062
0 0.3408769448373409 0.6369485294117647 0.036775106082036824 0.03492647058823528
0 0.7779349363507779 0.8262867647058822 0.03960396039603964 0.03492647058823517
0 0.40311173974540315 0.786764705882353 0.039603960396039584 0.0404411764705882
0 0.09123055162659124 0.5625 0.03818953323903819 0.040441176470588314
0 0.3274398868458275 0.171875 0.024045261669024043 0.03860294117647056
0 0.40523338048090524 0.37683823529411764 0.03536067892503536 0.0404411764705882
0 0.2333804809052334 0.09283088235294118 0.028288543140028294 0.034926470588235295
0 0.40311173974540315 0.8979779411764706 0.039603960396039584 0.03492647058823528
0 0.1074964639321075 0.17095588235294118 0.02545968882602548 0.03676470588235292
0 0.7779349363507779 0.6397058823529411 0.03677510608203671 0.03676470588235292
0 0.21640735502121639 0.8216911764705883 0.03960396039603961 0.03676470588235303
0 0.27722772277227725 0.7876838235294119 0.03677510608203677 0.03860294117647045
0 0.21640735502121639 0.9310661764705882 0.03960396039603961 0.03860294117647056
0 0.40381895332390383 0.6755514705882353 0.04101838755304099 0.03860294117647067
0 0.7779349363507779 0.8602941176470588 0.03960396039603964 0.03676470588235303
0 0.5898161244695899 0.8648897058823529 0.036775106082036824 0.03860294117647056
0 0.2157001414427157 0.4889705882352941 0.038189533239038204 0.03676470588235292
0 0.46817538896746813 0.49080882352941174 0.03677510608203677 0.03308823529411764
0 0.09335219236209336 0.5974264705882353 0.0396039603960396 0.03676470588235292
0 0.9024045261669025 0.6755514705882353 0.036775106082036824 0.03860294117647067
0 0.1548797736916549 0.3428308823529412 0.038189533239038204 0.03492647058823528
0 0.09052333804809053 0.8933823529411764 0.03960396039603961 0.03676470588235292
0 0.7786421499292786 0.6029411764705883 0.038189533239038176 0.03308823529411764
0 0.34158415841584155 0.7858455882352942 0.03818953323903823 0.03860294117647056
0 0.1393210749646393 0.12775735294117646 0.026874115983026886 0.03492647058823531
0 0.3408769448373409 0.4898897058823529 0.03960396039603964 0.03860294117647056
0 0.4045261669024045 0.5634191176470589 0.03677510608203677 0.03492647058823539
0 0.2164073550212164 0.5625 0.03677510608203677 0.03308823529411775
0 0.3274398868458275 0.25183823529411764 0.024045261669024043 0.03308823529411764
0 0.7772277227722773 0.8988970588235294 0.038189533239038176 0.03308823529411764
0 0.8408769448373409 0.421875 0.03818953323903829 0.03492647058823528
0 0.3408769448373409 0.8216911764705883 0.036775106082036824 0.03676470588235303
0 0.27934936350777934 0.859375 0.038189533239038176 0.03492647058823539
0 0.9031117397454032 0.786764705882353 0.038189533239038176 0.0404411764705882
0 0.3408769448373409 0.45588235294117646 0.03960396039603964 0.03308823529411764
0 0.9031117397454032 0.8979779411764706 0.038189533239038176 0.03860294117647056
0 0.6534653465346536 0.9338235294117647 0.03960396039603953 0.040441176470588314
0 0.9024045261669025 0.8612132352941175 0.03960396039603953 0.03860294117647067
0 0.1393210749646393 0.17095588235294118 0.026874115983026886 0.03676470588235292
0 0.9667609618104668 0.5303308823529412 0.04101838755304099 0.038602941176470784
0 0.21782178217821782 0.6737132352941176 0.03677510608203677 0.03860294117647056
0 0.4653465346534653 0.7141544117647058 0.03677510608203677 0.03860294117647045
0 0.23267326732673266 0.17279411764705882 0.026874115983026886 0.03308823529411764
0 0.1393210749646393 0.21139705882352944 0.026874115983026886 0.03676470588235298
0 0.09193776520509193 0.45128676470588236 0.04243281471004243 0.03860294117647056
0 0.40381895332390383 0.6341911764705883 0.04101838755304099 0.044117647058823484
0 0.4045261669024045 0.4522058823529412 0.03394625176803395 0.03676470588235292
0 0.6527581329561527 0.8244485294117647 0.0410183875530411 0.03860294117647045
0 0.3274398868458275 0.09283088235294118 0.029702970297029674 0.034926470588235295
0 0.8408769448373409 0.859375 0.04101838755304099 0.03860294117647045
0 0.2659123055162659 0.09375 0.02828854314002832 0.03308823529411764
0 0.6534653465346536 0.6029411764705883 0.03960396039603953 0.03676470588235292
0 0.7779349363507779 0.9338235294117647 0.042432814710042344 0.040441176470588314
0 0.9653465346534653 0.7141544117647058 0.038189533239038176 0.03860294117647045
0 0.46746817538896746 0.5634191176470589 0.038189533239038176 0.03492647058823539
0 0.2652050919377652 0.21231617647058826 0.024045261669024043 0.03492647058823534
0 0.7149929278642151 0.8612132352941178 0.038189533239038176 0.04227941176470573
0 0.7772277227722773 0.6755514705882353 0.038189533239038176 0.03860294117647067
0 0.9038189533239038 0.3832720588235294 0.03677510608203671 0.03860294117647067
0 0.5898161244695899 0.7858455882352942 0.036775106082036824 0.03860294117647056
0 0.9024045261669025 0.5303308823529411 0.03960396039603953 0.03492647058823539
0 0.7779349363507779 0.45588235294117646 0.03677510608203671 0.0404411764705882
0 0.34158415841584155 0.8979779411764706 0.03818953323903823 0.03860294117647056
0 0.23267326732673266 0.21323529411764708 0.026874115983026886 0.033088235294117696
0 0.09123055162659123 0.7463235294117647 0.04101838755304102 0.040441176470588314
0 0.09193776520509195 0.37683823529411764 0.0396039603960396 0.03676470588235292
0 0.8408769448373409 0.34466911764705876 0.03536067892503536 0.03860294117647051
0 0.17185289957567185 0.21231617647058823 0.02687411598302686 0.03125
0 0.21711456859971712 0.786764705882353 0.038189533239038176 0.0404411764705882
0 0.5898161244695899 0.7481617647058824 0.036775106082036824 0.03676470588235303
0 0.3422913719943423 0.3759191176470588 0.042432814710042455 0.04227941176470584
0 0.2963224893917963 0.25183823529411764 0.02687411598302686 0.03308823529411764
0 0.2786421499292786 0.8216911764705883 0.039603960396039584 0.03676470588235303
0 0.8401697312588402 0.8979779411764706 0.03960396039603964 0.03860294117647056
0 0.9646393210749646 0.3851102941176471 0.03677510608203671 0.03860294117647062
0 0.46817538896746813 0.6029411764705883 0.039603960396039584 0.03308823529411764
0 0.21711456859971712 0.45036764705882354 0.038189533239038176 0.0404411764705882
0 0.2786421499292786 0.9329044117647058 0.039603960396039584 0.03860294117647056
0 0.7786421499292786 0.4181985294117647 0.038189533239038176 0.03125
0 0.7149929278642151 0.3851102941176471 0.038189533239038176 0.03860294117647062
0 0.21711456859971712 0.7472426470588236 0.038189533239038176 0.03860294117647067
0 0.21782178217821782 0.6369485294117647 0.03677510608203677 0.03860294117647056
0 0.8415841584158416 0.6755514705882353 0.03960396039603964 0.03492647058823528
0 0.35997171145685997 0.09191176470588236 0.02970297029702973 0.036764705882352935
0 0.21640735502121639 0.859375 0.03960396039603961 0.03860294117647045
0 0.3408769448373409 0.859375 0.03960396039603964 0.03860294117647045
0 0.8401697312588402 0.7490808823529412 0.03960396039603964 0.038602941176470784
0 0.34158415841584155 0.7472426470588236 0.04101838755304105 0.03860294117647067
0 0.29702970297029696 0.1323529411764706 0.025459688826025506 0.036764705882352935
0 0.5898161244695899 0.7141544117647058 0.036775106082036824 0.03492647058823539
0 0.2157001414427157 0.5238970588235294 0.03536067892503536 0.03676470588235292
0 0.3274398868458275 0.13143382352941177 0.024045261669024043 0.034926470588235295
0 0.8408769448373409 0.6038602941176472 0.04101838755304099 0.03860294117647067
0 0.40381895332390383 0.7132352941176471 0.038189533239038176 0.03676470588235281
0 0.7779349363507779 0.7527573529411764 0.03960396039603964 0.03492647058823517
0 0.8401697312588402 0.7141544117647058 0.03960396039603964 0.03860294117647045
0 0.8408769448373409 0.5689338235294119 0.04101838755304099 0.03860294117647045
0 0.9653465346534653 0.494485294117647 0.038189533239038176 0.0404411764705882
0 0.40311173974540315 0.7472426470588236 0.039603960396039584 0.03860294117647067
0 0.3274398868458275 0.21231617647058826 0.024045261669024043 0.03492647058823534
0 0.9653465346534653 0.6764705882352942 0.038189533239038176 0.03676470588235303
0 0.7157001414427158 0.6397058823529411 0.0339462517680339 0.03676470588235292
0 0.7149929278642151 0.6755514705882353 0.038189533239038176 0.03860294117647067
0 0.35926449787835923 0.25275735294117646 0.02828854314002832 0.03492647058823528
0 0.9031117397454032 0.5689338235294119 0.038189533239038176 0.03860294117647045
0 0.9024045261669025 0.49540441176470584 0.03960396039603953 0.03860294117647056
0 0.5898161244695899 0.3832720588235294 0.036775106082036824 0.03860294117647067
0 0.4688826025459689 0.3400735294117647 0.04101838755304105 0.04044117647058826
0 0.46817538896746813 0.5294117647058825 0.039603960396039584 0.040441176470588425
0 0.6534653465346536 0.3446691176470589 0.03960396039603953 0.04595588235294118
0 0.46817538896746813 0.38235294117647056 0.039603960396039584 0.03676470588235303
0 0.7779349363507779 0.3841911764705882 0.03960396039603964 0.040441176470588314
