0 0.501421 0.492856 0.046355 0.041976
0 0.779499 0.357092 0.037603 0.039677
0 0.149449 0.783771 0.041538 0.054827
0 0.727242 0.345872 0.035680 0.050151
0 0.580767 0.263968 0.036386 0.047200
0 0.626807 0.741275 0.037674 0.049107
0 0.321866 0.658674 0.040056 0.051301
0 0.852919 0.591862 0.038768 0.049394
0 0.217975 0.212109 0.036386 0.047200
0 0.428345 0.222263 0.039668 0.048062
0 0.098909 0.348714 0.041344 0.053208
0 0.128375 0.521825 0.037674 0.049107
0 0.774473 0.822657 0.038962 0.051013
0 0.860446 0.547902 0.041150 0.051588
0 0.092574 0.392151 0.038768 0.049394
0 0.317913 0.701067 0.037480 0.047487
0 0.866413 0.931162 0.039156 0.052633
0 0.754672 0.980213 0.041538 0.039574
0 0.754748 0.563571 0.040762 0.048349
0 0.694441 0.205293 0.040444 0.054540
0 0.770519 0.865049 0.036386 0.047200
0 0.477929 0.236957 0.036386 0.047200
0 0.134225 0.482436 0.035292 0.046912
0 0.472882 0.279062 0.038574 0.047775
0 0.153402 0.741379 0.038574 0.047775
0 0.104248 0.304179 0.041150 0.051588
0 0.432007 0.182299 0.042050 0.050256
0 0.393888 0.509714 0.039862 0.049681
0 0.672084 0.796599 0.042438 0.053495
0 0.159544 0.699560 0.040762 0.048349
0 0.784470 0.739256 0.041344 0.053208
0 0.592426 0.604457 0.037868 0.050726
0 0.591056 0.178138 0.041926 0.058066
0 0.402792 0.426025 0.038256 0.053965
0 0.885923 0.768409 0.040762 0.048349
0 0.815071 0.493388 0.036580 0.048819
0 0.874908 0.427254 0.036191 0.045580
0 0.865396 0.506606 0.038768 0.049394
0 0.259687 0.306587 0.038574 0.047775
0 0.371173 0.247336 0.038256 0.053965
0 0.356129 0.372843 0.035486 0.048532
0 0.449455 0.479207 0.037674 0.049107
0 0.848163 0.631538 0.038962 0.051013
0 0.764669 0.904438 0.038768 0.049394
0 0.915430 0.522254 0.041150 0.051588
0 0.641636 0.193929 0.040638 0.056159
0 0.890873 0.727113 0.041344 0.053208
0 0.651654 0.533987 0.039474 0.046442
0 0.483170 0.193232 0.039350 0.054252
0 0.713582 0.469237 0.037480 0.047487
0 0.417545 0.302948 0.040444 0.054540
0 0.843407 0.671214 0.038768 0.049394
0 0.184003 0.495511 0.036774 0.050439
0 0.855869 0.993431 0.042632 0.013137
0 0.734692 0.726181 0.040250 0.052920
0 0.692979 0.631703 0.039862 0.049681
0 0.326816 0.617379 0.040250 0.052920
0 0.682767 0.293265 0.037674 0.049107
0 0.215913 0.671770 0.038768 0.049394
0 0.349987 0.414661 0.037674 0.049107
0 0.882261 0.808372 0.039156 0.052633
0 0.208171 0.293891 0.039156 0.052633
0 0.689102 0.249827 0.040250 0.052920
0 0.204821 0.754884 0.040762 0.048349
0 0.702976 0.548302 0.035292 0.046912
0 0.423686 0.261129 0.039668 0.048062
0 0.622930 0.359399 0.037674 0.049107
0 0.164202 0.660694 0.038574 0.047775
0 0.791608 0.698534 0.038574 0.047775
0 0.921024 0.480292 0.039668 0.048062
0 0.284729 0.097679 0.041538 0.054827
0 0.804782 0.579218 0.036191 0.045580
0 0.389132 0.549390 0.037480 0.047487
0 0.104462 0.726019 0.038768 0.049394
0 0.601841 0.525914 0.039474 0.046442
0 0.254931 0.346263 0.038768 0.049394
0 0.911476 0.564646 0.038574 0.047775
0 0.201159 0.794848 0.041344 0.053208
0 0.484275 0.734741 0.021634 0.021367
0 0.487954 0.718168 0.025498 0.027087
0 0.220669 0.632094 0.038574 0.047775
0 0.774452 0.399198 0.039156 0.052633
0 0.444504 0.520503 0.037480 0.047487
0 0.073903 0.552619 0.039862 0.049681
0 0.723289 0.388265 0.037480 0.047487
0 0.274441 0.183509 0.038962 0.051013
0 0.250175 0.385939 0.036386 0.047200
0 0.143722 0.831545 0.041732 0.056446
0 0.063005 0.634114 0.042244 0.051875
0 0.366673 0.289586 0.034198 0.046625
0 0.800317 0.616465 0.033615 0.041767
0 0.781902 0.779507 0.038574 0.047775
0 0.407548 0.386349 0.042050 0.050256
0 0.658501 0.495695 0.037674 0.049107
0 0.759719 0.945734 0.041150 0.051588
0 0.172697 0.156785 0.038962 0.051013
0 0.581529 0.685951 0.039862 0.049681
0 0.212125 0.251498 0.038768 0.049394
0 0.315765 0.281226 0.041150 0.051588
0 0.876217 0.849381 0.038574 0.047775
0 0.687129 0.671092 0.037480 0.047487
0 0.187665 0.455547 0.038380 0.046155
0 0.345231 0.454337 0.037480 0.047487
0 0.167650 0.198891 0.038962 0.051013
0 0.279391 0.142213 0.038768 0.049394
0 0.739095 0.684742 0.039985 0.041871
0 0.087818 0.431827 0.038574 0.047775
0 0.209869 0.712779 0.040762 0.048349
0 0.139528 0.442904 0.036968 0.052058
0 0.082515 0.471360 0.037674 0.049107
0 0.818733 0.453424 0.036386 0.047200
0 0.223022 0.170003 0.036386 0.047200
0 0.320010 0.236404 0.041344 0.053208
0 0.228554 0.123849 0.037356 0.055297
0 0.368529 0.711856 0.042438 0.053495
0 0.437540 0.136145 0.042632 0.055114
0 0.195627 0.841002 0.041538 0.054827
0 0.763458 0.481502 0.038380 0.046155
0 0.830842 0.794867 0.038768 0.049394
0 0.397550 0.469750 0.037480 0.047487
0 0.576814 0.306361 0.038574 0.047775
0 0.698026 0.589598 0.038062 0.052345
0 0.505374 0.450463 0.045720 0.054357
0 0.412304 0.346672 0.037480 0.047487
0 0.178153 0.534900 0.038768 0.049394
0 0.148140 0.361644 0.039156 0.052633
0 0.870055 0.467740 0.036191 0.045580
0 0.622051 0.780951 0.041856 0.048637
0 0.679320 0.755068 0.040250 0.052920
0 0.825892 0.836162 0.041150 0.051588
0 0.627395 0.322152 0.037674 0.049107
0 0.488703 0.147078 0.039544 0.055872
0 0.245128 0.428045 0.041150 0.051588
0 0.223237 0.591843 0.038768 0.049394
0 0.931824 0.399607 0.042632 0.055114
0 0.198756 0.372434 0.041538 0.054827
0 0.834504 0.754903 0.040762 0.048349
0 0.646898 0.573663 0.039668 0.048062
0 0.193515 0.416158 0.036774 0.050439
0 0.678911 0.334848 0.040056 0.051301
0 0.633536 0.280334 0.037674 0.049107
0 0.606888 0.483809 0.040250 0.052920
0 0.565722 0.389475 0.038768 0.049394
0 0.464270 0.360322 0.036386 0.047200
0 0.879858 0.385958 0.037162 0.053678
0 0.840548 0.713895 0.039156 0.052633
0 0.612932 0.442800 0.037480 0.047487
0 0.707732 0.508626 0.035486 0.048532
0 0.584879 0.224958 0.037480 0.047487
0 0.795561 0.656142 0.041150 0.051588
0 0.348534 0.878659 0.042826 0.056734
0 0.672964 0.375047 0.037480 0.047487
0 0.361432 0.333310 0.036774 0.050439
0 0.597376 0.563161 0.038062 0.052345
0 0.468126 0.318739 0.036580 0.048819
0 0.235422 0.509017 0.039350 0.054252
0 0.459514 0.399998 0.041344 0.053208
0 0.169250 0.618588 0.040762 0.048349
0 0.748898 0.602960 0.038768 0.049394
0 0.637392 0.238751 0.037480 0.047487
0 0.124228 0.565838 0.039862 0.049681
0 0.587379 0.646562 0.037480 0.047487
0 0.759796 0.521465 0.041150 0.051588
0 0.718533 0.427941 0.038062 0.052345
0 0.570126 0.348035 0.037868 0.050726
0 0.808735 0.536825 0.039544 0.055872
0 0.668014 0.416342 0.037674 0.049107
0 0.770305 0.443210 0.040956 0.049969
0 0.617980 0.400695 0.037868 0.050726
0 0.683564 0.710246 0.037868 0.050726
0 0.174200 0.577293 0.041344 0.053208
0 0.744398 0.645209 0.040250 0.052920
0 0.636610 0.659493 0.040056 0.051301
0 0.663257 0.456019 0.037480 0.047487
0 0.631563 0.701599 0.040056 0.051301
0 0.642945 0.616056 0.037868 0.050726
0 0.901223 0.645475 0.039279 0.044823
0 0.052205 0.714798 0.037480 0.047487
0 0.453664 0.439387 0.033421 0.040147
0 0.807716 0.874820 0.024669 0.037849
0 0.373285 0.672180 0.037868 0.050726
0 0.530636 0.249130 0.047326 0.050073
0 0.122566 0.141948 0.040762 0.048349
0 0.352681 0.834646 0.036897 0.042629
0 0.048252 0.757191 0.039668 0.048062
0 0.736754 0.266519 0.042632 0.055114
0 0.571532 0.769353 0.037868 0.050726
0 0.566970 0.807409 0.037285 0.045868
0 0.118163 0.183387 0.039862 0.049681
0 0.562311 0.846276 0.033298 0.047957
0 0.363773 0.751533 0.039279 0.044823
0 0.792707 0.987580 0.028145 0.024841
0 0.268591 0.222898 0.036580 0.048819
0 0.818416 0.991028 0.027051 0.017944
0 0.577126 0.727391 0.038962 0.051013
0 0.539398 0.185450 0.044555 0.044640
0 0.099962 0.768268 0.040250 0.052920
0 0.543572 0.150632 0.046549 0.043596
0 0.526754 0.281519 0.046161 0.040357
0 0.822625 0.962257 0.025375 0.034897
0 0.534616 0.215932 0.045967 0.038737
0 0.519633 0.345631 0.047449 0.042264
0 0.832976 0.880619 0.024475 0.036229
0 0.517585 0.376831 0.047132 0.048454
0 0.813290 0.409399 0.025957 0.039755
0 0.796819 0.956314 0.027439 0.043282
0 0.264346 0.267720 0.035609 0.040722
0 0.119472 0.605514 0.039668 0.048062
0 0.743380 0.220653 0.040638 0.056159
0 0.092533 0.811418 0.042438 0.053495
0 0.113116 0.225492 0.042050 0.050256
0 0.337713 0.535884 0.034903 0.043674
0 0.802960 0.914496 0.027051 0.040043
0 0.378332 0.630074 0.039279 0.044823
0 0.837067 0.418150 0.025763 0.038136
0 0.157652 0.282292 0.038768 0.049394
0 0.383282 0.588779 0.038450 0.055584
0 0.829217 0.921392 0.024863 0.039468
0 0.729742 0.767477 0.040056 0.051301
0 0.179032 0.113348 0.041538 0.054827
0 0.733092 0.306483 0.036897 0.042629
0 0.861366 0.973268 0.038380 0.046155
0 0.240469 0.466911 0.040762 0.048349
0 0.307112 0.781752 0.039668 0.048062
0 0.058346 0.672980 0.042244 0.051875
0 0.313254 0.739934 0.037480 0.047487
0 0.439201 0.560035 0.034392 0.048245
0 0.302356 0.821428 0.039862 0.049681
0 0.905723 0.603226 0.041150 0.051588
0 0.340281 0.495633 0.038450 0.055584
0 0.925683 0.441425 0.039668 0.048062
0 0.068053 0.592008 0.041856 0.048637
0 0.162311 0.243425 0.039156 0.052633
0 0.109218 0.686342 0.038574 0.047775
0 0.333248 0.573131 0.035292 0.046912
0 0.128451 0.097557 0.040250 0.052920
0 0.230375 0.551122 0.035997 0.043961
0 0.819431 0.367581 0.024157 0.042419
0 0.144028 0.400655 0.037285 0.045868
0 0.078050 0.508607 0.037674 0.049107
0 0.040823 0.800341 0.043020 0.058353
0 0.107813 0.265025 0.038574 0.047775
0 0.482625 0.748506 0.023239 0.017083
0 0.297115 0.865153 0.042826 0.056734
0 0.870367 0.888770 0.036580 0.048819
0 0.842952 0.373759 0.024863 0.039468
0 0.895664 0.682435 0.037480 0.047487
0 0.203512 0.332757 0.038380 0.046155
0 0.152896 0.321968 0.038574 0.047775
0 0.523321 0.314861 0.046038 0.048167
0 0.113428 0.646522 0.038062 0.052345
0 0.358823 0.792828 0.042826 0.056734
