0 0.831461 0.296069 0.036517 0.046683
0 0.398174 0.885749 0.043539 0.046683
0 0.521770 0.221130 0.037921 0.049140
0 0.397472 0.592138 0.039326 0.049140
0 0.397472 0.839066 0.039326 0.051597
0 0.536517 0.484029 0.030899 0.029484
0 0.533708 0.847666 0.022472 0.034398
0 0.521067 0.305897 0.036517 0.036855
0 0.893961 0.197789 0.037921 0.046683
0 0.955758 0.396806 0.037921 0.051597
0 0.768258 0.398034 0.039326 0.044226
0 0.768258 0.541769 0.036517 0.046683
0 0.830758 0.249386 0.037921 0.046683
0 0.643961 0.788698 0.037921 0.044226
0 0.336376 0.340295 0.040730 0.051597
0 0.398876 0.340295 0.036517 0.051597
0 0.213483 0.488943 0.036517 0.044226
0 0.212079 0.539312 0.039326 0.051597
0 0.705758 0.691646 0.037921 0.051597
0 0.644663 0.146192 0.036517 0.046683
0 0.335674 0.735872 0.039326 0.046683
0 0.337079 0.787469 0.039326 0.051597
0 0.892556 0.296069 0.035112 0.046683
0 0.770365 0.099509 0.037921 0.051597
0 0.767556 0.496314 0.040730 0.054054
0 0.953652 0.691646 0.039326 0.051597
0 0.892556 0.400491 0.037921 0.044226
0 0.150281 0.834152 0.039326 0.051597
0 0.705758 0.740786 0.037921 0.051597
0 0.892556 0.443489 0.037921 0.051597
0 0.952949 0.794840 0.037921 0.051597
0 0.770365 0.047912 0.040730 0.051597
0 0.274579 0.239558 0.040730 0.051597
0 0.213483 0.189189 0.039326 0.049140
0 0.830758 0.098280 0.037921 0.054054
0 0.953652 0.743243 0.039326 0.051597
0 0.768258 0.242015 0.039326 0.056511
0 0.211376 0.735872 0.037921 0.051597
0 0.705056 0.788698 0.036517 0.044226
0 0.337079 0.890663 0.036517 0.041769
0 0.831461 0.151106 0.033708 0.051597
0 0.212079 0.787469 0.042135 0.051597
0 0.707163 0.541769 0.035112 0.041769
0 0.150983 0.884521 0.037921 0.044226
0 0.150281 0.737101 0.039326 0.049140
0 0.087781 0.137592 0.035112 0.054054
0 0.955056 0.248157 0.039326 0.044226
0 0.955758 0.152334 0.037921 0.054054
0 0.522472 0.045455 0.042135 0.061425
0 0.337079 0.593366 0.036517 0.051597
0 0.150983 0.190418 0.037921 0.051597
0 0.769663 0.168305 0.039326 0.081081
0 0.398174 0.292383 0.035112 0.044226
0 0.398174 0.493857 0.037921 0.044226
0 0.954354 0.644963 0.037921 0.051597
0 0.400281 0.090909 0.036517 0.054054
0 0.893961 0.151106 0.037921 0.051597
0 0.829354 0.743243 0.040730 0.051597
0 0.337079 0.487715 0.036517 0.041769
0 0.149579 0.689189 0.040730 0.046683
0 0.644663 0.444717 0.036517 0.049140
0 0.212781 0.641278 0.037921 0.049140
0 0.212781 0.689189 0.037921 0.046683
0 0.644663 0.394349 0.036517 0.051597
0 0.149579 0.641278 0.040730 0.049140
0 0.707163 0.197789 0.037921 0.051597
0 0.955056 0.294840 0.039326 0.044226
0 0.212781 0.884521 0.037921 0.054054
0 0.212079 0.837838 0.039326 0.049140
0 0.536517 0.571253 0.025281 0.027027
0 0.536517 0.513514 0.022472 0.029484
0 0.535815 0.452088 0.023876 0.034398
0 0.523876 0.149877 0.036517 0.029484
0 0.523876 0.121622 0.039326 0.031941
0 0.398174 0.640049 0.037921 0.046683
0 0.523876 0.088452 0.042135 0.034398
0 0.535815 0.886978 0.026685 0.039312
0 0.535815 0.417690 0.026685 0.034398
0 0.537219 0.541769 0.026685 0.031941
0 0.955056 0.202703 0.039326 0.046683
0 0.523876 0.178133 0.039326 0.036855
0 0.522472 0.340295 0.039326 0.031941
0 0.523174 0.372236 0.037921 0.027027
0 0.335674 0.443489 0.039326 0.051597
0 0.643961 0.743243 0.037921 0.046683
0 0.533708 0.608108 0.028090 0.046683
0 0.582865 0.787469 0.036517 0.051597
0 0.522472 0.751843 0.036517 0.044226
0 0.462079 0.300983 0.036517 0.046683
0 0.087781 0.190418 0.037921 0.051597
0 0.461376 0.340295 0.032303 0.046683
0 0.705056 0.884521 0.033708 0.054054
0 0.150983 0.144963 0.037921 0.054054
0 0.953652 0.893120 0.039326 0.051597
0 0.830758 0.047912 0.040730 0.051597
0 0.955056 0.599509 0.039326 0.049140
0 0.335674 0.638821 0.039326 0.044226
0 0.705056 0.840295 0.033708 0.044226
0 0.398174 0.143735 0.035112 0.041769
0 0.274579 0.196560 0.040730 0.044226
0 0.952949 0.846437 0.040730 0.051597
0 0.398174 0.540541 0.037921 0.054054
0 0.581461 0.743243 0.036517 0.051597
0 0.150281 0.785012 0.036517 0.051597
0 0.398876 0.242015 0.033708 0.051597
0 0.087781 0.240786 0.037921 0.044226
0 0.150983 0.343980 0.037921 0.044226
0 0.955056 0.495086 0.039326 0.051597
0 0.830758 0.202703 0.037921 0.046683
0 0.767556 0.691646 0.037921 0.051597
0 0.828652 0.893120 0.036517 0.046683
0 0.644663 0.093366 0.036517 0.063882
0 0.461376 0.196560 0.037921 0.054054
0 0.643961 0.691646 0.037921 0.051597
0 0.336376 0.292383 0.040730 0.049140
0 0.955056 0.443489 0.039326 0.051597
0 0.584270 0.243243 0.036517 0.044226
0 0.337079 0.540541 0.036517 0.054054
0 0.461376 0.249386 0.037921 0.051597
0 0.213483 0.590909 0.039326 0.051597
0 0.955758 0.099509 0.037921 0.051597
0 0.457163 0.587224 0.035112 0.049140
0 0.893258 0.249386 0.036517 0.051597
0 0.707865 0.093366 0.039326 0.054054
0 0.088483 0.443489 0.036517 0.051597
0 0.581461 0.839066 0.039326 0.051597
0 0.149579 0.539312 0.040730 0.051597
0 0.150983 0.590909 0.040730 0.051597
0 0.828652 0.789926 0.042135 0.051597
0 0.828652 0.841523 0.039326 0.051597
0 0.396770 0.787469 0.040730 0.051597
0 0.707163 0.495086 0.040730 0.056511
0 0.150983 0.239558 0.037921 0.051597
0 0.891152 0.692875 0.037921 0.054054
0 0.335674 0.690418 0.039326 0.054054
0 0.337079 0.840295 0.036517 0.054054
0 0.459270 0.490172 0.039326 0.051597
0 0.150983 0.487715 0.037921 0.051597
0 0.955056 0.547912 0.039326 0.054054
0 0.398174 0.684275 0.037921 0.051597
0 0.459270 0.540541 0.036517 0.054054
0 0.893258 0.098280 0.039326 0.058968
0 0.398876 0.190418 0.036517 0.051597
0 0.768258 0.443489 0.039326 0.051597
0 0.337079 0.391892 0.039326 0.051597
0 0.274579 0.291155 0.040730 0.051597
0 0.768258 0.296069 0.039326 0.051597
0 0.892556 0.541769 0.037921 0.051597
0 0.706461 0.643735 0.036517 0.054054
0 0.767556 0.644963 0.037921 0.051597
0 0.087781 0.287469 0.037921 0.049140
0 0.644663 0.495086 0.039326 0.056511
0 0.706461 0.393120 0.036517 0.049140
0 0.459972 0.443489 0.035112 0.051597
0 0.150281 0.441032 0.039326 0.046683
0 0.273876 0.090909 0.039326 0.054054
0 0.706461 0.590909 0.036517 0.056511
0 0.954354 0.345209 0.040730 0.051597
0 0.581461 0.493857 0.036517 0.049140
0 0.707163 0.443489 0.037921 0.046683
0 0.337079 0.142506 0.039326 0.044226
0 0.462079 0.143735 0.036517 0.051597
0 0.459270 0.885749 0.036517 0.046683
0 0.707865 0.243243 0.039326 0.049140
0 0.892556 0.347666 0.037921 0.056511
0 0.274579 0.146192 0.040730 0.056511
0 0.645365 0.248157 0.035112 0.049140
0 0.397472 0.735872 0.039326 0.051597
0 0.583567 0.393120 0.037921 0.049140
0 0.584270 0.090909 0.036517 0.054054
0 0.643961 0.891892 0.037921 0.049140
0 0.644663 0.197789 0.036517 0.051597
0 0.336376 0.242015 0.040730 0.051597
0 0.830056 0.495086 0.039326 0.051597
0 0.580758 0.885749 0.037921 0.051597
0 0.583567 0.592138 0.040730 0.049140
0 0.214888 0.135135 0.042135 0.063882
0 0.459270 0.687961 0.039326 0.049140
0 0.892556 0.593366 0.037921 0.051597
0 0.830056 0.644963 0.036517 0.051597
0 0.212079 0.339066 0.039326 0.049140
0 0.831461 0.345209 0.036517 0.051597
0 0.461376 0.089681 0.040730 0.061425
0 0.891152 0.493857 0.037921 0.054054
0 0.088483 0.337838 0.039326 0.046683
0 0.644663 0.542998 0.036517 0.044226
0 0.212781 0.293612 0.040730 0.051597
0 0.890449 0.644963 0.039326 0.051597
0 0.150983 0.293612 0.040730 0.061425
0 0.643961 0.643735 0.037921 0.049140
0 0.643961 0.840295 0.037921 0.054054
0 0.459972 0.637592 0.035112 0.051597
0 0.644663 0.593366 0.036517 0.051597
0 0.829354 0.692875 0.037921 0.054054
0 0.582865 0.540541 0.039326 0.054054
0 0.459270 0.735872 0.039326 0.051597
0 0.830056 0.593366 0.036517 0.051597
0 0.212781 0.390663 0.037921 0.054054
0 0.645365 0.293612 0.035112 0.051597
0 0.088483 0.390663 0.036517 0.054054
0 0.337079 0.089681 0.039326 0.061425
0 0.337079 0.190418 0.042135 0.051597
0 0.212781 0.240786 0.040730 0.054054
0 0.830056 0.542998 0.036517 0.049140
0 0.707865 0.151106 0.039326 0.056511
0 0.398174 0.391892 0.037921 0.051597
0 0.582865 0.690418 0.039326 0.054054
0 0.707865 0.293612 0.036517 0.051597
0 0.707865 0.346437 0.036517 0.054054
0 0.212079 0.441032 0.039326 0.051597
0 0.581461 0.638821 0.039326 0.049140
0 0.583567 0.293612 0.037921 0.051597
0 0.459972 0.839066 0.035112 0.051597
0 0.584270 0.197789 0.039326 0.051597
0 0.459270 0.787469 0.036517 0.051597
0 0.831461 0.443489 0.039326 0.051597
0 0.830758 0.396806 0.037921 0.051597
0 0.150281 0.390663 0.039326 0.054054
0 0.583567 0.346437 0.037921 0.054054
0 0.768258 0.593366 0.039326 0.051597
0 0.768258 0.347666 0.039326 0.051597
0 0.397472 0.443489 0.039326 0.051597
0 0.644663 0.346437 0.036517 0.054054
0 0.461376 0.391892 0.037921 0.051597
0 0.584270 0.144963 0.039326 0.054054
0 0.582865 0.443489 0.039326 0.051597
