0 0.711648 0.349694 0.024752 0.034371
0 0.328589 0.643577 0.037582 0.046053
0 0.504456 0.680735 0.023357 0.029566
0 0.501283 0.397137 0.037097 0.030242
0 0.820892 0.356654 0.023211 0.024823
0 0.835007 0.385852 0.035799 0.028600
0 0.667858 0.349914 0.032101 0.029996
0 0.273412 0.647987 0.034744 0.034863
0 0.502982 0.708374 0.021962 0.024761
0 0.180915 0.482712 0.022108 0.029505
0 0.657521 0.666100 0.036042 0.036505
0 0.708037 0.446900 0.023357 0.029566
0 0.155500 0.414163 0.022060 0.027924
0 0.730704 0.543816 0.024558 0.028046
0 0.153231 0.447305 0.021962 0.024761
0 0.156765 0.800593 0.038492 0.035047
0 0.108307 0.606608 0.034744 0.034863
0 0.659439 0.603647 0.035993 0.034924
0 0.218224 0.612018 0.034744 0.034863
0 0.321640 0.808708 0.035993 0.034924
0 0.280259 0.425054 0.034744 0.034863
0 0.160352 0.704178 0.037243 0.034986
0 0.152211 0.480507 0.024655 0.031209
0 0.845433 0.453662 0.026050 0.036013
0 0.183555 0.417128 0.026098 0.037594
0 0.541679 0.853583 0.033350 0.030058
0 0.328439 0.587356 0.035993 0.034924
0 0.109625 0.543334 0.033495 0.034801
0 0.159009 0.768243 0.035945 0.033343
0 0.159332 0.737381 0.034744 0.034863
0 0.335315 0.424597 0.032149 0.031577
0 0.270723 0.715152 0.036042 0.036505
0 0.182535 0.450330 0.023211 0.024823
0 0.110572 0.512503 0.033447 0.033220
0 0.733872 0.481425 0.024606 0.029628
0 0.778258 0.421062 0.034647 0.031700
0 0.156345 0.834617 0.037291 0.036567
0 0.554105 0.469410 0.032198 0.033159
0 0.544939 0.727065 0.034599 0.030119
0 0.735516 0.448253 0.026050 0.036013
0 0.778678 0.387038 0.036236 0.042829
0 0.446155 0.399966 0.037437 0.041310
0 0.717291 0.573242 0.037340 0.038148
0 0.543646 0.789549 0.033301 0.028477
0 0.277321 0.520710 0.034696 0.033282
0 0.732324 0.511434 0.023357 0.029566
0 0.279337 0.455095 0.034744 0.034863
0 0.109254 0.575777 0.034696 0.033282
0 0.275750 0.551510 0.035993 0.034924
0 0.541308 0.886026 0.032246 0.034740
0 0.881147 0.614559 0.034744 0.034863
0 0.662631 0.540466 0.033398 0.031639
0 0.887443 0.389224 0.036139 0.039667
0 0.888175 0.426472 0.037243 0.034986
0 0.219820 0.580427 0.033495 0.034801
0 0.612255 0.408933 0.032198 0.033159
0 0.882465 0.551285 0.033495 0.034801
0 0.825959 0.578590 0.034842 0.038025
0 0.552114 0.534234 0.032198 0.033159
0 0.112612 0.446097 0.033350 0.030058
0 0.220815 0.548015 0.033350 0.030058
0 0.666589 0.411607 0.033447 0.033220
0 0.267809 0.810017 0.036042 0.036505
0 0.774071 0.516656 0.034793 0.036444
0 0.214471 0.774931 0.034744 0.034863
0 0.882142 0.582147 0.034696 0.033282
0 0.390801 0.430495 0.033690 0.041125
0 0.336887 0.393797 0.033544 0.036382
0 0.556745 0.403826 0.036285 0.044411
0 0.775739 0.482694 0.033398 0.031639
0 0.550147 0.598268 0.032246 0.034740
0 0.546955 0.661450 0.034744 0.034863
0 0.823499 0.679020 0.036042 0.036505
0 0.222963 0.518826 0.033398 0.031639
0 0.217853 0.644461 0.036042 0.036505
0 0.110992 0.478479 0.032246 0.034740
0 0.113535 0.416057 0.033447 0.033220
0 0.712060 0.702829 0.037437 0.041310
0 0.776711 0.451072 0.035993 0.034924
0 0.664275 0.507294 0.032246 0.034740
0 0.274730 0.584713 0.035993 0.034924
0 0.164213 0.578482 0.034696 0.033282
0 0.544017 0.757106 0.034793 0.036444
0 0.113906 0.383614 0.034744 0.034863
0 0.162641 0.609282 0.035993 0.034924
0 0.611235 0.442136 0.034793 0.036444
0 0.217433 0.678485 0.037243 0.034986
0 0.225745 0.387535 0.033592 0.037963
0 0.333275 0.491002 0.037243 0.034986
0 0.548527 0.630650 0.033544 0.036382
0 0.545935 0.694653 0.034744 0.034863
0 0.553133 0.501032 0.032101 0.029996
0 0.665271 0.474881 0.034696 0.033282
0 0.329483 0.553363 0.036042 0.036505
0 0.334944 0.457040 0.033544 0.036382
0 0.277692 0.488267 0.035993 0.034924
0 0.225003 0.452421 0.030997 0.034678
0 0.225325 0.421559 0.032198 0.033159
0 0.114950 0.349620 0.037291 0.036567
0 0.280655 0.391821 0.036188 0.041248
0 0.551142 0.565856 0.032198 0.033159
0 0.223983 0.485623 0.033495 0.034801
0 0.541450 0.820318 0.036139 0.039667
0 0.664969 0.443989 0.034744 0.034863
0 0.165232 0.545279 0.037291 0.036567
0 0.158341 0.321670 0.024606 0.029628
0 0.187215 0.318341 0.022108 0.029505
0 0.487698 0.798671 0.029602 0.029873
0 0.104373 0.734676 0.032246 0.034740
0 0.329244 0.622232 0.034939 0.041187
0 0.666408 0.376762 0.033641 0.039544
0 0.614198 0.345690 0.034599 0.030119
0 0.499583 0.452475 0.037291 0.036567
0 0.702972 0.509990 0.024703 0.032790
0 0.102802 0.765476 0.035945 0.033343
0 0.714002 0.639586 0.034744 0.034863
0 0.723070 0.385093 0.032246 0.034740
0 0.705889 0.476089 0.023211 0.024823
0 0.657101 0.700124 0.034744 0.034863
0 0.170162 0.384799 0.034647 0.031700
0 0.106687 0.638989 0.033544 0.036382
0 0.325803 0.713905 0.035993 0.034924
0 0.332377 0.520252 0.032101 0.029996
0 0.323558 0.746255 0.036042 0.036505
0 0.266515 0.872501 0.034550 0.028538
0 0.266838 0.841639 0.033447 0.033220
0 0.215837 0.710076 0.033301 0.028477
0 0.214915 0.740116 0.035993 0.034924
0 0.320898 0.873594 0.035896 0.031762
0 0.105369 0.702264 0.034696 0.033282
0 0.106316 0.671432 0.034647 0.031700
0 0.825539 0.612614 0.035945 0.033343
0 0.814113 0.516252 0.022254 0.034248
0 0.171782 0.352417 0.033544 0.036382
0 0.268829 0.776815 0.035945 0.033343
0 0.100162 0.831060 0.037243 0.034986
0 0.832762 0.418202 0.036042 0.036505
0 0.714998 0.607174 0.034696 0.033282
0 0.322469 0.842794 0.034793 0.036444
0 0.885656 0.488103 0.033398 0.031639
0 0.269825 0.744402 0.035896 0.031762
0 0.655158 0.763368 0.034744 0.034863
0 0.659068 0.636090 0.034696 0.033282
0 0.713079 0.669626 0.034744 0.034863
0 0.661083 0.570475 0.034647 0.031700
0 0.271767 0.681159 0.038492 0.035047
0 0.323885 0.776357 0.033447 0.033220
0 0.162270 0.641725 0.034793 0.036444
0 0.391245 0.395680 0.029748 0.034617
0 0.179968 0.513543 0.024558 0.028046
0 0.887155 0.459675 0.034647 0.031700
0 0.161347 0.671766 0.037194 0.033404
0 0.506937 0.661064 0.021574 0.012113
0 0.504876 0.646711 0.021671 0.015275
0 0.507884 0.630233 0.021720 0.016856
0 0.506496 0.614330 0.017972 0.016671
0 0.506381 0.597698 0.019270 0.018314
0 0.496669 0.547340 0.029020 0.010900
0 0.504208 0.342651 0.037340 0.038148
0 0.737157 0.354117 0.025904 0.031270
0 0.848396 0.357216 0.023357 0.029566
0 0.508189 0.579577 0.021817 0.020018
0 0.501058 0.424837 0.035702 0.025438
0 0.499108 0.508665 0.031955 0.025253
0 0.497804 0.530770 0.035702 0.025438
0 0.502758 0.369499 0.035605 0.022275
0 0.555676 0.438610 0.033495 0.034801
0 0.884709 0.518935 0.033350 0.030058
0 0.327375 0.683104 0.037291 0.036567
0 0.817329 0.452279 0.022108 0.029505
0 0.613323 0.374149 0.032295 0.036321
0 0.844437 0.486075 0.023309 0.027985
0 0.841222 0.550047 0.025855 0.029689
0 0.815806 0.481499 0.020811 0.027862
0 0.274334 0.617946 0.032149 0.031577
0 0.499690 0.856266 0.021914 0.023180
0 0.654856 0.732475 0.034793 0.036444
0 0.097893 0.864202 0.039741 0.035109
0 0.842866 0.516875 0.024606 0.029628
0 0.102431 0.797919 0.034744 0.034863
0 0.499561 0.880804 0.023309 0.027985
0 0.721523 0.415103 0.033398 0.031639
0 0.394388 0.334079 0.034939 0.041187
0 0.392841 0.364089 0.035702 0.025438
0 0.823919 0.644996 0.034647 0.031700
