0 0.522659 0.395763 0.033233 0.038983
0 0.522659 0.358475 0.033233 0.035593
0 0.353474 0.215254 0.042296 0.030508
0 0.097432 0.211017 0.040785 0.025424
0 0.753021 0.731356 0.040785 0.025424
0 0.523414 0.237288 0.031722 0.027119
0 0.524924 0.316102 0.031722 0.032203
0 0.756042 0.215254 0.040785 0.027119
0 0.571752 0.214407 0.040785 0.022034
0 0.352719 0.377119 0.040785 0.038983
0 0.349698 0.695763 0.040785 0.038983
0 0.877644 0.809322 0.042296 0.038983
0 0.287764 0.695763 0.040785 0.038983
0 0.878399 0.731356 0.040785 0.038983
0 0.567221 0.691525 0.043807 0.040678
0 0.941843 0.888983 0.046828 0.038983
0 0.878399 0.770339 0.040785 0.038983
0 0.225831 0.494915 0.040785 0.030508
0 0.569486 0.377119 0.042296 0.038983
0 0.567221 0.810169 0.040785 0.040678
0 0.096677 0.889831 0.045317 0.044068
0 0.350453 0.811017 0.042296 0.038983
0 0.692598 0.811017 0.040785 0.032203
0 0.940332 0.416102 0.040785 0.035593
0 0.225831 0.811017 0.043807 0.042373
0 0.287764 0.813559 0.046828 0.040678
0 0.568731 0.651695 0.040785 0.035593
0 0.097432 0.809322 0.040785 0.038983
0 0.225831 0.695763 0.043807 0.038983
0 0.938822 0.852542 0.043807 0.037288
0 0.940332 0.337288 0.040785 0.040678
0 0.287764 0.337288 0.040785 0.037288
0 0.225831 0.775424 0.040785 0.035593
0 0.692598 0.773729 0.043807 0.042373
0 0.692598 0.888136 0.043807 0.037288
0 0.349698 0.573729 0.040785 0.038983
0 0.692598 0.655932 0.043807 0.037288
0 0.351208 0.494915 0.040785 0.040678
0 0.877644 0.691525 0.045317 0.037288
0 0.691088 0.616949 0.040785 0.040678
0 0.286254 0.732203 0.040785 0.040678
0 0.878399 0.534746 0.040785 0.038983
0 0.941843 0.692373 0.043807 0.038983
0 0.691088 0.534746 0.040785 0.035593
0 0.097432 0.416102 0.040785 0.038983
0 0.941843 0.538136 0.040785 0.042373
0 0.473565 0.495763 0.040785 0.038983
0 0.289275 0.773729 0.040785 0.035593
0 0.568731 0.773729 0.040785 0.035593
0 0.877644 0.416949 0.042296 0.037288
0 0.754532 0.766949 0.040785 0.042373
0 0.817221 0.412712 0.039275 0.035593
0 0.351964 0.294915 0.042296 0.040678
0 0.224320 0.735593 0.040785 0.040678
0 0.569486 0.573729 0.039275 0.038983
0 0.939577 0.613559 0.042296 0.040678
0 0.414653 0.577119 0.040785 0.042373
0 0.098943 0.732203 0.043807 0.040678
0 0.570997 0.254237 0.036254 0.040678
0 0.691088 0.573729 0.040785 0.038983
0 0.877644 0.299153 0.042296 0.038983
0 0.096677 0.533898 0.042296 0.040678
0 0.815710 0.372881 0.045317 0.040678
0 0.877644 0.613559 0.042296 0.037288
0 0.816465 0.338136 0.040785 0.035593
0 0.288520 0.255085 0.042296 0.038983
0 0.225076 0.293220 0.042296 0.040678
0 0.098943 0.293220 0.043807 0.037288
0 0.753021 0.612712 0.043807 0.038983
0 0.817221 0.614407 0.042296 0.042373
0 0.475076 0.534746 0.040785 0.038983
0 0.162387 0.336441 0.043807 0.038983
0 0.474320 0.613559 0.042296 0.040678
0 0.692598 0.416102 0.040785 0.035593
0 0.753021 0.298305 0.040785 0.040678
0 0.286254 0.616949 0.043807 0.044068
0 0.162387 0.254237 0.043807 0.040678
0 0.098187 0.373729 0.045317 0.042373
0 0.287009 0.656780 0.042296 0.038983
0 0.287764 0.573729 0.040785 0.042373
0 0.629909 0.377119 0.042296 0.038983
0 0.753776 0.652542 0.042296 0.040678
0 0.225831 0.456780 0.040785 0.038983
0 0.756042 0.455085 0.040785 0.038983
0 0.095921 0.573729 0.043807 0.038983
0 0.754532 0.533051 0.040785 0.038983
0 0.096677 0.653390 0.042296 0.038983
0 0.878399 0.573729 0.043807 0.038983
0 0.225831 0.376271 0.043807 0.037288
0 0.225831 0.653390 0.043807 0.042373
0 0.941088 0.455932 0.042296 0.044068
0 0.349698 0.614407 0.040785 0.038983
0 0.413142 0.416102 0.037764 0.038983
0 0.694109 0.255085 0.040785 0.038983
0 0.753021 0.692373 0.043807 0.038983
0 0.349698 0.534746 0.037764 0.035593
0 0.095921 0.614407 0.040785 0.038983
0 0.351964 0.255085 0.039275 0.038983
0 0.691843 0.337288 0.042296 0.037288
0 0.570242 0.416102 0.037764 0.035593
0 0.692598 0.452542 0.040785 0.037288
0 0.349698 0.416102 0.040785 0.038983
0 0.225831 0.573729 0.043807 0.042373
0 0.816465 0.573729 0.040785 0.038983
0 0.753021 0.336441 0.043807 0.038983
0 0.289275 0.416102 0.043807 0.038983
0 0.098187 0.333051 0.045317 0.042373
0 0.350453 0.656780 0.045317 0.042373
0 0.161631 0.495763 0.045317 0.042373
0 0.227341 0.333898 0.040785 0.044068
0 0.352719 0.337288 0.040785 0.044068
0 0.754532 0.416102 0.040785 0.038983
0 0.568731 0.455932 0.040785 0.044068
0 0.691843 0.377119 0.042296 0.038983
0 0.629909 0.538136 0.045317 0.042373
0 0.161631 0.452542 0.045317 0.044068
0 0.877644 0.255085 0.042296 0.045763
0 0.351208 0.455085 0.040785 0.038983
0 0.288520 0.297458 0.042296 0.038983
0 0.416163 0.533898 0.040785 0.044068
0 0.162387 0.293220 0.043807 0.044068
0 0.567221 0.534746 0.040785 0.038983
0 0.753021 0.376271 0.043807 0.040678
0 0.630665 0.297458 0.040785 0.038983
0 0.628399 0.494915 0.045317 0.040678
0 0.414653 0.338136 0.040785 0.038983
0 0.816465 0.258475 0.040785 0.042373
0 0.098943 0.250000 0.043807 0.042373
0 0.691843 0.494915 0.045317 0.044068
0 0.692598 0.297458 0.043807 0.042373
0 0.877644 0.338136 0.045317 0.038983
0 0.628399 0.336441 0.042296 0.038983
0 0.629909 0.455085 0.045317 0.038983
0 0.289275 0.455932 0.043807 0.037288
0 0.473565 0.376271 0.040785 0.040678
0 0.474320 0.297458 0.042296 0.038983
0 0.569486 0.337288 0.039275 0.040678
0 0.415408 0.254237 0.042296 0.044068
0 0.630665 0.254237 0.040785 0.044068
0 0.817221 0.299153 0.042296 0.038983
0 0.415408 0.298305 0.045317 0.044068
0 0.475076 0.336441 0.040785 0.038983
0 0.225831 0.416949 0.043807 0.044068
0 0.289275 0.498305 0.043807 0.044068
0 0.475076 0.416102 0.040785 0.038983
0 0.475076 0.456780 0.040785 0.038983
0 0.754532 0.254237 0.040785 0.044068
0 0.225831 0.533051 0.043807 0.042373
0 0.476586 0.257627 0.040785 0.040678
0 0.524169 0.190678 0.030211 0.022034
0 0.524924 0.211017 0.031722 0.022034
0 0.475076 0.891525 0.040785 0.040678
0 0.414653 0.494068 0.040785 0.038983
0 0.159366 0.372881 0.040785 0.037288
0 0.474320 0.771186 0.039275 0.040678
0 0.096677 0.849153 0.045317 0.040678
0 0.938822 0.814407 0.043807 0.038983
0 0.097432 0.770339 0.040785 0.035593
0 0.568731 0.731356 0.040785 0.042373
0 0.224320 0.892373 0.040785 0.038983
0 0.568731 0.849153 0.040785 0.033898
0 0.222810 0.853390 0.040785 0.038983
0 0.095921 0.494068 0.043807 0.038983
0 0.524924 0.132203 0.031722 0.030508
0 0.475076 0.814407 0.040785 0.038983
0 0.877644 0.848305 0.045317 0.038983
0 0.568731 0.612712 0.040785 0.038983
0 0.816465 0.494915 0.040785 0.044068
0 0.754532 0.573729 0.040785 0.038983
0 0.475076 0.853390 0.037764 0.035593
0 0.474320 0.655932 0.039275 0.037288
0 0.878399 0.494915 0.043807 0.044068
0 0.523414 0.162712 0.031722 0.030508
0 0.941088 0.577119 0.039275 0.035593
0 0.349698 0.853390 0.037764 0.038983
0 0.878399 0.377966 0.043807 0.037288
0 0.476586 0.573729 0.040785 0.035593
0 0.878399 0.651695 0.040785 0.038983
0 0.474320 0.695763 0.042296 0.038983
0 0.351208 0.734746 0.040785 0.038983
0 0.938822 0.653390 0.040785 0.035593
0 0.287764 0.853390 0.040785 0.035593
0 0.225831 0.613559 0.037764 0.033898
0 0.567221 0.888983 0.040785 0.038983
0 0.569486 0.294915 0.039275 0.040678
0 0.941088 0.494915 0.042296 0.040678
0 0.879154 0.888983 0.045317 0.038983
0 0.692598 0.731356 0.043807 0.042373
0 0.817221 0.534746 0.039275 0.038983
0 0.289275 0.892373 0.043807 0.042373
0 0.691088 0.692373 0.040785 0.038983
0 0.753021 0.888983 0.040785 0.038983
0 0.568731 0.494915 0.040785 0.033898
0 0.351208 0.773729 0.040785 0.038983
0 0.753021 0.849153 0.040785 0.040678
0 0.475076 0.732203 0.040785 0.037288
0 0.413142 0.377119 0.043807 0.038983
0 0.940332 0.289831 0.040785 0.040678
0 0.941088 0.377119 0.045317 0.042373
0 0.349698 0.892373 0.043807 0.038983
0 0.753021 0.809322 0.043807 0.038983
0 0.225831 0.253390 0.037764 0.038983
0 0.095921 0.455085 0.040785 0.038983
0 0.289275 0.535593 0.040785 0.033898
0 0.287764 0.373729 0.040785 0.038983
0 0.940332 0.250000 0.040785 0.038983
0 0.692598 0.848305 0.043807 0.042373
0 0.413142 0.455932 0.037764 0.037288
0 0.754532 0.491525 0.040785 0.037288
0 0.878399 0.455932 0.037764 0.037288
0 0.940332 0.734746 0.040785 0.038983
0 0.095921 0.692373 0.043807 0.038983
0 0.629909 0.416102 0.036254 0.038983
0 0.162387 0.412712 0.040785 0.038983
0 0.938822 0.771186 0.043807 0.040678
0 0.817221 0.451695 0.042296 0.038983
