0 0.171333 0.892308 0.036000 0.036923
0 0.589333 0.670000 0.037333 0.038462
0 0.396000 0.855385 0.037333 0.036923
0 0.754000 0.886154 0.036000 0.033846
0 0.284667 0.855385 0.038667 0.040000
0 0.700667 0.886154 0.036000 0.033846
0 0.534000 0.889231 0.036000 0.030769
0 0.396667 0.746154 0.036000 0.033846
0 0.283333 0.709231 0.036000 0.033846
0 0.866667 0.709231 0.040000 0.040000
0 0.338000 0.308462 0.033333 0.038462
0 0.754667 0.669231 0.034667 0.033846
0 0.112000 0.495385 0.032000 0.030769
0 0.534000 0.780000 0.036000 0.040000
0 0.754667 0.813077 0.037333 0.032308
0 0.450667 0.709231 0.034667 0.030769
0 0.338000 0.639231 0.033333 0.032308
0 0.698000 0.816154 0.036000 0.029231
0 0.866667 0.569231 0.040000 0.040000
0 0.284000 0.783077 0.037333 0.033846
0 0.699333 0.706154 0.036000 0.030769
0 0.810667 0.672308 0.037333 0.036923
0 0.170667 0.639231 0.037333 0.035385
0 0.284000 0.818462 0.037333 0.033846
0 0.490000 0.222308 0.028000 0.029231
0 0.533333 0.383077 0.040000 0.040000
0 0.534000 0.816154 0.033333 0.032308
0 0.534667 0.672308 0.034667 0.033846
0 0.111333 0.458462 0.036000 0.040000
0 0.588000 0.888462 0.040000 0.038462
0 0.170667 0.605385 0.037333 0.032308
0 0.700667 0.849231 0.036000 0.036923
0 0.450000 0.783077 0.036000 0.033846
0 0.450000 0.743077 0.036000 0.036923
0 0.282000 0.383077 0.036000 0.033846
0 0.752000 0.269231 0.037333 0.040000
0 0.534667 0.566154 0.037333 0.043077
0 0.283333 0.675385 0.036000 0.036923
0 0.699333 0.780000 0.036000 0.036923
0 0.808000 0.383077 0.037333 0.036923
0 0.864000 0.492308 0.040000 0.036923
0 0.282000 0.458462 0.036000 0.033846
0 0.535333 0.602308 0.036000 0.029231
0 0.864000 0.455385 0.040000 0.036923
0 0.809333 0.635385 0.040000 0.036923
0 0.283333 0.566154 0.036000 0.040000
0 0.112667 0.568462 0.038667 0.035385
0 0.644667 0.780000 0.036000 0.036923
0 0.589333 0.782308 0.040000 0.035385
0 0.396667 0.566154 0.036000 0.033846
0 0.534000 0.743077 0.036000 0.033846
0 0.340000 0.820000 0.037333 0.040000
0 0.396000 0.780000 0.034667 0.033846
0 0.754000 0.849231 0.036000 0.036923
0 0.866667 0.608462 0.042667 0.035385
0 0.588000 0.819231 0.037333 0.035385
0 0.810667 0.709231 0.040000 0.036923
0 0.340667 0.712308 0.036000 0.033846
0 0.808000 0.418462 0.037333 0.036923
0 0.754667 0.706154 0.037333 0.040000
0 0.396000 0.892308 0.037333 0.036923
0 0.282000 0.496154 0.033333 0.032308
0 0.340667 0.383077 0.036000 0.033846
0 0.111333 0.346154 0.036000 0.033846
0 0.448667 0.346154 0.033333 0.030769
0 0.534667 0.638462 0.034667 0.036923
0 0.698000 0.638462 0.033333 0.033846
0 0.864667 0.419231 0.038667 0.035385
0 0.394000 0.385385 0.036000 0.035385
0 0.808667 0.310000 0.038667 0.035385
0 0.699333 0.743077 0.036000 0.036923
0 0.170000 0.496154 0.036000 0.032308
0 0.282000 0.529231 0.036000 0.033846
0 0.644667 0.818462 0.036000 0.036923
0 0.283333 0.639231 0.036000 0.038462
0 0.864667 0.306154 0.038667 0.040000
0 0.170000 0.309231 0.036000 0.036923
0 0.698000 0.343077 0.033333 0.036923
0 0.754000 0.382308 0.036000 0.035385
0 0.339333 0.675385 0.036000 0.040000
0 0.450000 0.636154 0.036000 0.035385
0 0.588000 0.743077 0.037333 0.040000
0 0.168000 0.569231 0.040000 0.040000
0 0.340667 0.783077 0.038667 0.036923
0 0.534667 0.493077 0.032000 0.032308
0 0.808000 0.455385 0.037333 0.033846
0 0.170667 0.346154 0.037333 0.033846
0 0.752000 0.348462 0.037333 0.032308
0 0.396667 0.675385 0.036000 0.036923
0 0.448000 0.563077 0.034667 0.033846
0 0.588000 0.636154 0.034667 0.029231
0 0.864000 0.529231 0.040000 0.036923
0 0.283333 0.603077 0.036000 0.033846
0 0.113333 0.606154 0.040000 0.040000
0 0.752000 0.310000 0.037333 0.038462
0 0.450000 0.673077 0.036000 0.038462
0 0.698000 0.383077 0.036000 0.040000
0 0.338000 0.459231 0.036000 0.032308
0 0.588000 0.706154 0.037333 0.033846
0 0.169333 0.530000 0.040000 0.035385
0 0.448667 0.419231 0.036000 0.035385
0 0.450000 0.819231 0.036000 0.035385
0 0.112667 0.416154 0.038667 0.038462
0 0.534667 0.528462 0.034667 0.032308
0 0.754667 0.636154 0.037333 0.032308
0 0.754667 0.775385 0.037333 0.040000
0 0.112000 0.529231 0.040000 0.036923
0 0.340667 0.346154 0.033333 0.036923
0 0.644000 0.745385 0.037333 0.035385
0 0.754000 0.453077 0.036000 0.032308
0 0.226000 0.272308 0.038667 0.040000
0 0.398667 0.819231 0.037333 0.035385
0 0.644667 0.709231 0.036000 0.033846
0 0.450000 0.493077 0.036000 0.032308
0 0.395333 0.458462 0.036000 0.033846
0 0.448667 0.309231 0.033333 0.040000
0 0.396667 0.600000 0.036000 0.033846
0 0.808000 0.269231 0.040000 0.043077
0 0.809333 0.599231 0.040000 0.035385
0 0.339333 0.603077 0.036000 0.040000
0 0.698000 0.456154 0.036000 0.032308
0 0.395333 0.348462 0.036000 0.038462
0 0.394000 0.493077 0.033333 0.035385
0 0.534000 0.709231 0.036000 0.036923
0 0.643333 0.455385 0.036000 0.036923
0 0.396000 0.712308 0.037333 0.036923
0 0.644667 0.672308 0.038667 0.040000
0 0.448000 0.526154 0.037333 0.033846
0 0.807333 0.349231 0.036000 0.036923
0 0.754000 0.600000 0.036000 0.036923
0 0.226667 0.460000 0.037333 0.036923
0 0.491333 0.301538 0.028000 0.018462
0 0.490000 0.260769 0.033333 0.032308
0 0.492667 0.285385 0.025333 0.016923
0 0.588667 0.455385 0.038667 0.040000
0 0.395333 0.309231 0.036000 0.040000
0 0.395333 0.530000 0.036000 0.035385
0 0.282000 0.420000 0.036000 0.040000
0 0.643333 0.528462 0.036000 0.035385
0 0.754667 0.528462 0.037333 0.038462
0 0.587333 0.529231 0.036000 0.036923
0 0.809333 0.560000 0.040000 0.043077
0 0.754667 0.419231 0.037333 0.035385
0 0.224000 0.312308 0.037333 0.036923
0 0.534667 0.309231 0.037333 0.040000
0 0.643333 0.383077 0.036000 0.036923
0 0.698000 0.492308 0.036000 0.036923
0 0.643333 0.346154 0.036000 0.036923
0 0.281333 0.306154 0.040000 0.043077
0 0.448000 0.458462 0.040000 0.036923
0 0.642000 0.419231 0.038667 0.035385
0 0.699333 0.565385 0.036000 0.035385
0 0.588667 0.346154 0.033333 0.033846
0 0.534667 0.420000 0.034667 0.033846
0 0.448667 0.383077 0.036000 0.040000
0 0.395333 0.639231 0.036000 0.035385
0 0.587333 0.419231 0.036000 0.035385
0 0.588667 0.492308 0.036000 0.036923
0 0.339333 0.422308 0.036000 0.038462
0 0.226667 0.386154 0.040000 0.040000
0 0.643333 0.490000 0.036000 0.035385
0 0.698000 0.529231 0.036000 0.036923
0 0.644667 0.599231 0.036000 0.035385
0 0.643333 0.565385 0.036000 0.035385
0 0.490000 0.413077 0.028000 0.044615
0 0.490667 0.368462 0.032000 0.044615
0 0.644667 0.636154 0.036000 0.035385
0 0.754667 0.566154 0.037333 0.033846
0 0.754000 0.489231 0.036000 0.036923
0 0.588000 0.309231 0.037333 0.036923
0 0.450000 0.599231 0.036000 0.038462
0 0.110667 0.309231 0.040000 0.040000
0 0.395333 0.423077 0.036000 0.036923
0 0.170667 0.420000 0.037333 0.040000
0 0.282667 0.348462 0.037333 0.035385
0 0.586000 0.382308 0.036000 0.035385
0 0.643333 0.306154 0.036000 0.040000
0 0.699333 0.599231 0.036000 0.035385
0 0.170667 0.272308 0.037333 0.040000
0 0.338000 0.529231 0.036000 0.036923
0 0.588000 0.603077 0.037333 0.033846
0 0.338000 0.495385 0.036000 0.033846
0 0.226000 0.348462 0.036000 0.035385
0 0.226667 0.423077 0.037333 0.036923
0 0.700667 0.422308 0.036000 0.035385
0 0.588667 0.565385 0.038667 0.038462
0 0.864667 0.346154 0.038667 0.036923
0 0.534000 0.455385 0.036000 0.040000
0 0.808000 0.490000 0.037333 0.041538
0 0.643333 0.853077 0.036000 0.035385
0 0.340667 0.892308 0.038667 0.036923
0 0.698000 0.672308 0.036000 0.033846
0 0.450667 0.853077 0.032000 0.029231
0 0.114667 0.820000 0.037333 0.040000
0 0.170000 0.710000 0.036000 0.038462
0 0.339333 0.566154 0.036000 0.033846
0 0.114667 0.859231 0.040000 0.038462
0 0.114000 0.676154 0.036000 0.035385
0 0.113333 0.712308 0.040000 0.036923
0 0.588667 0.852308 0.036000 0.033846
0 0.864667 0.383077 0.036000 0.036923
0 0.492667 0.193077 0.028000 0.023077
0 0.644667 0.889231 0.036000 0.030769
0 0.340667 0.746154 0.036000 0.033846
0 0.113333 0.895385 0.040000 0.036923
0 0.114667 0.782308 0.040000 0.035385
0 0.340000 0.856154 0.037333 0.035385
0 0.170667 0.785385 0.037333 0.038462
0 0.114667 0.643077 0.037333 0.033846
0 0.112667 0.382308 0.036000 0.032308
0 0.284667 0.746154 0.038667 0.036923
0 0.866667 0.669231 0.037333 0.036923
0 0.172667 0.852308 0.038667 0.040000
0 0.810000 0.525385 0.036000 0.020000
0 0.170667 0.672308 0.037333 0.033846
0 0.534667 0.345385 0.037333 0.020000
0 0.170000 0.460000 0.036000 0.036923
0 0.534000 0.852308 0.036000 0.040000
0 0.450000 0.888462 0.033333 0.038462
0 0.170000 0.746154 0.036000 0.033846
0 0.754667 0.742308 0.037333 0.020000
0 0.874667 0.639231 0.037333 0.029231
0 0.114000 0.746154 0.036000 0.030769
0 0.169333 0.382308 0.032000 0.032308
0 0.698667 0.309231 0.037333 0.024615
0 0.170000 0.819231 0.038667 0.020000
