0 0.15400224466891133 0.8114151187160862 0.03907519640852982 0.04703855760672964
0 0.0982626262626263 0.4005627171198071 0.04252300785634124 0.04262869283109874
0 0.5252166105499438 0.7695214033475926 0.039075196408529744 0.036748873130257466
0 0.4700516273849607 0.8099451637908759 0.03447811447811445 0.03821882805546784
0 0.5252166105499438 0.8077402314030605 0.041373737373737327 0.04262869283109879
0 0.09711335578002243 0.15802015446010736 0.042523007856341194 0.03086905342941631
0 0.0982626262626263 0.27708650340214175 0.04252300785634124 0.03380896327983699
0 0.20571941638608304 0.7739312681232235 0.03677665544332209 0.036748873130257556
0 0.5275151515151515 0.73203755275473 0.03677665544332209 0.03821882805546784
0 0.2597351290684624 0.8099451637908759 0.039075196408529744 0.04409864775630907
0 0.20571941638608304 0.8099451637908759 0.03677665544332209 0.03821882805546784
0 0.4189090909090909 0.8114151187160863 0.03792592592592592 0.03821882805546784
0 0.15170370370370373 0.7349774626051506 0.039075196408529675 0.04409864775630907
0 0.20571941638608304 0.7342424851425454 0.039075196408529744 0.04262869283109869
0 0.31145230078563413 0.7717263357354082 0.03677665544332209 0.03821882805546784
0 0.4189090909090909 0.7717263357354082 0.03792592592592592 0.03821882805546784
0 0.36719191919191924 0.8128850736412965 0.03792592592592598 0.04115873790588841
0 0.4712008978675645 0.7327725302173351 0.03677665544332209 0.04262869283109869
0 0.3677665544332211 0.7327725302173351 0.03447811447811451 0.04262869283109869
0 0.4200583613916947 0.7327725302173351 0.03792592592592592 0.04262869283109869
0 0.2597351290684624 0.7342424851425454 0.03677665544332209 0.04262869283109869
0 0.31260157126823795 0.8121500961786914 0.039075196408529744 0.03968878298067813
0 0.3108776655443322 0.7349774626051506 0.035627384960718274 0.04409864775630907
0 0.2585858585858586 0.7724613131980133 0.034478114478114476 0.03380896327983699
0 0.3235196408529742 0.6960236570870777 0.021836139169472517 0.03086905342941633
0 0.2695039281705948 0.6967586345496828 0.021836139169472517 0.029399098504206047
0 0.09596408529741864 0.21755332893112458 0.044821548821548825 0.03527891820504723
0 0.09941189674523009 0.3358847004105538 0.042523007856341194 0.027929143578995716
0 0.43097643097643096 0.6967586345496828 0.020686868686868694 0.029399098504206047
0 0.0982626262626263 0.24989233728575122 0.04252300785634124 0.029399098504206047
0 0.5390078563411896 0.6960236570870777 0.02298540965207634 0.03086905342941633
0 0.09826262626262626 0.12935603341850652 0.044821548821548825 0.029399098504206023
0 0.48441750841750847 0.6960236570870777 0.021836139169472454 0.03086905342941633
0 0.2166374859708193 0.6960236570870777 0.024134680134680134 0.03086905342941633
0 0.09941189674523009 0.3108954666819787 0.042523007856341194 0.027929143578995716
0 0.11090460157126823 0.658539806494215 0.021836139169472628 0.029399098504206047
0 0.47177553310886644 0.7731962906606183 0.035627384960718274 0.03821882805546784
0 0.16319640852974185 0.6967586345496828 0.022985409652076308 0.029399098504206047
0 0.09711335578002243 0.18668427550170824 0.042523007856341194 0.026459188653785434
0 0.36661728395061727 0.7731962906606183 0.036776655443322155 0.03821882805546784
0 0.3775353535353535 0.6967586345496828 0.0241346801346801 0.029399098504206047
