0 0.1915776986951364 0.3842756183745583 0.03440094899169632 0.051236749116607805
0 0.4122182680901542 0.7376325088339222 0.03202846975088969 0.044169611307420475
0 0.19098457888493475 0.28798586572438156 0.033214709371293005 0.0424028268551237
0 0.5800711743772242 0.8277385159010601 0.03558718861209953 0.044169611307420586
0 0.2461447212336892 0.9187279151943464 0.04151838671411623 0.04946996466431097
0 0.3036773428232503 0.8674911660777385 0.035587188612099696 0.04240282685512364
0 0.9110320284697508 0.3418727915194346 0.037959667852906276 0.040636042402826866
0 0.8576512455516014 0.872791519434629 0.03558718861209964 0.04593639575971731
0 0.7449584816132859 0.5618374558303887 0.03558718861209964 0.04593639575971731
0 0.35765124555160144 0.9187279151943464 0.03677342823250296 0.04593639575971731
0 0.5255041518386714 0.1978798586572438 0.04744958481613282 0.038869257950530034
0 0.9655990510083037 0.24911660777385156 0.03558718861209975 0.04240282685512359
0 0.9661921708185053 0.9187279151943464 0.03677342823250307 0.04593639575971731
0 0.9673784104389087 0.6501766784452296 0.039145907473309705 0.04593639575971742
0 0.2467378410438909 0.7853356890459364 0.03558718861209967 0.044169611307420475
0 0.8576512455516014 0.8277385159010601 0.03558718861209964 0.044169611307420586
0 0.13641755634638197 0.426678445229682 0.033214709371293005 0.040636042402826866
0 0.5794780545670225 0.46908127208480566 0.03202846975088969 0.04063604240282681
0 0.46856465005931197 0.38162544169611307 0.028469750889679735 0.04240282685512364
0 0.9122182680901543 0.9187279151943464 0.04033214709371291 0.04946996466431097
0 0.6340450771055753 0.5141342756183745 0.03202846975088969 0.0424028268551237
0 0.08125741399762752 0.6448763250883391 0.03440094899169632 0.042402826855123754
0 0.41340450771055753 0.8683745583038869 0.039145907473309594 0.04770318021201414
0 0.41340450771055753 0.9160777385159011 0.039145907473309594 0.051236749116607805
0 0.0800711743772242 0.5141342756183745 0.03440094899169632 0.04593639575971736
0 0.08125741399762752 0.3303886925795053 0.03202846975088969 0.04593639575971731
0 0.5266903914590747 0.12897526501766785 0.047449584816132706 0.042402826855123685
0 0.3018979833926453 0.9160777385159011 0.041518386714116284 0.051236749116607805
0 0.5260972716488731 0.27031802120141346 0.0462633451957295 0.0424028268551237
0 0.2467378410438909 0.42402826855123676 0.03558718861209967 0.038869257950530034
0 0.8576512455516014 0.5618374558303887 0.037959667852906276 0.04593639575971731
0 0.13582443653618032 0.2853356890459364 0.03914590747330961 0.04063604240282681
0 0.6897983392645315 0.6492932862190812 0.03440094899169632 0.04770318021201425
0 0.5812574139976274 0.5618374558303887 0.03558718861209964 0.04593639575971731
0 0.9110320284697508 0.7853356890459364 0.04033214709371291 0.044169611307420475
0 0.6897983392645315 0.7853356890459364 0.03440094899169632 0.044169611307420475
0 0.30189798339264534 0.7826855123674912 0.03677342823250296 0.04593639575971731
0 0.1376037959667853 0.10159010600706714 0.03321470937129299 0.04770318021201414
0 0.13701067615658363 0.20053003533568903 0.03440094899169632 0.0441696113074205
0 0.18979833926453143 0.2429328621908127 0.033214709371293005 0.047703180212014085
0 0.9098457888493476 0.426678445229682 0.03558718861209964 0.04416961130742053
0 0.9098457888493476 0.24823321554770314 0.03558718861209964 0.04416961130742042
0 0.8570581257413997 0.6952296819787986 0.039145907473309594 0.04770318021201414
0 0.13701067615658363 0.38427561837455826 0.03440094899169632 0.040636042402826866
0 0.9098457888493476 0.5141342756183745 0.03558718861209964 0.04593639575971736
0 0.9661921708185053 0.20583038869257952 0.039145907473309705 0.0441696113074205
0 0.0800711743772242 0.426678445229682 0.0391459074733096 0.04416961130742053
0 0.0800711743772242 0.46908127208480566 0.036773428232502965 0.044169611307420475
0 0.6340450771055753 0.6051236749116609 0.03677342823250296 0.04770318021201414
0 0.6909845788849347 0.8754416961130742 0.039145907473309705 0.04770318021201414
0 0.7995255041518388 0.33833922261484095 0.037959667852906276 0.05123674911660775
0 0.6340450771055753 0.7402826855123674 0.03677342823250296 0.04593639575971731
0 0.5812574139976274 0.20318021201413428 0.03558718861209964 0.0424028268551237
0 0.30189798339264534 0.7376325088339222 0.03677342823250296 0.044169611307420475
0 0.9661921708185053 0.6042402826855123 0.039145907473309705 0.0459363957597172
0 0.856465005931198 0.6501766784452296 0.04033214709371291 0.04593639575971742
0 0.7437722419928825 0.46908127208480566 0.033214709371293005 0.044169611307420475
0 0.6897983392645315 0.8277385159010601 0.039145907473309705 0.044169611307420586
0 0.4122182680901542 0.6952296819787986 0.03202846975088969 0.044169611307420475
0 0.35765124555160144 0.6952296819787986 0.03677342823250296 0.044169611307420475
0 0.5800711743772242 0.7853356890459364 0.03558718861209953 0.044169611307420475
0 0.9650059311981021 0.4257950530035336 0.03677342823250307 0.0424028268551237
0 0.13701067615658363 0.24381625441696114 0.03440094899169632 0.042402826855123726
0 0.634638196915777 0.6475265017667844 0.03558718861209964 0.04063604240282692
0 0.9104389086595492 0.6528268551236749 0.039145907473309594 0.04770318021201414
0 0.5266903914590747 0.4664310954063604 0.042704626334519435 0.03533568904593637
0 0.07888493475682089 0.5574204946996466 0.036773428232502965 0.026501766784452263
0 0.5391459074733096 0.7164310954063604 0.022538552787663035 0.026501766784452263
0 0.41340450771055753 0.426678445229682 0.03677342823250296 0.04416961130742053
0 0.6340450771055753 0.3365724381625442 0.03440094899169632 0.04770318021201414
0 0.35765124555160144 0.426678445229682 0.03677342823250296 0.04416961130742053
0 0.41340450771055753 0.5167844522968198 0.03440094899169632 0.04416961130742053
0 0.41340450771055753 0.4717314487632509 0.03440094899169632 0.04593639575971731
0 0.5812574139976275 0.24823321554770314 0.037959667852906165 0.04416961130742042
0 0.856465005931198 0.1439929328621908 0.03558718861209964 0.030035335689045928
0 0.6897983392645315 0.09275618374558303 0.039145907473309705 0.03003533568904594
0 0.9086595492289442 0.142226148409894 0.03558718861209964 0.022968197879858654
0 0.5397390272835112 0.7340989399293286 0.023724792408066464 0.019434628975264934
0 0.5812574139976274 0.5141342756183745 0.03558718861209964 0.04593639575971736
0 0.35765124555160144 0.6042402826855123 0.03677342823250296 0.0459363957597172
0 0.41340450771055753 0.3339222614840989 0.03440094899169632 0.04593639575971731
0 0.6334519572953736 0.4717314487632509 0.03558718861209964 0.04593639575971731
0 0.6903914590747331 0.11837455830388693 0.028469750889679624 0.021201413427561835
0 0.856465005931198 0.16872791519434627 0.028469750889679735 0.019434628975265017
0 0.9116251482799526 0.16519434628975266 0.029655990510083052 0.019434628975265017
0 0.538552787663108 0.7508833922261484 0.02135231316725983 0.014134275618374548
0 0.6915776986951364 0.9187279151943463 0.04033214709371302 0.028268551236749095
0 0.856465005931198 0.3392226148409894 0.037959667852906276 0.04593639575971731
0 0.5800711743772242 0.29328621908127206 0.03558718861209953 0.04593639575971742
0 0.24673784104389085 0.5618374558303887 0.04033214709371291 0.04593639575971731
0 0.3036773428232503 0.24558303886925792 0.035587188612099696 0.04946996466431089
0 0.5800711743772242 0.338339222614841 0.03558718861209953 0.04770318021201414
0 0.8576512455516014 0.426678445229682 0.037959667852906276 0.04416961130742053
0 0.5794780545670226 0.426678445229682 0.03440094899169621 0.04416961130742053
0 0.6886120996441281 0.5141342756183745 0.03677342823250307 0.04946996466431103
0 0.7431791221826809 0.20318021201413428 0.039145907473309594 0.04593639575971731
0 0.3564650059311981 0.33568904593639576 0.03677342823250296 0.04240282685512364
0 0.6352313167259787 0.24558303886925792 0.03440094899169632 0.053003533568904526
0 0.8552787663107948 0.20318021201413428 0.04033214709371291 0.04946996466431097
0 0.35765124555160144 0.38074204946996465 0.03677342823250296 0.04770318021201414
0 0.6897983392645315 0.3365724381625442 0.039145907473309705 0.044169611307420475
0 0.6352313167259787 0.6925795053003534 0.03677342823250296 0.04946996466431097
0 0.5243179122182682 0.41872791519434627 0.042704626334519546 0.04946996466431092
0 0.35883748517200476 0.5141342756183745 0.03440094899169632 0.04593639575971736
0 0.7995255041518388 0.2959363957597173 0.037959667852906276 0.047703180212014196
0 0.46737841043890865 0.426678445229682 0.03558718861209964 0.05123674911660775
0 0.7455516014234875 0.3789752650176679 0.03677342823250296 0.04416961130742053
0 0.6909845788849348 0.38162544169611307 0.03677342823250296 0.04593639575971731
0 0.302491103202847 0.426678445229682 0.037959667852906276 0.04416961130742053
0 0.24555160142348753 0.6077738515901061 0.03558718861209964 0.04593639575971731
0 0.30189798339264534 0.5141342756183745 0.03677342823250296 0.04593639575971736
0 0.6909845788849348 0.29328621908127206 0.03677342823250296 0.04593639575971742
0 0.7455516014234875 0.426678445229682 0.03677342823250296 0.04416961130742053
0 0.41340450771055753 0.38162544169611307 0.03440094899169632 0.04593639575971731
0 0.4122182680901542 0.6015901060070671 0.03440094899169632 0.04770318021201403
0 0.5812574139976274 0.6051236749116607 0.03558718861209964 0.044169611307420364
0 0.6352313167259787 0.1528268551236749 0.03440094899169632 0.05123674911660778
0 0.3013048635824437 0.46908127208480566 0.03558718861209964 0.044169611307420475
0 0.856465005931198 0.29328621908127206 0.03558718861209964 0.04593639575971742
0 0.24792408066429417 0.3339222614840989 0.03795966785290625 0.04593639575971731
0 0.24792408066429422 0.38162544169611307 0.03558718861209967 0.04593639575971731
0 0.856465005931198 0.24823321554770314 0.04033214709371291 0.04416961130742042
0 0.13582443653618032 0.33303886925795056 0.03914590747330961 0.054770318021201414
0 0.3564650059311981 0.29328621908127206 0.03440094899169632 0.042402826855123754
0 0.7443653618030842 0.24823321554770314 0.03677342823250296 0.04416961130742042
0 0.7431791221826809 0.15812720848056538 0.039145907473309594 0.04770318021201411
0 0.35765124555160144 0.46908127208480566 0.03677342823250296 0.04063604240282681
0 0.07947805456702253 0.6952296819787986 0.040332147093712925 0.051236749116607805
0 0.35765124555160144 0.6501766784452296 0.03440094899169632 0.04593639575971742
0 0.6886120996441281 0.6042402826855123 0.03440094899169632 0.0459363957597172
0 0.30189798339264534 0.3339222614840989 0.03677342823250296 0.04593639575971731
0 0.1915776986951364 0.3365724381625442 0.03440094899169632 0.04770318021201414
0 0.8576512455516014 0.5167844522968198 0.037959667852906276 0.04416961130742053
0 0.6897983392645315 0.24646643109540634 0.03440094899169632 0.04770318021201406
0 0.30189798339264534 0.6501766784452296 0.03677342823250296 0.04593639575971742
0 0.30189798339264534 0.6042402826855124 0.03677342823250296 0.04946996466431097
0 0.6886120996441281 0.15282685512367492 0.03677342823250307 0.04770318021201414
0 0.856465005931198 0.3842756183745583 0.03558718861209964 0.044169611307420475
0 0.47034400948991695 0.3339222614840989 0.03440094899169632 0.04593639575971731
0 0.7443653618030842 0.5141342756183745 0.03440094899169632 0.04946996466431103
0 0.6340450771055753 0.5565371024734982 0.03440094899169632 0.04593639575971731
0 0.7995255041518388 0.20318021201413428 0.03558718861209964 0.04946996466431097
0 0.856465005931198 0.6077738515901061 0.04033214709371291 0.04593639575971731
0 0.9650059311981021 0.2959363957597173 0.03677342823250307 0.04416961130742053
0 0.7455516014234875 0.2959363957597173 0.03677342823250296 0.04416961130742053
0 0.6352313167259787 0.29328621908127206 0.03440094899169632 0.03886925795053009
0 0.9661921708185053 0.15547703180212014 0.039145907473309705 0.056537102473498246
0 0.856465005931198 0.4717314487632509 0.03558718861209964 0.04593639575971731
0 0.4122182680901542 0.5600706713780919 0.03440094899169632 0.04240282685512364
0 0.7443653618030842 0.10512367491166077 0.039145907473309594 0.054770318021201414
0 0.5794780545670226 0.15282685512367492 0.03440094899169621 0.054770318021201414
0 0.6340450771055753 0.20053003533568903 0.03440094899169632 0.04063604240282684
0 0.634638196915777 0.872791519434629 0.037959667852906276 0.04593639575971731
0 0.35765124555160144 0.5591872791519434 0.03440094899169632 0.044169611307420475
0 0.2467378410438909 0.6528268551236749 0.03558718861209967 0.04770318021201414
0 0.24792408066429422 0.7376325088339222 0.03558718861209967 0.044169611307420475
0 0.4122182680901542 0.2906360424028268 0.03440094899169632 0.04416961130742053
0 0.9110320284697508 0.2959363957597173 0.037959667852906276 0.05123674911660786
0 0.3564650059311981 0.24558303886925792 0.03677342823250296 0.053003533568904526
0 0.5794780545670226 0.38427561837455826 0.03440094899169621 0.040636042402826866
0 0.798932384341637 0.25088339222614836 0.03440094899169632 0.042402826855123615
0 0.6340450771055753 0.42314487632508835 0.03677342823250296 0.04770318021201414
0 0.9104389086595492 0.6077738515901061 0.039145907473309594 0.04593639575971731
0 0.634638196915777 0.7862190812720848 0.03558718861209964 0.04240282685512364
0 0.7449584816132859 0.33922261484098937 0.03558718861209964 0.0424028268551237
0 0.2467378410438909 0.5167844522968198 0.03558718861209967 0.047703180212014085
0 0.634638196915777 0.3789752650176679 0.03558718861209964 0.040636042402826866
0 0.6897983392645315 0.46908127208480566 0.03440094899169632 0.04063604240282681
0 0.8576512455516014 0.7826855123674912 0.037959667852906276 0.04593639575971731
0 0.4709371293001186 0.2879858657243817 0.033214709371293005 0.04593639575971725
0 0.2467378410438909 0.46908127208480566 0.03558718861209967 0.04770318021201414
0 0.30189798339264534 0.6952296819787986 0.03440094899169632 0.04063604240282681
0 0.4128113879003559 0.24823321554770317 0.033214709371293005 0.04063604240282681
0 0.30189798339264534 0.2915194346289752 0.03440094899169632 0.042402826855123754
0 0.9110320284697508 0.4717314487632509 0.037959667852906276 0.04593639575971731
0 0.7995255041518388 0.15547703180212014 0.03558718861209964 0.049469964664310945
0 0.24792408066429417 0.28798586572438156 0.03795966785290625 0.0424028268551237
0 0.4110320284697509 0.6501766784452296 0.039145907473309594 0.04593639575971742
0 0.634638196915777 0.8277385159010601 0.03558718861209964 0.044169611307420586
0 0.30189798339264534 0.38074204946996465 0.03677342823250296 0.04770318021201414
0 0.6897983392645315 0.4257950530035336 0.03440094899169632 0.0424028268551237
0 0.35883748517200476 0.8736749116607774 0.039145907473309594 0.04770318021201414
0 0.9650059311981021 0.3392226148409894 0.03677342823250307 0.04593639575971731
0 0.30189798339264534 0.5591872791519434 0.03440094899169632 0.044169611307420475
0 0.6334519572953736 0.9213780918727916 0.037959667852906276 0.04770318021201414
0 0.9110320284697508 0.6978798586572439 0.037959667852906276 0.04593639575971731
0 0.9661921708185053 0.5167844522968198 0.039145907473309705 0.04416961130742053
0 0.6909845788849348 0.6969964664310955 0.03677342823250296 0.04770318021201414
0 0.4139976275207592 0.2058303886925795 0.03558718861209964 0.04770318021201414
0 0.9098457888493476 0.20053003533568906 0.04033214709371291 0.054770318021201414
0 0.9110320284697508 0.5591872791519434 0.037959667852906276 0.044169611307420475
0 0.9650059311981021 0.38427561837455826 0.03677342823250307 0.040636042402826866
0 0.24792408066429422 0.24293286219081273 0.03558718861209967 0.04416961130742056
0 0.9661921708185053 0.4717314487632509 0.03677342823250307 0.04593639575971731
0 0.1376037959667853 0.1528268551236749 0.03558718861209964 0.05123674911660778
0 0.5260972716488731 0.0892226148409894 0.0462633451957295 0.037102473498233215
0 0.41459074733096085 0.10247349823321554 0.03677342823250296 0.049469964664310945
0 0.968564650059312 0.8303886925795052 0.039145907473309594 0.04593639575971731
0 0.9110320284697508 0.7429328621908127 0.03558718861209964 0.044169611307420475
0 0.07888493475682087 0.3789752650176679 0.034400948991696316 0.04416961130742053
0 0.24792408066429417 0.8303886925795052 0.03795966785290625 0.04240282685512364
0 0.9110320284697508 0.3816254416961131 0.03558718861209964 0.038869257950530034
0 0.3036773428232503 0.8277385159010601 0.035587188612099696 0.04063604240282692
0 0.2467378410438909 0.6952296819787986 0.03558718861209967 0.037102473498233146
0 0.35765124555160144 0.7402826855123674 0.03440094899169632 0.04240282685512364
0 0.5800711743772242 0.6925795053003534 0.033214709371293005 0.04593639575971731
0 0.35765124555160144 0.8286219081272085 0.03677342823250296 0.042402826855123754
0 0.6886120996441281 0.20053003533568903 0.03440094899169632 0.0441696113074205
0 0.6909845788849348 0.7429328621908127 0.03677342823250296 0.04063604240282681
0 0.4122182680901542 0.7835689045936396 0.039145907473309594 0.04770318021201414
0 0.5800711743772242 0.6475265017667844 0.03558718861209953 0.04063604240282692
0 0.968564650059312 0.7835689045936396 0.039145907473309594 0.04770318021201414
0 0.9110320284697508 0.8312720848056536 0.04033214709371291 0.04770318021201414
0 0.4709371293001186 0.24558303886925797 0.033214709371293005 0.035335689045936425
0 0.5812574139976274 0.9134275618374559 0.03558718861209964 0.05300353356890464
0 0.2467378410438909 0.872791519434629 0.03558718861209967 0.04593639575971731
0 0.6874258600237247 0.5600706713780919 0.03677342823250296 0.04240282685512364
0 0.968564650059312 0.872791519434629 0.03677342823250296 0.042402826855123754
0 0.856465005931198 0.9187279151943464 0.03558718861209964 0.04240282685512364
0 0.9661921708185054 0.5618374558303887 0.03440094899169632 0.042402826855123754
0 0.9110320284697508 0.872791519434629 0.03558718861209964 0.042402826855123754
0 0.41340450771055753 0.8250883392226148 0.039145907473309594 0.03886925795053009
0 0.35765124555160144 0.7853356890459364 0.03677342823250296 0.04770318021201414
0 0.9661921708185053 0.6952296819787986 0.03202846975088958 0.04063604240282681
0 0.5260972716488731 0.33833922261484095 0.0462633451957295 0.0371024734982332
0 0.41340450771055753 0.15547703180212014 0.039145907473309594 0.049469964664310945
0 0.07888493475682087 0.597173144876325 0.02965599051008304 0.0459363957597172
0 0.5812574139976274 0.7376325088339222 0.03558718861209964 0.044169611307420475
0 0.527876631079478 0.30918727915194344 0.04507710557532607 0.03533568904593637
0 0.8576512455516014 0.7402826855123674 0.037959667852906276 0.03886925795052998
0 0.09489916963226572 0.24028268551236753 0.023724792408066436 0.03886925795053012
0 0.968564650059312 0.7376325088339222 0.03440094899169632 0.044169611307420475
0 0.09489916963226572 0.1501766784452297 0.02609727164887307 0.0353356890459364
0 0.09489916963226572 0.10247349823321555 0.02609727164887307 0.042402826855123685
0 0.5255041518386714 0.23498233215547704 0.04744958481613282 0.03180212014134276
0 0.5255041518386714 0.1625441696113074 0.04744958481613282 0.03180212014134276
0 0.14887307236061686 0.4664310954063604 0.024911032028469754 0.038869257950530034
0 0.09311981020166074 0.2826855123674912 0.022538552787663105 0.03533568904593637
0 0.09489916963226572 0.19522968197879859 0.023724792408066436 0.040636042402826866
0 0.5812574139976275 0.8701413427561837 0.037959667852906165 0.030035335689045928
