0 0.269296 0.846447 0.036612 0.033863
0 0.506273 0.668639 0.023939 0.017821
0 0.503527 0.861648 0.020189 0.017755
0 0.508314 0.596675 0.021457 0.019360
0 0.506629 0.636206 0.023956 0.019404
0 0.496790 0.393921 0.028956 0.019492
0 0.497831 0.412928 0.031456 0.019536
0 0.495661 0.439791 0.030345 0.032171
0 0.496034 0.462743 0.021439 0.017777
0 0.505813 0.653598 0.022706 0.019382
0 0.504533 0.883819 0.020294 0.027248
0 0.432987 0.853285 0.029130 0.035313
0 0.433255 0.885729 0.035327 0.030677
0 0.097394 0.335459 0.019009 0.024062
0 0.496800 0.336162 0.032723 0.021140
0 0.499082 0.355983 0.027706 0.019470
0 0.497615 0.375737 0.035223 0.021184
0 0.506090 0.685252 0.021422 0.016195
0 0.324986 0.784130 0.036612 0.033863
0 0.711494 0.764034 0.034112 0.033819
0 0.380945 0.754258 0.032845 0.032215
0 0.662225 0.412658 0.032810 0.029050
0 0.896776 0.512524 0.024078 0.030479
0 0.164487 0.430004 0.032862 0.033797
0 0.123249 0.428487 0.025380 0.035247
0 0.659201 0.630980 0.034129 0.035401
0 0.659506 0.603293 0.031577 0.030611
0 0.790670 0.270918 0.021561 0.028852
0 0.882803 0.418915 0.034112 0.033819
0 0.271408 0.654218 0.036629 0.035445
0 0.770111 0.606031 0.035310 0.029094
0 0.705296 0.304228 0.026560 0.028940
0 0.273512 0.462781 0.036664 0.038609
0 0.717480 0.446862 0.034094 0.032237
0 0.544948 0.789585 0.034112 0.033819
0 0.717123 0.479295 0.034112 0.033819
0 0.896472 0.483244 0.022811 0.028874
0 0.869609 0.481980 0.021578 0.030434
0 0.323952 0.878266 0.036594 0.032281
0 0.092808 0.525271 0.024113 0.033643
0 0.712484 0.730820 0.035362 0.033841
0 0.654189 0.859553 0.034077 0.030655
0 0.269028 0.814002 0.035379 0.035423
0 0.717819 0.416010 0.036612 0.033863
0 0.714795 0.634332 0.032827 0.030633
0 0.326760 0.622753 0.036646 0.037027
0 0.548239 0.660675 0.032845 0.032215
0 0.681221 0.162968 0.025345 0.032083
0 0.120609 0.555035 0.022811 0.028874
0 0.274476 0.431941 0.035327 0.030677
0 0.324656 0.814190 0.036612 0.033863
0 0.896829 0.450811 0.025363 0.033665
0 0.770789 0.544329 0.032845 0.032215
0 0.434073 0.754402 0.034112 0.033819
0 0.543958 0.822799 0.032862 0.033797
0 0.766384 0.831462 0.032827 0.030633
0 0.883159 0.386481 0.034060 0.029072
0 0.716177 0.508553 0.035310 0.029094
0 0.707719 0.197457 0.029078 0.030567
0 0.880717 0.608770 0.034077 0.030655
0 0.772814 0.416978 0.034077 0.030655
0 0.607508 0.443343 0.034094 0.032237
0 0.767114 0.765013 0.032862 0.033797
0 0.878780 0.671242 0.034094 0.032237
0 0.710425 0.861334 0.034060 0.029072
0 0.094537 0.424817 0.022811 0.028874
0 0.771233 0.447017 0.034077 0.030655
0 0.166145 0.392846 0.035414 0.038587
0 0.542637 0.886073 0.034112 0.033819
0 0.767479 0.731788 0.035362 0.033841
0 0.881047 0.578710 0.034112 0.033819
0 0.760915 0.305208 0.025311 0.028918
0 0.272460 0.558500 0.031612 0.033775
0 0.269393 0.780777 0.035344 0.032259
0 0.268332 0.877287 0.035344 0.032259
0 0.654928 0.792313 0.034094 0.032237
0 0.769130 0.638454 0.034112 0.033819
0 0.768434 0.701739 0.036612 0.033863
0 0.381213 0.786702 0.034112 0.033819
0 0.121669 0.458525 0.022811 0.028874
0 0.094432 0.491277 0.024061 0.028896
0 0.122426 0.332735 0.024078 0.030479
0 0.899157 0.352741 0.020259 0.024084
0 0.328287 0.654429 0.035188 0.018020
0 0.378964 0.877653 0.034199 0.041729
0 0.494531 0.542629 0.035344 0.032259
0 0.552366 0.398855 0.032862 0.033797
0 0.378635 0.850745 0.032914 0.038543
0 0.507454 0.618022 0.020224 0.020920
0 0.552609 0.433673 0.034112 0.033819
0 0.494210 0.514931 0.039146 0.037071
0 0.716072 0.575014 0.034060 0.029072
0 0.273781 0.495226 0.037861 0.033885
0 0.506506 0.704248 0.020241 0.022502
0 0.330721 0.432931 0.035362 0.033841
0 0.656543 0.759110 0.034129 0.035401
0 0.763295 0.202391 0.025311 0.028918
0 0.330016 0.497007 0.035310 0.029094
0 0.108616 0.394998 0.032845 0.032215
0 0.547518 0.726333 0.035327 0.030677
0 0.507264 0.578458 0.021474 0.020942
0 0.548499 0.693911 0.034129 0.035401
0 0.715125 0.604272 0.032862 0.033797
0 0.439892 0.566195 0.031543 0.027446
0 0.869974 0.448755 0.021509 0.024106
0 0.872241 0.356223 0.021561 0.028852
0 0.489206 0.799681 0.035362 0.033841
0 0.653833 0.891987 0.034094 0.032237
0 0.871171 0.510491 0.022793 0.027292
0 0.769808 0.576751 0.034112 0.033819
0 0.110213 0.363378 0.032810 0.029050
0 0.658123 0.729072 0.034129 0.035401
0 0.329106 0.466134 0.032862 0.033797
0 0.661886 0.443509 0.035362 0.033841
0 0.764804 0.861501 0.035362 0.033841
0 0.765064 0.894736 0.034112 0.033819
0 0.381284 0.723406 0.032897 0.036961
0 0.382648 0.656177 0.031560 0.029028
0 0.768799 0.668514 0.036612 0.033863
0 0.793050 0.168102 0.026595 0.032105
0 0.121616 0.520239 0.021561 0.028852
0 0.711789 0.794105 0.035362 0.033841
0 0.331077 0.400497 0.037879 0.035467
0 0.326082 0.684456 0.036646 0.037027
0 0.734408 0.271510 0.024095 0.032061
0 0.380857 0.819136 0.034094 0.032237
0 0.882662 0.545507 0.036612 0.033863
0 0.093547 0.458030 0.021561 0.028852
0 0.434342 0.786847 0.035344 0.032259
0 0.767365 0.799040 0.034129 0.035401
0 0.879727 0.641984 0.032862 0.033797
0 0.273415 0.528450 0.035362 0.033841
0 0.543592 0.856023 0.032862 0.033797
0 0.327715 0.592704 0.032827 0.030633
0 0.828424 0.418749 0.032845 0.032215
0 0.437999 0.624712 0.034042 0.027490
0 0.272104 0.590933 0.036594 0.032281
0 0.764919 0.168398 0.025363 0.033665
0 0.324291 0.847415 0.036646 0.037027
0 0.271052 0.686652 0.036577 0.030699
0 0.713440 0.700771 0.034112 0.033819
0 0.791044 0.236902 0.024113 0.033643
0 0.121929 0.491761 0.021561 0.028852
0 0.761289 0.271192 0.027828 0.030545
0 0.607143 0.476568 0.034129 0.035401
0 0.436019 0.691139 0.031612 0.033775
0 0.386956 0.434712 0.035379 0.035423
0 0.736814 0.166320 0.024078 0.030479
0 0.663224 0.378653 0.031647 0.036939
0 0.829406 0.386326 0.034112 0.033819
0 0.790279 0.306516 0.024113 0.033643
0 0.762913 0.237198 0.025311 0.028918
0 0.705678 0.269421 0.026560 0.028940
0 0.385376 0.464751 0.035344 0.032259
0 0.271149 0.620983 0.035344 0.032259
0 0.328080 0.559479 0.032827 0.030633
0 0.545321 0.755569 0.039129 0.035489
0 0.435029 0.724353 0.035362 0.033841
0 0.269732 0.749926 0.037861 0.033885
0 0.829780 0.352310 0.036629 0.035445
0 0.655813 0.825559 0.034129 0.035401
0 0.792676 0.202117 0.026613 0.033687
0 0.735424 0.235923 0.022863 0.033621
0 0.434602 0.820082 0.036629 0.035445
0 0.547016 0.601312 0.031577 0.030611
0 0.549578 0.538851 0.032845 0.032215
0 0.164148 0.460856 0.035379 0.035423
0 0.657864 0.695836 0.035344 0.032259
0 0.325343 0.751696 0.036629 0.035445
0 0.879040 0.704478 0.035379 0.035423
0 0.439997 0.499735 0.035362 0.033841
0 0.325708 0.718472 0.036594 0.032281
0 0.440327 0.469674 0.035362 0.033841
0 0.734043 0.304734 0.024061 0.028896
0 0.711415 0.828121 0.035379 0.035423
0 0.547320 0.630593 0.032879 0.035379
0 0.771528 0.477088 0.035362 0.033841
0 0.382353 0.626106 0.032845 0.032215
0 0.104193 0.683714 0.035327 0.030677
0 0.387955 0.400708 0.036612 0.033863
0 0.608863 0.376905 0.035379 0.035423
0 0.384012 0.531980 0.034077 0.030655
0 0.550559 0.506429 0.031612 0.033775
0 0.162739 0.589008 0.032879 0.035379
0 0.270722 0.716712 0.031612 0.033775
0 0.660557 0.507574 0.034060 0.029072
0 0.828103 0.448018 0.032862 0.033797
0 0.606614 0.410887 0.034112 0.033819
0 0.713180 0.667535 0.035362 0.033841
0 0.710078 0.892977 0.036629 0.035445
0 0.658828 0.664996 0.034112 0.033819
0 0.662164 0.475163 0.034112 0.033819
0 0.436375 0.658705 0.031629 0.035357
0 0.162810 0.525712 0.034129 0.035401
0 0.220106 0.430984 0.034112 0.033819
0 0.163783 0.494080 0.035310 0.029094
0 0.705410 0.236977 0.027828 0.030545
0 0.104479 0.714577 0.036629 0.035445
0 0.660487 0.570870 0.032845 0.032215
0 0.549256 0.568121 0.035362 0.033841
0 0.384316 0.561260 0.035344 0.032259
0 0.161855 0.555761 0.032810 0.029050
0 0.773804 0.383765 0.035396 0.037005
0 0.105175 0.651292 0.036629 0.035445
0 0.735182 0.201105 0.024113 0.033643
0 0.221105 0.396979 0.032879 0.035379
0 0.327777 0.530199 0.036629 0.035445
0 0.383334 0.593683 0.034112 0.033819
0 0.661442 0.540821 0.034094 0.032237
0 0.104923 0.617265 0.035362 0.033841
0 0.771788 0.510324 0.034112 0.033819
0 0.678937 0.200115 0.026613 0.033687
0 0.107172 0.583282 0.036629 0.035445
0 0.709942 0.165847 0.025363 0.033665
0 0.716437 0.541789 0.034129 0.035401
0 0.276100 0.397947 0.035379 0.035423
0 0.438954 0.594662 0.035362 0.033841
0 0.827104 0.482023 0.034129 0.035401
0 0.718844 0.379632 0.035396 0.037005
0 0.219732 0.464999 0.036629 0.035445
0 0.439623 0.533750 0.035379 0.035423
0 0.381658 0.689391 0.032879 0.035379
0 0.441317 0.436461 0.036612 0.033863
0 0.385601 0.501151 0.034129 0.035401
0 0.550942 0.471622 0.034112 0.033819
0 0.441700 0.401654 0.036681 0.040191
