0 0.647221 0.435791 0.040929 0.050981
0 0.689609 0.374478 0.039307 0.053382
0 0.557501 0.211153 0.037693 0.049794
0 0.457616 0.243582 0.048745 0.055349
0 0.044416 0.305449 0.045501 0.060151
0 0.661805 0.516012 0.036348 0.047801
0 0.218775 0.724393 0.042275 0.052974
0 0.191496 0.561562 0.040118 0.052182
0 0.234285 0.502644 0.039315 0.047393
0 0.833500 0.280142 0.037961 0.051390
0 0.449727 0.510829 0.037426 0.048197
0 0.549622 0.471618 0.040385 0.053778
0 0.714497 0.195039 0.038504 0.048593
0 0.521398 0.309980 0.042275 0.052974
0 0.528218 0.350688 0.042007 0.051377
0 0.589733 0.714466 0.041999 0.057367
0 0.862792 0.133825 0.043344 0.059359
0 0.870815 0.181716 0.042810 0.056166
0 0.639589 0.082736 0.040376 0.059768
0 0.655372 0.173532 0.038228 0.052986
0 0.325350 0.728482 0.044155 0.058159
0 0.640669 0.396679 0.041196 0.052578
0 0.462832 0.589051 0.037961 0.051390
0 0.783753 0.300945 0.038772 0.050190
0 0.535309 0.389602 0.039039 0.051786
0 0.541184 0.431504 0.039039 0.051786
0 0.303560 0.909326 0.038763 0.056179
0 0.271337 0.399231 0.036615 0.049398
0 0.276133 0.441529 0.039307 0.053382
0 0.618998 0.274154 0.039039 0.051786
0 0.653773 0.474902 0.041196 0.052578
0 0.244067 0.229619 0.044155 0.058159
0 0.211821 0.682887 0.042275 0.052974
0 0.661653 0.214437 0.039039 0.051786
0 0.257564 0.317018 0.039574 0.054979
0 0.854903 0.401071 0.040653 0.055375
0 0.589170 0.102938 0.044155 0.058159
0 0.762625 0.174830 0.041999 0.057367
0 0.311577 0.646269 0.039039 0.051786
0 0.612044 0.232648 0.039039 0.051786
0 0.176921 0.474559 0.042542 0.054570
0 0.318263 0.686178 0.038504 0.048593
0 0.841130 0.318857 0.039850 0.050585
0 0.100845 0.327946 0.041455 0.060164
0 0.108868 0.375838 0.042542 0.054570
0 0.707000 0.157122 0.041731 0.055770
0 0.254071 0.624167 0.038772 0.050190
0 0.292597 0.211804 0.040376 0.059768
0 0.562436 0.250858 0.039039 0.051786
0 0.733743 0.316760 0.039039 0.051786
0 0.240703 0.540957 0.038228 0.052986
0 0.648557 0.129433 0.037417 0.054187
0 0.456146 0.549142 0.042810 0.056166
0 0.267844 0.706381 0.039039 0.051786
0 0.290188 0.829507 0.037693 0.049794
0 0.826680 0.239434 0.037693 0.049794
0 0.247118 0.582661 0.038772 0.050190
0 0.810367 0.456394 0.043344 0.059359
0 0.770247 0.220327 0.039039 0.051786
0 0.493727 0.137973 0.039298 0.059372
0 0.583181 0.675354 0.040661 0.049385
0 0.297804 0.564055 0.040929 0.050981
0 0.263305 0.358121 0.041464 0.054174
0 0.308251 0.298411 0.041731 0.055770
0 0.170903 0.438641 0.039583 0.048989
0 0.213019 0.379122 0.039039 0.051786
0 0.847682 0.357969 0.040118 0.052182
0 0.689465 0.066122 0.046847 0.062143
0 0.228811 0.463137 0.042810 0.056166
0 0.796442 0.072605 0.042542 0.054570
0 0.790170 0.027398 0.044423 0.054796
0 0.156729 0.354032 0.039031 0.057776
0 0.633849 0.355971 0.040929 0.050981
0 0.605091 0.191142 0.040109 0.058171
0 0.740157 0.358464 0.042810 0.056166
0 0.184543 0.520056 0.042810 0.056166
0 0.221590 0.420034 0.040653 0.055375
0 0.442908 0.470121 0.042542 0.054570
0 0.668357 0.555124 0.043621 0.054966
0 0.322692 0.384616 0.041196 0.052578
0 0.275604 0.749285 0.040118 0.052182
0 0.570196 0.293762 0.042810 0.056166
0 0.358399 0.280003 0.042810 0.056166
0 0.575149 0.634244 0.039574 0.054979
0 0.542257 0.120159 0.043612 0.060955
0 0.422582 0.348796 0.042542 0.054570
0 0.300357 0.254709 0.040385 0.053778
0 0.553730 0.735307 0.024502 0.031467
0 0.549718 0.711362 0.024502 0.031467
0 0.314932 0.341712 0.042810 0.056166
0 0.414827 0.302501 0.043077 0.057763
0 0.726924 0.276053 0.040929 0.050981
0 0.492391 0.444331 0.047658 0.060943
0 0.625951 0.315660 0.041731 0.055770
0 0.508971 0.228967 0.042542 0.054570
0 0.698166 0.111223 0.044423 0.059755
0 0.199117 0.292720 0.043879 0.062552
0 0.283235 0.788001 0.039850 0.050585
0 0.500133 0.186459 0.039842 0.056575
0 0.261563 0.665475 0.042542 0.054570
0 0.434475 0.426616 0.043344 0.059359
0 0.165028 0.396739 0.040118 0.052182
0 0.365619 0.323106 0.042810 0.056166
0 0.350367 0.238893 0.042810 0.056166
0 0.344095 0.191206 0.044690 0.061351
0 0.207817 0.337821 0.040385 0.053778
0 0.468974 0.632550 0.043344 0.059359
0 0.598409 0.147841 0.042275 0.052974
0 0.289773 0.522945 0.041464 0.054174
0 0.720371 0.236941 0.039039 0.051786
0 0.284031 0.481841 0.041196 0.052578
0 0.329107 0.426320 0.043344 0.059359
0 0.819049 0.200718 0.040118 0.052182
0 0.683734 0.332576 0.038237 0.046997
0 0.804875 0.116110 0.043344 0.059359
0 0.057780 0.392049 0.043344 0.059359
0 0.569546 0.590548 0.037426 0.048197
0 0.811695 0.156818 0.040385 0.053778
0 0.294989 0.868414 0.038772 0.050190
0 0.303817 0.603364 0.040118 0.052182
0 0.476755 0.344161 0.047408 0.047367
0 0.481167 0.370501 0.047676 0.048963
0 0.796318 0.379365 0.037693 0.049794
0 0.789632 0.339456 0.035002 0.045809
0 0.498404 0.483640 0.043638 0.042986
0 0.453212 0.210461 0.049030 0.044966
0 0.676103 0.293861 0.039574 0.054979
0 0.331225 0.770384 0.038772 0.050190
0 0.225327 0.763505 0.037693 0.049794
0 0.259692 0.968640 0.037426 0.048197
0 0.917358 0.767045 0.042542 0.054570
0 0.910405 0.725539 0.042542 0.054570
0 0.448130 0.180129 0.047943 0.050560
0 0.358771 0.934812 0.041999 0.057367
0 0.704861 0.458690 0.041999 0.057367
0 0.876556 0.222820 0.042007 0.051377
0 0.597355 0.759963 0.041196 0.052578
0 0.442247 0.145009 0.047943 0.050560
0 0.077699 0.514371 0.038772 0.050190
0 0.603907 0.799074 0.041999 0.057367
0 0.240178 0.845323 0.042275 0.052974
0 0.554694 0.508730 0.040937 0.044992
0 0.464043 0.275114 0.047141 0.045771
0 0.697908 0.417184 0.039307 0.053382
0 0.245919 0.886426 0.043077 0.057763
0 0.099094 0.642081 0.043086 0.051773
0 0.083980 0.555276 0.043344 0.059359
0 0.562726 0.549840 0.043077 0.057763
0 0.338455 0.806705 0.038772 0.050190
0 0.862124 0.444173 0.042810 0.056166
0 0.776260 0.259636 0.040920 0.056971
0 0.232548 0.806607 0.042542 0.054570
0 0.609920 0.838383 0.042275 0.052974
0 0.868676 0.483285 0.039315 0.047393
0 0.889541 0.604412 0.038772 0.050190
0 0.549879 0.165656 0.041187 0.058567
0 0.618353 0.881888 0.043612 0.060955
0 0.905333 0.688426 0.039850 0.050585
0 0.205002 0.642179 0.042542 0.054570
0 0.266646 0.990233 0.043344 0.019534
0 0.429678 0.384319 0.038513 0.042603
0 0.882449 0.565498 0.037961 0.051390
0 0.897033 0.645720 0.042542 0.054570
0 0.875228 0.522396 0.042275 0.052974
0 0.368960 0.974820 0.040929 0.050361
0 0.105914 0.682789 0.043888 0.056562
0 0.346487 0.847815 0.038772 0.050190
0 0.063253 0.431557 0.039315 0.047393
0 0.515924 0.270473 0.039850 0.050585
0 0.092141 0.600575 0.043621 0.054966
0 0.071285 0.472667 0.043077 0.057763
0 0.253140 0.929529 0.042542 0.054570
0 0.250209 0.273117 0.036615 0.049398
0 0.144311 0.266238 0.040385 0.053778
0 0.354786 0.890522 0.039307 0.053382
0 0.883108 0.261931 0.043344 0.059359
0 0.198449 0.603068 0.040118 0.052182
0 0.149646 0.308337 0.039307 0.053382
0 0.470604 0.307444 0.048478 0.053752
0 0.802870 0.418477 0.039583 0.048989
0 0.050559 0.348947 0.042275 0.052974
0 0.670362 0.252757 0.038772 0.050190
