0 0.6413301662707838 0.25930521091811415 0.038004750593824244 0.06699751861042183
0 0.4257719714964371 0.8275434243176178 0.03681710213776718 0.07196029776674939
0 0.6413301662707838 0.32133995037220847 0.03562945368171022 0.057071960297766844
0 0.4804038004750594 0.09925558312655086 0.046318289786223266 0.05459057071960301
0 0.4804038004750594 0.043424317617865985 0.05106888361045131 0.05210918114143917
0 0.6413301662707838 0.19602977667493798 0.03562945368171022 0.054590570719602965
0 0.8076009501187649 0.19478908188585609 0.03562945368171022 0.05707196029776676
0 0.8070071258907363 0.3176178660049628 0.039192399049881255 0.04962779156327546
0 0.4798099762470309 0.29776674937965253 0.045130641330166366 0.05459057071960288
0 0.4792161520190025 0.20099255583126552 0.04631828978622338 0.054590570719602965
0 0.48099762470308793 0.39702233250620345 0.04750593824228028 0.044665012406947924
0 0.4804038004750594 0.15260545905707196 0.04869358669833729 0.04714640198511166
0 0.7529691211401426 0.3225806451612903 0.03562945368171022 0.04962779156327546
0 0.4815914489311164 0.6277915632754343 0.034441805225653155 0.05459057071960294
0 0.4809976247030879 0.3523573200992556 0.04513064133016631 0.04466501240694781
0 0.49524940617577196 0.9565756823821339 0.023752969121140055 0.03225806451612889
0 0.5866983372921615 0.32754342431761785 0.03562945368171022 0.05955334987593053
0 0.48040380047505943 0.2518610421836228 0.04394299287410941 0.04714640198511166
0 0.48159144893111644 0.5694789081885856 0.04156769596199539 0.06203473945409432
0 0.5344418052256532 0.8250620347394542 0.03562945368171011 0.0669975186104218
0 0.6413301662707838 0.38585607940446653 0.038004750593824244 0.06699751861042186
0 0.8076009501187649 0.3796526054590571 0.038004750593824244 0.06947890818858554
0 0.4815914489311164 0.5024813895781637 0.0439429928741093 0.0669975186104218
0 0.6959619952494063 0.25930521091811415 0.03562945368171022 0.07196029776674939
0 0.7529691211401426 0.2642679900744417 0.0332541567695962 0.062034739454094295
0 0.6407363420427553 0.12903225806451613 0.03681710213776723 0.07940446650124071
0 0.49406175771971494 0.9255583126550868 0.02375296912114022 0.03970223325062039
0 0.917458432304038 0.3176178660049628 0.039192399049881255 0.03970223325062039
0 0.42577197149643703 0.7580645161290323 0.03444180522565321 0.07196029776674939
0 0.5332541567695963 0.7531017369727047 0.03562945368171022 0.07196029776674939
0 0.5866983372921615 0.2642679900744417 0.0332541567695962 0.062034739454094295
0 0.4245843230403801 0.3312655086848635 0.0391923990498812 0.06699751861042186
0 0.7529691211401426 0.19478908188585609 0.038004750593824244 0.07196029776674939
0 0.916270783847981 0.1935483870967742 0.04156769596199528 0.0694789081885856
0 0.6983372921615203 0.7531017369727047 0.03562945368171022 0.07196029776674939
0 0.6959619952494063 0.33126550868486354 0.038004750593824244 0.07196029776674939
0 0.917458432304038 0.2617866004962779 0.03444180522565321 0.06699751861042186
0 0.4251781472684085 0.25930521091811415 0.0332541567695962 0.06699751861042183
0 0.5866983372921615 0.19727047146401985 0.03562945368171022 0.06699751861042186
0 0.5302850356294537 0.26054590570719605 0.03681710213776723 0.06947890818858563
0 0.7007125890736342 0.8188585607940446 0.040380047505938155 0.06451612903225823
0 0.8616389548693587 0.3238213399503722 0.039192399049881255 0.0669975186104218
0 0.7001187648456058 0.9441687344913152 0.039192399049881144 0.07196029776674939
0 0.8616389548693587 0.25682382133995035 0.03444180522565321 0.07196029776674936
0 0.6995249406175772 0.8821339950372209 0.03562945368171011 0.06203473945409421
0 0.5314726840855107 0.32754342431761785 0.03206650831353919 0.06451612903225806
0 0.8058194774346793 0.25930521091811415 0.039192399049881255 0.06699751861042183
0 0.8064133016627077 0.1253101736972705 0.03562945368171022 0.08188585607940442
