0 0.507976 0.919395 0.043208 0.061067
0 0.506956 0.454354 0.045935 0.057044
0 0.867090 0.962177 0.041903 0.049754
0 0.809386 0.984141 0.037708 0.031717
0 0.862243 0.987906 0.044839 0.024188
0 0.536621 0.187421 0.044443 0.044115
0 0.522616 0.318601 0.044816 0.047347
0 0.562021 0.890562 0.039712 0.049204
0 0.874035 0.921517 0.039899 0.050820
0 0.608935 0.943084 0.042835 0.057835
0 0.557453 0.930156 0.039899 0.050820
0 0.760456 0.978623 0.040994 0.042754
0 0.515479 0.834807 0.042835 0.057835
0 0.567054 0.846927 0.042649 0.056219
0 0.663074 0.913442 0.039899 0.050820
0 0.765490 0.939159 0.040994 0.051095
0 0.710979 0.972033 0.041367 0.054328
0 0.820269 0.908847 0.040458 0.055669
0 0.721686 0.884093 0.038267 0.055119
0 0.771525 0.896608 0.041553 0.055944
0 0.618536 0.859854 0.040458 0.055669
0 0.659042 0.958160 0.042276 0.052987
0 0.667186 0.872902 0.039549 0.057010
0 0.612594 0.901598 0.037149 0.045422
0 0.684176 0.833101 0.024727 0.039164
0 0.632601 0.820981 0.024540 0.037548
0 0.527975 0.252598 0.047193 0.049514
0 0.516254 0.383520 0.044070 0.040883
0 0.786499 0.859626 0.023445 0.037273
0 0.526064 0.288703 0.044257 0.042499
0 0.889556 0.884673 0.025822 0.039439
0 0.541351 0.156182 0.046448 0.043049
0 0.837526 0.871608 0.024727 0.039164
0 0.582307 0.807521 0.026917 0.039714
0 0.519423 0.356046 0.044070 0.040883
0 0.486288 0.741006 0.024540 0.037548
0 0.815690 0.953428 0.038803 0.050545
0 0.531280 0.795539 0.025636 0.037823
0 0.532985 0.218935 0.043884 0.039267
0 0.715464 0.928261 0.039899 0.050820
0 0.735564 0.846836 0.026731 0.038098
