0 0.551861 0.477311 0.034567 0.046140
0 0.516678 0.234072 0.039822 0.053931
0 0.522436 0.275205 0.039596 0.052318
0 0.320513 0.336501 0.038734 0.053597
0 0.577130 0.297073 0.038508 0.051983
0 0.307683 0.252956 0.038734 0.053597
0 0.665817 0.184812 0.038734 0.053597
0 0.313328 0.293283 0.036107 0.049701
0 0.302449 0.207456 0.041362 0.057492
0 0.408091 0.220376 0.039822 0.053931
0 0.544923 0.439906 0.038057 0.048757
0 0.371214 0.321740 0.037421 0.051649
0 0.540028 0.396824 0.038734 0.053597
0 0.344519 0.499893 0.038508 0.051983
0 0.716518 0.170051 0.040048 0.055544
0 0.419832 0.304255 0.040274 0.057157
0 0.432662 0.387800 0.042450 0.057827
0 0.583339 0.341432 0.040910 0.054266
0 0.704756 0.081971 0.041362 0.057492
0 0.547633 0.726789 0.025823 0.035731
0 0.480725 0.346089 0.047807 0.044040
0 0.500411 0.494826 0.046083 0.046596
0 0.882642 0.586680 0.039145 0.049092
0 0.327143 0.756782 0.038734 0.053597
0 0.905129 0.751381 0.040233 0.049427
0 0.461553 0.213178 0.048669 0.042762
0 0.404652 0.564675 0.040910 0.054266
0 0.147635 0.980646 0.043538 0.038708
0 0.457037 0.180916 0.046945 0.045318
0 0.485878 0.374789 0.050886 0.051162
0 0.055490 0.328040 0.037872 0.054875
0 0.900028 0.710887 0.036066 0.041970
0 0.471355 0.279146 0.043681 0.044314
0 0.835831 0.260368 0.037195 0.050036
0 0.888195 0.630400 0.033705 0.047418
0 0.133923 0.904576 0.039145 0.049092
0 0.829324 0.221989 0.041998 0.054601
0 0.703863 0.813316 0.038508 0.051983
0 0.140994 0.946988 0.041998 0.054601
0 0.859950 0.424567 0.039371 0.050705
0 0.681396 0.652816 0.038283 0.050370
0 0.709097 0.858817 0.036333 0.051314
0 0.248330 0.570716 0.037195 0.050036
0 0.861099 0.080130 0.038960 0.055210
0 0.897822 0.326261 0.038057 0.048757
0 0.372856 0.702334 0.033931 0.049031
0 0.162250 0.725921 0.039145 0.049092
0 0.891520 0.285295 0.041998 0.054601
0 0.451639 0.146403 0.051338 0.054388
0 0.683090 0.308212 0.035429 0.044862
0 0.867627 0.122709 0.041998 0.054601
0 0.697900 0.774770 0.036969 0.048423
0 0.686702 0.690723 0.038057 0.048757
0 0.693548 0.731522 0.038734 0.053597
0 0.257187 0.265131 0.038283 0.050370
0 0.067231 0.411920 0.036969 0.048423
0 0.628601 0.283757 0.038734 0.053597
0 0.912427 0.795405 0.041362 0.057492
0 0.873498 0.164649 0.041998 0.054601
0 0.885875 0.244968 0.041546 0.051375
0 0.061473 0.370786 0.037195 0.050036
0 0.304789 0.597088 0.041362 0.057492
0 0.112411 0.738734 0.037831 0.047144
0 0.156944 0.688014 0.041546 0.051375
0 0.167895 0.766248 0.041321 0.049762
0 0.621961 0.240372 0.035922 0.055818
0 0.847233 0.341828 0.039145 0.049092
0 0.879030 0.204169 0.041772 0.052988
0 0.321949 0.719682 0.035655 0.046475
0 0.840613 0.302643 0.041998 0.054601
0 0.367211 0.662007 0.036107 0.049701
0 0.123834 0.824394 0.041998 0.054601
0 0.129592 0.865527 0.039145 0.049092
0 0.802834 0.397555 0.034793 0.047753
0 0.105647 0.313446 0.042450 0.057827
0 0.813918 0.480796 0.035655 0.046475
0 0.157006 0.299324 0.039371 0.050705
0 0.694380 0.388866 0.035881 0.048088
0 0.173191 0.423059 0.036517 0.045196
0 0.823679 0.181662 0.039822 0.053931
0 0.652720 0.447956 0.033479 0.045805
0 0.892865 0.671869 0.038734 0.053597
0 0.084073 0.536294 0.037605 0.045531
0 0.095589 0.618560 0.035881 0.048088
0 0.810624 0.096504 0.037646 0.053262
0 0.297830 0.555483 0.038283 0.050370
0 0.656826 0.485391 0.036107 0.049701
0 0.904031 0.370620 0.040910 0.054266
0 0.150458 0.252545 0.040274 0.057157
0 0.854551 0.033351 0.039412 0.058436
0 0.152387 0.647352 0.042450 0.057827
0 0.616973 0.200684 0.033254 0.044192
0 0.852447 0.383129 0.038283 0.050370
0 0.048829 0.280454 0.042450 0.057827
0 0.588984 0.381759 0.036107 0.049701
0 0.073215 0.454666 0.041998 0.054601
0 0.386722 0.440636 0.038919 0.047479
0 0.106448 0.700188 0.039371 0.050705
0 0.332603 0.803896 0.038734 0.053597
0 0.217047 0.367500 0.038057 0.048757
0 0.078428 0.495967 0.038508 0.051983
0 0.101275 0.265998 0.042450 0.057827
0 0.161675 0.340793 0.035245 0.050979
0 0.778304 0.238531 0.036969 0.048423
0 0.816607 0.139251 0.041772 0.052988
0 0.808591 0.438688 0.037646 0.053262
0 0.826091 0.563701 0.037421 0.051649
0 0.529169 0.315197 0.034342 0.044527
0 0.804414 0.052145 0.042675 0.059440
0 0.796008 0.360957 0.036333 0.051314
0 0.603692 0.113913 0.037236 0.057766
0 0.477390 0.310099 0.045898 0.052714
0 0.310547 0.638222 0.035881 0.048088
0 0.653624 0.097706 0.041362 0.057492
0 0.122284 0.440407 0.036969 0.048423
0 0.100803 0.659861 0.041998 0.054601
0 0.819994 0.520149 0.037872 0.054875
0 0.117850 0.781648 0.041772 0.052988
0 0.466839 0.246885 0.051112 0.052775
0 0.173878 0.808994 0.042450 0.057827
0 0.111744 0.356999 0.041998 0.054601
0 0.145202 0.604134 0.039371 0.050705
0 0.251204 0.222384 0.038960 0.055210
0 0.669881 0.570549 0.038734 0.053597
0 0.134888 0.522339 0.041772 0.052988
0 0.117727 0.399746 0.037421 0.051649
0 0.876135 0.548301 0.039145 0.049092
0 0.089831 0.577427 0.038734 0.053597
0 0.722163 0.210378 0.034342 0.044527
0 0.864076 0.466202 0.038057 0.048757
0 0.377208 0.745582 0.040048 0.055544
0 0.495494 0.447545 0.048526 0.056610
0 0.610989 0.157938 0.039186 0.056823
0 0.242254 0.531363 0.042409 0.050096
0 0.293386 0.515628 0.038508 0.051983
0 0.735423 0.292949 0.036107 0.049701
0 0.393024 0.481602 0.040684 0.052653
0 0.316305 0.679355 0.038734 0.053597
0 0.870377 0.507168 0.039822 0.053931
0 0.675751 0.612489 0.040910 0.054266
0 0.286654 0.475636 0.035881 0.048088
0 0.425590 0.345389 0.038693 0.045866
0 0.139671 0.564614 0.039145 0.049092
0 0.783610 0.276438 0.037646 0.053262
0 0.504578 0.143572 0.039186 0.056823
0 0.410092 0.607589 0.041772 0.052988
0 0.252343 0.611545 0.040910 0.054266
0 0.402857 0.174875 0.042450 0.057827
0 0.701225 0.429664 0.040910 0.054266
0 0.352925 0.191082 0.038324 0.058101
0 0.663671 0.526190 0.038508 0.051983
0 0.325727 0.377802 0.036969 0.048423
0 0.561745 0.560079 0.040910 0.054266
0 0.349825 0.537800 0.038283 0.050370
0 0.557280 0.516024 0.037646 0.053262
0 0.572686 0.257218 0.036107 0.049701
0 0.740750 0.335056 0.041998 0.054601
0 0.211515 0.327979 0.036107 0.049701
0 0.689710 0.347398 0.038734 0.053597
0 0.358416 0.623491 0.038508 0.051983
0 0.660172 0.144486 0.038283 0.050370
0 0.595830 0.422558 0.036333 0.051314
0 0.789707 0.319991 0.037195 0.050036
0 0.711304 0.128751 0.038283 0.050370
0 0.633045 0.323612 0.035881 0.048088
0 0.398125 0.522096 0.039145 0.049092
0 0.235634 0.492178 0.040910 0.054266
0 0.337129 0.459262 0.037195 0.050036
0 0.331484 0.418935 0.039822 0.053931
0 0.672026 0.229172 0.038508 0.051983
0 0.364461 0.277548 0.038734 0.053597
0 0.200615 0.237952 0.040500 0.058771
0 0.773183 0.193836 0.038098 0.056488
0 0.206937 0.283118 0.040048 0.055544
0 0.533931 0.353271 0.038734 0.053597
0 0.678872 0.269970 0.038283 0.050370
0 0.128904 0.479593 0.041998 0.054601
0 0.268405 0.353378 0.038057 0.048757
0 0.728896 0.250370 0.037872 0.054875
0 0.258100 0.652678 0.040233 0.049427
0 0.414074 0.263122 0.036969 0.048423
0 0.645762 0.406351 0.036107 0.049701
0 0.224211 0.406518 0.039371 0.050705
0 0.510356 0.188906 0.039822 0.053931
0 0.376428 0.363041 0.038283 0.050370
0 0.281984 0.434168 0.038283 0.050370
0 0.274799 0.390950 0.038283 0.050370
0 0.354382 0.578462 0.040910 0.054266
0 0.359247 0.236248 0.037421 0.051649
0 0.381529 0.403535 0.037195 0.050036
0 0.166571 0.383874 0.037646 0.053262
0 0.263510 0.310297 0.039186 0.056823
0 0.640117 0.366024 0.036558 0.052927
0 0.230307 0.450071 0.039822 0.053931
