0 0.704429 0.246171 0.037960 0.042976
0 0.499440 0.242613 0.043502 0.039749
0 0.138731 0.147430 0.034641 0.046223
0 0.499885 0.139336 0.045710 0.036491
0 0.500841 0.175411 0.043516 0.043028
0 0.139089 0.193336 0.033516 0.042934
0 0.501102 0.372959 0.043481 0.034831
0 0.512230 0.756677 0.020063 0.014941
0 0.511741 0.741098 0.021181 0.016591
0 0.511245 0.727159 0.020049 0.011662
0 0.501781 0.344276 0.044585 0.033202
0 0.704670 0.706838 0.031294 0.042913
0 0.807802 0.625015 0.032398 0.041284
0 0.395759 0.452302 0.033495 0.038016
0 0.446329 0.578188 0.035738 0.042955
0 0.241851 0.197577 0.036835 0.039687
0 0.550770 0.708676 0.036849 0.042965
0 0.807237 0.497958 0.034641 0.046223
0 0.755958 0.795025 0.036870 0.047883
0 0.342247 0.493605 0.031294 0.042913
0 0.703354 0.496166 0.033495 0.038016
0 0.704239 0.290433 0.033516 0.042934
0 0.807574 0.290580 0.035731 0.041316
0 0.240582 0.492653 0.032405 0.042924
0 0.858164 0.541059 0.034627 0.042945
0 0.341499 0.409170 0.033523 0.044573
0 0.342962 0.327215 0.033495 0.038016
0 0.552579 0.288193 0.030176 0.041264
0 0.187616 0.406909 0.032405 0.042924
0 0.498559 0.447526 0.041308 0.046286
0 0.396855 0.197389 0.033544 0.049491
0 0.858699 0.158269 0.036870 0.047883
0 0.651147 0.750600 0.033516 0.042934
0 0.602035 0.414888 0.032384 0.038006
0 0.704631 0.457653 0.031280 0.039635
0 0.342989 0.450168 0.032412 0.044563
0 0.808329 0.373376 0.035738 0.042955
0 0.291140 0.492307 0.033537 0.047852
0 0.549486 0.748829 0.036842 0.041326
0 0.702754 0.377306 0.033516 0.042934
0 0.292045 0.411166 0.034613 0.039666
0 0.702268 0.748620 0.033495 0.038016
0 0.859415 0.250081 0.036856 0.044605
0 0.238004 0.575417 0.034634 0.044584
0 0.552226 0.370158 0.034620 0.041305
0 0.551147 0.620973 0.034634 0.044584
0 0.807442 0.708620 0.032398 0.041284
0 0.757057 0.668804 0.033537 0.047852
0 0.807086 0.791406 0.034627 0.042945
0 0.859480 0.751731 0.034620 0.041305
0 0.860027 0.624685 0.034627 0.042945
0 0.858347 0.498437 0.036849 0.042965
0 0.188163 0.279863 0.032426 0.047842
0 0.859602 0.206640 0.036849 0.042965
0 0.806863 0.584842 0.034627 0.042945
0 0.601163 0.746854 0.033502 0.039656
0 0.445019 0.495387 0.027953 0.041243
0 0.704289 0.537159 0.033509 0.041295
0 0.704612 0.203549 0.037960 0.042976
0 0.294090 0.193968 0.034662 0.051141
0 0.240380 0.281171 0.036863 0.046244
0 0.549321 0.787353 0.032405 0.042924
0 0.653504 0.331762 0.032384 0.038006
0 0.703912 0.624862 0.031294 0.042913
0 0.602412 0.327185 0.036877 0.049523
0 0.653143 0.286675 0.033530 0.046213
0 0.703699 0.415840 0.033495 0.038016
0 0.291886 0.448050 0.032384 0.038006
0 0.136483 0.282658 0.033523 0.044573
0 0.859222 0.295162 0.036849 0.042965
0 0.755038 0.750754 0.032398 0.041284
0 0.145091 0.864717 0.022370 0.034634
0 0.500598 0.490169 0.043459 0.029913
0 0.145443 0.782752 0.022370 0.034634
0 0.600634 0.869802 0.033516 0.042934
0 0.118786 0.909554 0.021266 0.036263
0 0.602231 0.498498 0.033523 0.044573
0 0.234883 0.784409 0.030183 0.042903
0 0.443769 0.915056 0.033509 0.041295
0 0.081358 0.828054 0.034606 0.038027
0 0.653214 0.786686 0.033488 0.036377
0 0.236346 0.702454 0.034627 0.042945
0 0.395050 0.617053 0.033516 0.042934
0 0.548760 0.917678 0.039078 0.044626
0 0.136300 0.325280 0.035717 0.038037
0 0.601362 0.829644 0.030176 0.041264
0 0.082099 0.655927 0.034606 0.038027
0 0.240021 0.364776 0.036863 0.046244
0 0.083913 0.363315 0.033516 0.042934
0 0.445078 0.869165 0.035745 0.044594
0 0.546728 0.873396 0.036856 0.044605
0 0.859307 0.791894 0.032405 0.042924
0 0.703961 0.871589 0.037967 0.044615
0 0.757575 0.290112 0.033495 0.038016
0 0.238719 0.409027 0.032405 0.042924
0 0.501370 0.310665 0.043509 0.041388
0 0.806550 0.915993 0.036863 0.046244
0 0.393759 0.658845 0.033523 0.044573
0 0.858700 0.416471 0.036849 0.042965
0 0.239651 0.450840 0.030162 0.037985
0 0.187978 0.451996 0.033537 0.047852
0 0.603876 0.245230 0.034585 0.033109
0 0.651543 0.917001 0.037981 0.047894
0 0.080795 0.571486 0.033516 0.042934
0 0.444661 0.707683 0.033502 0.039656
0 0.444488 0.747846 0.033509 0.041295
0 0.703023 0.831416 0.033516 0.042934
0 0.602610 0.539486 0.032370 0.034727
0 0.808861 0.249608 0.035717 0.038037
0 0.132815 0.618696 0.037953 0.041336
0 0.549144 0.828336 0.032405 0.042924
0 0.080607 0.744439 0.036842 0.041326
0 0.084089 0.322332 0.035738 0.042955
0 0.859138 0.831238 0.036849 0.042965
0 0.136706 0.489221 0.035731 0.041316
0 0.082282 0.613305 0.034634 0.044584
0 0.135228 0.574455 0.037981 0.047894
0 0.083737 0.404298 0.033516 0.042934
0 0.236713 0.617209 0.034627 0.042945
0 0.757794 0.497496 0.033502 0.039656
0 0.703199 0.790433 0.033516 0.042934
0 0.341707 0.619012 0.033481 0.034738
0 0.551852 0.198840 0.032405 0.042924
0 0.444848 0.664241 0.033523 0.044573
0 0.550562 0.498834 0.032405 0.042924
0 0.081542 0.785432 0.034648 0.047863
0 0.392274 0.745718 0.037967 0.044615
0 0.807394 0.332383 0.033516 0.042934
0 0.808178 0.666823 0.029072 0.042893
0 0.341900 0.703442 0.034641 0.046223
0 0.240197 0.323794 0.032405 0.042924
0 0.600404 0.664878 0.033516 0.042934
0 0.859854 0.664848 0.032384 0.038006
0 0.651737 0.871920 0.035738 0.042955
0 0.754816 0.156477 0.035738 0.042955
0 0.858559 0.707460 0.032426 0.047842
0 0.082439 0.447729 0.035745 0.044594
0 0.242045 0.152496 0.036870 0.047883
0 0.241678 0.237740 0.034606 0.038027
0 0.293706 0.283310 0.034599 0.036387
0 0.081915 0.698549 0.036870 0.047883
0 0.757744 0.250769 0.033523 0.044573
0 0.395219 0.577709 0.033502 0.039656
0 0.446865 0.453600 0.026835 0.039593
0 0.448886 0.242139 0.033488 0.036377
0 0.392451 0.704735 0.037967 0.044615
0 0.342079 0.661639 0.034634 0.044584
0 0.235817 0.825402 0.034627 0.042945
0 0.705170 0.332245 0.033523 0.044573
0 0.145251 0.698322 0.023502 0.039562
0 0.236735 0.870493 0.036856 0.044605
0 0.339524 0.868177 0.033509 0.041295
0 0.096491 0.280644 0.022384 0.037912
0 0.499585 0.209007 0.047897 0.028316
0 0.146564 0.909814 0.023502 0.039562
0 0.118980 0.864473 0.021259 0.034623
0 0.120980 0.657930 0.021231 0.028066
0 0.911823 0.207128 0.034641 0.046223
0 0.500403 0.277048 0.043473 0.033192
0 0.135408 0.532653 0.037960 0.042976
0 0.144708 0.824549 0.023474 0.033005
0 0.340994 0.914093 0.036870 0.047883
0 0.236555 0.912296 0.036835 0.039687
0 0.119709 0.824315 0.022391 0.039552
0 0.340053 0.745229 0.033495 0.038016
0 0.120804 0.698913 0.021287 0.041180
0 0.121742 0.739086 0.021252 0.032984
0 0.145417 0.659798 0.023481 0.034644
0 0.339694 0.828834 0.031273 0.037995
0 0.602054 0.281279 0.033502 0.039656
0 0.806744 0.870912 0.039078 0.044626
0 0.392100 0.915392 0.039071 0.042986
0 0.081193 0.866578 0.034627 0.042945
0 0.082638 0.530519 0.032405 0.042924
0 0.236715 0.745901 0.033509 0.041295
0 0.119333 0.782507 0.021273 0.037902
0 0.858876 0.375489 0.034613 0.039666
0 0.756837 0.203218 0.035759 0.047873
0 0.082262 0.488712 0.033495 0.038016
0 0.858958 0.873040 0.032398 0.041284
0 0.081002 0.910839 0.036863 0.046244
0 0.444143 0.828172 0.033509 0.041295
0 0.652204 0.246502 0.033509 0.041295
0 0.135951 0.406426 0.033488 0.036377
0 0.390620 0.871934 0.037967 0.044615
0 0.911626 0.253029 0.036877 0.049523
0 0.600990 0.787017 0.033509 0.041295
0 0.146741 0.739320 0.024599 0.036294
0 0.807976 0.455342 0.033502 0.039656
0 0.236529 0.659832 0.034627 0.042945
0 0.601006 0.912429 0.036849 0.042965
0 0.444323 0.786370 0.037960 0.042976
0 0.858768 0.917302 0.034648 0.047863
0 0.806917 0.830749 0.036835 0.039687
0 0.238743 0.532801 0.029050 0.037975
0 0.551511 0.536549 0.032377 0.036367
0 0.912028 0.159588 0.036877 0.049523
0 0.702617 0.667474 0.031280 0.039635
0 0.341540 0.787047 0.034641 0.046223
0 0.808149 0.415178 0.033509 0.041295
0 0.703778 0.914211 0.035731 0.041316
0 0.135778 0.446589 0.035731 0.041316
0 0.859642 0.455825 0.032391 0.039645
0 0.858486 0.336960 0.037953 0.041336
0 0.392102 0.785881 0.035738 0.042955
0 0.136134 0.363804 0.033516 0.042934
0 0.756881 0.709786 0.029050 0.037975
0 0.138903 0.236778 0.033523 0.044573
0 0.393036 0.826874 0.037960 0.042976
0 0.445394 0.537194 0.033516 0.042934
0 0.601299 0.456685 0.031294 0.042913
0 0.187413 0.324939 0.033516 0.042934
0 0.342067 0.535407 0.033537 0.047852
0 0.755921 0.416329 0.033495 0.038016
0 0.550227 0.576701 0.034634 0.044584
0 0.704820 0.155189 0.035759 0.047873
0 0.757966 0.457332 0.035731 0.041316
0 0.601339 0.705871 0.031280 0.039635
0 0.807270 0.748783 0.032405 0.042924
0 0.291863 0.324277 0.033516 0.042934
0 0.551860 0.455403 0.034634 0.044584
0 0.187230 0.367561 0.035738 0.042955
0 0.702994 0.579771 0.035745 0.044594
0 0.552406 0.328356 0.034627 0.042945
0 0.396658 0.243290 0.037960 0.042976
0 0.446139 0.622449 0.035752 0.046234
0 0.293333 0.240683 0.037974 0.046254
0 0.653154 0.542418 0.033502 0.039656
0 0.652985 0.581762 0.033502 0.039656
0 0.652589 0.415361 0.033495 0.038016
0 0.857977 0.584501 0.036856 0.044605
0 0.807040 0.543859 0.034627 0.042945
0 0.757247 0.624542 0.031287 0.041274
0 0.341876 0.579669 0.033523 0.044573
0 0.653528 0.455535 0.033516 0.042934
0 0.342797 0.365739 0.033516 0.042934
0 0.809603 0.206171 0.036877 0.049523
0 0.651917 0.830117 0.035745 0.044594
0 0.652625 0.665367 0.037960 0.042976
0 0.395395 0.536726 0.033502 0.039656
0 0.756093 0.376166 0.033516 0.042934
0 0.651331 0.707978 0.035738 0.042955
0 0.757424 0.583559 0.035745 0.044594
0 0.344648 0.193621 0.035766 0.049512
0 0.757607 0.540937 0.035745 0.044594
0 0.757388 0.333554 0.035738 0.042955
0 0.292231 0.367724 0.034634 0.044584
0 0.602211 0.373905 0.034634 0.044584
0 0.550968 0.662776 0.036863 0.046244
0 0.602254 0.622271 0.034627 0.042945
0 0.652233 0.498147 0.033516 0.042934
0 0.447225 0.369995 0.035724 0.039676
0 0.395931 0.412139 0.031294 0.042913
0 0.344440 0.241981 0.033523 0.044573
0 0.395563 0.368692 0.030176 0.041264
0 0.652773 0.372739 0.033537 0.047852
0 0.601882 0.579644 0.033516 0.042934
0 0.449076 0.197878 0.035780 0.052791
0 0.604070 0.200149 0.036885 0.051162
0 0.652395 0.202240 0.033551 0.051131
0 0.652253 0.622739 0.036849 0.042965
0 0.396298 0.326894 0.033516 0.042934
0 0.551662 0.243101 0.039086 0.046265
0 0.394471 0.493274 0.033537 0.047852
0 0.552043 0.412781 0.036842 0.041326
0 0.448505 0.330662 0.035738 0.042955
0 0.396467 0.287551 0.033502 0.039656
0 0.447045 0.411798 0.033523 0.044573
0 0.448143 0.285576 0.034648 0.047863
0 0.344246 0.287062 0.033530 0.046213
