0 0.397499 0.415275 0.037045 0.040116
0 0.189603 0.290974 0.034903 0.048265
0 0.299899 0.834597 0.035982 0.045010
0 0.295505 0.496950 0.035950 0.041732
0 0.655001 0.327030 0.035982 0.045010
0 0.607537 0.702663 0.033744 0.043324
0 0.808858 0.322134 0.037093 0.045034
0 0.450513 0.496129 0.034855 0.043348
0 0.347298 0.623736 0.034871 0.044987
0 0.298680 0.709200 0.033712 0.040046
0 0.345274 0.415561 0.034839 0.041708
0 0.400352 0.708688 0.034855 0.043348
0 0.244812 0.711980 0.034855 0.043348
0 0.555634 0.621786 0.033744 0.043324
0 0.346486 0.540138 0.034903 0.048265
0 0.344860 0.372942 0.037093 0.045034
0 0.246181 0.795566 0.035966 0.043371
0 0.297859 0.624782 0.033760 0.044963
0 0.605389 0.367428 0.035982 0.045010
0 0.243593 0.586583 0.034871 0.044987
0 0.397085 0.372657 0.034855 0.043348
0 0.452146 0.664144 0.032617 0.041661
0 0.451724 0.620706 0.032601 0.040022
0 0.241404 0.418579 0.033744 0.043324
0 0.244946 0.668530 0.033760 0.044963
0 0.551654 0.326758 0.033744 0.043324
0 0.191360 0.586049 0.037125 0.048312
0 0.242599 0.541517 0.033744 0.043324
0 0.194519 0.796659 0.037077 0.043395
0 0.552069 0.369376 0.033744 0.043324
0 0.399914 0.663610 0.037125 0.048312
0 0.515579 0.730842 0.024729 0.030022
0 0.501787 0.340929 0.042505 0.030399
0 0.518032 0.754563 0.022395 0.018501
0 0.504320 0.372846 0.044806 0.038642
0 0.501705 0.275351 0.041394 0.030375
0 0.499843 0.140950 0.044790 0.037002
0 0.705716 0.285788 0.033744 0.043324
0 0.242085 0.374298 0.033744 0.043324
0 0.398312 0.498873 0.037077 0.043395
0 0.402260 0.790623 0.037077 0.043395
0 0.139748 0.420731 0.037077 0.043395
0 0.348276 0.667163 0.033744 0.043324
0 0.345549 0.329481 0.034855 0.043348
0 0.449560 0.283832 0.034903 0.048265
0 0.086412 0.421040 0.039347 0.048359
0 0.294732 0.417450 0.033744 0.043324
0 0.756251 0.283079 0.034855 0.043348
0 0.454907 0.833776 0.034855 0.043348
0 0.138222 0.378135 0.032633 0.043300
0 0.756047 0.147824 0.032713 0.051496
0 0.705575 0.328419 0.034855 0.043348
0 0.703275 0.148941 0.033792 0.048242
0 0.294333 0.376471 0.033744 0.043324
0 0.603481 0.285493 0.036014 0.048289
0 0.346643 0.499147 0.031506 0.041638
0 0.554109 0.579191 0.033744 0.043324
0 0.706912 0.408727 0.035998 0.046649
0 0.194105 0.754041 0.034855 0.043348
0 0.242242 0.333307 0.032601 0.040022
0 0.449262 0.367454 0.032585 0.038383
0 0.553694 0.536572 0.033744 0.043324
0 0.552475 0.411175 0.033728 0.041685
0 0.293895 0.331394 0.036014 0.048289
0 0.502267 0.447488 0.043775 0.046814
0 0.606740 0.620704 0.033744 0.043324
0 0.657041 0.536844 0.035950 0.041732
0 0.602166 0.150261 0.036030 0.049928
0 0.136705 0.336360 0.034839 0.041708
0 0.399515 0.622631 0.032585 0.038383
0 0.348526 0.749953 0.034871 0.044987
0 0.297967 0.750203 0.033712 0.040046
0 0.809265 0.363933 0.037077 0.043395
0 0.401555 0.832445 0.032617 0.041661
0 0.244655 0.752971 0.033712 0.040046
0 0.191236 0.458989 0.034855 0.043348
0 0.295130 0.458430 0.031490 0.039999
0 0.396240 0.285780 0.037109 0.046673
0 0.297170 0.668244 0.033744 0.043324
0 0.860121 0.280061 0.036014 0.048289
0 0.552890 0.453794 0.035950 0.041732
0 0.345134 0.286862 0.032665 0.046579
0 0.601947 0.242078 0.038188 0.043418
0 0.137402 0.293718 0.032649 0.044940
0 0.555328 0.704588 0.033760 0.044963
0 0.401962 0.874244 0.034887 0.046626
0 0.299477 0.791159 0.035966 0.043371
0 0.705278 0.240711 0.033792 0.048242
0 0.085169 0.293184 0.037125 0.048312
0 0.658494 0.743392 0.037093 0.045034
0 0.658916 0.786830 0.037077 0.043395
0 0.189296 0.373775 0.037045 0.040116
0 0.454477 0.789518 0.032665 0.046579
0 0.350598 0.791716 0.033744 0.043324
0 0.756932 0.238798 0.039299 0.043442
0 0.557626 0.826683 0.033744 0.043324
0 0.139964 0.671571 0.034855 0.043348
0 0.605114 0.453508 0.033744 0.043324
0 0.295919 0.539569 0.035982 0.045010
0 0.190854 0.419649 0.034855 0.043348
0 0.242209 0.501357 0.033696 0.038406
0 0.190962 0.545069 0.037029 0.038477
0 0.454759 0.704257 0.037077 0.043395
0 0.553296 0.495593 0.035966 0.043371
0 0.140146 0.461710 0.034823 0.040069
0 0.607239 0.786285 0.038188 0.043418
0 0.911023 0.143724 0.038284 0.053253
0 0.089647 0.753792 0.039347 0.048359
0 0.605935 0.537926 0.035950 0.041732
0 0.088336 0.504614 0.039315 0.045081
0 0.653476 0.284435 0.033760 0.044963
0 0.143413 0.797741 0.034855 0.043348
0 0.704284 0.195645 0.034855 0.043348
0 0.609553 0.910019 0.036046 0.051567
0 0.607437 0.578062 0.035934 0.040093
0 0.454178 0.873139 0.037077 0.043395
0 0.085974 0.375962 0.034855 0.043348
0 0.655415 0.369648 0.033696 0.038406
0 0.603903 0.328931 0.035903 0.036814
0 0.190025 0.334412 0.037045 0.040116
0 0.296342 0.583007 0.035934 0.040093
0 0.192886 0.628644 0.037061 0.041755
0 0.605553 0.498586 0.033760 0.044963
0 0.240693 0.288253 0.034903 0.048265
0 0.861755 0.448077 0.033712 0.040046
0 0.085591 0.336622 0.034823 0.040069
0 0.246571 0.835726 0.033728 0.041685
0 0.810476 0.488510 0.032633 0.043300
0 0.195738 0.922056 0.037125 0.048312
0 0.707326 0.451345 0.033744 0.043324
0 0.087929 0.462815 0.037045 0.040116
0 0.345665 0.455721 0.032601 0.040022
0 0.558479 0.914379 0.033760 0.044963
0 0.809663 0.404912 0.032633 0.043300
0 0.811180 0.446688 0.030363 0.038336
0 0.911657 0.323237 0.036014 0.048289
0 0.556101 0.784088 0.031490 0.039999
0 0.655782 0.407349 0.035918 0.038453
0 0.193292 0.670443 0.037077 0.043395
0 0.660252 0.867138 0.033712 0.040046
0 0.194942 0.840097 0.037061 0.041755
0 0.089209 0.708715 0.037077 0.043395
0 0.917075 0.651845 0.038188 0.043418
0 0.349346 0.834370 0.034823 0.040069
0 0.914056 0.569933 0.033744 0.043324
0 0.911243 0.280619 0.033696 0.038406
0 0.710388 0.823450 0.034855 0.043348
0 0.296972 0.876466 0.031490 0.039999
0 0.398694 0.538213 0.034760 0.033512
0 0.709584 0.740671 0.034807 0.038430
0 0.711757 0.907036 0.033840 0.053159
0 0.914768 0.528930 0.033744 0.043324
0 0.811140 0.613919 0.031538 0.044916
0 0.758911 0.328110 0.034871 0.044987
0 0.918624 0.696899 0.035982 0.045010
0 0.861115 0.325127 0.034855 0.043348
0 0.919006 0.736239 0.035950 0.041732
0 0.862145 0.488236 0.033728 0.041685
0 0.862544 0.529216 0.036014 0.048289
0 0.913167 0.364193 0.033696 0.038406
0 0.863364 0.613633 0.033744 0.043324
0 0.864858 0.652950 0.033744 0.043324
0 0.912845 0.445356 0.035934 0.040093
0 0.918310 0.778881 0.038204 0.045057
0 0.915549 0.609250 0.038188 0.043418
0 0.858705 0.191557 0.037221 0.058147
0 0.914362 0.487131 0.038204 0.045057
0 0.707982 0.575934 0.034823 0.040069
0 0.453475 0.743633 0.031490 0.039999
0 0.608012 0.865785 0.033696 0.038406
0 0.866483 0.820146 0.035998 0.046649
0 0.865687 0.738187 0.035966 0.043371
0 0.091181 0.797207 0.037014 0.036838
0 0.920124 0.908364 0.037157 0.051590
0 0.867304 0.904564 0.033760 0.044963
0 0.866375 0.694726 0.033760 0.044963
0 0.402384 0.917683 0.034776 0.035152
0 0.920218 0.860816 0.033760 0.044963
0 0.866077 0.778347 0.033728 0.041685
0 0.500185 0.176192 0.042584 0.038595
0 0.500504 0.208976 0.046933 0.028854
0 0.866898 0.862765 0.035934 0.040093
0 0.347979 0.579455 0.036934 0.028642
0 0.924279 0.821382 0.027030 0.038265
0 0.711874 0.861947 0.036934 0.028642
0 0.502722 0.494204 0.043664 0.035340
0 0.607122 0.660045 0.033744 0.043324
0 0.604692 0.410070 0.033728 0.041685
0 0.454601 0.916577 0.037061 0.041755
0 0.088436 0.629215 0.037029 0.038477
0 0.862974 0.573474 0.035950 0.041732
0 0.657532 0.701605 0.031490 0.039999
0 0.660989 0.828594 0.035918 0.038453
0 0.608748 0.827240 0.035966 0.043371
0 0.499712 0.241783 0.042584 0.038595
0 0.811836 0.571277 0.033696 0.038406
0 0.554914 0.661969 0.035918 0.038453
0 0.089938 0.669351 0.034823 0.040069
0 0.139534 0.627314 0.030411 0.043253
0 0.858604 0.238286 0.033712 0.040046
0 0.144633 0.923138 0.037093 0.045034
0 0.708155 0.536582 0.035998 0.046649
0 0.910374 0.191284 0.035966 0.043371
0 0.707725 0.492325 0.033744 0.043324
0 0.400758 0.750487 0.037029 0.038477
0 0.709350 0.659520 0.035966 0.043371
0 0.708380 0.616914 0.037077 0.043395
0 0.606840 0.745305 0.038156 0.040140
0 0.141904 0.756785 0.032633 0.043300
0 0.656328 0.577847 0.033696 0.038406
0 0.808053 0.239356 0.032601 0.040022
0 0.142701 0.838744 0.037045 0.040116
0 0.193650 0.878653 0.031490 0.039999
0 0.557501 0.870952 0.032633 0.043300
0 0.859831 0.364502 0.033681 0.036767
0 0.299609 0.919038 0.038220 0.046696
0 0.807599 0.192639 0.032713 0.051496
0 0.660659 0.908937 0.033760 0.044963
0 0.709757 0.701319 0.035982 0.045010
0 0.910828 0.238000 0.036014 0.048289
0 0.143075 0.877264 0.037093 0.045034
0 0.193699 0.712242 0.037061 0.041755
0 0.091587 0.839006 0.037125 0.048312
0 0.657133 0.660626 0.031522 0.043277
0 0.601517 0.197821 0.033776 0.046602
0 0.711085 0.780808 0.037109 0.046673
0 0.088750 0.547233 0.037061 0.041755
0 0.243968 0.625103 0.034792 0.036791
0 0.706505 0.366928 0.033696 0.038406
0 0.657830 0.617984 0.033744 0.043324
0 0.555742 0.747206 0.033696 0.038406
0 0.656627 0.494226 0.033728 0.041685
0 0.140959 0.545308 0.034823 0.040069
0 0.089149 0.588212 0.037125 0.048312
0 0.246962 0.875885 0.033744 0.043324
0 0.092464 0.929161 0.039315 0.045081
0 0.860221 0.404662 0.033728 0.041685
0 0.808436 0.278696 0.032633 0.043300
0 0.551248 0.284959 0.033760 0.044963
0 0.247400 0.920963 0.035982 0.045010
0 0.293465 0.287136 0.033728 0.041685
0 0.912438 0.403557 0.035982 0.045010
0 0.351943 0.872844 0.032617 0.041661
0 0.349230 0.708130 0.037045 0.040116
0 0.141358 0.586287 0.034855 0.043348
0 0.350151 0.917149 0.034903 0.048265
0 0.141506 0.715806 0.032633 0.043300
0 0.655085 0.449992 0.031538 0.044916
0 0.093136 0.884060 0.037077 0.043395
0 0.501460 0.307326 0.042616 0.041873
0 0.812009 0.531925 0.037093 0.045034
0 0.756509 0.195360 0.037093 0.045034
0 0.242913 0.459535 0.031522 0.043277
0 0.396662 0.329219 0.037125 0.048312
0 0.449998 0.328909 0.037077 0.043395
0 0.451342 0.581366 0.032601 0.040022
0 0.139458 0.505172 0.037125 0.048312
0 0.397898 0.456255 0.037077 0.043395
0 0.449676 0.410072 0.032681 0.048218
0 0.190540 0.501631 0.037109 0.046673
0 0.450114 0.455149 0.034855 0.043348
0 0.399109 0.580832 0.037109 0.046673
0 0.450935 0.539567 0.037093 0.045034
