0 0.533851 0.581112 0.029132 0.042489
0 0.541078 0.615518 0.027526 0.034843
0 0.180645 0.866980 0.040004 0.046148
0 0.175223 0.844246 0.037511 0.039624
0 0.481264 0.389242 0.042420 0.046961
0 0.552165 0.655992 0.023183 0.024855
0 0.187229 0.898328 0.043384 0.051548
0 0.332441 0.496631 0.038154 0.042683
0 0.695806 0.597827 0.038398 0.038502
0 0.790031 0.501446 0.038154 0.042683
0 0.209067 0.731347 0.041778 0.043902
0 0.196220 0.670181 0.039362 0.043089
0 0.363756 0.645724 0.037190 0.038095
0 0.153903 0.745819 0.039040 0.041560
0 0.856674 0.547782 0.035095 0.038811
0 0.262146 0.977899 0.036624 0.040747
0 0.336778 0.788239 0.035738 0.041870
0 0.850090 0.516434 0.038475 0.044212
0 0.733622 0.784026 0.039362 0.043089
0 0.295868 0.867497 0.039362 0.043089
0 0.329429 0.756330 0.039362 0.043089
0 0.656699 0.417794 0.038398 0.038502
0 0.423493 0.659183 0.038154 0.042683
0 0.852053 0.257907 0.036946 0.042276
0 0.325857 0.465284 0.037832 0.041154
0 0.675092 0.770161 0.039683 0.044618
0 0.868879 0.605890 0.037511 0.039624
0 0.495877 0.458819 0.039683 0.044618
0 0.681072 0.801712 0.038154 0.042683
0 0.429596 0.688237 0.040570 0.043496
0 0.812917 0.333293 0.035095 0.038811
0 0.345448 0.558562 0.037832 0.041154
0 0.312688 0.402588 0.037832 0.041154
0 0.142463 0.688272 0.040570 0.043496
0 0.270938 0.745726 0.038475 0.044212
0 0.743018 0.551650 0.036946 0.042276
0 0.544290 0.424516 0.036624 0.040747
0 0.687817 0.833824 0.039927 0.040438
0 0.836638 0.455471 0.035982 0.037689
0 0.383508 0.739767 0.038796 0.045741
0 0.475968 0.905939 0.035982 0.037689
0 0.212040 0.468387 0.040004 0.046148
0 0.104204 0.503041 0.039362 0.043089
0 0.443529 0.751494 0.036624 0.040747
0 0.177110 0.579196 0.036624 0.040747
0 0.420364 0.367169 0.038154 0.042683
0 0.859203 0.285790 0.036624 0.040747
0 0.575161 0.574577 0.037832 0.041154
0 0.441324 0.460806 0.037190 0.038095
0 0.449188 0.781516 0.038154 0.042683
0 0.436944 0.720146 0.036946 0.042276
0 0.223283 0.792871 0.039683 0.044618
0 0.357814 0.617435 0.040570 0.043496
0 0.202323 0.699235 0.041778 0.043902
0 0.755865 0.612816 0.036303 0.039218
0 0.649558 0.648593 0.036946 0.042276
0 0.282860 0.805566 0.039040 0.041560
0 0.758876 0.353117 0.035095 0.038811
0 0.843345 0.484322 0.037832 0.041154
0 0.875623 0.638002 0.038154 0.042683
0 0.642370 0.617448 0.037832 0.041154
0 0.129937 0.628635 0.038154 0.042683
0 0.376603 0.706890 0.037832 0.041154
0 0.871729 0.345427 0.039040 0.041560
0 0.298076 0.603975 0.038475 0.044212
0 0.290162 0.575531 0.035982 0.037689
0 0.727680 0.755737 0.039040 0.041560
0 0.587848 0.634979 0.037511 0.039624
0 0.164263 0.518030 0.042099 0.045432
0 0.446501 0.488534 0.036624 0.040747
0 0.354397 0.881363 0.036624 0.040747
0 0.594593 0.667091 0.038154 0.042683
0 0.651361 0.389301 0.038154 0.042683
0 0.788343 0.770522 0.038154 0.042683
0 0.829497 0.686270 0.039362 0.043089
0 0.168761 0.810402 0.039362 0.043089
0 0.796011 0.532997 0.036624 0.040747
0 0.386802 0.478336 0.038154 0.042683
0 0.721096 0.724389 0.039362 0.043089
0 0.404223 0.567434 0.035738 0.041870
0 0.453246 0.520646 0.037267 0.043805
0 0.283417 0.543419 0.036624 0.040747
0 0.110062 0.537089 0.039362 0.043089
0 0.818576 0.363315 0.037267 0.043805
0 0.562475 0.514175 0.037511 0.039624
0 0.183855 0.611308 0.035982 0.037689
0 0.624185 0.527789 0.036946 0.042276
0 0.472630 0.351217 0.041854 0.049612
0 0.598651 0.406221 0.036624 0.040747
0 0.835317 0.717057 0.038154 0.042683
0 0.117250 0.568234 0.040249 0.041967
0 0.244319 0.622067 0.039683 0.044618
0 0.361868 0.910775 0.039362 0.043089
0 0.862776 0.576836 0.038154 0.042683
0 0.302169 0.900577 0.038475 0.044212
0 0.683441 0.538955 0.036303 0.039218
0 0.739724 0.813080 0.038719 0.040031
0 0.461874 0.841918 0.037832 0.041154
0 0.158566 0.484746 0.040646 0.049206
0 0.398281 0.539145 0.039606 0.038908
0 0.711061 0.399499 0.035982 0.037689
0 0.551035 0.456629 0.037267 0.043805
0 0.844987 0.224265 0.040646 0.049206
0 0.737198 0.520863 0.037511 0.039624
0 0.708814 0.659758 0.039362 0.043089
0 0.830215 0.424888 0.039040 0.041560
0 0.459349 0.549700 0.036624 0.040747
0 0.161856 0.777525 0.039683 0.044618
0 0.782041 0.737442 0.040325 0.047677
0 0.338581 0.528947 0.039362 0.043089
0 0.270891 0.483782 0.036624 0.040747
0 0.319433 0.434701 0.040891 0.045025
0 0.768552 0.673217 0.039683 0.044618
0 0.702551 0.629940 0.036624 0.040747
0 0.372586 0.416812 0.040891 0.045025
0 0.764054 0.380846 0.036946 0.042276
0 0.822913 0.654922 0.039683 0.044618
0 0.714351 0.692277 0.039362 0.043089
0 0.392905 0.507390 0.038154 0.042683
0 0.537545 0.392404 0.037267 0.043805
0 0.417070 0.628600 0.037511 0.039624
0 0.232114 0.563959 0.036624 0.040747
0 0.816207 0.626072 0.037832 0.041154
0 0.569220 0.546288 0.038154 0.042683
0 0.225369 0.531847 0.039683 0.044618
0 0.643852 0.356627 0.039683 0.044618
0 0.809623 0.594724 0.038154 0.042683
0 0.604310 0.436243 0.035738 0.041870
0 0.618205 0.496238 0.035416 0.040340
0 0.265675 0.452792 0.039683 0.044618
0 0.464121 0.581658 0.040570 0.043496
0 0.698214 0.338332 0.037267 0.043805
0 0.592511 0.373906 0.038475 0.044212
0 0.749281 0.581468 0.036624 0.040747
0 0.379010 0.447395 0.040249 0.041967
0 0.611338 0.466623 0.036303 0.039218
0 0.705119 0.371209 0.039362 0.043089
0 0.304500 0.634559 0.034774 0.037282
0 0.263429 0.713052 0.039362 0.043089
0 0.547830 0.635349 0.022861 0.023326
0 0.588291 0.840304 0.026241 0.028726
0 0.554368 0.675716 0.025354 0.029849
0 0.887744 0.701868 0.040249 0.041967
0 0.630288 0.556843 0.036303 0.039218
0 0.365238 0.384903 0.036624 0.040747
0 0.455611 0.812099 0.035095 0.038811
0 0.662245 0.708994 0.037267 0.043805
0 0.215330 0.761165 0.041457 0.042373
0 0.865627 0.316373 0.035982 0.037689
0 0.825481 0.396192 0.036946 0.042276
0 0.731096 0.491809 0.038154 0.042683
0 0.802878 0.562612 0.038154 0.042683
0 0.432767 0.429304 0.039683 0.044618
0 0.410363 0.599750 0.039362 0.043089
0 0.760599 0.641512 0.039040 0.041560
0 0.723908 0.460665 0.036624 0.040747
0 0.663727 0.448173 0.037832 0.041154
0 0.669990 0.477992 0.038154 0.042683
0 0.752575 0.320037 0.037267 0.043805
0 0.717484 0.430082 0.039040 0.041560
0 0.676735 0.510104 0.038154 0.042683
0 0.777344 0.441044 0.040891 0.045025
0 0.511860 0.528754 0.037756 0.035443
0 0.505995 0.506987 0.039851 0.034727
0 0.487726 0.423087 0.040570 0.043496
0 0.515752 0.550365 0.037037 0.026675
0 0.368453 0.942122 0.039040 0.041560
0 0.784250 0.473921 0.038154 0.042683
0 0.228820 0.825390 0.040814 0.039315
0 0.347813 0.850015 0.036946 0.042276
0 0.277475 0.515130 0.036303 0.039218
0 0.841901 0.748404 0.037190 0.038095
0 0.557298 0.486447 0.036303 0.039218
0 0.427109 0.399282 0.037511 0.039624
0 0.351107 0.588584 0.038719 0.040031
0 0.771364 0.409493 0.033887 0.038405
0 0.248091 0.917139 0.037267 0.043805
0 0.656265 0.677443 0.037511 0.039624
0 0.171008 0.550142 0.039040 0.041560
0 0.288963 0.834620 0.038398 0.038502
0 0.308111 0.928866 0.037511 0.039624
0 0.123353 0.597288 0.037190 0.038095
0 0.468619 0.874030 0.032358 0.036469
0 0.148726 0.718091 0.037190 0.038095
0 0.234762 0.853679 0.041778 0.043902
0 0.241346 0.885027 0.041457 0.042373
0 0.901195 0.762831 0.039040 0.041560
0 0.342277 0.817496 0.039362 0.043089
0 0.794445 0.799576 0.038643 0.034321
0 0.582350 0.605721 0.036946 0.042276
0 0.276437 0.774983 0.038398 0.038502
0 0.195098 0.935792 0.036946 0.042276
0 0.254354 0.946958 0.036303 0.039218
0 0.775136 0.704565 0.036303 0.039218
0 0.135275 0.657128 0.038398 0.038502
0 0.308630 0.663458 0.036946 0.042276
0 0.593552 0.862274 0.025354 0.029849
0 0.250459 0.654383 0.034774 0.037282
0 0.804926 0.298326 0.036946 0.042276
0 0.370340 0.677072 0.038154 0.042683
0 0.323327 0.727276 0.036946 0.042276
0 0.209153 0.987504 0.039362 0.024993
0 0.893847 0.730922 0.040891 0.045025
0 0.218020 0.499938 0.037190 0.038095
0 0.314856 0.960979 0.039927 0.040438
0 0.189797 0.639598 0.036303 0.039218
0 0.845587 0.778271 0.040249 0.041967
0 0.237452 0.592452 0.036869 0.036566
0 0.689261 0.569741 0.035738 0.041870
0 0.881160 0.670521 0.040570 0.043496
0 0.668347 0.738048 0.038398 0.038502
0 0.315535 0.696335 0.037267 0.043805
0 0.201200 0.964846 0.036946 0.042276
0 0.257609 0.682266 0.038154 0.042683
0 0.564893 0.784326 0.035416 0.040340
0 0.635503 0.587833 0.036946 0.042276
