0 0.108434 0.305543 0.041451 0.053420
0 0.482267 0.346796 0.045323 0.041950
0 0.487293 0.373861 0.046815 0.045481
0 0.474546 0.279498 0.046217 0.040626
0 0.823734 0.152694 0.039061 0.034003
0 0.459602 0.148948 0.046416 0.042245
0 0.505026 0.527065 0.035684 0.040914
0 0.462593 0.182413 0.048802 0.044452
0 0.466677 0.215584 0.048204 0.039598
0 0.909726 0.424573 0.033202 0.046501
0 0.470462 0.246328 0.047612 0.051953
0 0.579947 0.305398 0.037774 0.049299
0 0.884376 0.223269 0.038468 0.046358
0 0.477984 0.312007 0.046718 0.053276
0 0.521044 0.235189 0.035684 0.040914
0 0.215720 0.319231 0.037574 0.047681
0 0.062238 0.361473 0.038468 0.046358
0 0.268288 0.305885 0.037375 0.046063
0 0.732187 0.266834 0.037574 0.047681
0 0.635309 0.333094 0.037574 0.047681
0 0.630130 0.291024 0.037973 0.050917
0 0.771365 0.167658 0.039464 0.054448
0 0.261717 0.261683 0.039168 0.060626
0 0.307068 0.203473 0.039265 0.052830
0 0.220899 0.361301 0.040558 0.054743
0 0.585027 0.346659 0.037973 0.050917
0 0.590206 0.388729 0.037973 0.050917
0 0.570233 0.221919 0.039464 0.054448
0 0.904597 0.387505 0.040854 0.048566
0 0.493725 0.449030 0.044332 0.051068
0 0.426950 0.305713 0.039066 0.051212
0 0.323105 0.333728 0.036880 0.050622
0 0.374481 0.319868 0.041252 0.051802
0 0.067318 0.402734 0.041651 0.055038
0 0.420179 0.259893 0.037477 0.055476
0 0.359090 0.190274 0.042744 0.055333
0 0.610504 0.122448 0.037973 0.050917
0 0.894636 0.306600 0.040854 0.048566
0 0.363376 0.234257 0.039761 0.048271
0 0.874316 0.141556 0.038668 0.047976
0 0.685592 0.319528 0.042345 0.052097
0 0.104943 0.258838 0.041651 0.055038
0 0.164890 0.332944 0.038668 0.047976
0 0.639396 0.375459 0.039761 0.048271
0 0.899417 0.345434 0.041252 0.051802
0 0.312546 0.247970 0.039066 0.051212
0 0.273369 0.347146 0.040558 0.054743
0 0.676226 0.234284 0.038172 0.052535
0 0.681307 0.275545 0.040558 0.054743
0 0.720436 0.180562 0.042545 0.053715
0 0.155226 0.245272 0.041651 0.055038
0 0.827920 0.195868 0.042049 0.058274
0 0.057853 0.316681 0.042447 0.061510
0 0.119192 0.392919 0.039265 0.052830
0 0.625349 0.252190 0.039761 0.048271
0 0.499351 0.490144 0.043438 0.052392
0 0.620169 0.210119 0.040159 0.051507
0 0.614790 0.166431 0.037973 0.050917
0 0.170070 0.375014 0.041651 0.055038
0 0.868937 0.097868 0.041651 0.055038
0 0.575066 0.265755 0.039761 0.048271
0 0.525329 0.279173 0.041651 0.055038
0 0.776744 0.211346 0.039464 0.054448
0 0.727007 0.224764 0.038371 0.054153
0 0.514771 0.193414 0.040261 0.060920
0 0.737267 0.308095 0.039960 0.049889
0 0.889456 0.264530 0.041252 0.051802
0 0.716449 0.139006 0.040159 0.051507
0 0.817561 0.111728 0.042447 0.061510
0 0.863011 0.054327 0.042744 0.055333
0 0.710523 0.095465 0.041651 0.055038
0 0.159711 0.290874 0.041252 0.051802
0 0.879496 0.183626 0.041651 0.055038
0 0.114906 0.348936 0.043638 0.054010
0 0.319118 0.292172 0.041451 0.053420
0 0.369947 0.278460 0.042545 0.053715
