0 0.19461444308445536 0.20921985815602837 0.039167686658506756 0.046099290780141855
0 0.19461444308445533 0.7960992907801419 0.03671970624235005 0.042553191489361764
0 0.8212974296205631 0.7074468085106382 0.039167686658506784 0.046099290780141744
0 0.025091799265605876 0.2570921985815603 0.04039167686658507 0.04255319148936168
0 0.5373317013463892 0.7526595744680851 0.03427172582619342 0.04432624113475181
0 0.8776009791921664 0.523936170212766 0.041615667074663354 0.05141843971631199
0 0.9351285189718482 0.523936170212766 0.03916768665850667 0.0478723404255319
0 0.8200734394124847 0.523936170212766 0.0367197062423501 0.0478723404255319
0 0.08139534883720931 0.48049645390070916 0.040391676866585076 0.0460992907801418
0 0.8763769889840881 0.6161347517730495 0.0367197062423501 0.04078014184397172
0 0.8769889840881273 0.6586879432624113 0.04039167686658507 0.0478723404255319
0 0.3653610771113831 0.3005319148936171 0.03549571603427171 0.047872340425531845
0 0.25214198286413714 0.16134751773049644 0.03671970624235005 0.05319148936170212
0 0.8219094247246022 0.6613475177304964 0.03549571603427182 0.04255319148936165
0 0.8763769889840881 0.2570921985815603 0.03916768665850667 0.04255319148936168
0 0.02386780905752754 0.5257092198581561 0.037943696450428395 0.04078014184397161
0 0.08017135862913097 0.4326241134751773 0.04039167686658507 0.046099290780141855
0 0.5936352509179927 0.7526595744680851 0.041615667074663354 0.04787234042553201
0 0.9351285189718482 0.5673758865248226 0.0367197062423501 0.04255319148936165
0 0.8769889840881273 0.5700354609929078 0.03794369645042839 0.04432624113475181
0 0.8769889840881273 0.7074468085106382 0.04039167686658507 0.046099290780141744
0 0.48102815177478586 0.28102836879432624 0.04651162790697683 0.04432624113475181
0 0.5930232558139534 0.9308510638297872 0.04283965728274175 0.049645390070921946
0 0.5948592411260709 0.4804964539007092 0.039167686658506784 0.04255319148936165
0 0.08200734394124848 0.25443262411347517 0.03671970624235006 0.04078014184397161
0 0.9314565483476132 0.16312056737588654 0.039167686658506784 0.04255319148936168
0 0.30905752753977966 0.8421985815602837 0.04039167686658507 0.042553191489361764
0 0.8200734394124847 0.5700354609929078 0.0367197062423501 0.04078014184397172
0 0.36658506731946144 0.8856382978723404 0.03549571603427171 0.0478723404255319
0 0.36658506731946144 0.3891843971631206 0.03549571603427171 0.04078014184397166
0 0.13892288861689106 0.20921985815602837 0.03549571603427171 0.046099290780141855
0 0.08017135862913097 0.7952127659574468 0.03549571603427173 0.04078014184397161
0 0.93390452876377 0.25975177304964536 0.03671970624234999 0.044326241134751754
0 0.3653610771113831 0.572695035460993 0.03794369645042839 0.04255319148936165
0 0.30905752753977966 0.6631205673758865 0.03794369645042839 0.046099290780141855
0 0.19583843329253367 0.48315602836879434 0.0367197062423501 0.04432624113475181
0 0.93390452876377 0.3891843971631206 0.03671970624234999 0.044326241134751754
0 0.4785801713586292 0.21099290780141844 0.04895960832313345 0.04255319148936171
0 0.5948592411260709 0.7039007092198581 0.039167686658506784 0.046099290780141855
0 0.48102815177478575 0.13918439716312056 0.05140758873928997 0.0372340425531915
0 0.5361077111383108 0.8421985815602837 0.036719706242350214 0.042553191489361764
0 0.7643818849449204 0.3891843971631206 0.03549571603427171 0.04078014184397166
0 0.08139534883720931 0.9308510638297872 0.040391676866585076 0.049645390070921946
0 0.5385556915544676 0.6604609929078014 0.03916768665850667 0.04078014184397161
0 0.36658506731946144 0.7934397163120568 0.033047735618115026 0.0443262411347517
0 0.5936352509179926 0.8847517730496455 0.0367197062423501 0.04255319148936165
0 0.30905752753977966 0.8847517730496455 0.04039167686658507 0.04255319148936165
0 0.8788249694002448 0.8368794326241135 0.0367197062423501 0.049645390070921946
0 0.025091799265605876 0.4813829787234043 0.04039167686658507 0.047872340425531956
0 0.025091799265605876 0.43528368794326244 0.03549571603427172 0.044326241134751754
0 0.13769889840881272 0.30319148936170215 0.03794369645042839 0.046099290780141855
0 0.7643818849449204 0.300531914893617 0.04039167686658507 0.04432624113475181
0 0.4798041615667075 0.10283687943262411 0.04895960832313351 0.035460992907801414
0 0.08139534883720931 0.8856382978723405 0.042839657282741736 0.04078014184397161
0 0.5361077111383109 0.48315602836879434 0.03916768665850667 0.04432624113475181
0 0.9351285189718482 0.3457446808510638 0.03916768665850667 0.04255319148936171
0 0.8776009791921664 0.7526595744680851 0.041615667074663354 0.04432624113475181
0 0.48102815177478586 0.3191489361702128 0.04651162790697683 0.035460992907801414
0 0.48164014687882506 0.24468085106382978 0.045287637698898486 0.035460992907801414
0 0.4951040391676866 0.75 0.028151774785801664 0.03900709219858156
0 0.8788249694002448 0.9308510638297872 0.041615667074663465 0.046099290780141855
0 0.02264381884944921 0.8874113475177305 0.03794369645042839 0.0478723404255319
0 0.47980416156670747 0.1728723404255319 0.05140758873929013 0.030141843971631194
0 0.8788249694002448 0.8847517730496454 0.0367197062423501 0.046099290780141855
0 0.02509179926560588 0.7526595744680851 0.04283965728274173 0.02659574468085102
0 0.5373317013463892 0.523936170212766 0.041615667074663354 0.03014184397163122
0 0.8776009791921664 0.7934397163120568 0.03671970624234999 0.037234042553191515
0 0.8769889840881273 0.3457446808510638 0.04039167686658507 0.02482269503546103
0 0.4798041615667075 0.4813829787234043 0.044063647490820146 0.03368794326241137
0 0.023867809057527545 0.8413120567375887 0.04039167686658506 0.04078014184397161
0 0.08139534883720931 0.526595744680851 0.037943696450428395 0.046099290780141855
0 0.5936352509179927 0.7960992907801419 0.041615667074663354 0.049645390070921946
0 0.48102815177478586 0.35106382978723405 0.04651162790697683 0.03900709219858156
0 0.5373317013463892 0.7960992907801419 0.03427172582619342 0.046099290780141855
0 0.36658506731946144 0.75 0.033047735618115026 0.03900709219858156
0 0.310281517747858 0.7092198581560283 0.04039167686658507 0.04255319148936165
0 0.02631578947368421 0.16046099290780141 0.04039167686658507 0.05851063829787234
0 0.9351285189718482 0.300531914893617 0.03916768665850667 0.04432624113475181
0 0.5936352509179927 0.8439716312056738 0.041615667074663354 0.042553191489361764
0 0.5385556915544676 0.8900709219858156 0.03916768665850667 0.046099290780141855
0 0.08017135862913097 0.5700354609929078 0.04039167686658507 0.04432624113475181
0 0.02509179926560588 0.3005319148936171 0.04283965728274173 0.047872340425531845
0 0.8763769889840881 0.4787234042553191 0.0367197062423501 0.04255319148936171
0 0.5361077111383109 0.7074468085106382 0.03427172582619331 0.046099290780141744
0 0.5361077111383108 0.348404255319149 0.036719706242350214 0.044326241134751754
0 0.9320685434516524 0.11258865248226951 0.04039167686658507 0.05496453900709221
0 0.025703794369645042 0.9352836879432624 0.039167686658506735 0.0514184397163121
0 0.30966952264381886 0.16046099290780141 0.03671970624235005 0.05141843971631205
0 0.5373317013463892 0.6179078014184398 0.041615667074663354 0.04787234042553201
0 0.30905752753977966 0.43439716312056736 0.03794369645042839 0.046099290780141855
0 0.3078335373317013 0.20921985815602837 0.03794369645042839 0.04255319148936171
0 0.8206854345165239 0.2570921985815603 0.0379436964504285 0.049645390070921974
0 0.5936352509179926 0.21099290780141844 0.0367197062423501 0.046099290780141855
0 0.5936352509179927 0.16578014184397163 0.039167686658506784 0.0478723404255319
0 0.3678090575275398 0.43439716312056736 0.03794369645042839 0.046099290780141855
0 0.193390452876377 0.6586879432624113 0.03916768665850673 0.04432624113475181
0 0.30905752753977966 0.3891843971631206 0.03549571603427171 0.044326241134751754
0 0.13708690330477358 0.2570921985815603 0.036719706242350075 0.046099290780141855
0 0.8206854345165239 0.39184397163120566 0.0379436964504285 0.046099290780141855
0 0.30905752753977966 0.3005319148936171 0.04039167686658507 0.047872340425531845
0 0.8212974296205631 0.6152482269503546 0.039167686658506784 0.049645390070921946
0 0.6499388004895961 0.21365248226950356 0.0367197062423501 0.04787234042553193
0 0.6499388004895961 0.11258865248226951 0.0367197062423501 0.05141843971631206
0 0.8206854345165239 0.43528368794326244 0.0379436964504285 0.047872340425531956
0 0.08017135862913097 0.6161347517730497 0.04283965728274174 0.0478723404255319
0 0.8769889840881273 0.38652482269503546 0.04039167686658507 0.049645390070921946
0 0.8194614443084456 0.21099290780141844 0.03549571603427182 0.04255319148936171
0 0.5960832313341493 0.5726950354609928 0.03916768665850667 0.046099290780141744
0 0.30905752753977966 0.2544326241134752 0.03794369645042839 0.04432624113475184
0 0.5361077111383108 0.39184397163120566 0.036719706242350214 0.04255319148936171
0 0.4228886168910649 0.11258865248226951 0.03794369645042839 0.05141843971631206
0 0.19461444308445536 0.7047872340425532 0.039167686658506756 0.04432624113475181
0 0.6493268053855569 0.16312056737588654 0.04039167686658507 0.049645390070921974
0 0.08139534883720931 0.8395390070921986 0.040391676866585076 0.04787234042553201
0 0.7631578947368421 0.3484042553191489 0.04039167686658507 0.0478723404255319
0 0.310281517747858 0.5726950354609928 0.04039167686658507 0.046099290780141744
0 0.08384332925336598 0.11258865248226951 0.04283965728274173 0.04432624113475177
0 0.310281517747858 0.34397163120567376 0.03549571603427171 0.04255319148936171
0 0.2533659730722154 0.25443262411347517 0.03916768665850673 0.0478723404255319
0 0.0226438188494492 0.6161347517730497 0.04039167686658507 0.0478723404255319
0 0.7062423500611995 0.21365248226950356 0.03916768665850667 0.04432624113475178
0 0.08139534883720931 0.2978723404255319 0.037943696450428395 0.049645390070922
0 0.5373317013463892 0.4379432624113475 0.03671970624234999 0.046099290780141855
0 0.8763769889840881 0.21187943262411346 0.03916768665850667 0.04787234042553193
0 0.19583843329253364 0.43528368794326244 0.041615667074663354 0.05141843971631205
0 0.023867809057527542 0.7960992907801419 0.042839657282741736 0.049645390070921946
0 0.19461444308445536 0.25443262411347517 0.039167686658506756 0.0478723404255319
0 0.08017135862913097 0.7074468085106382 0.04283965728274174 0.04255319148936165
0 0.025091799265605876 0.3891843971631206 0.04039167686658507 0.044326241134751754
0 0.36658506731946144 0.5292553191489362 0.04039167686658507 0.0478723404255319
0 0.9326805385556916 0.21187943262411346 0.041615667074663465 0.04787234042553193
0 0.8206854345165239 0.3049645390070922 0.0379436964504285 0.046099290780141855
0 0.30966952264381886 0.4813829787234043 0.03671970624235005 0.047872340425531956
0 0.19461444308445536 0.11258865248226951 0.04161566707466344 0.05141843971631206
0 0.1952264381884945 0.6152482269503545 0.035495716034271735 0.04255319148936165
0 0.7643818849449204 0.43528368794326244 0.03794369645042839 0.05141843971631205
0 0.3678090575275398 0.21099290780141844 0.03794369645042839 0.046099290780141855
0 0.9351285189718482 0.6152482269503546 0.03916768665850667 0.049645390070921946
0 0.310281517747858 0.5265957446808511 0.04039167686658507 0.04255319148936165
0 0.5936352509179927 0.11524822695035461 0.039167686658506784 0.04964539007092199
0 0.19461444308445533 0.7526595744680851 0.03671970624235005 0.04432624113475181
0 0.08323133414932682 0.20656028368794327 0.03671970624235006 0.0478723404255319
0 0.8769889840881273 0.16312056737588654 0.04039167686658507 0.049645390070921974
0 0.19583843329253364 0.8395390070921986 0.041615667074663354 0.04787234042553201
0 0.023867809057527545 0.7092198581560284 0.04039167686658506 0.049645390070921946
0 0.19461444308445536 0.5700354609929078 0.039167686658506756 0.04432624113475181
0 0.5361077111383109 0.5673758865248226 0.03916768665850667 0.04964539007092206
0 0.7050183598531212 0.16578014184397163 0.03671970624234999 0.0478723404255319
0 0.310281517747858 0.7960992907801419 0.04039167686658507 0.049645390070921946
0 0.08017135862913097 0.7526595744680851 0.04039167686658507 0.04432624113475181
0 0.8769889840881273 0.43528368794326244 0.03794369645042839 0.044326241134751754
0 0.08017135862913097 0.6613475177304965 0.04039167686658507 0.046099290780141855
0 0.5948592411260709 0.39184397163120566 0.039167686658506784 0.046099290780141855
0 0.19583843329253364 0.3457446808510638 0.041615667074663354 0.04964539007092206
0 0.4798041615667075 0.4299645390070922 0.044063647490820146 0.0514184397163121
0 0.5361077111383108 0.3049645390070922 0.036719706242350214 0.046099290780141855
0 0.02631578947368421 0.21099290780141844 0.04039167686658507 0.04255319148936171
0 0.7643818849449204 0.21365248226950356 0.03794369645042839 0.04787234042553193
0 0.5942472460220318 0.526595744680851 0.04039167686658507 0.046099290780141855
0 0.023867809057527545 0.6613475177304965 0.04039167686658506 0.046099290780141855
0 0.3653610771113831 0.6613475177304965 0.03549571603427171 0.046099290780141855
0 0.025091799265605876 0.3457446808510638 0.04039167686658507 0.04255319148936171
0 0.36658506731946144 0.48049645390070916 0.04039167686658507 0.0460992907801418
0 0.5936352509179927 0.3049645390070922 0.03427172582619342 0.04255319148936171
0 0.5942472460220318 0.4379432624113475 0.04039167686658507 0.04255319148936171
0 0.5948592411260709 0.6152482269503546 0.039167686658506784 0.046099290780141855
0 0.7656058751529988 0.25620567375886527 0.03794369645042839 0.04078014184397169
0 0.19461444308445536 0.16046099290780141 0.04161566707466344 0.0478723404255319
0 0.1383108935128519 0.16046099290780141 0.03671970624235005 0.05141843971631205
0 0.310281517747858 0.75 0.04039167686658507 0.042553191489361764
0 0.08261933904528765 0.3466312056737589 0.0379436964504284 0.0478723404255319
0 0.5936352509179926 0.6613475177304965 0.0367197062423501 0.046099290780141855
0 0.594859241126071 0.348404255319149 0.0367197062423501 0.044326241134751754
0 0.8763769889840881 0.3049645390070922 0.041615667074663465 0.05319148936170215
0 0.8763769889840881 0.11258865248226951 0.03916768665850667 0.05141843971631206
0 0.3678090575275398 0.7074468085106382 0.03794369645042839 0.046099290780141744
0 0.08384332925336598 0.16046099290780141 0.04039167686658507 0.0478723404255319
0 0.7643818849449204 0.16312056737588654 0.03794369645042839 0.049645390070921974
0 0.310281517747858 0.6179078014184396 0.03549571603427171 0.04432624113475192
0 0.2539779681762546 0.29964539007092206 0.04039167686658501 0.0460992907801418
0 0.1946144430844553 0.9352836879432624 0.044063647490820035 0.0478723404255319
0 0.19461444308445536 0.8874113475177305 0.04161566707466344 0.0443262411347517
0 0.8206854345165239 0.3484042553191489 0.0379436964504285 0.04078014184397161
0 0.19461444308445533 0.300531914893617 0.03671970624235005 0.04432624113475181
0 0.3678090575275398 0.9335106382978724 0.04039167686658507 0.04787234042553201
0 0.8206854345165239 0.16312056737588654 0.0379436964504285 0.049645390070921974
0 0.023867809057527545 0.5700354609929078 0.04039167686658506 0.04432624113475181
0 0.30905752753977966 0.9308510638297872 0.04039167686658507 0.049645390070921946
0 0.7643818849449204 0.11524822695035461 0.03794369645042839 0.04964539007092199
0 0.3653610771113831 0.3457446808510638 0.03549571603427171 0.0460992907801418
0 0.7643818849449204 0.4831560283687944 0.03794369645042839 0.04787234042553201
0 0.3653610771113831 0.8368794326241135 0.03549571603427171 0.046099290780141855
0 0.36658506731946144 0.6179078014184396 0.03549571603427171 0.04432624113475192
0 0.08139534883720931 0.3891843971631206 0.03549571603427172 0.044326241134751754
0 0.4228886168910649 0.20921985815602837 0.03549571603427171 0.04255319148936171
0 0.93390452876377 0.43439716312056736 0.03671970624234999 0.046099290780141855
0 0.25091799265605874 0.20921985815602837 0.04161566707466344 0.04255319148936171
0 0.9326805385556916 0.4804964539007092 0.03916768665850667 0.04255319148936165
0 0.19461444308445536 0.39095744680851063 0.039167686658506756 0.04078014184397161
0 0.19461444308445536 0.5265957446808511 0.039167686658506756 0.04964539007092206
0 0.8206854345165239 0.48138297872340424 0.0379436964504285 0.04078014184397161
0 0.5385556915544676 0.25443262411347517 0.03916768665850667 0.051418439716312075
0 0.3653610771113831 0.16046099290780141 0.04039167686658507 0.05141843971631205
0 0.7062423500611995 0.11524822695035461 0.041615667074663465 0.04964539007092199
0 0.36658506731946144 0.2544326241134752 0.03549571603427171 0.04432624113475184
0 0.36658506731946144 0.10815602836879432 0.04283965728274175 0.04964539007092196
0 0.4241126070991432 0.16046099290780141 0.04039167686658507 0.0478723404255319
0 0.5936352509179926 0.25886524822695034 0.0367197062423501 0.04609929078014183
