0 0.5247578749412318 0.22380952380952382 0.023108603667136775 0.03809523809523809
0 0.3389261871180066 0.25476190476190474 0.01925716972261398 0.030158730158730183
0 0.33796332863187595 0.23015873015873015 0.01733145275035266 0.01587301587301586
0 0.3379633286318759 0.1 0.02310860366713689 0.03492063492063493
0 0.5262021626704279 0.6285714285714286 0.025997179125528874 0.03492063492063498
0 0.48624353549600374 0.15079365079365079 0.025034320639398176 0.03809523809523809
0 0.6051565585331453 0.6968253968253968 0.02599717912552895 0.03492063492063498
0 0.06788152327221439 0.36904761904761907 0.025997179125528912 0.03650793650793651
0 0.5252393041842971 0.36904761904761907 0.02022002820874468 0.03333333333333335
0 0.5257207334273625 0.4420634920634921 0.023108603667136775 0.030158730158730142
0 0.06691866478608369 0.5888888888888889 0.025997179125528912 0.03492063492063489
0 0.26863751763046545 0.6642857142857143 0.02696003761165965 0.042857142857142795
0 0.3663676539727316 0.6968253968253968 0.025997179125529023 0.03492063492063498
0 0.3374818993888105 0.13492063492063494 0.020220028208744717 0.02857142857142858
0 0.5252393041842971 0.47698412698412695 0.024071462153267477 0.03650793650793656
0 0.6041937000470147 0.515079365079365 0.020220028208744755 0.033333333333333305
0 0.6051565585331453 0.6611111111111111 0.02599717912552895 0.03650793650793647
0 0.26815608838740007 0.6253968253968254 0.02599717912552895 0.03492063492063498
0 0.5666422190879172 0.6968253968253968 0.02599717912552895 0.03492063492063498
0 0.6046751292900799 0.5904761904761905 0.02310860366713685 0.03809523809523805
0 0.566160789844852 0.6253968253968254 0.025034320639398252 0.03492063492063498
0 0.6041937000470147 0.11507936507936507 0.02599717912552895 0.03333333333333334
0 0.1083215796897038 0.2587301587301587 0.02599717912552893 0.041269841269841255
0 0.3682933709449929 0.6238095238095238 0.02407146215326755 0.028571428571428647
0 0.6032308415608839 0.2611111111111111 0.02407146215326755 0.030158730158730142
0 0.6051565585331453 0.7341269841269842 0.02599717912552895 0.03650793650793647
0 0.566160789844852 0.5912698412698413 0.025034320639398252 0.033333333333333305
0 0.6041937000470147 0.47777777777777775 0.02599717912552895 0.03809523809523814
0 0.3682933709449929 0.44603174603174606 0.02599717912552895 0.03492063492063498
0 0.5656793606017865 0.734920634920635 0.027922896097790348 0.03492063492063489
0 0.5262021626704279 0.5912698412698413 0.025997179125528874 0.03650793650793647
0 0.5666422190879172 0.6611111111111111 0.02599717912552895 0.03650793650793647
0 0.4072891396332863 0.734920634920635 0.02696003761165965 0.02857142857142856
0 0.3076332863187588 0.36904761904761907 0.024071462153267515 0.03333333333333335
0 0.06788152327221439 0.6619047619047619 0.025997179125528912 0.03492063492063489
0 0.1482802068641279 0.6619047619047619 0.025034320639398252 0.03174603174603172
0 0.22867889045604137 0.40793650793650793 0.02599717912552895 0.03809523809523809
0 0.5247578749412318 0.40476190476190477 0.023108603667136775 0.03809523809523809
0 0.5257207334273625 0.2587301587301587 0.023108603667136775 0.031746031746031765
0 0.5247578749412318 0.3333333333333333 0.023108603667136775 0.03492063492063493
0 0.4063262811471556 0.5888888888888889 0.02696003761165965 0.03492063492063489
0 0.6046751292900799 0.6261904761904762 0.025034320639398252 0.033333333333333395
0 0.3663676539727316 0.5936507936507937 0.025997179125529023 0.03492063492063489
0 0.3682933709449929 0.4825396825396826 0.02407146215326755 0.03492063492063489
0 0.4063262811471556 0.33174603174603173 0.023108603667136775 0.03492063492063493
0 0.3673305124588622 0.553968253968254 0.02599717912552895 0.03809523809523814
0 0.06740009402914904 0.4793650793650793 0.02696003761165961 0.03809523809523814
0 0.6037122708039492 0.15079365079365079 0.025034320639398252 0.03492063492063493
0 0.4063262811471556 0.6619047619047619 0.02696003761165965 0.03809523809523805
0 0.4072891396332863 0.36904761904761907 0.025034320639398252 0.03968253968253967
0 0.3673305124588622 0.734920634920635 0.02599717912552895 0.03809523809523805
0 0.1083215796897038 0.6611111111111111 0.02599717912552893 0.033333333333333305
0 0.3066704278326281 0.5531746031746032 0.025997179125528912 0.033333333333333395
0 0.26815608838740007 0.7031746031746031 0.02599717912552895 0.03492063492063498
0 0.5252393041842971 0.6968253968253968 0.025997179125528874 0.03809523809523814
0 0.5262021626704279 0.553968253968254 0.025997179125528874 0.03492063492063498
0 0.5656793606017865 0.47777777777777775 0.02599717912552895 0.03492063492063498
0 0.1887202632816173 0.2587301587301587 0.025034320639398214 0.03492063492063493
0 0.6032308415608839 0.0746031746031746 0.02599717912552895 0.04444444444444444
0 0.3066704278326281 0.5888888888888889 0.025997179125528912 0.03492063492063489
0 0.10735872120357311 0.5888888888888889 0.025997179125528912 0.03492063492063489
0 0.3682933709449929 0.519047619047619 0.02599717912552895 0.03492063492063489
0 0.4063262811471556 0.7015873015873015 0.02696003761165965 0.03492063492063498
0 0.18823883403855196 0.5174603174603174 0.025997179125528912 0.03174603174603172
0 0.18920169252468266 0.6619047619047619 0.025997179125528912 0.03492063492063489
0 0.1073587212035731 0.480952380952381 0.024071462153267532 0.03492063492063489
0 0.14876163610719326 0.2587301587301587 0.02407146215326755 0.03492063492063493
0 0.5656793606017865 0.5174603174603174 0.02599717912552895 0.03492063492063489
0 0.26815608838740007 0.4801587301587301 0.02599717912552895 0.03650793650793656
0 0.14876163610719323 0.48015873015873023 0.025997179125528912 0.033333333333333305
0 0.5647165021156558 0.26111111111111107 0.02599717912552895 0.03650793650793651
0 0.5271650211565585 0.5158730158730158 0.025997179125528874 0.03809523809523805
0 0.26815608838740007 0.40714285714285714 0.02599717912552895 0.03650793650793651
0 0.5642350728725906 0.40476190476190477 0.02310860366713685 0.03492063492063493
0 0.26815608838740007 0.373015873015873 0.02599717912552895 0.03492063492063493
0 0.2277160319699107 0.5912698412698413 0.025997179125528912 0.03968253968253963
0 0.06740009402914904 0.3341269841269841 0.025034320639398214 0.03650793650793651
0 0.4063262811471556 0.2968253968253968 0.023108603667136775 0.03492063492063493
0 0.22916031969910675 0.14761904761904762 0.023108603667136813 0.03492063492063491
0 0.06740009402914904 0.7396825396825397 0.02696003761165961 0.03809523809523805
0 0.06836295251527974 0.18412698412698414 0.023108603667136813 0.03492063492063491
0 0.14876163610719326 0.40714285714285714 0.02407146215326755 0.03333333333333335
0 0.14779877762106255 0.5158730158730158 0.02599717912552895 0.03492063492063489
0 0.10880300893276916 0.21984126984126987 0.023108603667136813 0.03650793650793651
0 0.339407616361072 0.03333333333333333 0.020220028208744755 0.02857142857142857
0 0.3066704278326281 0.40634920634920635 0.025997179125528912 0.03809523809523809
0 0.14828020686412788 0.2968253968253968 0.02696003761165961 0.03809523809523809
0 0.06691866478608369 0.6253968253968254 0.025997179125528912 0.03809523809523814
0 0.18968312176774801 0.18571428571428572 0.02696003761165961 0.03809523809523807
0 0.5247578749412318 0.15079365079365079 0.023108603667136775 0.03809523809523809
0 0.10735872120357311 0.6238095238095238 0.025997179125528912 0.03492063492063498
0 0.18823883403855196 0.3333333333333333 0.025997179125528912 0.03492063492063493
0 0.14683591913493182 0.5507936507936508 0.025997179125528912 0.03809523809523814
0 0.6041937000470147 0.40476190476190477 0.02599717912552895 0.03492063492063493
0 0.27008180535966153 0.3349206349206349 0.024071462153267515 0.03492063492063493
0 0.14828020686412788 0.14444444444444443 0.023108603667136813 0.03809523809523809
0 0.6037122708039492 0.1880952380952381 0.025034320639398252 0.03650793650793653
0 0.3066704278326281 0.33174603174603173 0.025997179125528912 0.03809523809523809
0 0.18727597555242126 0.4801587301587301 0.025997179125528874 0.03968253968253972
0 0.1083215796897038 0.40714285714285714 0.02599717912552893 0.03650793650793651
0 0.1083215796897038 0.4428571428571429 0.02599717912552893 0.03809523809523805
0 0.10784015044663844 0.3341269841269841 0.02503432063939823 0.03650793650793651
0 0.3687748001880583 0.3349206349206349 0.02310860366713685 0.03492063492063493
0 0.40777056887635166 0.03968253968253969 0.025997179125528874 0.0380952380952381
0 0.6041937000470147 0.29523809523809524 0.02599717912552895 0.03809523809523809
0 0.2296417489421721 0.22380952380952382 0.024071462153267515 0.03492063492063489
0 0.2696003761165962 0.14761904761904762 0.023108603667136813 0.03809523809523809
0 0.3682933709449929 0.373015873015873 0.02407146215326755 0.03809523809523809
0 0.18823883403855196 0.4428571428571429 0.025997179125528912 0.03492063492063489
0 0.3687748001880583 0.26428571428571435 0.02310860366713685 0.03650793650793651
0 0.26815608838740007 0.2619047619047619 0.02599717912552895 0.03492063492063489
0 0.2296417489421721 0.2619047619047619 0.024071462153267515 0.03492063492063489
0 0.4063262811471556 0.15079365079365079 0.023108603667136775 0.03492063492063493
0 0.10928443817583451 0.14682539682539683 0.024071462153267515 0.03650793650793649
0 0.1887202632816173 0.22380952380952382 0.025034320639398214 0.03492063492063489
0 0.18920169252468266 0.40793650793650793 0.025997179125528912 0.03809523809523809
0 0.1492430653502586 0.18492063492063493 0.02310860366713685 0.03650793650793649
0 0.10976586741889986 0.1841269841269841 0.025034320639398214 0.03809523809523809
0 0.6032308415608839 0.22380952380952382 0.02599717912552895 0.03492063492063489
0 0.2296417489421721 0.2968253968253968 0.024071462153267515 0.03492063492063493
0 0.18823883403855196 0.29603174603174603 0.025997179125528912 0.03650793650793651
0 0.06788152327221439 0.4420634920634921 0.025997179125528912 0.03968253968253963
0 0.36781194170192766 0.22698412698412698 0.023108603667136927 0.03492063492063493
0 0.4072891396332863 0.11587301587301586 0.025034320639398252 0.03492063492063492
0 0.06836295251527974 0.21984126984126987 0.025034320639398214 0.03650793650793651
0 0.14779877762106253 0.3349206349206349 0.024071462153267515 0.03492063492063493
0 0.18968312176774801 0.11190476190476191 0.02696003761165961 0.03333333333333335
0 0.5637536436295251 0.22380952380952382 0.02599717912552895 0.03492063492063489
0 0.27008180535966153 0.2984126984126984 0.024071462153267515 0.03809523809523809
0 0.3687748001880583 0.3 0.02310860366713685 0.03492063492063489
0 0.1482802068641279 0.22063492063492066 0.025034320639398252 0.03492063492063493
0 0.22916031969910675 0.3349206349206349 0.025034320639398214 0.03809523809523809
0 0.3379633286318759 0.20793650793650792 0.02310860366713689 0.03492063492063493
0 0.5252393041842971 0.6611111111111111 0.024071462153267477 0.033333333333333305
0 0.07702867889045606 0.5158730158730158 0.01733145275035263 0.025396825396825397
0 0.3413333333333333 0.6285714285714287 0.014442877291960485 0.02857142857142856
0 0.3076332863187588 0.29603174603174603 0.025997179125528912 0.023809523809523815
0 0.22819746121297602 0.4428571428571429 0.025034320639398252 0.03492063492063489
0 0.06836295251527974 0.2579365079365079 0.025034320639398214 0.03968253968253967
0 0.3682933709449929 0.6603174603174603 0.02599717912552895 0.03809523809523805
0 0.18920169252468266 0.5888888888888889 0.025997179125528912 0.03492063492063489
0 0.1083215796897038 0.36904761904761907 0.02599717912552893 0.03650793650793651
0 0.1887202632816173 0.6992063492063492 0.02696003761165961 0.03650793650793656
0 0.10784015044663844 0.6992063492063492 0.02503432063939823 0.03968253968253972
0 0.4063262811471556 0.4428571428571429 0.02696003761165965 0.03809523809523805
0 0.26911894687353083 0.7373015873015873 0.025997179125528912 0.03650793650793647
0 0.14876163610719323 0.5880952380952381 0.025997179125528912 0.033333333333333305
0 0.4063262811471556 0.553968253968254 0.02888575458392097 0.03492063492063498
0 0.14876163610719323 0.6992063492063492 0.025997179125528912 0.03650793650793656
0 0.3066704278326281 0.4801587301587301 0.025997179125528912 0.03968253968253972
0 0.26815608838740007 0.5158730158730158 0.02599717912552895 0.03492063492063489
0 0.446766337564645 0.08015873015873017 0.023108603667136775 0.0365079365079365
0 0.566160789844852 0.5563492063492064 0.02696003761165965 0.03650793650793647
0 0.6032308415608839 0.36904761904761907 0.02599717912552895 0.03650793650793651
0 0.4072891396332863 0.623015873015873 0.025034320639398252 0.03650793650793656
0 0.6041937000470147 0.4420634920634921 0.02599717912552895 0.033333333333333305
0 0.22916031969910675 0.373015873015873 0.023108603667136813 0.03174603174603172
0 0.3066704278326281 0.6619047619047619 0.025997179125528912 0.03809523809523805
0 0.3071518570756934 0.6992063492063492 0.025034320639398214 0.03650793650793656
0 0.18920169252468266 0.626984126984127 0.025997179125528912 0.03492063492063498
0 0.10880300893276916 0.7380952380952381 0.023108603667136813 0.03492063492063489
0 0.6032308415608839 0.3333333333333333 0.02599717912552895 0.03492063492063493
0 0.18968312176774801 0.07142857142857142 0.02696003761165961 0.03809523809523809
0 0.06740009402914905 0.14444444444444443 0.023108603667136823 0.03809523809523809
0 0.06740009402914904 0.55 0.02696003761165961 0.042857142857142885
0 0.26815608838740007 0.5912698412698413 0.02599717912552895 0.033333333333333305
0 0.4053634226610249 0.40634920634920635 0.025034320639398176 0.03492063492063493
0 0.36781194170192766 0.4103174603174603 0.025034320639398252 0.03333333333333335
0 0.14828020686412788 0.7341269841269842 0.02696003761165961 0.033333333333333305
0 0.5257207334273625 0.1873015873015873 0.023108603667136775 0.031746031746031744
0 0.10735872120357311 0.5531746031746032 0.025997179125528912 0.03650793650793656
0 0.18920169252468266 0.734920634920635 0.02792289609779031 0.03492063492063489
0 0.6041937000470147 0.5507936507936508 0.02599717912552895 0.03809523809523814
0 0.1482802068641279 0.6238095238095238 0.025034320639398252 0.041269841269841304
0 0.26863751763046545 0.5555555555555556 0.02696003761165965 0.03809523809523814
0 0.5642350728725906 0.4428571428571429 0.025034320639398252 0.03492063492063489
0 0.3076332863187588 0.6238095238095238 0.024071462153267515 0.03492063492063498
0 0.4053634226610249 0.4809523809523809 0.02696003761165965 0.03809523809523814
0 0.22819746121297604 0.480952380952381 0.02696003761165961 0.03492063492063489
0 0.26911894687353083 0.44523809523809527 0.025997179125528912 0.033333333333333305
0 0.2277160319699107 0.553968253968254 0.025997179125528912 0.03492063492063498
0 0.3071518570756934 0.734920634920635 0.025034320639398214 0.03492063492063489
0 0.4472477668077104 0.03968253968253969 0.02599717912552895 0.0380952380952381
0 0.06788152327221439 0.40476190476190477 0.024071462153267515 0.03492063492063493
0 0.2277160319699107 0.5174603174603174 0.025997179125528912 0.03492063492063489
0 0.5252393041842971 0.29365079365079366 0.025997179125528874 0.03809523809523809
0 0.4063262811471556 0.2619047619047619 0.023108603667136775 0.03492063492063489
0 0.5642350728725906 0.3333333333333333 0.025034320639398252 0.03492063492063493
0 0.06740009402914904 0.2984126984126984 0.025034320639398214 0.03492063492063493
0 0.4063262811471556 0.519047619047619 0.02888575458392097 0.03492063492063489
0 0.10735872120357311 0.5158730158730158 0.025997179125528912 0.03492063492063489
0 0.18920169252468266 0.36904761904761907 0.025997179125528912 0.03650793650793651
0 0.5262021626704279 0.734920634920635 0.025997179125528874 0.03492063492063489
0 0.5642350728725906 0.2968253968253968 0.025034320639398252 0.03492063492063493
0 0.06740009402914904 0.7 0.02696003761165961 0.03809523809523814
0 0.14876163610719326 0.36984126984126986 0.02407146215326755 0.03492063492063493
0 0.10832157968970381 0.2992063492063492 0.024071462153267515 0.033333333333333305
0 0.3066704278326281 0.5174603174603174 0.025997179125528912 0.03492063492063489
0 0.5651979313587212 0.36904761904761907 0.02310860366713685 0.03650793650793651
0 0.5647165021156558 0.15 0.02407146215326755 0.03968253968253967
0 0.3374818993888105 0.06190476190476191 0.020220028208744717 0.02857142857142857
0 0.18920169252468266 0.5531746031746032 0.025997179125528912 0.03650793650793656
0 0.3076332863187588 0.4428571428571429 0.025997179125528912 0.03492063492063489
0 0.3076332863187588 0.2611111111111111 0.024071462153267515 0.033333333333333305
0 0.18968312176774801 0.14761904761904762 0.02696003761165961 0.03492063492063491
0 0.14876163610719323 0.4428571428571429 0.025997179125528912 0.03492063492063489
0 0.36781194170192766 0.19126984126984128 0.023108603667136927 0.03650793650793651
0 0.3076332863187588 0.14444444444444443 0.024071462153267515 0.03492063492063493
0 0.3071518570756934 0.1849206349206349 0.025034320639398214 0.03968253968253967
0 0.5647165021156558 0.18888888888888888 0.02599717912552895 0.03492063492063495
0 0.3076332863187588 0.22380952380952382 0.024071462153267515 0.03809523809523809
0 0.4072891396332863 0.22698412698412698 0.025034320639398252 0.03492063492063493
0 0.22916031969910675 0.1873015873015873 0.025034320639398214 0.03809523809523811
0 0.26911894687353083 0.1873015873015873 0.025997179125528912 0.03492063492063491
0 0.40680771039022096 0.07936507936507936 0.025997179125529023 0.03809523809523809
0 0.26815608838740007 0.22380952380952382 0.02599717912552895 0.03492063492063489
0 0.36781194170192766 0.15317460317460316 0.025034320639398252 0.039682539682539694
0 0.4063262811471556 0.1880952380952381 0.02696003761165965 0.039682539682539694
