0 0.11071399428804571 0.17618514371033966 0.022282061743506065 0.03882045539380367
0 0.1107139942880457 0.6703994027622248 0.020889432884536915 0.03583426651735727
0 0.46722698218414255 0.5957446808510638 0.022282061743506082 0.03882045539380358
0 0.014274445804433565 0.21649869354236656 0.022978376172990617 0.0358342665173572
0 0.3056820345437236 0.6338185890257558 0.019496804025567815 0.03732736095558047
0 0.4992574459404324 0.4412094064949608 0.02367469060247515 0.04329973870847326
0 0.5319842241262069 0.4412094064949608 0.02228206174350602 0.04031354983202686
0 0.46653066775465796 0.4412094064949608 0.020889432884536947 0.04031354983202686
0 0.046304909560723514 0.40462859275849195 0.02297837617299062 0.03882045539380362
0 0.4985611315109479 0.518850317282568 0.020889432884536947 0.03434117207913408
0 0.4989092887256902 0.5546845837999254 0.022978376172990617 0.04031354983202686
0 0.20784985720114238 0.25307950727883544 0.02019311845505235 0.04031354983202682
0 0.14344077247382023 0.1358715938783128 0.020889432884536915 0.04479283314669652
0 0.4675751393988848 0.5569242254572601 0.020193118455052412 0.03583426651735718
0 0.4985611315109479 0.21649869354236656 0.02228206174350602 0.0358342665173572
0 0.013578131374949 0.4427025009331841 0.021585747314021488 0.03434117207913399
0 0.04560859513123895 0.3643150429264651 0.022978376172990617 0.03882045539380367
0 0.33771249830001365 0.6338185890257558 0.02367469060247515 0.04031354983202696
0 0.5319842241262069 0.4777902202314296 0.020889432884536947 0.03583426651735718
0 0.4989092887256902 0.48002986188876445 0.02158574731402148 0.03732736095558047
0 0.4989092887256902 0.5957446808510638 0.022978376172990617 0.03882045539380358
0 0.27365157078743374 0.23665546845838 0.026459948320413484 0.03732736095558047
0 0.3373643410852713 0.7838745800671892 0.024371005031959752 0.04180664427025006
0 0.33840881272949813 0.404628592758492 0.022282061743506082 0.03583426651735718
0 0.0466530667754658 0.21425905188503172 0.020889432884536922 0.03434117207913399
0 0.5298952808377533 0.13736468831653603 0.022282061743506082 0.0358342665173572
0 0.17581939344485242 0.7092198581560284 0.022978376172990617 0.03583426651735727
0 0.46653066775465796 0.48002986188876445 0.020889432884536947 0.03434117207913408
0 0.20854617163062694 0.7458006718924972 0.02019311845505235 0.04031354983202686
0 0.20854617163062694 0.3277342291899963 0.02019311845505235 0.03434117207913403
0 0.07903168774649802 0.17618514371033966 0.02019311845505235 0.03882045539380367
0 0.04560859513123895 0.6696528555431132 0.02019311845505236 0.03434117207913399
0 0.5312879096967225 0.21873833519970134 0.020889432884536884 0.037327360955580424
0 0.20784985720114238 0.4822695035460994 0.02158574731402148 0.03583426651735718
0 0.17581939344485242 0.5584173198954834 0.02158574731402148 0.03882045539380367
0 0.11141030871753027 0.4068682344158268 0.020889432884536947 0.03732736095558047
0 0.5312879096967225 0.3277342291899963 0.020889432884536884 0.037327360955580424
0 0.2722589419284646 0.1776782381485629 0.027852577179382585 0.03583426651735723
0 0.33840881272949813 0.5927584919746174 0.022282061743506082 0.03882045539380367
0 0.2736515707874337 0.11720791340052257 0.029245206038351627 0.03135498320268758
0 0.304985720114239 0.7092198581560284 0.02088943288453701 0.03583426651735727
0 0.43484836121311027 0.3277342291899963 0.02019311845505235 0.03434117207913403
0 0.046304909560723514 0.7838745800671892 0.02297837617299062 0.04180664427025006
0 0.3063783489732082 0.5561776782381486 0.02228206174350602 0.03434117207913399
0 0.20854617163062694 0.66815976110489 0.018800489596083214 0.037327360955580376
0 0.3377124983000136 0.7450541246733856 0.020889432884536947 0.03583426651735718
0 0.17581939344485242 0.7450541246733856 0.022978376172990617 0.03583426651735718
0 0.499953760369917 0.7047405748413587 0.020889432884536947 0.04180664427025006
0 0.014274445804433565 0.4053751399776036 0.022978376172990617 0.04031354983202691
0 0.014274445804433565 0.3665546845838 0.020193118455052356 0.037327360955580424
0 0.07833537331701346 0.25531914893617025 0.02158574731402148 0.03882045539380367
0 0.43484836121311027 0.2530795072788354 0.022978376172990617 0.03732736095558047
0 0.27295525635794915 0.08659947741694662 0.027852577179382616 0.02986188876446435
0 0.046304909560723514 0.7458006718924972 0.02437100503195974 0.03434117207913399
0 0.3049857201142391 0.4068682344158268 0.02228206174350602 0.03732736095558047
0 0.5319842241262069 0.2911534154535274 0.02228206174350602 0.03583426651735723
0 0.4992574459404324 0.6338185890257558 0.02367469060247515 0.03732736095558047
0 0.27365157078743374 0.2687569988801792 0.026459948320413484 0.02986188876446435
0 0.27399972800217604 0.20604703247480402 0.025763633890928915 0.02986188876446435
0 0.28165918672650614 0.631578947368421 0.016015231878144947 0.032848077640910786
0 0.499953760369917 0.7838745800671892 0.023674690602475217 0.03882045539380367
0 0.012881816945464438 0.7472937663307204 0.02158574731402148 0.04031354983202686
0 0.27295525635794915 0.1455767077267637 0.02924520603835172 0.02538260544979469
0 0.499953760369917 0.7450541246733856 0.020889432884536947 0.03882045539380367
0 0.014274445804433567 0.6338185890257558 0.024371005031959738 0.022396416573348225
0 0.3056820345437236 0.4412094064949608 0.02367469060247515 0.025382605449794714
0 0.4992574459404324 0.66815976110489 0.020889432884536884 0.03135498320268759
0 0.4989092887256902 0.2911534154535274 0.022978376172990617 0.020903322135125076
0 0.27295525635794915 0.4053751399776036 0.02506731946144435 0.02836879432624115
0 0.013578131374949004 0.7084733109369168 0.022978376172990613 0.03434117207913399
0 0.046304909560723514 0.4434490481522956 0.021585747314021488 0.03882045539380367
0 0.33771249830001365 0.6703994027622248 0.02367469060247515 0.04180664427025006
0 0.27365157078743374 0.2956326987681971 0.026459948320413484 0.032848077640910786
0 0.3056820345437236 0.6703994027622248 0.019496804025567815 0.03882045539380367
0 0.20854617163062694 0.631578947368421 0.018800489596083214 0.032848077640910786
0 0.17651570787433699 0.597237775289287 0.022978376172990617 0.03583426651735718
0 0.014970760233918128 0.1351250466592012 0.022978376172990617 0.04927211646136618
0 0.5319842241262069 0.2530795072788354 0.02228206174350602 0.03732736095558047
0 0.33771249830001365 0.7107129525942516 0.02367469060247515 0.03583426651735727
0 0.3063783489732082 0.7495334079880552 0.02228206174350602 0.03882045539380367
0 0.04560859513123895 0.48002986188876445 0.022978376172990617 0.03732736095558047
0 0.014274445804433567 0.25307950727883544 0.024371005031959738 0.04031354983202682
0 0.4985611315109479 0.40313549832026874 0.020889432884536947 0.03583426651735723
0 0.3049857201142391 0.5957446808510638 0.01949680402556775 0.03882045539380358
0 0.304985720114239 0.2933930571108623 0.02088943288453701 0.037327360955580424
0 0.5302434380524955 0.09481149682717432 0.022978376172990617 0.046285927584919756
0 0.014622603019175846 0.7876073161627474 0.022282061743506054 0.04329973870847335
0 0.17616755065959472 0.1351250466592012 0.020889432884536915 0.043299738708473305
0 0.3056820345437236 0.5203434117207915 0.02367469060247515 0.04031354983202696
0 0.17581939344485242 0.3658081373646883 0.02158574731402148 0.03882045539380367
0 0.17512307901536786 0.17618514371033966 0.02158574731402148 0.03583426651735723
0 0.46687882496940025 0.21649869354236656 0.021585747314021547 0.04180664427025008
0 0.3377124983000136 0.1776782381485629 0.020889432884536947 0.03882045539380367
0 0.33771249830001365 0.13960432997387084 0.022282061743506082 0.04031354983202686
0 0.20924248606011153 0.3658081373646883 0.02158574731402148 0.03882045539380367
0 0.11001767985856113 0.5546845837999254 0.02228206174350605 0.03732736095558047
0 0.17581939344485242 0.3277342291899963 0.02019311845505235 0.037327360955580424
0 0.07798721610227119 0.21649869354236656 0.020889432884536933 0.03882045539380367
0 0.46687882496940025 0.3299738708473311 0.021585747314021547 0.03882045539380367
0 0.17581939344485242 0.25307950727883544 0.022978376172990617 0.04031354983202682
0 0.46722698218414255 0.5181037700634565 0.022282061743506082 0.04180664427025006
0 0.3697429620563035 0.17991787980589774 0.020889432884536947 0.04031354983202689
0 0.3697429620563035 0.09481149682717432 0.020889432884536947 0.04329973870847331
0 0.46687882496940025 0.3665546845838 0.021585747314021547 0.04031354983202691
0 0.04560859513123895 0.5188503172825681 0.02437100503195975 0.04031354983202686
0 0.4989092887256902 0.3254945875326614 0.022978376172990617 0.04180664427025006
0 0.4661825105399157 0.1776782381485629 0.020193118455052412 0.03583426651735723
0 0.3391051271589827 0.48226950354609915 0.02228206174350602 0.03882045539380358
0 0.17581939344485242 0.21425905188503178 0.02158574731402148 0.037327360955580494
0 0.304985720114239 0.3299738708473311 0.02088943288453701 0.03583426651735723
0 0.2405766353869169 0.09481149682717432 0.02158574731402148 0.04329973870847331
0 0.11071399428804571 0.593505039193729 0.022282061743506065 0.03732736095558047
0 0.36939480484156123 0.13736468831653603 0.022978376172990617 0.04180664427025008
0 0.046304909560723514 0.7069802164986936 0.02297837617299062 0.04031354983202696
0 0.43415204678362573 0.2933930571108623 0.022978376172990617 0.04031354983202686
0 0.17651570787433699 0.48226950354609915 0.022978376172990617 0.03882045539380358
0 0.047697538419692646 0.09481149682717432 0.024371005031959738 0.03732736095558044
0 0.17651570787433699 0.2896603210153042 0.02019311845505235 0.03583426651735723
0 0.14413708690330476 0.21425905188503172 0.02228206174350605 0.04031354983202686
0 0.012881816945464435 0.5188503172825681 0.022978376172990617 0.04031354983202686
0 0.4017734258125935 0.17991787980589774 0.02228206174350602 0.037327360955580445
0 0.046304909560723514 0.25083986562150057 0.021585747314021488 0.041806644270250104
0 0.3056820345437236 0.36879432624113473 0.020889432884536884 0.03882045539380367
0 0.4985611315109479 0.1784247853676745 0.02228206174350602 0.04031354983202689
0 0.11141030871753024 0.3665546845838 0.02367469060247515 0.043299738708473305
0 0.013578131374949001 0.6703994027622248 0.02437100503195974 0.04180664427025006
0 0.11071399428804571 0.21425905188503172 0.022282061743506065 0.04031354983202686
0 0.04560859513123895 0.5957446808510638 0.02437100503195975 0.03583426651735718
0 0.014274445804433565 0.3277342291899963 0.022978376172990617 0.037327360955580424
0 0.20854617163062694 0.4456886898096305 0.022978376172990617 0.04031354983202686
0 0.5305915952672379 0.1784247853676745 0.023674690602475217 0.04031354983202689
0 0.46687882496940025 0.2568122433743934 0.021585747314021547 0.03882045539380367
0 0.17616755065959472 0.4053751399776036 0.020889432884536915 0.04031354983202691
0 0.11071399428804571 0.09481149682717432 0.0236746906024752 0.04329973870847331
0 0.11106215150278798 0.5181037700634564 0.020193118455052363 0.03583426651735718
0 0.43484836121311027 0.3665546845838 0.02158574731402148 0.043299738708473305
0 0.20924248606011153 0.1776782381485629 0.02158574731402148 0.03882045539380367
0 0.5319842241262069 0.5181037700634565 0.02228206174350602 0.04180664427025006
0 0.17651570787433699 0.4434490481522957 0.022978376172990617 0.03583426651735718
0 0.33771249830001365 0.09705113848450915 0.022282061743506082 0.0418066442702501
0 0.1107139942880457 0.6338185890257558 0.020889432884536915 0.03732736095558047
0 0.047349381204950365 0.17394550205300485 0.020889432884536922 0.04031354983202686
0 0.4989092887256902 0.13736468831653603 0.022978376172990617 0.04180664427025008
0 0.11141030871753024 0.7069802164986936 0.02367469060247515 0.04031354983202696
0 0.013578131374949004 0.5972377752892871 0.022978376172990613 0.04180664427025006
0 0.11071399428804571 0.48002986188876445 0.022282061743506065 0.03732736095558047
0 0.3049857201142391 0.4777902202314296 0.02228206174350602 0.04180664427025015
0 0.401077111383109 0.13960432997387084 0.020889432884536884 0.04031354983202686
0 0.17651570787433699 0.6703994027622248 0.022978376172990617 0.04180664427025006
0 0.04560859513123895 0.6338185890257558 0.022978376172990617 0.03732736095558047
0 0.4989092887256902 0.3665546845838 0.02158574731402148 0.037327360955580424
0 0.04560859513123895 0.5569242254572602 0.022978376172990617 0.03882045539380367
0 0.33840881272949813 0.3299738708473311 0.022282061743506082 0.03882045539380367
0 0.11141030871753024 0.2911534154535274 0.02367469060247515 0.04180664427025015
0 0.27295525635794915 0.3620754012691303 0.02506731946144435 0.04329973870847335
0 0.304985720114239 0.2568122433743934 0.02088943288453701 0.03882045539380367
0 0.014970760233918128 0.1776782381485629 0.022978376172990617 0.03583426651735723
0 0.43484836121311027 0.17991787980589774 0.02158574731402148 0.04031354983202689
0 0.3380606555147559 0.4434490481522956 0.022978376172990617 0.03882045539380367
0 0.013578131374949004 0.5569242254572602 0.022978376172990613 0.03882045539380367
0 0.20784985720114238 0.5569242254572602 0.02019311845505235 0.03882045539380367
0 0.014274445804433565 0.2911534154535274 0.022978376172990617 0.03583426651735723
0 0.20854617163062694 0.40462859275849195 0.022978376172990617 0.03882045539380362
0 0.33771249830001365 0.2568122433743934 0.019496804025567815 0.03583426651735723
0 0.3380606555147559 0.36879432624113473 0.022978376172990617 0.03583426651735723
0 0.33840881272949813 0.5181037700634565 0.022282061743506082 0.03882045539380367
0 0.4355446756425949 0.21575214632325496 0.02158574731402148 0.03434117207913406
0 0.11071399428804571 0.1351250466592012 0.0236746906024752 0.04031354983202686
0 0.07868353053175574 0.1351250466592012 0.020889432884536915 0.043299738708473305
0 0.17651570787433699 0.631578947368421 0.022978376172990617 0.03583426651735727
0 0.047001223990208084 0.29189996267263907 0.02158574731402149 0.04031354983202686
0 0.3377124983000136 0.5569242254572602 0.020889432884536947 0.03882045539380367
0 0.3384088127294982 0.2933930571108623 0.020889432884536947 0.037327360955580424
0 0.4985611315109479 0.2568122433743934 0.023674690602475217 0.04479283314669655
0 0.4985611315109479 0.09481149682717432 0.02228206174350602 0.04329973870847331
0 0.20924248606011153 0.5957446808510638 0.02158574731402148 0.03882045539380358
0 0.047697538419692646 0.1351250466592012 0.022978376172990617 0.04031354983202686
0 0.43484836121311027 0.13736468831653603 0.02158574731402148 0.04180664427025008
0 0.17651570787433699 0.5203434117207912 0.02019311845505235 0.03732736095558056
0 0.14448524411804708 0.25233296005972383 0.022978376172990585 0.03882045539380362
0 0.11071399428804568 0.7876073161627474 0.025067319461444287 0.04031354983202686
0 0.11071399428804571 0.7472937663307204 0.0236746906024752 0.037327360955580376
0 0.46687882496940025 0.2933930571108623 0.021585747314021547 0.03434117207913399
0 0.1107139942880457 0.2530795072788354 0.020889432884536915 0.03732736095558047
0 0.20924248606011153 0.7861142217245242 0.022978376172990617 0.04031354983202696
0 0.46687882496940025 0.13736468831653603 0.021585747314021547 0.04180664427025008
0 0.013578131374949004 0.48002986188876445 0.022978376172990613 0.03732736095558047
0 0.17581939344485242 0.7838745800671892 0.022978376172990617 0.04180664427025006
0 0.43484836121311027 0.09705113848450915 0.02158574731402148 0.0418066442702501
0 0.20784985720114238 0.2911534154535274 0.02019311845505235 0.03882045539380362
0 0.43484836121311027 0.40686823441582687 0.02158574731402148 0.04031354983202696
0 0.20784985720114238 0.7047405748413587 0.02019311845505235 0.03882045539380367
0 0.20854617163062694 0.5203434117207912 0.02019311845505235 0.03732736095558056
0 0.046304909560723514 0.3277342291899963 0.020193118455052356 0.037327360955580424
0 0.2405766353869169 0.17618514371033966 0.02019311845505235 0.03583426651735723
0 0.5312879096967225 0.3658081373646883 0.020889432884536884 0.03882045539380367
0 0.14274445804433564 0.17618514371033966 0.0236746906024752 0.03583426651735723
0 0.5305915952672379 0.404628592758492 0.02228206174350602 0.03583426651735718
0 0.11071399428804571 0.3292273236282195 0.022282061743506065 0.03434117207913399
0 0.11071399428804571 0.4434490481522957 0.022282061743506065 0.04180664427025015
0 0.46687882496940025 0.40537513997760355 0.021585747314021547 0.03434117207913399
0 0.3063783489732082 0.21425905188503172 0.02228206174350602 0.043299738708473326
0 0.20784985720114238 0.1351250466592012 0.022978376172990617 0.043299738708473305
0 0.4017734258125935 0.09705113848450915 0.023674690602475217 0.0418066442702501
0 0.20854617163062694 0.21425905188503178 0.02019311845505235 0.037327360955580494
0 0.20854617163062694 0.09107876073161626 0.024371005031959752 0.04180664427025007
0 0.2412729498164015 0.1351250466592012 0.022978376172990617 0.04031354983202686
0 0.3377124983000136 0.21799178798058977 0.020889432884536947 0.038820455393803646
