0 0.12738755980861247 0.32228163992869874 0.028308346624136126 0.028520499108734398
0 0.5961084529505581 0.7493761140819964 0.029397129186602873 0.029946524064171153
0 0.5966528442317915 0.6174688057040998 0.028308346624136067 0.028520499108734398
0 0.035929824561403506 0.25098039215686274 0.028308346624136102 0.03137254901960782
0 0.08329186602870814 0.7436720142602496 0.029397129186602873 0.029946524064171153
0 0.5961084529505581 0.6844919786096257 0.029397129186602873 0.03137254901960782
0 0.08220308346624136 0.41639928698752227 0.02721956406166932 0.028520499108734398
0 0.037018607123870284 0.3165775401069519 0.02830834662413609 0.034224598930481284
0 0.2629409888357257 0.7443850267379679 0.029397129186602873 0.03137254901960782
0 0.6516363636363637 0.4242424242424242 0.02504199893673581 0.029946524064171153
0 0.0364742158426369 0.5789661319073083 0.027219564061669328 0.03137254901960782
0 0.17257203615098354 0.7436720142602495 0.02939712918660289 0.03279857397504458
0 0.5068282828282829 0.7130124777183601 0.02721956406166934 0.028520499108734398
0 0.6538139287612972 0.39073083778966133 0.022864433811802275 0.028520499108734398
0 0.3418777246145667 0.3165775401069519 0.021775651249335472 0.031372549019607864
0 0.035929824561403506 0.6787878787878788 0.028308346624136102 0.03422459893048124
0 0.505739500265816 0.7443850267379679 0.029397129186602873 0.028520499108734488
0 0.08111430090377458 0.6103386809269162 0.029397129186602863 0.03137254901960782
0 0.41918128654970754 0.48484848484848475 0.02613078149920246 0.025668449197860977
0 0.6538139287612972 0.35793226381461674 0.022864433811802275 0.025668449197860932
0 0.03647421584263689 0.7122994652406417 0.02939712918660287 0.035650623885918
0 0.3424221158958001 0.14759358288770055 0.022864433811802202 0.024242424242424242
0 0.035385433280170124 0.5162210338680927 0.029397129186602873 0.03422459893048124
0 0.08383625730994151 0.31942959001782534 0.0283083466241361 0.03137254901960782
0 0.034296650717703346 0.6131907308377896 0.02721956406166932 0.03137254901960791
0 0.08220308346624136 0.5155080213903743 0.02939712918660289 0.03279857397504458
0 0.37726315789473686 0.2566844919786096 0.02939712918660295 0.019964349376114087
0 0.6500031897926635 0.32941176470588235 0.026130781499202536 0.028520499108734398
0 0.3424221158958001 0.12263814616755794 0.022864433811802202 0.022816399286987532
0 0.17257203615098354 0.5789661319073083 0.02939712918660289 0.019964349376114132
0 0.4659989367357789 0.22531194295900175 0.028308346624136144 0.02281639928698751
0 0.3429665071770335 0.26809269162210336 0.026130781499202498 0.02281639928698751
0 0.30812546517809675 0.18823529411764706 0.026130781499202536 0.019964349376114087
0 0.4180925039872408 0.647415329768271 0.028308346624135994 0.019964349376114132
0 0.2629409888357257 0.5811051693404634 0.029397129186602873 0.018538324420677287
0 0.6434704944178627 0.19536541889483067 0.030485911749069675 0.01996434937611411
0 0.2667517278043594 0.18823529411764706 0.028308346624136067 0.02281639928698751
0 0.08165869218500799 0.7094474153297683 0.030485911749069648 0.03279857397504458
0 0.5095502392344498 0.19322638146167556 0.028308346624136144 0.021390374331550797
0 0.037562998405103666 0.18467023172905525 0.02939712918660286 0.021390374331550797
0 0.5100946305156832 0.22531194295900175 0.02721956406166934 0.031372549019607864
0 0.5993748006379586 0.19322638146167556 0.029397129186602873 0.021390374331550797
0 0.03647421584263689 0.3836007130124777 0.03157469431153641 0.019964349376114087
0 0.3413333333333333 0.28520499108734404 0.020686868686868743 0.019964349376114042
0 0.1747496012759171 0.18823529411764706 0.029397129186602835 0.019964349376114087
0 0.035929824561403506 0.3529411764705882 0.030485911749069637 0.03850267379679147
0 0.4643657628920787 0.48770053475935826 0.029397129186602797 0.03137254901960791
0 0.08111430090377458 0.5475935828877005 0.029397129186602863 0.03137254901960782
0 0.37562998405103676 0.5818181818181818 0.026130781499202612 0.03137254901960782
0 0.5062838915470494 0.552584670231729 0.028308346624136144 0.029946524064171153
0 0.37399681020733655 0.48484848484848475 0.02721956406166934 0.03137254901960782
0 0.34351089845826693 0.16684491978609625 0.022864433811802313 0.01711229946524062
0 0.08329186602870814 0.25383244206773614 0.029397129186602873 0.031372549019607864
0 0.30703668261563 0.25882352941176473 0.028308346624136106 0.03279857397504458
0 0.08329186602870814 0.2873440285204991 0.029397129186602873 0.03279857397504458
0 0.4180925039872408 0.5190730837789662 0.030485911749069602 0.03422459893048133
0 0.5079170653907497 0.2909090909090909 0.027219564061669265 0.03137254901960782
0 0.21938968633705475 0.32228163992869874 0.029397129186602873 0.031372549019607864
0 0.1736608187134503 0.48413547237076654 0.027219564061669303 0.03279857397504449
0 0.5079170653907497 0.4221033868092691 0.027219564061669265 0.03137254901960782
0 0.4638213716108453 0.25668449197860965 0.028308346624136067 0.03137254901960782
0 0.5531015417331206 0.29590017825311943 0.026130781499202612 0.03279857397504458
0 0.5084614566719831 0.48770053475935826 0.028308346624136067 0.03137254901960791
0 0.4643657628920787 0.3565062388591801 0.02721956406166934 0.031372549019607864
0 0.21830090377458797 0.5190730837789662 0.02939712918660291 0.03137254901960782
0 0.4632769803296119 0.550445632798574 0.029397129186602873 0.03137254901960782
0 0.37508559276980336 0.4221033868092691 0.029397129186602873 0.03137254901960782
0 0.4638213716108453 0.4221033868092691 0.028308346624136067 0.03137254901960782
0 0.1742052099946837 0.2552584670231729 0.026130781499202574 0.031372549019607864
0 0.5531015417331206 0.3878787878787879 0.026130781499202612 0.034224598930481284
0 0.30758107389686334 0.45276292335115864 0.029397129186602873 0.03279857397504458
0 0.30703668261563 0.22174688057040998 0.028308346624136106 0.035650623885918
0 0.37454120148856995 0.647415329768271 0.026130781499202612 0.03137254901960782
0 0.4649101541733121 0.3244206773618538 0.026130781499202536 0.029946524064171153
0 0.5084614566719831 0.5190730837789662 0.028308346624136067 0.03137254901960782
0 0.26457416267942585 0.2901960784313726 0.026130781499202574 0.029946524064171108
0 0.46164380648591175 0.7458110516934047 0.03266347687400321 0.028520499108734398
0 0.4180925039872408 0.3878787878787879 0.028308346624135994 0.031372549019607864
0 0.5982860180754918 0.39001782531194296 0.029397129186602873 0.035650623885917956
0 0.08165869218500796 0.3529411764705882 0.028308346624136106 0.03279857397504458
0 0.21993407761828815 0.22174688057040998 0.026130781499202536 0.035650623885918
0 0.42027006911217435 0.3237076648841355 0.028308346624136067 0.031372549019607864
0 0.1736608187134503 0.6459893048128342 0.027219564061669303 0.03422459893048124
0 0.30703668261563 0.39001782531194296 0.028308346624136106 0.03279857397504458
0 0.08383625730994151 0.21960784313725493 0.0283083466241361 0.034224598930481284
0 0.5079170653907497 0.3565062388591801 0.027219564061669265 0.031372549019607864
0 0.5982860180754918 0.5532976827094475 0.029397129186602873 0.03422459893048124
0 0.1279319510898458 0.5811051693404634 0.029397129186602873 0.03279857397504449
0 0.2651185539606592 0.48484848484848475 0.029397129186602873 0.03137254901960782
0 0.5514683678894206 0.6188948306595365 0.029397129186602873 0.03422459893048133
0 0.3064922913343966 0.6153297682709448 0.029397129186602873 0.03565062388591809
0 0.552012759170654 0.5860962566844921 0.028308346624136144 0.03137254901960782
0 0.4632769803296119 0.453475935828877 0.029397129186602873 0.03422459893048133
0 0.552012759170654 0.4898395721925134 0.028308346624136144 0.03279857397504458
0 0.5079170653907497 0.3878787878787879 0.027219564061669265 0.031372549019607864
0 0.08220308346624136 0.4477718360071301 0.02721956406166932 0.03422459893048124
0 0.5531015417331206 0.5532976827094475 0.026130781499202612 0.03137254901960782
0 0.37617437533227005 0.35579322638146166 0.02721956406166934 0.029946524064171108
0 0.12629877724614566 0.4834224598930481 0.026130781499202557 0.03422459893048124
0 0.37345241892610315 0.6802139037433156 0.026130781499202536 0.03422459893048133
0 0.5541903242955875 0.2267379679144385 0.026130781499202536 0.031372549019607864
0 0.597197235513025 0.5204991087344029 0.029397129186602873 0.03137254901960791
0 0.5982860180754918 0.4242424242424242 0.029397129186602873 0.03279857397504458
0 0.37399681020733655 0.6153297682709448 0.02721956406166934 0.03279857397504458
0 0.1731164274322169 0.35579322638146166 0.028308346624136106 0.029946524064171108
0 0.2629409888357257 0.6445632798573975 0.029397129186602873 0.03422459893048133
0 0.2651185539606592 0.3565062388591801 0.02721956406166934 0.031372549019607864
0 0.5531015417331206 0.4221033868092691 0.026130781499202612 0.03137254901960782
0 0.4180925039872408 0.453475935828877 0.028308346624135994 0.03137254901960782
0 0.1742052099946837 0.21960784313725493 0.030485911749069637 0.034224598930481284
0 0.6429261031366293 0.16399286987522282 0.029397129186602873 0.034224598930481284
0 0.37454120148856995 0.550445632798574 0.028308346624136144 0.03137254901960782
0 0.5531015417331206 0.4549019607843137 0.026130781499202612 0.03422459893048124
0 0.5993748006379586 0.2623885918003565 0.029397129186602873 0.031372549019607864
0 0.12847634237107922 0.21960784313725493 0.026130781499202574 0.031372549019607864
0 0.5961084529505581 0.6502673796791443 0.029397129186602873 0.03137254901960782
0 0.21830090377458797 0.550445632798574 0.02721956406166934 0.025668449197860977
0 0.4164593301435407 0.7443850267379679 0.029397129186602873 0.03137254901960782
0 0.1725720361509835 0.4156862745098039 0.027219564061669303 0.029946524064171153
0 0.17148325358851677 0.45204991087344026 0.029397129186602835 0.028520499108734398
0 0.4175481127060074 0.6816399286987522 0.029397129186602797 0.03137254901960791
0 0.21830090377458797 0.616042780748663 0.02939712918660291 0.03137254901960782
0 0.12575438596491229 0.7415329768270945 0.02721956406166932 0.03137254901960782
0 0.12684316852737906 0.7094474153297683 0.02939712918660289 0.03279857397504458
0 0.597197235513025 0.5868092691622103 0.029397129186602873 0.029946524064171066
0 0.4621881977671451 0.6816399286987522 0.029397129186602873 0.03137254901960791
0 0.03429665071770336 0.5468805704099822 0.02939712918660289 0.03279857397504458
0 0.08165869218500797 0.48199643493761146 0.026130781499202557 0.03137254901960782
0 0.26348538011695904 0.7122994652406417 0.028308346624136106 0.03279857397504458
0 0.08165869218500796 0.5789661319073083 0.028308346624136106 0.03137254901960782
0 0.03647421584263689 0.6459893048128342 0.02939712918660287 0.03137254901960791
0 0.3418777246145667 0.6445632798573975 0.01959808612440198 0.019964349376114132
0 0.3424221158958001 0.1839572192513369 0.022864433811802202 0.028520499108734398
0 0.3435108984582669 0.21247771836007132 0.02068686868686867 0.02281639928698751
0 0.4191812865497076 0.5518716577540108 0.030485911749069602 0.03137254901960782
0 0.12575438596491229 0.6759358288770054 0.02721956406166932 0.03137254901960782
0 0.30540350877192984 0.5811051693404634 0.02721956406166934 0.029946524064171153
0 0.1725720361509835 0.5183600713012477 0.027219564061669303 0.029946524064171066
0 0.035385433280170124 0.7458110516934047 0.029397129186602873 0.03137254901960791
0 0.08220308346624136 0.6417112299465241 0.02721956406166932 0.03137254901960791
0 0.594475279106858 0.7180035650623886 0.028308346624136144 0.03279857397504458
0 0.5977416267942584 0.29661319073083775 0.028308346624136144 0.034224598930481284
0 0.6440148856990962 0.13119429590017825 0.029397129186602873 0.03137254901960784
0 0.17257203615098354 0.7101604278074867 0.02939712918660289 0.03137254901960791
0 0.3064922913343966 0.48484848484848475 0.029397129186602873 0.03137254901960782
0 0.5068282828282829 0.6809269162210339 0.029397129186602873 0.03279857397504458
0 0.3075810738968634 0.6809269162210339 0.027219564061669303 0.03279857397504458
0 0.5068282828282829 0.6502673796791443 0.029397129186602873 0.03137254901960782
0 0.12684316852737906 0.3536541889483066 0.02721956406166932 0.03137254901960782
0 0.3075810738968634 0.4192513368983957 0.027219564061669303 0.028520499108734398
0 0.21830090377458797 0.45276292335115864 0.02939712918660291 0.03279857397504458
0 0.03647421584263689 0.41283422459893054 0.02939712918660287 0.035650623885918
0 0.1736608187134503 0.6787878787878787 0.027219564061669303 0.03137254901960782
0 0.3064922913343966 0.5497326203208557 0.029397129186602873 0.029946524064171153
0 0.2623965975544923 0.6787878787878787 0.026130781499202536 0.03137254901960782
0 0.12575438596491229 0.6445632798573975 0.02721956406166932 0.03137254901960782
0 0.4180925039872408 0.6188948306595365 0.030485911749069602 0.03137254901960782
0 0.3075810738968634 0.5183600713012477 0.027219564061669303 0.03279857397504458
0 0.4621881977671451 0.7130124777183602 0.029397129186602873 0.03137254901960782
0 0.3397001594896332 0.3536541889483066 0.02395321637426908 0.03137254901960782
0 0.4175481127060074 0.7122994652406417 0.029397129186602797 0.03279857397504458
0 0.4627325890483785 0.616042780748663 0.028308346624136067 0.03137254901960782
0 0.5531015417331206 0.35650623885918004 0.026130781499202612 0.028520499108734398
0 0.4632769803296119 0.5183600713012477 0.029397129186602873 0.03279857397504458
0 0.5079170653907497 0.6181818181818182 0.029397129186602873 0.03279857397504458
0 0.37454120148856995 0.5183600713012477 0.028308346624136144 0.029946524064171066
0 0.12575438596491229 0.5183600713012477 0.02721956406166932 0.029946524064171066
0 0.035385433280170124 0.48413547237076654 0.029397129186602873 0.03279857397504449
0 0.5961084529505581 0.48912655971479496 0.02504199893673581 0.03137254901960782
0 0.37399681020733655 0.453475935828877 0.02721956406166934 0.03137254901960782
0 0.037018607123870284 0.28449197860962566 0.02830834662413609 0.03279857397504453
0 0.08220308346624136 0.6752228163992869 0.02721956406166932 0.03279857397504458
0 0.2667517278043594 0.22174688057040998 0.028308346624136067 0.035650623885918
0 0.12575438596491229 0.5490196078431373 0.02721956406166932 0.03137254901960791
0 0.12684316852737906 0.6131907308377896 0.02939712918660289 0.03137254901960791
0 0.12684316852737906 0.4506238859180035 0.02721956406166932 0.028520499108734398
0 0.6429261031366293 0.25953654188948305 0.029397129186602873 0.028520499108734398
0 0.037018607123870284 0.21675579322638144 0.02830834662413609 0.03422459893048131
0 0.4621881977671451 0.5839572192513369 0.029397129186602873 0.03279857397504458
0 0.21938968633705477 0.4185383244206774 0.027219564061669303 0.03279857397504458
0 0.5531015417331206 0.5219251336898395 0.026130781499202612 0.03137254901960782
0 0.2651185539606592 0.550445632798574 0.02721956406166934 0.03137254901960782
0 0.4180925039872408 0.5839572192513369 0.028308346624135994 0.035650623885918
0 0.5982860180754918 0.45632798573975036 0.029397129186602873 0.03137254901960782
0 0.17257203615098354 0.6103386809269162 0.02939712918660289 0.03422459893048124
0 0.4627325890483785 0.6495543672014261 0.028308346624136067 0.029946524064171153
0 0.3075810738968634 0.647415329768271 0.027219564061669303 0.03137254901960782
0 0.12684316852737906 0.4185383244206774 0.02939712918660289 0.035650623885918
0 0.0364742158426369 0.4506238859180035 0.027219564061669328 0.03422459893048133
0 0.6434704944178627 0.29376114081996435 0.028308346624136067 0.034224598930481284
0 0.26402977139819245 0.6096256684491979 0.029397129186602873 0.03279857397504449
0 0.26457416267942585 0.5183600713012477 0.026130781499202574 0.03279857397504458
0 0.08165869218500796 0.3850267379679144 0.028308346624136106 0.028520499108734398
0 0.26402977139819245 0.4506238859180035 0.029397129186602873 0.03422459893048133
0 0.1736608187134503 0.550445632798574 0.029397129186602835 0.03137254901960782
0 0.21830090377458797 0.48698752228163994 0.02939712918660291 0.03279857397504458
0 0.21721212121212116 0.5811051693404634 0.02721956406166938 0.03279857397504449
0 0.5541903242955875 0.3265597147950089 0.026130781499202536 0.028520499108734398
0 0.12847634237107922 0.2559714795008913 0.026130781499202574 0.029946524064171108
0 0.37562998405103665 0.32228163992869874 0.030485911749069602 0.034224598930481284
0 0.5073726741095163 0.45632798573975036 0.026130781499202536 0.03137254901960782
0 0.37617437533227 0.39001782531194296 0.029397129186602873 0.03279857397504458
0 0.26457416267942585 0.3237076648841355 0.028308346624136106 0.034224598930481284
0 0.21884529505582137 0.2909090909090909 0.028308346624136106 0.03137254901960782
0 0.2656629452418926 0.25668449197860965 0.026130781499202536 0.03137254901960782
0 0.21938968633705477 0.3536541889483066 0.027219564061669303 0.03137254901960782
0 0.26457416267942585 0.3878787878787879 0.028308346624136106 0.031372549019607864
0 0.21884529505582137 0.25668449197860965 0.028308346624136106 0.03137254901960782
0 0.3075810738968634 0.3565062388591801 0.027219564061669303 0.031372549019607864
0 0.41972567783094095 0.22459893048128343 0.027219564061669265 0.03279857397504458
0 0.4191812865497076 0.4221033868092691 0.030485911749069602 0.03422459893048133
0 0.4638213716108453 0.3878787878787879 0.028308346624136067 0.031372549019607864
0 0.5541903242955875 0.2595365418894831 0.026130781499202536 0.034224598930481284
0 0.1736608187134503 0.3850267379679144 0.02504199893673577 0.03137254901960782
0 0.5084614566719831 0.3244206773618538 0.028308346624136067 0.03279857397504458
0 0.5100946305156832 0.2595365418894831 0.02721956406166934 0.031372549019607864
0 0.41972567783094095 0.25668449197860965 0.025041998936735733 0.03137254901960782
0 0.1290207336523126 0.2880570409982175 0.029397129186602852 0.031372549019607864
0 0.1731164274322169 0.2880570409982175 0.028308346624136106 0.031372549019607864
0 0.5079170653907497 0.5846702317290553 0.029397129186602873 0.03137254901960791
0 0.37562998405103665 0.2901960784313726 0.028308346624136144 0.029946524064171108
0 0.4638213716108453 0.2909090909090909 0.028308346624136067 0.03137254901960782
0 0.21938968633705477 0.38716577540106956 0.027219564061669303 0.029946524064171108
0 0.5977416267942584 0.22745098039215686 0.030485911749069602 0.03850267379679142
0 0.6440148856990962 0.22745098039215686 0.029397129186602873 0.035650623885918
0 0.30703668261563 0.2909090909090909 0.026130781499202536 0.03137254901960782
0 0.1736608187134503 0.32228163992869874 0.029397129186602835 0.034224598930481284
0 0.12793195108984584 0.3864527629233511 0.02721956406166934 0.031372549019607864
0 0.30703668261563 0.3237076648841355 0.028308346624136106 0.031372549019607864
0 0.4191812865497076 0.3557932263814617 0.030485911749069602 0.03279857397504458
0 0.41972567783094095 0.2909090909090909 0.027219564061669265 0.03137254901960782
0 0.37562998405103665 0.22531194295900175 0.030485911749069602 0.03707664884135471
