0 0.113125 0.856013 0.031250 0.037975
0 0.885625 0.543513 0.031250 0.030063
0 0.168750 0.880538 0.032500 0.030063
0 0.885000 0.726266 0.030000 0.028481
0 0.719375 0.481013 0.033750 0.025316
0 0.829375 0.758703 0.033750 0.033228
0 0.830000 0.511076 0.032500 0.031646
0 0.510000 0.855222 0.020000 0.020570
0 0.885000 0.885285 0.035000 0.033228
0 0.829375 0.543513 0.033750 0.033228
0 0.829375 0.726266 0.033750 0.034810
0 0.883750 0.758703 0.035000 0.033228
0 0.720000 0.417722 0.032500 0.031646
0 0.224375 0.851266 0.031250 0.034810
0 0.830000 0.606013 0.032500 0.028481
0 0.885000 0.821994 0.035000 0.030063
0 0.885000 0.851266 0.035000 0.034810
0 0.830000 0.852848 0.032500 0.028481
0 0.885625 0.697785 0.033750 0.028481
0 0.511875 0.878956 0.021250 0.023734
0 0.444375 0.818829 0.031250 0.030063
0 0.774375 0.756329 0.033750 0.031646
0 0.718750 0.851266 0.032500 0.034810
0 0.553125 0.881329 0.031250 0.031646
0 0.885625 0.635285 0.036250 0.033228
0 0.775000 0.511867 0.032500 0.030063
0 0.718750 0.726266 0.032500 0.028481
0 0.774375 0.821203 0.033750 0.031646
0 0.773750 0.852057 0.035000 0.033228
0 0.609375 0.850475 0.033750 0.033228
0 0.885000 0.419304 0.035000 0.034810
0 0.719375 0.696994 0.031250 0.033228
0 0.662500 0.883703 0.032500 0.030063
0 0.553125 0.850475 0.031250 0.033228
0 0.775000 0.572785 0.035000 0.028481
0 0.719375 0.602848 0.033750 0.028481
0 0.775000 0.447785 0.032500 0.028481
0 0.718750 0.818829 0.032500 0.030063
0 0.829375 0.481804 0.033750 0.030063
0 0.774375 0.543513 0.033750 0.033228
0 0.608750 0.881329 0.032500 0.031646
0 0.775625 0.417722 0.033750 0.031646
0 0.720000 0.542722 0.032500 0.031646
0 0.829375 0.576741 0.033750 0.033228
0 0.829375 0.697785 0.033750 0.028481
0 0.829375 0.789557 0.031250 0.031646
0 0.774375 0.696994 0.033750 0.033228
0 0.885625 0.510285 0.031250 0.033228
0 0.774375 0.727057 0.033750 0.033228
0 0.885625 0.667722 0.033750 0.031646
0 0.111875 0.821203 0.033750 0.034810
0 0.225000 0.883703 0.032500 0.030063
0 0.720000 0.508703 0.035000 0.036392
0 0.830000 0.885285 0.032500 0.030063
0 0.774375 0.885285 0.036250 0.030063
0 0.444375 0.851266 0.033750 0.028481
0 0.390000 0.818038 0.035000 0.031646
0 0.390625 0.881329 0.036250 0.031646
0 0.224375 0.822785 0.033750 0.034810
0 0.830000 0.635285 0.032500 0.030063
0 0.445000 0.881329 0.032500 0.031646
0 0.280625 0.880538 0.038750 0.030063
0 0.168750 0.851266 0.035000 0.034810
0 0.885000 0.790348 0.035000 0.033228
0 0.831250 0.381329 0.032500 0.034810
0 0.553125 0.818829 0.031250 0.030063
0 0.885000 0.606013 0.035000 0.028481
0 0.775000 0.667722 0.032500 0.031646
0 0.774375 0.788766 0.033750 0.033228
0 0.280000 0.852057 0.035000 0.033228
0 0.830000 0.821994 0.032500 0.033228
0 0.718750 0.884494 0.032500 0.031646
0 0.885000 0.449367 0.035000 0.028481
0 0.885625 0.573576 0.033750 0.033228
0 0.885625 0.480222 0.033750 0.033228
0 0.720000 0.664557 0.032500 0.028481
0 0.829375 0.417722 0.033750 0.031646
0 0.390000 0.851266 0.035000 0.034810
0 0.775000 0.602057 0.032500 0.030063
0 0.719375 0.788766 0.033750 0.033228
0 0.280000 0.818829 0.032500 0.033228
0 0.775000 0.635285 0.032500 0.033228
0 0.884375 0.384494 0.036250 0.034810
0 0.720000 0.385285 0.035000 0.039557
0 0.168125 0.818038 0.036250 0.031646
0 0.663750 0.818829 0.032500 0.030063
0 0.719375 0.758703 0.033750 0.033228
0 0.719375 0.573576 0.033750 0.030063
0 0.830000 0.448576 0.032500 0.033228
0 0.609375 0.818829 0.033750 0.033228
0 0.830000 0.667722 0.032500 0.034810
0 0.663125 0.851266 0.031250 0.034810
0 0.719375 0.634494 0.033750 0.031646
0 0.775000 0.481013 0.032500 0.034810
0 0.720000 0.452532 0.035000 0.034810
0 0.775625 0.383703 0.036250 0.036392
