0 0.09183393792825474 0.6833063796986231 0.02270052398226522 0.04178770611973455
0 0.4086094316807739 0.12304157913032965 0.022012629316135922 0.041787706119734584
0 0.028547628644363835 0.8055741124193281 0.02270052398226521 0.04178770611973465
0 0.027859733978234585 0.7606910206610946 0.02270052398226522 0.04178770611973455
0 0.41204890501142016 0.6786633012408748 0.022012629316135984 0.03869232048123569
0 0.47567916162837565 0.7583694814322205 0.022700523982265207 0.037144627661986306
0 0.28444444444444444 0.13310158245545095 0.028203681311299248 0.02785847074648973
0 0.5375896815800081 0.24917854389915817 0.022700523982265207 0.037144627661986306
0 0.5052586322719334 0.40240013300485167 0.022700523982265207 0.04024001330048512
0 0.5059465269380626 0.3668031981621148 0.02270052398226527 0.04024001330048517
0 0.060190783286309286 0.6887233045659961 0.022700523982265214 0.0371446276619864
0 0.4117049576783555 0.7591433278418451 0.02270052398226527 0.04178770611973465
0 0.4763670562945049 0.797835648323081 0.021324734650006703 0.035596934842736835
0 0.4117049576783555 0.800157187551955 0.02270052398226527 0.04024001330048517
0 0.15477629987908098 0.20739083777942355 0.022012629316135953 0.04024001330048517
0 0.5066344216041918 0.48288015960582203 0.022700523982265207 0.037144627661986306
0 0.252801289802499 0.7606910206610946 0.01994894531774823 0.03869232048123578
0 0.28444444444444444 0.07042002327584905 0.025452102646782243 0.03250154920423802
0 0.092521832594384 0.8024787267808292 0.02270052398226522 0.035596934842736926
0 0.4113610103452909 0.5981832746399046 0.020636839983877484 0.038692320481235595
0 0.5375896815800081 0.12613696476882852 0.022700523982265207 0.041787706119734584
0 0.09183393792825474 0.7637864062995934 0.02270052398226522 0.04178770611973455
0 0.252801289802499 0.8009310339615797 0.022700523982265207 0.04178770611973455
0 0.027859733978234585 0.724320239408733 0.024076313314523708 0.037144627661986306
0 0.5066344216041918 0.4418662998957121 0.022700523982265207 0.04178770611973446
0 0.5066344216041918 0.6012786602784034 0.022700523982265207 0.03869232048123569
0 0.252801289802499 0.6012786602784034 0.021324734650006734 0.03869232048123569
0 0.5045707376058041 0.24608315826065935 0.02270052398226527 0.0340492420234875
0 0.5073223162703211 0.6786633012408748 0.022700523982265207 0.03869232048123569
0 0.252801289802499 0.6794371476504996 0.01994894531774823 0.037144627661986306
0 0.28582023377670296 0.2894185571996433 0.025452102646782243 0.03095385638498859
0 0.252801289802499 0.71890331454136 0.021324734650006734 0.04178770611973465
0 0.4113610103452909 0.639970980759639 0.020636839983877484 0.044883091758233504
0 0.027171839312105338 0.6438402128077626 0.022700523982265214 0.04024001330048507
0 0.09183393792825474 0.6012786602784034 0.021324734650006717 0.04178770611973465
0 0.4749912669622465 0.5207986336774331 0.0199489453177482 0.035596934842736926
0 0.4106731156791616 0.2870970179707692 0.020636839983877484 0.03869232048123574
0 0.027171839312105338 0.12845850399770264 0.022700523982265214 0.04333539893898403
0 0.252801289802499 0.6415186735788885 0.01994894531774823 0.03869232048123569
0 0.4430041649872363 0.24453546544140986 0.01926105065161898 0.04024001330048517
0 0.2851323391105737 0.2267369980200414 0.025452102646782212 0.03869232048123574
0 0.21978234582829506 0.12458927194957908 0.021324734650006734 0.04488309175823344
0 0.3157436517533253 0.5610386469779182 0.022012629316135922 0.04178770611973465
0 0.4763670562945049 0.6802109940601243 0.021324734650006703 0.03869232048123578
0 0.5066344216041918 0.5207986336774331 0.021324734650006765 0.035596934842736926
0 0.4117049576783555 0.71890331454136 0.02270052398226527 0.04178770611973465
0 0.15477629987908098 0.4078170578722247 0.022012629316135953 0.044883091758233455
0 0.028203681311299206 0.6840802261082477 0.023388418648394464 0.046430784577482884
0 0.3164315464194545 0.5223463264966824 0.020636839983877484 0.03869232048123569
0 0.0911460432621255 0.24995239030878288 0.01857315598548971 0.03559693484273688
0 0.5375896815800081 0.21048622341792242 0.022700523982265207 0.04024001330048517
0 0.4113610103452909 0.5192509408581836 0.020636839983877484 0.03869232048123578
0 0.4736154776299879 0.3629339661139912 0.021324734650006703 0.03869232048123574
0 0.12416498723632945 0.5238940193159318 0.01857315598548973 0.035596934842736835
0 0.5052586322719334 0.2840016323322703 0.022700523982265207 0.044883091758233455
0 0.252801289802499 0.564134032616417 0.021324734650006734 0.03869232048123569
0 0.4736154776299879 0.12768465758807793 0.021324734650006703 0.04488309175823344
0 0.02717183931210534 0.24995239030878288 0.01994894531774822 0.03869232048123578
0 0.28444444444444444 0.10446926529933649 0.025452102646782243 0.03559693484273688
0 0.027859733978234585 0.5656817254356664 0.024076313314523708 0.04178770611973455
0 0.02751578664516996 0.3668031981621148 0.020636839983877463 0.037144627661986306
0 0.02751578664516996 0.32733703127125435 0.02201262931613597 0.0417877061197346
0 0.027859733978234585 0.6059217387361516 0.02270052398226522 0.03869232048123578
0 0.47567916162837565 0.7196771609509847 0.022700523982265207 0.04024001330048517
0 0.5069783689372565 0.6415186735788885 0.023388418648394426 0.03869232048123569
0 0.3153997044202606 0.2112600698275471 0.022700523982265207 0.044883091758233455
0 0.12347709257020019 0.6059217387361516 0.022700523982265207 0.044883091758233504
0 0.028547628644363835 0.4472832247630851 0.02270052398226521 0.04024001330048517
0 0.15477629987908098 0.16947236370781255 0.023388418648394457 0.03869232048123574
0 0.09183393792825474 0.5656817254356664 0.019948945317748216 0.035596934842736926
0 0.4739594249630525 0.1679246708885631 0.01926105065161898 0.03869232048123574
0 0.4106731156791616 0.48288015960582203 0.020636839983877484 0.037144627661986306
0 0.5069783689372565 0.7204510073606094 0.023388418648394426 0.044883091758233504
0 0.02682789197904071 0.2878708643803939 0.020636839983877473 0.04024001330048517
0 0.3157436517533253 0.3652555053428654 0.020636839983877484 0.03404924202348745
0 0.09183393792825474 0.08280156582984448 0.021324734650006717 0.04488309175823347
0 0.059502888620180036 0.605147892326527 0.02270052398226522 0.04024001330048507
0 0.40998522101303236 0.16482928525006424 0.020636839983877484 0.0417877061197346
0 0.5369017869138788 0.1679246708885631 0.022700523982265207 0.0417877061197346
0 0.41101706301222624 0.5594909541586687 0.022700523982265207 0.04178770611973455
0 0.09217788526131936 0.7219987001798589 0.02338841864839447 0.03869232048123569
0 0.28513233911057373 0.26001239363390416 0.026827891979040747 0.030953856384988637
0 0.28444444444444444 0.1996523736831764 0.025452102646782243 0.02785847074648973
0 0.4430041649872363 0.2042954521409247 0.022012629316135922 0.02785847074648973
0 0.29235523310493083 0.6477094448558861 0.012382103990326528 0.020120006650242443
0 0.28444444444444444 0.39698320813747867 0.024076313314523708 0.02940616356573916
0 0.2916673384388015 0.6244940525671449 0.012382103990326528 0.026310777927240347
0 0.12416498723632945 0.2097123770082977 0.019948945317748216 0.03869232048123574
0 0.3160875990863899 0.4836540060154467 0.021324734650006703 0.03869232048123569
0 0.4113610103452908 0.3668031981621148 0.022012629316135984 0.04024001330048517
0 0.059502888620180036 0.48674939165394554 0.02270052398226522 0.03869232048123569
0 0.28341260244525057 0.35829088765624295 0.024764207980652993 0.0417877061197346
0 0.4106731156791616 0.40626936505297523 0.023388418648394426 0.03869232048123569
0 0.21978234582829506 0.24840469748953342 0.021324734650006734 0.044883091758233455
0 0.1881391911863496 0.08125387301059506 0.021324734650006734 0.04488309175823347
0 0.09183393792825474 0.40549551864335054 0.019948945317748216 0.037144627661986306
0 0.4743033722961172 0.3242416456327555 0.021324734650006703 0.03869232048123574
0 0.22012629316135968 0.16947236370781255 0.022012629316135984 0.0417877061197346
0 0.059502888620180036 0.4093647506914741 0.021324734650006717 0.0417877061197346
0 0.0911460432621255 0.1269108111784532 0.02270052398226522 0.04024001330048517
0 0.059502888620180036 0.2491785438991582 0.021324734650006717 0.04024001330048521
0 0.2521133951363697 0.4457355319438357 0.01994894531774823 0.037144627661986306
0 0.4743033722961172 0.28554932515151976 0.021324734650006703 0.03869232048123569
0 0.12313314523713556 0.5625863397971675 0.020636839983877484 0.04178770611973465
0 0.059502888620180036 0.12768465758807793 0.02270052398226522 0.0417877061197346
0 0.15546419454521027 0.32733703127125435 0.023388418648394457 0.0417877061197346
0 0.059502888620180036 0.16947236370781255 0.02270052398226522 0.044883091758233455
0 0.06087867795243854 0.08434925864909391 0.022700523982265214 0.044883091758233455
0 0.2837565497783152 0.16560313165968896 0.025452102646782212 0.037144627661986306
0 0.0911460432621255 0.5262155585448061 0.019948945317748216 0.037144627661986306
0 0.15546419454521027 0.12923235040732736 0.023388418648394457 0.0417877061197346
0 0.2514255004702405 0.12613696476882852 0.0199489453177482 0.03559693484273688
0 0.4423162703211071 0.3652555053428654 0.020636839983877418 0.037144627661986306
0 0.15683998387746878 0.08434925864909391 0.023388418648394457 0.04797847739673231
0 0.4106731156791616 0.3242416456327555 0.022012629316135984 0.0417877061197346
0 0.4430041649872363 0.28632317156114445 0.022012629316135922 0.04333539893898403
0 0.15512024721214562 0.24685700467028404 0.024076313314523708 0.03869232048123578
0 0.3466989117291415 0.12923235040732736 0.020636839983877418 0.0417877061197346
0 0.4763670562945049 0.6422925199885132 0.0199489453177482 0.037144627661986306
0 0.09183393792825474 0.6422925199885132 0.02270052398226522 0.037144627661986306
0 0.059502888620180036 0.4472832247630851 0.021324734650006717 0.04024001330048517
0 0.18779524385328497 0.12613696476882852 0.01926105065161898 0.041787706119734584
0 0.3160875990863899 0.444961685534211 0.021324734650006703 0.04178770611973455
0 0.15477629987908104 0.2870970179707692 0.020636839983877484 0.03869232048123574
0 0.4736154776299879 0.08125387301059506 0.021324734650006703 0.047978477396732326
0 0.3153997044202606 0.6028263530976528 0.022700523982265207 0.044883091758233504
0 0.12416498723632945 0.24763085107990873 0.021324734650006717 0.03404924202348745
0 0.31539970442026066 0.2507262367184076 0.01994894531774826 0.03404924202348745
0 0.3776541717049577 0.2515000831280323 0.020636839983877484 0.03869232048123574
0 0.2521133951363697 0.3250154920423802 0.01994894531774823 0.037144627661986306
0 0.4743033722961172 0.4836540060154467 0.021324734650006703 0.04178770611973474
0 0.12347709257020019 0.08434925864909391 0.022700523982265207 0.04797847739673231
0 0.12347709257020019 0.1679246708885631 0.021324734650006717 0.0417877061197346
0 0.12347709257020019 0.2855493251515197 0.022700523982265207 0.0417877061197346
0 0.09045814859599624 0.444961685534211 0.021324734650006717 0.04178770611973455
0 0.5038828429396748 0.08280156582984448 0.022700523982265207 0.04488309175823347
0 0.12347709257020019 0.32733703127125435 0.022700523982265207 0.03869232048123574
0 0.12416498723632945 0.3668031981621148 0.022700523982265238 0.04024001330048517
0 0.5375896815800081 0.08280156582984448 0.024076313314523708 0.04488309175823347
0 0.31539970442026066 0.12768465758807793 0.021324734650006703 0.04488309175823344
0 0.059502888620180036 0.29019240360926807 0.019948945317748216 0.04178770611973455
0 0.5045707376058041 0.12923235040732736 0.02270052398226527 0.0417877061197346
0 0.059502888620180036 0.36912473739098894 0.02270052398226522 0.0417877061197346
0 0.252801289802499 0.5238940193159318 0.022700523982265207 0.04178770611973465
0 0.12416498723632945 0.12768465758807793 0.022700523982265238 0.0417877061197346
0 0.18848313851941423 0.16947236370781255 0.020636839983877484 0.0417877061197346
0 0.5045707376058041 0.17102005652706195 0.021324734650006703 0.0417877061197346
0 0.059502888620180036 0.32733703127125435 0.021324734650006717 0.03869232048123574
0 0.4092973263469032 0.08125387301059506 0.022012629316135984 0.04488309175823347
0 0.12416498723632945 0.40626936505297523 0.022700523982265238 0.03869232048123569
0 0.3167754937525192 0.40317397941447636 0.0199489453177482 0.03869232048123569
0 0.3473868063952707 0.20893853059867298 0.020636839983877484 0.037144627661986306
0 0.25073760580411125 0.40626936505297523 0.021324734650006703 0.03869232048123569
0 0.3466989117291415 0.08125387301059506 0.022012629316135984 0.047978477396732326
0 0.4430041649872363 0.40626936505297523 0.022012629316135922 0.0417877061197346
0 0.12416498723632945 0.4844278524250714 0.021324734650006717 0.04024001330048517
0 0.2514255004702405 0.20816468418904827 0.021324734650006703 0.03869232048123574
0 0.25211339513636977 0.24608315826065935 0.022700523982265207 0.04024001330048521
0 0.31539970442026066 0.08434925864909391 0.01994894531774826 0.044883091758233455
0 0.3466989117291415 0.16947236370781255 0.020636839983877418 0.0417877061197346
0 0.47567916162837565 0.5625863397971677 0.022700523982265207 0.044883091758233594
0 0.09183393792825474 0.48674939165394554 0.02270052398226522 0.04178770611973465
0 0.18779524385328497 0.2112600698275471 0.022012629316135984 0.044883091758233455
0 0.2514255004702405 0.08280156582984448 0.022700523982265207 0.04488309175823347
0 0.25211339513636977 0.2863231715611445 0.022700523982265207 0.04024001330048512
0 0.25211339513636977 0.4844278524250714 0.022700523982265207 0.04024001330048517
0 0.09045814859599624 0.2886447107900186 0.021324734650006717 0.0417877061197346
0 0.09183393792825474 0.2097123770082977 0.02270052398226522 0.0417877061197346
0 0.4106731156791616 0.2460831582606593 0.022012629316135984 0.04333539893898403
0 0.0911460432621255 0.36835089098136425 0.019948945317748216 0.037144627661986306
0 0.37834206637108697 0.2097123770082977 0.020636839983877484 0.044883091758233455
0 0.09183393792825474 0.16869851729818783 0.02270052398226522 0.04333539893898403
0 0.3160875990863899 0.32733703127125435 0.021324734650006703 0.03869232048123574
0 0.31539970442026066 0.1679246708885631 0.021324734650006703 0.03869232048123574
0 0.2514255004702405 0.16482928525006424 0.022700523982265207 0.0417877061197346
0 0.0911460432621255 0.32888472409050373 0.019948945317748216 0.0417877061197346
0 0.3160875990863899 0.2878708643803939 0.01994894531774826 0.04024001330048517
0 0.3480747010613999 0.24995239030878288 0.023388418648394426 0.0417877061197346
0 0.4092973263469032 0.20739083777942355 0.01926105065161898 0.037144627661986306
0 0.2514255004702405 0.36370781252361595 0.022700523982265207 0.04333539893898403
0 0.47430337229611713 0.40240013300485167 0.022700523982265207 0.04024001330048512
0 0.059502888620180036 0.2112600698275471 0.019948945317748216 0.0417877061197346
0 0.4736154776299879 0.24685700467028404 0.021324734650006703 0.0417877061197346
0 0.22012629316135968 0.20739083777942355 0.020636839983877484 0.037144627661986306
0 0.028203681311299206 0.5262155585448061 0.023388418648394464 0.04024001330048517
0 0.060190783286309286 0.5254417121351813 0.022700523982265214 0.04178770611973455
0 0.5052586322719334 0.21280776264679657 0.0199489453177482 0.03869232048123574
0 0.059502888620180036 0.6461617520366367 0.024076313314523708 0.044883091758233504
0 0.4743033722961172 0.444961685534211 0.021324734650006703 0.04178770611973455
0 0.027859733978234585 0.4844278524250714 0.02270052398226522 0.037144627661986306
0 0.12313314523713556 0.4457355319438357 0.020636839983877484 0.037144627661986306
0 0.027859733978234585 0.21048622341792242 0.02270052398226522 0.04024001330048517
0 0.47430337229611713 0.20816468418904827 0.0199489453177482 0.03869232048123574
0 0.4430041649872363 0.32733703127125435 0.02338841864839449 0.03869232048123574
0 0.4113610103452908 0.444961685534211 0.022012629316135984 0.04178770611973455
0 0.027171839312105338 0.08125387301059506 0.022700523982265214 0.04488309175823347
0 0.027859733978234585 0.1679246708885631 0.02270052398226522 0.03869232048123574
0 0.5052586322719334 0.3257893384520049 0.022700523982265207 0.0417877061197346
0 0.059502888620180036 0.5656817254356665 0.02270052398226522 0.03869232048123588
0 0.027171839312105338 0.40781705787222466 0.022700523982265214 0.04178770611973455
0 0.15546419454521027 0.3668031981621148 0.022012629316135953 0.037144627661986306
0 0.47567916162837565 0.6028263530976528 0.0199489453177482 0.04178770611973455
0 0.5073223162703211 0.5602648005682934 0.022700523982265207 0.046430784577482884
