0 0.2209969367864105 0.3222142952432326 0.021386800334168753 0.03860632108905091
0 0.5510665552770816 0.4684728578305985 0.02423837371205795 0.028212311565075646
0 0.18820384294068504 0.5434582122535628 0.022812587023113336 0.020788019047950527
0 0.15469785575048733 0.2457440823168433 0.01996101364522417 0.03712146258562589
0 0.2890782511835144 0.2591078088476686 0.026377053745474843 0.028212311565075646
0 0.2872960178223336 0.1098795292534526 0.02708994708994712 0.029697170068500697
0 0.5514230019493177 0.43357868300011027 0.023525480367585613 0.038606321089050814
0 0.28765246449456977 0.13734941156681574 0.030654413812308594 0.025242594558225598
0 0.25485937064884434 0.6941713503512038 0.02209969367864106 0.03415174557877584
0 0.2883653578390421 0.39719964966619686 0.024951267056530228 0.034151745578775934
0 0.2872960178223336 0.08018235918495188 0.02851573377889167 0.029697170068500697
0 0.28836535783904205 0.19897103945895464 0.02637705374547481 0.026727453061650693
0 0.5507101086048455 0.3964572204144844 0.022099693678640998 0.03563660408220096
0 0.254146477304372 0.7290655251816922 0.023525480367585644 0.03860632108905091
0 0.08804232804232805 0.39719964966619686 0.02352548036758563 0.03712146258562589
0 0.4184683932052353 0.2464865115685558 0.021386800334168787 0.041576038095900957
0 0.05524923419660262 0.20713776122779234 0.020673906989696463 0.03415174557877579
0 0.2890782511835144 0.22792578027574287 0.026377053745474843 0.031182028571925695
0 0.02245614035087719 0.127697831294553 0.022099693678641046 0.03860632108905091
0 0.2209969367864105 0.3578508993254334 0.021386800334168753 0.026727453061650624
0 0.32864383180172657 0.32147186599152006 0.017109440267335067 0.03415174557877579
0 0.35288220551378446 0.6577923170172906 0.021386800334168787 0.03563660408220086
0 0.08875522138680032 0.24351679456170575 0.022099693678641046 0.03563660408220082
0 0.08875522138680032 0.20713776122779237 0.022099693678641046 0.03712146258562589
0 0.5503536619326094 0.3244415829983701 0.02138680033416872 0.03415174557877584
0 0.31331662489557227 0.0853793639469395 0.014970760233918112 0.0341517455787758
0 0.254146477304372 0.7691567047741682 0.023525480367585644 0.041576038095900957
0 0.2209969367864105 0.24574408231684325 0.021386800334168753 0.03415174557877579
0 0.3521693121693122 0.6214132836833771 0.01996101364522417 0.03712146258562589
0 0.12154831523252574 0.5828069625943262 0.022099693678641046 0.03712146258562589
0 0.08839877471456419 0.16853144013874147 0.021386800334168753 0.040091179592475934
0 0.25343358395989973 0.6570498877655779 0.02209969367864106 0.03712146258562589
0 0.28800891116680594 0.28806254966445677 0.028515733778891734 0.032666887075350766
0 0.4184683932052353 0.09131879796063964 0.021386800334168787 0.04306089659932602
0 0.08804232804232805 0.4328362537483978 0.02352548036758563 0.03712146258562589
0 0.5499972152603732 0.24797137007198083 0.020673906989696445 0.03563660408220086
0 0.05596212754107491 0.16927386939045397 0.022099693678641046 0.041576038095900957
0 0.38638819270398217 0.28657769116103177 0.021386800334168787 0.03860632108905091
0 0.35359509885825674 0.6949137796029164 0.02138680033416872 0.03860632108905091
0 0.4184683932052353 0.2836079741541817 0.021386800334168787 0.03563660408220082
0 0.35359509885825674 0.7327776714402547 0.02138680033416872 0.03712146258562589
0 0.31224728487886383 0.2813806863990441 0.012832080200501283 0.03415174557877579
0 0.08875522138680032 0.46921528708231103 0.02352548036758563 0.03563660408220067
0 0.2883653578390421 0.16927386939045397 0.027802840434419426 0.03563660408220084
0 0.35288220551378446 0.5842918210977512 0.021386800334168787 0.040091179592475934
0 0.31331662489557227 0.12918268979797803 0.014970760233918112 0.032666887075350766
0 0.0566750208855472 0.12844026054626553 0.020673906989696463 0.03712146258562586
0 0.5499972152603732 0.17224358639730405 0.020673906989696445 0.03563660408220082
0 0.1211918685602896 0.5434582122535628 0.021386800334168753 0.03860632108905101
0 0.3521693121693122 0.4699577163340236 0.021386800334168787 0.03415174557877575
0 0.25343358395989973 0.6199284251799521 0.020673906989696445 0.03712146258562589
0 0.18856028961292118 0.7305503836851172 0.023525480367585644 0.03563660408220086
0 0.5503536619326094 0.36007818708057093 0.02138680033416872 0.03712146258562584
0 0.12226120857699806 0.35859332857714593 0.020673906989696463 0.03415174557877579
0 0.08804232804232805 0.5055943204162243 0.02352548036758563 0.03712146258562589
0 0.022456140350877195 0.2078801904795049 0.023525480367585623 0.03860632108905091
0 0.18820384294068504 0.20936504898292993 0.021386800334168753 0.03860632108905091
0 0.3286438318017265 0.24574408231684325 0.0142578668894459 0.031182028571925743
0 0.35288220551378446 0.5442006415052754 0.022812587023113336 0.03712146258562589
0 0.18856028961292118 0.6941713503512038 0.02209969367864103 0.03712146258562589
0 0.1211918685602896 0.3934875034076342 0.022812587023113336 0.03563660408220082
0 0.023169033695349485 0.16630415238360388 0.02352548036758563 0.03860632108905086
0 0.1211918685602896 0.5055943204162243 0.022812587023113336 0.03712146258562589
0 0.15398496240601503 0.20713776122779237 0.01996101364522417 0.03712146258562589
0 0.35288220551378446 0.5070791789196495 0.022812587023113336 0.04009117959247603
0 0.5164912280701754 0.2472289408202683 0.020673906989696445 0.03712146258562589
0 0.3856752993595099 0.2464865115685558 0.02138680033416872 0.041576038095900957
0 0.31331662489557227 0.1700162986421665 0.014970760233918112 0.031182028571925674
0 0.48369813422445 0.25242594558225595 0.02067390698969651 0.03860632108905091
0 0.1211918685602896 0.4298665367415477 0.022812587023113336 0.040091179592475885
0 0.18891673628515732 0.6577923170172906 0.021386800334168753 0.03563660408220086
0 0.5164912280701754 0.17150115714559153 0.020673906989696445 0.04306089659932601
0 0.5507101086048455 0.21010747823464243 0.022099693678640998 0.040091179592475934
0 0.45197438039543303 0.2464865115685558 0.022812587023113336 0.03860632108905091
0 0.25343358395989973 0.5805796748391887 0.020673906989696445 0.03860632108905101
0 0.08946811473127263 0.0890915102055021 0.02352548036758563 0.041576038095900984
0 0.5507101086048455 0.13363726530825318 0.022099693678640998 0.041576038095900984
0 0.4184683932052353 0.20936504898292993 0.022812587023113336 0.03860632108905091
0 0.0566750208855472 0.08834908095378957 0.022099693678641046 0.04306089659932604
0 0.48369813422445 0.28954740816788177 0.02067390698969651 0.03563660408220082
0 0.4844110275689223 0.09131879796063964 0.023525480367585613 0.04603061360617608
0 0.05596212754107491 0.28212311565075665 0.020673906989696463 0.03563660408220082
0 0.08804232804232805 0.5486552170155504 0.022099693678641046 0.043060896599325986
0 0.12119186856028963 0.6199284251799521 0.02423837371205795 0.040091179592475844
0 0.1878473962684489 0.1700162986421665 0.02209969367864106 0.040091179592475934
0 0.08875522138680032 0.12918268979797803 0.022099693678641046 0.03860632108905091
0 0.41775549986076305 0.17150115714559153 0.021386800334168787 0.03712146258562586
0 0.05453634085213032 0.31850214898467 0.022099693678641046 0.040091179592475934
0 0.18820384294068504 0.2813806863990441 0.021386800334168753 0.03415174557877579
0 0.4184683932052353 0.13363726530825315 0.022812587023113336 0.03860632108905091
0 0.3286438318017265 0.2078801904795049 0.0142578668894459 0.03563660408220086
0 0.35359509885825674 0.7721264217810182 0.02423837371205795 0.03860632108905091
0 0.25343358395989973 0.5464279292604128 0.020673906989696445 0.03563660408220077
0 0.3856752993595099 0.3244415829983701 0.01996101364522417 0.03712146258562589
0 0.08875522138680032 0.31850214898467 0.022099693678641046 0.03712146258562589
0 0.5164912280701754 0.21010747823464243 0.020673906989696445 0.03712146258562586
0 0.41918128654970765 0.3222142952432326 0.02138680033416872 0.03860632108905091
0 0.35288220551378446 0.39719964966619686 0.022812587023113336 0.03712146258562589
0 0.15469785575048733 0.2828655449024691 0.01996101364522417 0.03415174557877579
0 0.5507101086048455 0.09057636870892713 0.023525480367585675 0.04454575510275106
0 0.48369813422445 0.17150115714559153 0.02209969367864106 0.03712146258562586
0 0.05596212754107491 0.24351679456170572 0.02352548036758563 0.03860632108905091
0 0.1211918685602896 0.4684728578305985 0.022812587023113336 0.03712146258562579
0 0.22064049011417433 0.39348750340763433 0.02209969367864106 0.0415760380959011
0 0.3126037315511 0.20788019047950484 0.013544973544973497 0.029697170068500648
0 0.45197438039543303 0.28583526190931924 0.022812587023113336 0.040091179592475934
0 0.3286438318017265 0.2836079741541817 0.0142578668894459 0.029697170068500717
0 0.254146477304372 0.09057636870892713 0.020673906989696476 0.04454575510275106
0 0.1878473962684489 0.7713839925293057 0.023525480367585613 0.043060896599325986
0 0.35288220551378446 0.2501986578271184 0.021386800334168787 0.03712146258562584
0 0.320089111668059 0.4328362537483978 0.02138680033416872 0.03712146258562589
0 0.1219047619047619 0.08983393945721461 0.021386800334168753 0.04306089659932601
0 0.3126037315511 0.24425922381341822 0.013544973544973497 0.03415174557877579
0 0.48369813422445 0.13437969455996568 0.02209969367864106 0.03712146258562586
0 0.45126148705096075 0.20713776122779234 0.022812587023113336 0.043060896599326055
0 0.023169033695349485 0.0853793639469395 0.02352548036758563 0.04306089659932602
0 0.12047897521581731 0.2078801904795049 0.021386800334168753 0.03563660408220086
0 0.35288220551378446 0.09131879796063964 0.022812587023113336 0.04603061360617608
0 0.15398496240601503 0.3222142952432326 0.021386800334168753 0.041576038095901005
0 0.2209969367864105 0.4350635415035352 0.021386800334168753 0.04157603809590077
0 0.5507101086048455 0.28732012041274424 0.022099693678640998 0.040091179592475934
0 0.18820384294068504 0.4328362537483977 0.022812587023113336 0.03415174557877584
0 0.25343358395989973 0.3957147911627718 0.02209969367864106 0.03415174557877584
0 0.35288220551378446 0.43432111225182274 0.02423837371205789 0.03712146258562589
0 0.1211918685602896 0.2813806863990441 0.022812587023113336 0.03712146258562589
0 0.3849624060150376 0.20936504898292993 0.02138680033416872 0.03563660408220084
0 0.25343358395989973 0.43209382449668526 0.02209969367864106 0.03860632108905101
0 0.1219047619047619 0.12992511904969056 0.021386800334168753 0.040091179592475934
0 0.32080200501253126 0.507821608171362 0.02138680033416885 0.03860632108905091
0 0.12083542188805346 0.24425922381341822 0.02352548036758563 0.03712146258562584
0 0.1878473962684489 0.12992511904969056 0.02209969367864106 0.03712146258562589
0 0.1878473962684489 0.5790948163357638 0.020673906989696445 0.041576038095900957
0 0.1211918685602896 0.3192445782363825 0.022812587023113336 0.041576038095900957
0 0.18927318295739348 0.0890915102055021 0.020673906989696445 0.041576038095900984
0 0.35288220551378446 0.28657769116103177 0.021386800334168787 0.03563660408220086
0 0.12154831523252574 0.1700162986421665 0.022099693678641046 0.040091179592475934
0 0.25343358395989973 0.46921528708231103 0.020673906989696445 0.03563660408220067
0 0.08875522138680032 0.2813806863990441 0.022099693678641046 0.043060896599326076
0 0.22064049011417433 0.28212311565075665 0.02209969367864106 0.03563660408220082
0 0.5172041214146478 0.28806254966445677 0.023525480367585613 0.041576038095901005
0 0.25485937064884434 0.24574408231684325 0.020673906989696445 0.03415174557877579
0 0.48369813422445 0.2115923367380675 0.02209969367864106 0.04009117959247596
0 0.18820384294068504 0.2457440823168433 0.021386800334168753 0.03712146258562589
0 0.2872960178223336 0.3533963238151583 0.02708994708994712 0.03860632108905091
0 0.32080200501253126 0.4699577163340236 0.02138680033416885 0.03712146258562579
0 0.08804232804232805 0.35859332857714593 0.022099693678641046 0.03712146258562589
0 0.2545029239766082 0.17224358639730405 0.01996101364522417 0.03563660408220082
0 0.25343358395989973 0.506336749667937 0.02209969367864106 0.03860632108905101
0 0.25485937064884434 0.13363726530825315 0.020673906989696445 0.03860632108905091
0 0.35288220551378446 0.36007818708057093 0.021386800334168787 0.03712146258562584
0 0.1878473962684489 0.4684728578305985 0.02209969367864106 0.03712146258562579
0 0.35288220551378446 0.13289483605654062 0.022812587023113336 0.03712146258562589
0 0.254146477304372 0.3222142952432326 0.01924812030075186 0.03563660408220082
0 0.18856028961292118 0.6206708544316646 0.023525480367585644 0.03860632108905091
0 0.35359509885825674 0.3222142952432326 0.02138680033416872 0.03563660408220082
0 0.22135338345864664 0.2086226197312174 0.020673906989696476 0.043060896599325986
0 0.18820384294068504 0.5085640374230744 0.02423837371205792 0.043060896599325986
0 0.38496240601503756 0.17150115714559153 0.022812587023113336 0.04306089659932601
0 0.18749094959621276 0.31850214898467 0.021386800334168753 0.040091179592475934
0 0.18820384294068504 0.35859332857714593 0.021386800334168753 0.03712146258562589
0 0.320089111668059 0.39571479116277186 0.02138680033416872 0.03712146258562598
0 0.32080200501253126 0.3578508993254334 0.02138680033416885 0.03860632108905091
0 0.35288220551378446 0.17150115714559153 0.022812587023113336 0.04306089659932601
0 0.18820384294068504 0.39645722041448433 0.022812587023113336 0.03860632108905091
0 0.25343358395989973 0.36007818708057093 0.020673906989696445 0.03712146258562584
0 0.25485937064884434 0.2828655449024691 0.020673906989696445 0.04009117959247598
0 0.25485937064884434 0.20936504898292993 0.02209969367864106 0.03860632108905091
0 0.35359509885825674 0.21159233673806746 0.01996101364522417 0.03712146258562586
