0 0.702176403207331 0.15717092337917482 0.038946162657502836 0.05108055009823176
0 0.490836197021764 0.15520628683693516 0.044673539518900296 0.04715127701375246
0 0.11855670103092783 0.04518664047151277 0.03550973654066436 0.0550098231827112
0 0.490836197021764 0.03143418467583498 0.04696449026345928 0.04322200392927311
0 0.4919816723940435 0.07465618860510806 0.044673539518900296 0.05108055009823183
0 0.11912943871706758 0.10019646365422397 0.03436426116838487 0.051080550098231814
0 0.49312714776632305 0.31139489194499015 0.04467353951890041 0.041257367387033395
0 0.5063001145475372 0.7711198428290766 0.02061855670103102 0.017681728880157288
0 0.5057273768613975 0.7524557956777996 0.021764032073310458 0.01964636542239684
0 0.5051546391752577 0.7357563850687623 0.020618556701030966 0.013752455795677854
0 0.4936998854524628 0.2770137524557956 0.0458190148911799 0.03929273084479373
0 0.70446735395189 0.7092337917485265 0.032073310423825885 0.05108055009823176
0 0.8104238258877434 0.6100196463654224 0.03321878579610538 0.04911591355599221
0 0.3848797250859107 0.4076620825147348 0.03436426116838487 0.04518664047151277
0 0.43757159221076747 0.5579567779960707 0.03665521191294385 0.05108055009823187
0 0.22508591065292094 0.10412573673870335 0.03780068728522337 0.04715127701375245
0 0.5458190148911799 0.7131630648330058 0.037800687285223344 0.05108055009823176
0 0.8092783505154639 0.4577603143418468 0.03550973654066436 0.05500982318271119
0 0.7577319587628866 0.8143418467583496 0.037800687285223344 0.056974459724950854
0 0.32989690721649484 0.4577603143418467 0.032073310423825885 0.051080550098231814
0 0.702176403207331 0.4567779960707269 0.03436426116838487 0.04518664047151261
0 0.702176403207331 0.21021611001964635 0.03436426116838487 0.05108055009823184
0 0.8087056128293242 0.20923379174852652 0.03665521191294385 0.04911591355599215
0 0.22508591065292097 0.4577603143418467 0.03321878579610538 0.051080550098231814
0 0.8619702176403208 0.5088408644400786 0.03550973654066436 0.05108055009823187
0 0.32875143184421535 0.3565815324165029 0.03436426116838487 0.053045186640471476
0 0.32989690721649484 0.2583497053045187 0.03436426116838487 0.04518664047151277
0 0.5458190148911798 0.20923379174852652 0.030927835051546504 0.04911591355599215
0 0.17010309278350516 0.3555992141453831 0.03321878579610538 0.051080550098231814
0 0.490836197021764 0.40078585461689586 0.04238258877434131 0.05500982318271119
0 0.3848797250859107 0.10216110019646366 0.03436426116838487 0.05893909626719057
0 0.8608247422680413 0.05009823182711198 0.037800687285223344 0.05697445972495088
0 0.6494845360824741 0.762278978388998 0.03436426116838487 0.05108055009823176
0 0.5973654066437573 0.36051080550098225 0.03321878579610538 0.04518664047151283
0 0.7033218785796105 0.4106090373280943 0.032073310423825885 0.04715127701375249
0 0.3304696449026346 0.4056974459724951 0.03321878579610538 0.05304518664047153
0 0.8098510882016037 0.30844793713163066 0.036655211912943964 0.051080550098231814
0 0.27720504009163804 0.4567779960707269 0.03436426116838487 0.05697445972495091
0 0.5446735395189004 0.7612966601178782 0.037800687285223344 0.049115913555991986
0 0.7010309278350515 0.31434184675834975 0.03436426116838487 0.051080550098231814
0 0.2777777777777778 0.35952848722986247 0.03550973654066436 0.047151277013752435
0 0.702176403207331 0.7593320235756386 0.03436426116838487 0.04518664047151266
0 0.8619702176403208 0.16011787819253437 0.037800687285223344 0.0530451866404715
0 0.22279495990836196 0.5569744597249509 0.03550973654066436 0.05304518664047153
0 0.5458190148911799 0.3074656188605108 0.03550973654066436 0.04911591355599215
0 0.5458190148911799 0.6080550098231827 0.03550973654066436 0.05304518664047153
0 0.8104238258877434 0.7102161100196464 0.03321878579610538 0.04911591355599221
0 0.7583046964490263 0.6630648330058939 0.03436426116838487 0.056974459724950854
0 0.8104238258877434 0.8094302554027505 0.03550973654066447 0.05108055009823187
0 0.8642611683848798 0.7612966601178782 0.03550973654066436 0.049115913555991986
0 0.8642611683848798 0.6090373280943026 0.03550973654066436 0.05108055009823187
0 0.8619702176403208 0.4577603143418467 0.037800687285223344 0.051080550098231814
0 0.17010309278350516 0.20333988212180748 0.03321878579610538 0.05697445972495088
0 0.8619702176403208 0.10805500982318272 0.037800687285223344 0.0510805500982318
0 0.8092783505154639 0.5618860510805501 0.03550973654066436 0.05108055009823198
0 0.597938144329897 0.7583497053045187 0.03436426116838487 0.047151277013752435
0 0.43585337915234823 0.4587426326129666 0.02863688430698741 0.0491159135559921
0 0.7033218785796105 0.505893909626719 0.03436426116838487 0.0491159135559921
0 0.702176403207331 0.10609037328094303 0.038946162657502836 0.05108055009823183
0 0.2789232531500573 0.09921414538310414 0.03550973654066436 0.06090373280943025
0 0.22394043528064145 0.2043222003929273 0.03780068728522337 0.05500982318271119
0 0.5446735395189004 0.8074656188605109 0.03321878579610538 0.05108055009823198
0 0.6500572737686139 0.26031434184675833 0.03321878579610538 0.045186640471512746
0 0.7033218785796105 0.6110019646365422 0.032073310423825885 0.05108055009823187
0 0.5973654066437573 0.2554027504911592 0.037800687285223344 0.058939096267190544
0 0.6494845360824741 0.206286836935167 0.03436426116838487 0.05500982318271119
0 0.702176403207331 0.36051080550098225 0.03436426116838487 0.04518664047151283
0 0.2777777777777778 0.4037328094302554 0.03321878579610538 0.04518664047151277
0 0.11683848797250859 0.20726915520628686 0.03436426116838487 0.0530451866404715
0 0.8619702176403208 0.21414538310412573 0.037800687285223344 0.051080550098231814
0 0.7565864833906071 0.7612966601178782 0.03321878579610538 0.049115913555991986
0 0.12829324169530357 0.9047151277013752 0.022909507445589908 0.04125736738703345
0 0.49312714776632305 0.45186640471512773 0.04467353951890041 0.03536345776031441
0 0.12829324169530357 0.806483300589391 0.022909507445589908 0.04125736738703345
0 0.597938144329897 0.9056974459724951 0.03436426116838487 0.05108055009823176
0 0.1013745704467354 0.9587426326129667 0.021764032073310444 0.04322200392927311
0 0.597938144329897 0.4607072691552063 0.03436426116838487 0.053045186640471476
0 0.22050400916380297 0.8074656188605109 0.030927835051546393 0.05108055009823198
0 0.436426116838488 0.961689587426326 0.03436426116838487 0.0491159135559921
0 0.06242840778923254 0.8614931237721022 0.035509736540664374 0.04518664047151277
0 0.6517754868270331 0.805500982318271 0.03436426116838487 0.04322200392927311
0 0.22164948453608246 0.7092337917485265 0.03550973654066433 0.05108055009823176
0 0.3848797250859107 0.6051080550098231 0.03436426116838487 0.05108055009823176
0 0.5446735395189004 0.9636542239685658 0.04009163802978233 0.05304518664047153
0 0.11683848797250859 0.2583497053045187 0.036655211912943866 0.04518664047151277
0 0.5985108820160367 0.8575638506876229 0.030927835051546393 0.049115913555991986
0 0.06242840778923254 0.6552062868369353 0.035509736540664374 0.04518664047151277
0 0.22394043528064145 0.3045186640471513 0.03780068728522337 0.05500982318271119
0 0.06300114547537228 0.3045186640471512 0.03436426116838489 0.051080550098231925
0 0.43757159221076747 0.906679764243615 0.03665521191294385 0.05304518664047153
0 0.5423825887743414 0.9106090373280943 0.037800687285223344 0.05304518664047153
0 0.8642611683848798 0.8094302554027505 0.03321878579610538 0.05108055009823187
0 0.70446735395189 0.906679764243615 0.038946162657502836 0.05304518664047153
0 0.7571592210767468 0.20923379174852652 0.03436426116838487 0.04518664047151277
0 0.22279495990836196 0.35756385068762275 0.03321878579610535 0.051080550098231814
0 0.49312714776632305 0.23673870333988212 0.04467353951890041 0.049115913555992124
0 0.8104238258877434 0.9587426326129665 0.037800687285223455 0.05500982318271119
0 0.3837342497136311 0.655206286836935 0.034364261168384924 0.05304518664047164
0 0.8619702176403208 0.35952848722986247 0.037800687285223344 0.05108055009823187
0 0.22394043528064145 0.4076620825147348 0.030927835051546337 0.04518664047151277
0 0.1706758304696449 0.40962671905697445 0.03436426116838487 0.056974459724950854
0 0.5985108820160367 0.15717092337917488 0.03550973654066436 0.039292730844793705
0 0.6506300114547536 0.9616895874263262 0.038946162657502836 0.056974459724950854
0 0.06071019473081329 0.5540275049115914 0.03436426116838488 0.05108055009823187
0 0.436426116838488 0.713163064833006 0.03436426116838487 0.047151277013752546
0 0.436426116838488 0.7612966601178782 0.03436426116838487 0.049115913555991986
0 0.7033218785796105 0.8585461689587427 0.03436426116838487 0.05108055009823165
0 0.5985108820160367 0.5098231827111984 0.03321878579610538 0.04125736738703334
0 0.8098510882016037 0.16011787819253437 0.036655211912943964 0.04518664047151269
0 0.1145475372279496 0.6100196463654224 0.038946162657502864 0.04911591355599221
0 0.5446735395189004 0.8565815324165029 0.03321878579610538 0.05108055009823187
0 0.06128293241695304 0.7612966601178782 0.037800687285223365 0.049115913555991986
0 0.06300114547537228 0.2554027504911591 0.036655211912943866 0.05108055009823184
0 0.8642611683848798 0.8565815324165029 0.037800687285223344 0.05108055009823187
0 0.11798396334478808 0.45481335952848717 0.03665521191294385 0.049115913555991986
0 0.06242840778923254 0.6041257367387034 0.035509736540664374 0.05304518664047142
0 0.11683848797250859 0.5569744597249509 0.03894616265750285 0.056974459724950854
0 0.06300114547537228 0.35363457760314343 0.03436426116838489 0.051080550098231814
0 0.22164948453608246 0.6070726915520629 0.03550973654066433 0.05108055009823187
0 0.7583046964490263 0.4577603143418468 0.03436426116838487 0.047151277013752435
0 0.7033218785796105 0.8094302554027505 0.03436426116838487 0.05108055009823187
0 0.32989690721649484 0.6080550098231827 0.03436426116838487 0.04125736738703312
0 0.5446735395189004 0.10216110019646366 0.03321878579610538 0.05108055009823183
0 0.436426116838488 0.6611001964636543 0.03436426116838487 0.05304518664047153
0 0.5446735395189004 0.46168958742632615 0.03321878579610538 0.051080550098231814
0 0.06242840778923254 0.8104125736738703 0.035509736540664374 0.056974459724950854
0 0.38258877434135163 0.7593320235756384 0.03894616265750289 0.05304518664047142
0 0.8087056128293242 0.2593320235756385 0.03436426116838487 0.05108055009823184
0 0.8109965635738832 0.6601178781925343 0.0297823596792669 0.05108055009823176
0 0.3304696449026346 0.7092337917485265 0.03550973654066436 0.055009823182711304
0 0.22394043528064145 0.2554027504911591 0.03321878579610535 0.05108055009823184
0 0.5967926689576175 0.6601178781925343 0.03436426116838487 0.05108055009823176
0 0.8642611683848798 0.6571709233791749 0.03321878579610538 0.04518664047151277
0 0.6506300114547536 0.9076620825147348 0.03665521191294385 0.05108055009823187
0 0.7537227949599083 0.04911591355599213 0.03665521191294385 0.051080550098231856
0 0.8631156930126003 0.7082514734774068 0.03321878579610538 0.056974459724950965
0 0.061855670103092786 0.4056974459724951 0.03665521191294388 0.05304518664047153
0 0.22508591065292094 0.05009823182711198 0.03780068728522337 0.05697445972495088
0 0.22508591065292097 0.15225933202357564 0.03550973654066436 0.04518664047151277
0 0.2789232531500573 0.20628683693516697 0.03550973654066436 0.043222003929273084
0 0.06242840778923253 0.706286836935167 0.03780068728522337 0.056974459724950854
0 0.7571592210767468 0.16208251473477409 0.03436426116838487 0.0530451866404715
0 0.3848797250859107 0.5579567779960708 0.03436426116838487 0.047151277013752435
0 0.43757159221076747 0.4086444007858546 0.027491408934707917 0.047151277013752435
0 0.43871706758304696 0.15520628683693516 0.03436426116838487 0.043222003929273084
0 0.38258877434135163 0.7102161100196465 0.03894616265750289 0.05304518664047153
0 0.3304696449026346 0.6591355599214146 0.03550973654066436 0.05304518664047142
0 0.22164948453608246 0.8565815324165029 0.03550973654066433 0.05108055009823187
0 0.7033218785796105 0.26031434184675833 0.03436426116838487 0.0530451866404715
0 0.1277205040091638 0.7053045186640472 0.024054982817869414 0.047151277013752435
0 0.22279495990836196 0.9106090373280943 0.03780068728522337 0.05304518664047153
0 0.32875143184421535 0.9066797642436148 0.03436426116838487 0.0491159135559921
0 0.07560137457044673 0.20530451866404711 0.02290950744558992 0.04518664047151283
0 0.49083619702176406 0.11493123772102161 0.049255441008018375 0.033398821218074665
0 0.13001145475372278 0.9587426326129667 0.024054982817869427 0.047151277013752435
0 0.1013745704467354 0.9047151277013752 0.021764032073310444 0.04125736738703345
0 0.10252004581901489 0.6571709233791749 0.021764032073310416 0.03339882121807458
0 0.9158075601374571 0.10805500982318272 0.03550973654066436 0.05500982318271121
0 0.4919816723940435 0.19646365422396855 0.044673539518900296 0.039292730844793705
0 0.11683848797250859 0.5068762278978389 0.03894616265750285 0.05108055009823176
0 0.1277205040091638 0.8565815324165029 0.024054982817869414 0.03929273084479368
0 0.3304696449026346 0.9616895874263262 0.037800687285223344 0.056974459724950854
0 0.22279495990836196 0.9607072691552063 0.03780068728522337 0.047151277013752435
0 0.10194730813287514 0.856581532416503 0.022909507445589908 0.047151277013752324
0 0.32875143184421535 0.7593320235756386 0.03436426116838487 0.04518664047151266
0 0.10252004581901489 0.7062868369351669 0.021764032073310416 0.0491159135559921
0 0.10366552119129438 0.7544204322200393 0.021764032073310416 0.03929273084479368
0 0.1277205040091638 0.6591355599214146 0.024054982817869414 0.04125736738703345
0 0.32875143184421535 0.8595284872298625 0.032073310423825885 0.04518664047151277
0 0.5967926689576175 0.20039292730844793 0.03436426116838487 0.04715127701375246
0 0.8104238258877434 0.9047151277013752 0.04009163802978244 0.05304518664047142
0 0.3831615120274914 0.962671905697446 0.040091638029782384 0.05108055009823187
0 0.06242840778923254 0.9076620825147348 0.035509736540664374 0.05108055009823187
0 0.06242840778923253 0.5049115913555992 0.033218785796105384 0.051080550098231925
0 0.2222222222222222 0.7612966601178782 0.03436426116838484 0.049115913555991986
0 0.1013745704467354 0.806483300589391 0.021764032073310444 0.04518664047151277
0 0.8619702176403208 0.3104125736738703 0.03550973654066436 0.047151277013752435
0 0.7560137457044673 0.10510805500982318 0.03665521191294385 0.056974459724950896
0 0.061855670103092786 0.4548133595284872 0.03436426116838487 0.04518664047151277
0 0.8642611683848798 0.9066797642436148 0.03321878579610538 0.0491159135559921
0 0.06242840778923253 0.9607072691552063 0.03780068728522337 0.05500982318271119
0 0.436426116838488 0.8575638506876229 0.03436426116838487 0.049115913555991986
0 0.6483390607101946 0.15815324165029465 0.03436426116838487 0.04911591355599207
0 0.11683848797250859 0.3555992141453831 0.03436426116838487 0.04322200392927311
0 0.38144329896907214 0.9106090373280943 0.03894616265750289 0.05304518664047153
0 0.9158075601374571 0.16306483300589392 0.037800687285223344 0.05893909626719057
0 0.597938144329897 0.806483300589391 0.03436426116838487 0.0491159135559921
0 0.12943871706758306 0.7544204322200393 0.02520045819014889 0.043222003929273
0 0.8098510882016037 0.40667976424361496 0.03436426116838487 0.04715127701375249
0 0.22164948453608246 0.6581532416502948 0.03550973654066433 0.05108055009823187
0 0.5985108820160367 0.9567779960707269 0.037800687285223344 0.05108055009823187
0 0.436426116838488 0.8074656188605109 0.038946162657502836 0.05108055009823198
0 0.8642611683848798 0.9597249508840864 0.03550973654066436 0.056974459724950965
0 0.8104238258877434 0.856581532416503 0.037800687285223455 0.047151277013752324
0 0.22336769759450176 0.505893909626719 0.02978235967926693 0.04518664047151277
0 0.5458190148911799 0.5068762278978389 0.03321878579610549 0.043222003929273056
0 0.9158075601374571 0.05108055009823183 0.037800687285223344 0.05893909626719057
0 0.702176403207331 0.662082514734774 0.032073310423825885 0.047151277013752435
0 0.3304696449026346 0.8094302554027505 0.03550973654066436 0.05500982318271119
0 0.8098510882016037 0.3585461689587426 0.03436426116838487 0.04911591355599215
0 0.70446735395189 0.9577603143418467 0.03665521191294385 0.0491159135559921
0 0.11683848797250859 0.40373280943025536 0.036655211912943866 0.04911591355599215
0 0.8631156930126003 0.40667976424361496 0.03321878579610538 0.04715127701375249
0 0.861397479954181 0.2642436149312377 0.038946162657502836 0.04911591355599218
0 0.38258877434135163 0.8074656188605109 0.03665521191294391 0.05108055009823198
0 0.11683848797250859 0.3045186640471512 0.03436426116838487 0.051080550098231925
0 0.7583046964490263 0.7121807465618861 0.0297823596792669 0.04518664047151277
0 0.11912943871706758 0.15225933202357564 0.03436426116838487 0.05304518664047153
0 0.3837342497136311 0.8565815324165029 0.03894616265750289 0.05108055009823187
0 0.436426116838488 0.5088408644400786 0.03436426116838487 0.05108055009823187
0 0.5967926689576175 0.4106090373280943 0.032073310423825885 0.051080550098231814
0 0.16953035509736541 0.2573673870333988 0.03436426116838487 0.051080550098231814
0 0.32989690721649484 0.5078585461689586 0.03436426116838487 0.05697445972495102
0 0.7560137457044673 0.36051080550098225 0.03436426116838487 0.04518664047151283
0 0.5446735395189004 0.5550098231827112 0.03550973654066447 0.05304518664047153
0 0.702176403207331 0.048133595284872294 0.03665521191294385 0.05697445972495088
0 0.7583046964490263 0.40962671905697445 0.03665521191294385 0.04911591355599215
0 0.597938144329897 0.7092337917485265 0.032073310423825885 0.047151277013752546
0 0.8104238258877434 0.7583497053045187 0.03321878579610538 0.05108055009823176
0 0.27720504009163804 0.2554027504911591 0.03436426116838487 0.05108055009823184
0 0.5458190148911799 0.40962671905697445 0.03550973654066436 0.05304518664047153
0 0.16953035509736541 0.30844793713163066 0.03665521191294388 0.051080550098231814
0 0.702176403207331 0.5569744597249509 0.03665521191294385 0.05304518664047153
0 0.5458190148911799 0.2573673870333988 0.03550973654066436 0.051080550098231814
0 0.3848797250859106 0.15717092337917482 0.03894616265750289 0.05108055009823176
0 0.43757159221076747 0.6110019646365422 0.03665521191294385 0.05500982318271119
0 0.27835051546391754 0.15520628683693513 0.03894616265750289 0.05500982318271114
0 0.6506300114547536 0.5127701375245579 0.03436426116838487 0.047151277013752435
0 0.6506300114547536 0.5599214145383105 0.03436426116838487 0.047151277013752435
0 0.6494845360824741 0.36051080550098225 0.03436426116838487 0.04518664047151283
0 0.8619702176403208 0.5609037328094304 0.037800687285223344 0.05304518664047164
0 0.8092783505154639 0.5127701375245579 0.03550973654066436 0.051080550098231814
0 0.7583046964490263 0.6100196463654224 0.032073310423825885 0.04911591355599221
0 0.32989690721649484 0.5609037328094304 0.03436426116838487 0.05304518664047164
0 0.6506300114547536 0.4086444007858546 0.03436426116838487 0.05108055009823187
0 0.32989690721649484 0.3045186640471512 0.03436426116838487 0.051080550098231925
0 0.8104238258877434 0.10805500982318272 0.037800687285223455 0.058939096267190585
0 0.6506300114547536 0.8575638506876228 0.03665521191294385 0.05304518664047153
0 0.6506300114547536 0.6601178781925343 0.038946162657502836 0.05108055009823176
0 0.3848797250859107 0.5088408644400786 0.03436426116838487 0.04715127701375238
0 0.7560137457044673 0.31237721021611 0.03436426116838487 0.05108055009823176
0 0.6494845360824741 0.7111984282907662 0.03665521191294385 0.05108055009823198
0 0.7583046964490263 0.5609037328094304 0.03665521191294385 0.05304518664047164
0 0.33104238258877433 0.09823182711198428 0.03665521191294385 0.05893909626719056
0 0.7583046964490263 0.5098231827111984 0.03665521191294385 0.05304518664047153
0 0.7571592210767468 0.2612966601178782 0.03665521191294385 0.051080550098231814
0 0.2777777777777778 0.3074656188605108 0.03550973654066436 0.053045186640471476
0 0.5973654066437573 0.31139489194499015 0.03550973654066436 0.05304518664047142
0 0.5458190148911799 0.6581532416502947 0.037800687285223344 0.05500982318271119
0 0.5985108820160367 0.6090373280943026 0.03550973654066436 0.05108055009823187
0 0.6494845360824741 0.4597249508840865 0.03436426116838487 0.051080550098231814
0 0.43757159221076747 0.30844793713163066 0.03665521191294385 0.047151277013752435
0 0.3848797250859107 0.35952848722986247 0.032073310423825885 0.05108055009823187
0 0.33104238258877433 0.156188605108055 0.03436426116838487 0.05304518664047145
0 0.3843069873997709 0.3074656188605108 0.030927835051546393 0.04911591355599215
0 0.6494845360824741 0.3094302554027505 0.03436426116838487 0.0569744597249508
0 0.597938144329897 0.5579567779960707 0.03436426116838487 0.05108055009823187
0 0.43871706758304696 0.10216110019646366 0.03665521191294385 0.06286836935166995
0 0.5985108820160367 0.1031434184675835 0.037800687285223344 0.06090373280943026
0 0.6483390607101946 0.10510805500982319 0.03436426116838487 0.06090373280943026
0 0.6500572737686139 0.6090373280943026 0.037800687285223344 0.05108055009823187
0 0.3848797250859107 0.2573673870333988 0.03436426116838487 0.051080550098231814
0 0.5446735395189004 0.15520628683693513 0.04009163802978233 0.05500982318271114
0 0.3837342497136311 0.4567779960707269 0.034364261168384924 0.05697445972495091
0 0.5458190148911799 0.3585461689587426 0.037800687285223344 0.04911591355599215
0 0.43871706758304696 0.2612966601178782 0.03665521191294385 0.051080550098231814
0 0.3848797250859107 0.21021611001964635 0.03436426116838487 0.04715127701375246
0 0.43757159221076747 0.35854616895874264 0.03436426116838487 0.05304518664047153
0 0.4381443298969072 0.20726915520628686 0.03550973654066436 0.05697445972495088
0 0.33104238258877433 0.21021611001964635 0.03436426116838487 0.055009823182711276
