0 0.946970 0.245234 0.036131 0.050260
0 0.893357 0.950607 0.038462 0.050260
0 0.134033 0.463605 0.034965 0.043328
0 0.460373 0.772097 0.032634 0.043328
0 0.567599 0.771231 0.034965 0.041594
0 0.729604 0.420277 0.037296 0.043328
0 0.241841 0.422010 0.033800 0.043328
0 0.405594 0.194974 0.034965 0.053726
0 0.296037 0.375217 0.034965 0.043328
0 0.296037 0.241768 0.034965 0.046794
0 0.730769 0.860485 0.034965 0.043328
0 0.892191 0.201906 0.033800 0.046794
0 0.784965 0.858752 0.038462 0.043328
0 0.730186 0.730503 0.038462 0.043328
0 0.514569 0.458406 0.045455 0.043328
0 0.243007 0.771231 0.038462 0.045061
0 0.782634 0.508666 0.033800 0.043328
0 0.187063 0.418544 0.036131 0.046794
0 0.892191 0.376950 0.036131 0.046794
0 0.783800 0.639515 0.033800 0.041594
0 0.241841 0.376083 0.033800 0.045061
0 0.189394 0.596187 0.036131 0.045061
0 0.133450 0.421144 0.036131 0.045061
0 0.133450 0.375217 0.036131 0.046794
0 0.406760 0.731369 0.034965 0.048527
0 0.729604 0.292028 0.039627 0.046794
0 0.731935 0.950607 0.039627 0.046794
0 0.133450 0.330156 0.036131 0.043328
0 0.243007 0.551993 0.038462 0.043328
0 0.188228 0.149047 0.038462 0.051993
0 0.187063 0.508666 0.038462 0.043328
0 0.891026 0.510399 0.033800 0.046794
0 0.568182 0.815425 0.036131 0.043328
0 0.459790 0.859619 0.038462 0.045061
0 0.189394 0.682842 0.036131 0.045061
0 0.569347 0.638648 0.036131 0.043328
0 0.297203 0.550260 0.039627 0.050260
0 0.188228 0.639515 0.038462 0.045061
0 0.568182 0.858752 0.036131 0.043328
0 0.297203 0.682842 0.037296 0.048527
0 0.945804 0.149047 0.036131 0.051993
0 0.404429 0.241768 0.034965 0.039861
0 0.837413 0.288562 0.033800 0.043328
0 0.784965 0.462738 0.033800 0.041594
0 0.784965 0.683709 0.038462 0.046794
0 0.838578 0.332756 0.033800 0.048527
0 0.459790 0.727903 0.036131 0.045061
0 0.946970 0.420277 0.036131 0.046794
0 0.241841 0.598787 0.038462 0.046794
0 0.406760 0.857019 0.032634 0.046794
0 0.187063 0.243501 0.038462 0.046794
0 0.350816 0.194974 0.034965 0.053726
0 0.185897 0.330156 0.038462 0.043328
0 0.406760 0.508666 0.034965 0.043328
0 0.622960 0.332756 0.033800 0.041594
0 0.187063 0.375217 0.038462 0.046794
0 0.621212 0.200173 0.034965 0.046794
0 0.783800 0.292028 0.036131 0.043328
0 0.892191 0.731369 0.033800 0.045061
0 0.891026 0.464471 0.033800 0.045061
0 0.567599 0.728769 0.032634 0.046794
0 0.405594 0.422010 0.034965 0.046794
0 0.187063 0.287695 0.036131 0.041594
0 0.730769 0.508666 0.034965 0.046794
0 0.893357 0.642981 0.036131 0.045061
0 0.730769 0.903813 0.034965 0.046794
0 0.514569 0.503466 0.043124 0.039861
0 0.528555 0.778163 0.022145 0.024263
0 0.526807 0.753899 0.023310 0.031196
0 0.297203 0.506932 0.039627 0.025997
0 0.405012 0.901213 0.033800 0.041594
0 0.515152 0.349220 0.046620 0.032929
0 0.297203 0.727903 0.034965 0.038128
0 0.515152 0.277296 0.046620 0.031196
0 0.515152 0.206239 0.048951 0.031196
0 0.134033 0.196707 0.037296 0.043328
0 0.189394 0.949740 0.038462 0.045061
0 0.133450 0.818024 0.036131 0.048527
0 0.133450 0.862218 0.036131 0.043328
0 0.297203 0.946274 0.037296 0.048527
0 0.134615 0.906412 0.038462 0.045061
0 0.515734 0.173310 0.045455 0.034662
0 0.729604 0.332756 0.034965 0.041594
0 0.079254 0.420277 0.034965 0.039861
0 0.189394 0.906412 0.038462 0.048527
0 0.296037 0.899480 0.034965 0.041594
0 0.079254 0.336222 0.034965 0.041594
0 0.946970 0.858752 0.033800 0.039861
0 0.514569 0.136915 0.050117 0.034662
0 0.514569 0.240901 0.045455 0.038128
0 0.134615 0.730503 0.038462 0.043328
0 0.297203 0.811958 0.032634 0.039861
0 0.892191 0.902080 0.033800 0.043328
0 0.189394 0.860485 0.036131 0.043328
0 0.784965 0.902080 0.038462 0.043328
0 0.133450 0.774697 0.038462 0.045061
0 0.296037 0.594454 0.032634 0.038128
0 0.946970 0.730503 0.033800 0.043328
0 0.946387 0.814558 0.034965 0.045061
0 0.516900 0.379549 0.045455 0.038128
0 0.079254 0.196707 0.034965 0.046794
0 0.730769 0.683709 0.037296 0.050260
0 0.945804 0.771231 0.033800 0.041594
0 0.460956 0.902080 0.033800 0.039861
0 0.188228 0.728769 0.033800 0.046794
0 0.406760 0.772097 0.034965 0.036395
0 0.945804 0.551993 0.038462 0.043328
0 0.892191 0.818024 0.033800 0.041594
0 0.244172 0.818891 0.038462 0.050260
0 0.079254 0.242634 0.039627 0.045061
0 0.785548 0.771231 0.032634 0.045061
0 0.568182 0.902080 0.036131 0.043328
0 0.134033 0.289428 0.034965 0.041594
0 0.892191 0.245234 0.033800 0.039861
0 0.946970 0.379549 0.036131 0.038128
0 0.243007 0.728769 0.033800 0.043328
0 0.945804 0.507799 0.038462 0.045061
0 0.133450 0.685442 0.038462 0.046794
0 0.079254 0.288562 0.039627 0.050260
0 0.946970 0.682842 0.033800 0.041594
0 0.945804 0.467938 0.038462 0.041594
0 0.189394 0.773830 0.038462 0.046794
0 0.729604 0.376083 0.037296 0.045061
0 0.946970 0.196707 0.036131 0.046794
0 0.729604 0.551993 0.034965 0.043328
0 0.298368 0.858752 0.034965 0.043328
0 0.892191 0.334489 0.036131 0.038128
0 0.568182 0.599653 0.038462 0.041594
0 0.079837 0.148180 0.036131 0.050260
0 0.406760 0.811958 0.034965 0.043328
0 0.731935 0.815425 0.037296 0.043328
0 0.892191 0.596187 0.033800 0.045061
0 0.786131 0.950607 0.038462 0.050260
0 0.134615 0.640381 0.038462 0.046794
0 0.730769 0.639515 0.037296 0.045061
0 0.946970 0.902946 0.036131 0.045061
0 0.187063 0.818891 0.038462 0.043328
0 0.459790 0.948873 0.036131 0.050260
0 0.406760 0.950607 0.037296 0.050260
0 0.892191 0.551993 0.036131 0.039861
0 0.945804 0.595321 0.033800 0.043328
0 0.243007 0.641248 0.038462 0.041594
0 0.134615 0.553726 0.038462 0.043328
0 0.947552 0.950607 0.034965 0.050260
0 0.784965 0.245234 0.038462 0.046794
0 0.080420 0.378683 0.037296 0.046794
0 0.296037 0.636915 0.034965 0.043328
0 0.405012 0.640381 0.033800 0.043328
0 0.893357 0.858752 0.036131 0.043328
0 0.784965 0.817158 0.038462 0.046794
0 0.135198 0.595321 0.039627 0.046794
0 0.243007 0.687175 0.038462 0.046794
0 0.458625 0.815425 0.036131 0.043328
0 0.945221 0.336222 0.034965 0.048527
0 0.134033 0.241768 0.037296 0.050260
0 0.296037 0.194974 0.034965 0.046794
0 0.297203 0.768631 0.034965 0.046794
0 0.945221 0.290295 0.034965 0.043328
0 0.892191 0.423744 0.036131 0.039861
0 0.568182 0.948873 0.038462 0.050260
0 0.945221 0.640381 0.034965 0.046794
0 0.133450 0.507799 0.036131 0.048527
0 0.784382 0.551993 0.034965 0.043328
0 0.515152 0.311092 0.044289 0.043328
0 0.730769 0.464471 0.034965 0.041594
0 0.241841 0.193241 0.033800 0.050260
0 0.730769 0.195841 0.037296 0.048527
0 0.405594 0.551993 0.034965 0.039861
0 0.188228 0.551993 0.033800 0.043328
0 0.893357 0.687175 0.036131 0.043328
0 0.459790 0.640381 0.033800 0.043328
0 0.892191 0.290295 0.036131 0.046794
0 0.783800 0.730503 0.033800 0.043328
0 0.892191 0.775563 0.038462 0.046794
0 0.784965 0.198440 0.038462 0.046794
0 0.730769 0.772964 0.037296 0.041594
0 0.729604 0.596187 0.037296 0.045061
0 0.784965 0.150780 0.038462 0.048527
0 0.187063 0.198440 0.038462 0.046794
0 0.729604 0.241768 0.039627 0.046794
0 0.783800 0.376083 0.036131 0.041594
0 0.187063 0.463605 0.036131 0.050260
0 0.783800 0.595321 0.036131 0.046794
0 0.296037 0.146447 0.037296 0.050260
0 0.241841 0.242634 0.038462 0.048527
0 0.674825 0.198440 0.034965 0.050260
0 0.296037 0.333622 0.037296 0.043328
0 0.243007 0.464471 0.036131 0.045061
0 0.241841 0.289428 0.033800 0.041594
0 0.674825 0.422010 0.037296 0.043328
0 0.621212 0.555459 0.037296 0.046794
0 0.622378 0.151646 0.039627 0.050260
0 0.405594 0.286828 0.037296 0.046794
0 0.567599 0.681976 0.034965 0.046794
0 0.621212 0.507799 0.034965 0.045061
0 0.838578 0.198440 0.033800 0.046794
0 0.458625 0.680243 0.036131 0.043328
0 0.674825 0.376950 0.034965 0.043328
0 0.568182 0.508666 0.038462 0.043328
0 0.837413 0.424610 0.036131 0.045061
0 0.674825 0.332756 0.034965 0.045061
0 0.243007 0.331889 0.036131 0.046794
0 0.783800 0.333622 0.038462 0.043328
0 0.837413 0.380416 0.036131 0.043328
0 0.459790 0.508666 0.033800 0.043328
0 0.459207 0.373484 0.032634 0.043328
0 0.297203 0.289428 0.034965 0.045061
0 0.459790 0.550260 0.038462 0.046794
0 0.296620 0.418544 0.036131 0.046794
0 0.568182 0.551993 0.038462 0.046794
0 0.405594 0.332756 0.037296 0.041594
0 0.405012 0.596187 0.033800 0.045061
0 0.405594 0.464471 0.034965 0.041594
0 0.405594 0.683709 0.034965 0.043328
0 0.622378 0.288562 0.034965 0.046794
0 0.459790 0.194974 0.036131 0.046794
0 0.569347 0.245234 0.036131 0.043328
0 0.297203 0.463605 0.039627 0.046794
0 0.622378 0.243501 0.034965 0.046794
0 0.243007 0.508666 0.036131 0.046794
0 0.837413 0.245234 0.036131 0.046794
0 0.784965 0.420277 0.038462 0.043328
0 0.405594 0.376950 0.037296 0.046794
0 0.458625 0.285962 0.033800 0.045061
0 0.568182 0.149047 0.038462 0.055459
0 0.621212 0.376950 0.034965 0.043328
0 0.459207 0.330156 0.032634 0.043328
0 0.674825 0.246101 0.034965 0.045061
0 0.621212 0.422010 0.037296 0.046794
0 0.568182 0.376083 0.036131 0.045061
0 0.567599 0.464471 0.034965 0.045061
0 0.459790 0.242634 0.033800 0.045061
0 0.622378 0.466205 0.034965 0.041594
0 0.675991 0.290295 0.034965 0.043328
0 0.459790 0.418544 0.033800 0.050260
0 0.569347 0.200173 0.036131 0.046794
0 0.458625 0.464471 0.036131 0.045061
0 0.459790 0.596187 0.036131 0.045061
0 0.567599 0.420277 0.034965 0.043328
0 0.569347 0.333622 0.033800 0.043328
0 0.568765 0.289428 0.034965 0.045061
0 0.674825 0.465338 0.039627 0.050260
