0 0.5234278266536332 0.2371710319703536 0.027526881720430146 0.0434143583945732
0 0.05880742913000977 0.44057534074492805 0.02585858585858586 0.03859054079517613
0 0.4062300423590746 0.19536461277557943 0.023356142065819464 0.03698260159537716
0 0.4458520690778755 0.39555304315055584 0.025858585858585834 0.03859054079517618
0 0.058390355164548706 0.3593744111550782 0.026692733789507983 0.03698260159537721
0 0.058390355164548706 0.317567991960304 0.026692733789507983 0.04019847999497525
0 0.29195177582274356 0.3987689215501539 0.028361029651352208 0.04180641919477418
0 0.05755620723362658 0.3979649519502544 0.02335614206581949 0.0434143583945732
0 0.29111762789182144 0.4791658815401043 0.02669273378950796 0.04180641919477418
0 0.44460084718149234 0.06672947679165882 0.025024437927663713 0.04663023679417122
0 0.48338872596937116 0.15355819358080522 0.027526881720430083 0.04341435839457322
0 0.01918540241120885 0.11014383518623201 0.02335614206581946 0.04663023679417123
0 0.36702508960573477 0.23797500157025314 0.025024437927663713 0.04180641919477418
0 0.2156272401433692 0.35374662395578166 0.03086347344411864 0.04823817599397026
0 0.058390355164548706 0.520168331134979 0.02168784620397524 0.04019847999497515
0 0.4450179211469534 0.23475912317065514 0.027526881720430083 0.03859054079517618
0 0.4842228739002933 0.1093398655863325 0.02252199413489734 0.04502229759437221
0 0.33199087650700554 0.7613592111048301 0.023356142065819464 0.03698260159537711
0 0.40706419028999674 0.1109478047861315 0.02669273378950796 0.03215878399598018
0 0.2156272401433692 0.21707179197286605 0.03086347344411864 0.03859054079517623
0 0.2152101661779081 0.28058539036492675 0.03336591723688498 0.03376672319577912
0 0.21479309221244705 0.15114628478110673 0.030863473444118578 0.0418064191947742
0 0.3782860866731834 0.758143332705232 0.01584881068752035 0.03055084479618112
0 0.21521016617790814 0.053061993593367246 0.031697621375040765 0.03537466239557815
0 0.21562724014336918 0.2500345455687457 0.032531769305962854 0.03376672319577921
0 0.21479309221244705 0.18571697757678532 0.030863473444118578 0.030550844796181146
0 0.22396871945259042 0.636743923120407 0.017517106549364694 0.03215878399598014
0 0.21479309221244708 0.11737956158532757 0.03253176930596289 0.02572702719678413
0 0.2156272401433692 0.08602474718924691 0.03086347344411864 0.0401984799949752
0 0.40831541218637996 0.639959801520005 0.027526881720430083 0.04180641919477418
0 0.4838057999348322 0.2363670623704541 0.028361029651352208 0.04180641919477418
0 0.3294884327142391 0.23636706237045416 0.02836102965135227 0.03859054079517618
0 0.3294884327142391 0.3183719615602035 0.025024437927663776 0.04180641919477427
0 0.48338872596937116 0.2765655423654293 0.025858585858585834 0.04180641919477413
0 0.44543499511241447 0.3151560831606055 0.023356142065819464 0.04180641919477418
0 0.368693385467579 0.3183719615602035 0.025024437927663713 0.04180641919477427
0 0.01960247637666993 0.23797500157025314 0.02752688172043011 0.04180641919477418
0 0.058390355164548706 0.2781734815652283 0.026692733789507983 0.03859054079517613
0 0.4450179211469534 0.27334966396583127 0.02419028999674159 0.03859054079517618
0 0.01960247637666993 0.15516613278060423 0.02752688172043011 0.0434143583945732
0 0.2915347018572825 0.28058539036492686 0.025858585858585834 0.03698260159537716
0 0.3319908765070055 0.8055775390993029 0.02669273378950802 0.04502229759437222
0 0.3294884327142391 0.5611707807298536 0.02669273378950802 0.04180641919477418
0 0.29111762789182144 0.44057534074492805 0.025024437927663713 0.03859054079517613
0 0.36911045943304005 0.7195527919100559 0.027526881720430083 0.0434143583945732
0 0.33115672857608336 0.6817662207147792 0.02836102965135227 0.04180641919477427
0 0.29111762789182144 0.23877897117015265 0.02669273378950796 0.04663023679417124
0 0.020436624307592063 0.2781734815652283 0.02919517758227438 0.04180641919477422
0 0.05880742913000977 0.4791658815401042 0.02585858585858586 0.03859054079517623
0 0.48338872596937116 0.315960052760505 0.025858585858585834 0.03698260159537721
0 0.3716129032258064 0.8007537214999059 0.027526881720430083 0.05145405439356821
0 0.5234278266536332 0.19456064317567992 0.027526881720430146 0.0418064191947742
0 0.4062300423590746 0.06431756799196031 0.028361029651352208 0.051454054393568247
0 0.33115672857608336 0.3593744111550782 0.023356142065819527 0.03698260159537721
0 0.44543499511241447 0.15436216318070473 0.025024437927663713 0.0418064191947742
0 0.40831541218637996 0.6833741599145782 0.027526881720430083 0.04180641919477418
0 0.40706419028999674 0.2781734815652283 0.025024437927663713 0.03859054079517613
0 0.4850570218312154 0.4783619119402048 0.027526881720430083 0.04663023679417133
0 0.44460084718149234 0.19456064317567992 0.025024437927663713 0.03859054079517616
0 0.5234278266536332 0.14953834558130766 0.0258585858585859 0.04180641919477415
0 0.3678592375366569 0.2765655423654293 0.025024437927663713 0.04180641919477413
0 0.368693385467579 0.39716098235035485 0.025024437927663713 0.04180641919477418
0 0.368693385467579 0.15355819358080522 0.025024437927663713 0.04341435839457322
0 0.2902834799608993 0.19456064317567992 0.021687846203975215 0.0418064191947742
0 0.33115672857608336 0.641567740719804 0.025024437927663776 0.03859054079517613
0 0.4842228739002933 0.39716098235035485 0.027526881720430083 0.04180641919477418
0 0.4842228739002933 0.35535456315558067 0.02419028999674159 0.04180641919477422
0 0.29195177582274356 0.3183719615602035 0.025024437927663713 0.04180641919477427
0 0.4850570218312154 0.4381634319452296 0.025858585858585834 0.04019847999497525
0 0.48255457803844903 0.19536461277557945 0.025858585858585834 0.04019847999497518
0 0.36952753339850114 0.5193643615350795 0.02669273378950796 0.04180641919477418
0 0.36911045943304005 0.5611707807298536 0.027526881720430083 0.04180641919477418
0 0.33032258064516123 0.3987689215501539 0.025024437927663776 0.04180641919477418
0 0.17642228739002933 0.19777652157527795 0.027526881720430083 0.04180641919477422
0 0.17725643532095145 0.15597010238050374 0.025858585858585834 0.0418064191947742
0 0.058390355164548706 0.1921487343759814 0.026692733789507983 0.04663023679417122
0 0.2531638970348648 0.19777652157527795 0.027526881720430114 0.04180641919477422
0 0.36952753339850114 0.641567740719804 0.025024437927663713 0.04180641919477418
0 0.328654284783317 0.2765655423654293 0.025024437927663776 0.04180641919477413
0 0.36952753339850114 0.4791658815401043 0.02669273378950796 0.04180641919477418
0 0.328654284783317 0.19777652157527792 0.025024437927663776 0.0450222975943722
0 0.01960247637666993 0.19697255197537847 0.02752688172043011 0.04341435839457322
0 0.40706419028999674 0.31676402236040446 0.02669273378950796 0.04180641919477422
0 0.2531638970348648 0.23877897117015265 0.027526881720430114 0.0434143583945732
0 0.17642228739002933 0.11014383518623201 0.027526881720430083 0.04663023679417123
0 0.40789833822091887 0.5209723007348784 0.028361029651352208 0.04180641919477418
0 0.4458520690778755 0.35696250235537974 0.02419028999674159 0.04180641919477422
0 0.17642228739002933 0.23636706237045416 0.027526881720430083 0.03859054079517618
0 0.4062300423590746 0.15436216318070473 0.028361029651352208 0.0418064191947742
0 0.33115672857608336 0.5193643615350795 0.02669273378950802 0.04180641919477418
0 0.13763440860215054 0.15355819358080522 0.02836102965135222 0.05306199359336725
0 0.3294884327142391 0.4775579423403052 0.025024437927663776 0.04180641919477427
0 0.36702508960573477 0.19777652157527795 0.025024437927663713 0.04180641919477422
0 0.0583903551645487 0.2363670623704541 0.028361029651352253 0.04180641919477418
0 0.3678592375366569 0.3561585327554802 0.023356142065819464 0.0401984799949752
0 0.2523297491039427 0.1519502543810062 0.027526881720430052 0.04663023679417124
0 0.37036168132942326 0.6793543119150808 0.02669273378950796 0.03698260159537721
0 0.4062300423590746 0.2371710319703536 0.028361029651352208 0.0434143583945732
0 0.40706419028999674 0.39716098235035485 0.025024437927663713 0.04180641919477418
0 0.17725643532095145 0.2781734815652283 0.025858585858585834 0.04180641919477422
0 0.29195177582274356 0.3593744111550782 0.025024437927663713 0.04019847999497515
0 0.40748126425545783 0.4775579423403052 0.025858585858585834 0.04180641919477427
0 0.3299055066797002 0.44057534074492805 0.02419028999674165 0.03859054079517613
0 0.40706419028999674 0.3577664719552792 0.025024437927663713 0.03698260159537716
0 0.3319908765070055 0.7243766095094529 0.02669273378950802 0.04019847999497525
0 0.36952753339850114 0.6005652911249293 0.025024437927663713 0.03698260159537721
0 0.05797328119908764 0.5619747503297532 0.027526881720430132 0.0434143583945732
0 0.44460084718149234 0.11416368318572953 0.025024437927663713 0.0418064191947742
0 0.3678592375366569 0.4381634319452296 0.025024437927663713 0.04019847999497525
0 0.40831541218637996 0.43735946234533 0.02419028999674159 0.03859054079517613
0 0.33115672857608336 0.5997613215250298 0.02669273378950802 0.04180641919477418
0 0.408732486151841 0.5595628415300548 0.028361029651352208 0.04180641919477427
0 0.40748126425545783 0.5989573519251303 0.025858585858585834 0.04019847999497515
