0 0.07241033969413994 0.7736518700628483 0.021480579239409932 0.04055433189845581
0 0.29830288266341853 0.41724168395526595 0.0242522668832048 0.035874985910172415
0 0.33087021247800785 0.2191493704512705 0.021480579239409898 0.03899454990236131
0 0.33087021247800785 0.18015482054890924 0.022866423061307286 0.03899454990236131
0 0.10428474759778049 0.5778992295529946 0.020094735417512513 0.04211411389455029
0 0.13685207741236974 0.4585759068517689 0.02286642306130735 0.04055433189845581
0 0.3305237515225335 0.09358691976566713 0.02217350115035856 0.04367389589064466
0 0.13615915550142105 0.6161138884573086 0.02286642306130735 0.04055433189845581
0 0.33087021247800785 0.13960048865045346 0.022866423061307286 0.04211411389455022
0 0.13615915550142105 0.3376928021544489 0.02286642306130735 0.04211411389455015
0 0.5214237379889024 0.38058680704704634 0.021480579239409898 0.04055433189845576
0 0.13615915550142105 0.6551084383596699 0.02286642306130735 0.04055433189845581
0 0.13685207741236974 0.21836947945322327 0.02286642306130735 0.04367389589064465
0 0.1049776695087292 0.4195813569494076 0.02286642306130735 0.04055433189845576
0 0.2650426309378806 0.3384726931524961 0.02286642306130735 0.04367389589064458
0 0.33017729056705913 0.2597037023497263 0.02286642306130735 0.04211411389455019
0 0.20025443226417647 0.4983503477521775 0.022173501150358654 0.03899454990236124
0 0.3928867235079172 0.3392525841505433 0.022173501150358623 0.03899454990236128
0 0.36239815942617404 0.13882059765240623 0.02078765732846124 0.046793459882833566
0 0.07171741778319123 0.5771193385549472 0.020094735417512513 0.04055433189845581
0 0.07171741778319123 0.4983503477521775 0.021480579239409932 0.04211411389455019
0 0.07241033969413994 0.734657320160487 0.021480579239409932 0.04055433189845571
0 0.3928867235079172 0.30025803424818204 0.022173501150358623 0.03899454990236133
0 0.4898957910407362 0.3010379252462293 0.02217350115035869 0.04055433189845576
0 0.39357964541886586 0.6184535614514503 0.02217350115035869 0.04211411389455019
0 0.39357964541886586 0.5763394475569 0.02217350115035869 0.04211411389455029
0 0.39357964541886586 0.1372608156563118 0.02355934497225601 0.04367389589064465
0 0.2009473541751252 0.2589238113516791 0.02078765732846124 0.04055433189845576
0 0.07241033969413994 0.6551084383596699 0.02286642306130735 0.04055433189845581
0 0.33017729056705913 0.3774672430548574 0.02286642306130735 0.04367389589064467
0 0.10428474759778049 0.2597037023497263 0.02286642306130735 0.03899454990236133
0 0.20025443226417647 0.3400324751485906 0.022173501150358654 0.043673895890644625
0 0.33087021247800785 0.2994781432501348 0.020094735417512576 0.037434767906266896
0 0.10359182568683178 0.30025803424818204 0.021480579239409932 0.04211411389455019
0 0.1049776695087292 0.655888329357717 0.021480579239409932 0.04211411389455019
0 0.16907294627148464 0.731537756168298 0.02078765732846124 0.04055433189845581
0 0.13685207741236974 0.4983503477521775 0.020094735417512513 0.03899454990236124
0 0.5207308160779537 0.3400324751485906 0.021480579239409964 0.04055433189845571
0 0.13685207741236974 0.7330975381643925 0.02286642306130735 0.04055433189845571
0 0.07171741778319123 0.21992926144931776 0.021480579239409932 0.046793459882833566
0 0.4583678440925701 0.09592659275980879 0.02286642306130735 0.045233677886739106
0 0.16907294627148464 0.6917633152678895 0.02078765732846124 0.03899454990236133
0 0.10359182568683178 0.3408123661466378 0.020094735417512513 0.03899454990236128
0 0.33017729056705913 0.4195813569494076 0.02286642306130735 0.04055433189845576
0 0.13615915550142105 0.5763394475569 0.02009473541751253 0.04211411389455029
0 0.39357964541886586 0.18015482054890924 0.02355934497225601 0.045233677886739126
0 0.3928867235079172 0.26126348434582075 0.023559344972256074 0.03899454990236128
0 0.20025443226417647 0.5755595565588528 0.022173501150358654 0.04055433189845571
0 0.2657355528488293 0.13648092465826456 0.02286642306130735 0.04211411389455019
0 0.10428474759778049 0.6956627702581256 0.02286642306130735 0.037434767906266944
0 0.20164027608607388 0.4585759068517689 0.022173501150358623 0.04055433189845581
0 0.13615915550142105 0.2597037023497263 0.02009473541751253 0.03899454990236133
0 0.1049776695087292 0.3798069160489991 0.021480579239409932 0.03899454990236133
0 0.3617052375152254 0.22070915244736494 0.020787657328461176 0.03899454990236128
0 0.4902422519962105 0.3813666980450935 0.02286642306130735 0.04211411389455024
0 0.4261469752334551 0.4975704567541302 0.023559344972256074 0.04055433189845571
0 0.4902422519962105 0.22382871643955385 0.02286642306130735 0.03899454990236131
0 0.4902422519962105 0.3408123661466378 0.02286642306130735 0.03899454990236128
0 0.1049776695087292 0.4577960158537217 0.021480579239409932 0.03587498591017237
0 0.23351468398971445 0.4967905657560831 0.02078765732846124 0.038994549902361425
0 0.45802138313709573 0.3041574892384181 0.022173501150358623 0.043673895890644625
0 0.4261469752334551 0.30025803424818204 0.022173501150358623 0.04211411389455019
0 0.5546839897144404 0.0959265927598088 0.021480579239409898 0.04211411389455022
0 0.26504263093788066 0.18171460254500366 0.021480579239409932 0.045233677886739106
0 0.10428474759778049 0.49601067475803584 0.020094735417512513 0.0405543318984559
0 0.29830288266341853 0.30337759824037097 0.028409798348897022 0.03275542191798351
0 0.29830288266341864 0.2745216313126236 0.027023954526999634 0.02495651193751125
0 0.2009473541751252 0.41880146595136036 0.02078765732846124 0.03899454990236128
0 0.16941940722695897 0.5786791205510419 0.020094735417512544 0.04055433189845581
0 0.45802138313709573 0.13960048865045346 0.02078765732846124 0.04211411389455022
0 0.5214237379889024 0.1403803796485007 0.021480579239409898 0.04055433189845576
0 0.23420760590066317 0.22148904344541223 0.022173501150358654 0.04055433189845576
0 0.3617052375152254 0.3400324751485906 0.020787657328461176 0.04055433189845571
0 0.4261469752334551 0.41802157495331316 0.022173501150358623 0.04055433189845576
0 0.13650561645689538 0.6941029882620312 0.02078765732846122 0.03743476790626685
0 0.10428474759778049 0.2175895884551761 0.02286642306130735 0.045233677886739106
0 0.23351468398971445 0.38058680704704634 0.02078765732846124 0.04055433189845576
0 0.5546839897144404 0.42114113894550215 0.02286642306130735 0.04055433189845581
0 0.5207308160779537 0.2604835933477735 0.021480579239409964 0.04055433189845576
0 0.5221166598998511 0.5365650066564915 0.0242522668832048 0.04367389589064458
0 0.4898957910407362 0.18327438454109812 0.02217350115035869 0.04211411389455019
0 0.3928867235079172 0.734657320160487 0.022173501150358623 0.04367389589064467
0 0.5214237379889024 0.09592659275980879 0.02286642306130735 0.045233677886739106
0 0.4254540533225064 0.341592257144685 0.023559344972256074 0.04055433189845576
0 0.07241033969413994 0.6948828792600784 0.02286642306130735 0.03899454990236133
0 0.10428474759778049 0.5357851156584443 0.020094735417512513 0.03899454990236114
0 0.16907294627148464 0.2986982522520876 0.023559344972256074 0.04211411389455024
0 0.4247611314115577 0.6543285473616226 0.022173501150358623 0.04211411389455019
0 0.10428474759778049 0.6153339974592614 0.020094735417512513 0.03587498591017237
0 0.4254540533225064 0.18249449354305092 0.020787657328461176 0.04055433189845576
0 0.23351468398971445 0.3010379252462293 0.022173501150358623 0.04055433189845576
0 0.2646961699824063 0.2971384702559931 0.020787657328461207 0.038994549902361376
0 0.16907294627148464 0.4195813569494076 0.02078765732846124 0.03743476790626685
0 0.07171741778319123 0.42036124794745483 0.021480579239409932 0.03899454990236133
0 0.13650561645689538 0.3798069160489991 0.02078765732846122 0.04211411389455019
0 0.20164027608607388 0.6543285473616226 0.02078765732846124 0.03899454990236133
0 0.45767492218162137 0.2597037023497263 0.024252266883204737 0.04211411389455019
0 0.5539910678034917 0.22304882544150667 0.021480579239409964 0.04055433189845574
0 0.4254540533225064 0.13804070665435902 0.024945188794153524 0.045233677886739106
0 0.04018947083502503 0.21836947945322327 0.022173501150358637 0.04055433189845576
0 0.39357964541886586 0.4577960158537217 0.02078765732846124 0.04211411389455029
0 0.5539910678034917 0.38058680704704634 0.021480579239409964 0.04055433189845576
0 0.4254540533225064 0.22148904344541218 0.01940181350656385 0.037434767906266826
0 0.20164027608607388 0.6941029882620312 0.022173501150358623 0.04055433189845581
0 0.33017729056705913 0.6925432062659367 0.021480579239409898 0.04055433189845581
0 0.39357964541886586 0.3798069160489991 0.02078765732846124 0.04211411389455019
0 0.5539910678034917 0.17937492955086198 0.021480579239409964 0.04367389589064467
0 0.39357964541886586 0.4983503477521775 0.02078765732846124 0.03899454990236124
0 0.23351468398971445 0.3408123661466378 0.02078765732846124 0.03899454990236128
0 0.16907294627148464 0.5373448976545389 0.022173501150358623 0.0421141138945501
0 0.20025443226417647 0.21680969745712883 0.02078765732846124 0.04367389589064467
0 0.4261469752334551 0.5747796655608056 0.02078765732846124 0.0421141138945501
0 0.26538909189335497 0.258923811351679 0.018015969684666403 0.03743476790626685
0 0.20025443226417647 0.38058680704704634 0.02078765732846124 0.03743476790626685
0 0.23420760590066317 0.8110866379691151 0.023559344972256042 0.04367389589064458
0 0.2009473541751252 0.6137742154631669 0.02078765732846124 0.038994549902361425
0 0.16907294627148464 0.6161138884573086 0.02078765732846124 0.03743476790626676
0 0.33087021247800785 0.33691291115640165 0.020094735417512576 0.037434767906266805
0 0.04018947083502503 0.4609155798459106 0.022173501150358637 0.03899454990236124
0 0.2976099607524699 0.37278789706657406 0.025638110705102184 0.04367389589064467
0 0.07171741778319123 0.4585759068517689 0.021480579239409932 0.03743476790626685
0 0.23351468398971445 0.5755595565588528 0.019401813506563788 0.04055433189845571
0 0.45767492218162137 0.21836947945322327 0.02286642306130735 0.04055433189845576
0 0.5221166598998511 0.4967905657560831 0.0242522668832048 0.038994549902361425
0 0.1371985383678441 0.8126464199652095 0.02217350115035864 0.04055433189845571
0 0.48954933008526186 0.13804070665435902 0.021480579239409964 0.04835324187892802
0 0.23420760590066317 0.17937492955086198 0.022173501150358654 0.04055433189845576
0 0.16907294627148461 0.6527687653655282 0.01940181350656382 0.03587498591017246
0 0.3928867235079172 0.8165458749554457 0.022173501150358623 0.04523367788673906
0 0.23351468398971445 0.09436681076371436 0.02078765732846124 0.04523367788673912
0 0.4261469752334551 0.09436681076371435 0.023559344972256074 0.04211411389455022
0 0.07171741778319123 0.5373448976545387 0.020094735417512513 0.03899454990236133
0 0.3294843686561104 0.45935579784981617 0.02286642306130735 0.04211411389455019
0 0.1358126945459467 0.2986982522520876 0.019401813506563805 0.03587498591017246
0 0.07206387873866557 0.38058680704704634 0.02078765732846122 0.04055433189845576
0 0.5214237379889024 0.18249449354305092 0.021480579239409898 0.04367389589064465
0 0.23351468398971445 0.4585759068517689 0.019401813506563788 0.04055433189845581
0 0.5214237379889024 0.41880146595136036 0.021480579239409898 0.03899454990236128
0 0.20164027608607388 0.8134263109632567 0.023559344972256074 0.04211411389455019
0 0.39357964541886586 0.22226893444345944 0.02217350115035869 0.03899454990236131
0 0.10532413046420354 0.8126464199652095 0.023559344972256056 0.04367389589064467
0 0.3294843686561104 0.4975704567541303 0.02286642306130735 0.037434767906266944
0 0.3617052375152254 0.18171460254500366 0.020787657328461176 0.03899454990236131
0 0.10428474759778049 0.734657320160487 0.020094735417512513 0.03743476790626685
0 0.07171741778319123 0.3392525841505433 0.021480579239409932 0.04211411389455015
0 0.5207308160779537 0.3010379252462293 0.021480579239409964 0.04055433189845576
0 0.17045879009338205 0.25658413835753735 0.023559344972256042 0.03899454990236133
0 0.4261469752334551 0.7330975381643925 0.02078765732846124 0.04055433189845571
0 0.5539910678034917 0.3392525841505433 0.021480579239409964 0.03899454990236128
0 0.39357964541886586 0.6917633152678895 0.02078765732846124 0.03899454990236133
0 0.23351468398971445 0.5357851156584443 0.02078765732846124 0.03899454990236114
0 0.26538909189335497 0.22226893444345944 0.019401813506563788 0.035874985910172394
0 0.20164027608607388 0.7720920880667538 0.022173501150358623 0.04055433189845571
0 0.3294843686561104 0.5373448976545389 0.02286642306130735 0.0421141138945501
0 0.16907294627148464 0.8134263109632567 0.022173501150358623 0.04211411389455019
0 0.5221166598998511 0.5786791205510419 0.02286642306130735 0.04055433189845581
0 0.16907294627148464 0.4967905657560831 0.022173501150358623 0.038994549902361425
0 0.39357964541886586 0.5350052246603971 0.02217350115035869 0.03743476790626676
0 0.2328217620787657 0.651988874367481 0.020787657328461207 0.03743476790626685
0 0.4261469752334551 0.6941029882620312 0.02078765732846124 0.03743476790626685
0 0.13754499932331843 0.7736518700628483 0.021480579239409932 0.03743476790626685
0 0.3620516984706997 0.3010379252462293 0.020094735417512513 0.03431520391407798
0 0.16907294627148464 0.38058680704704634 0.02078765732846124 0.04055433189845576
0 0.16907294627148464 0.3384726931524961 0.02078765732846124 0.04055433189845571
0 0.040535931790499385 0.3392525841505433 0.022866423061307345 0.03899454990236128
0 0.20025443226417647 0.2994781432501348 0.022173501150358654 0.04055433189845576
0 0.4261469752334551 0.4585759068517689 0.022173501150358623 0.04055433189845581
0 0.07171741778319123 0.26126348434582075 0.021480579239409932 0.03899454990236128
0 0.3294843686561104 0.5755595565588528 0.021480579239410026 0.03743476790626676
0 0.5214237379889024 0.4577960158537217 0.02286642306130735 0.03899454990236133
0 0.07171741778319123 0.30025803424818204 0.020094735417512513 0.03899454990236133
0 0.5214237379889024 0.22148904344541218 0.020094735417512513 0.037434767906266826
0 0.39357964541886586 0.4195813569494076 0.02078765732846124 0.03743476790626685
0 0.3294843686561104 0.6129943244651196 0.02286642306130735 0.0405543318984559
0 0.5539910678034917 0.2994781432501348 0.02286642306130735 0.04055433189845576
0 0.23351468398971445 0.41802157495331316 0.019401813506563788 0.037434767906266805
0 0.4895493300852619 0.26204337534386796 0.02286642306130735 0.04055433189845576
0 0.1358126945459467 0.5365650066564915 0.019401813506563805 0.03743476790626685
0 0.16907294627148464 0.4577960158537217 0.02078765732846124 0.03899454990236133
0 0.03984300987955069 0.3798069160489991 0.021480579239409936 0.04211411389455019
0 0.3294843686561104 0.7338774291624397 0.02009473541751245 0.03899454990236124
0 0.4587143050480444 0.18015482054890924 0.02078765732846124 0.035874985910172394
0 0.07171741778319123 0.6153339974592613 0.021480579239409932 0.03899454990236133
0 0.13754499932331843 0.42036124794745483 0.021480579239409932 0.03587498591017237
0 0.42476113141155775 0.2604835933477735 0.02078765732846124 0.04055433189845576
0 0.23351468398971445 0.13804070665435902 0.022173501150358623 0.04211411389455019
0 0.5221166598998511 0.7338774291624397 0.02286642306130735 0.04211411389455019
0 0.23351468398971445 0.7705323060706594 0.022173501150358623 0.04055433189845571
0 0.040535931790499385 0.4991302387502247 0.022866423061307345 0.04055433189845571
0 0.5539910678034917 0.26204337534386796 0.02286642306130735 0.03743476790626685
0 0.29864934361889295 0.24410588238878175 0.029102720259845744 0.03899454990236133
0 0.03984300987955068 0.30025803424818204 0.02286642306130734 0.04211411389455019
0 0.3939261063743402 0.6551084383596699 0.020094735417512513 0.03431520391407789
0 0.2009473541751252 0.5365650066564915 0.01940181350656382 0.03743476790626685
0 0.42476113141155775 0.3798069160489991 0.02078765732846124 0.03587498591017237
0 0.39357964541886586 0.7759915430569899 0.02078765732846124 0.03587498591017246
0 0.5214237379889024 0.6161138884573086 0.02286642306130735 0.04055433189845581
0 0.20164027608607388 0.7338774291624397 0.02078765732846124 0.03899454990236124
0 0.4261469752334551 0.5357851156584442 0.02078765732846124 0.03587498591017246
0 0.2328217620787657 0.6909834242698423 0.020787657328461207 0.04055433189845571
0 0.16907294627148464 0.2175895884551761 0.02078765732846124 0.03899454990236128
0 0.2328217620787657 0.7307578651702508 0.01940181350656382 0.03899454990236133
0 0.03984300987955068 0.42114113894550215 0.02286642306130734 0.04055433189845581
0 0.5214237379889024 0.8134263109632567 0.02286642306130735 0.04211411389455019
0 0.33017729056705913 0.6535486563635754 0.021480579239409898 0.03743476790626685
0 0.04018947083502503 0.2589238113516791 0.022173501150358637 0.04055433189845576
0 0.5539910678034917 0.13804070665435902 0.021480579239409964 0.04211411389455019
0 0.5214237379889024 0.6566682203557643 0.021480579239409898 0.03743476790626685
0 0.3617052375152254 0.2636031573399624 0.022173501150358623 0.043673895890644625
0 0.3294843686561104 0.7736518700628483 0.02009473541751245 0.04055433189845581
0 0.29830288266341853 0.1770352565567203 0.028409798348897022 0.03899454990236131
0 0.07310326160508865 0.8134263109632567 0.02009473541751252 0.03899454990236124
0 0.16907294627148464 0.7720920880667538 0.02078765732846124 0.04055433189845571
0 0.5221166598998511 0.7744317610608955 0.02286642306130735 0.03899454990236133
0 0.4261469752334551 0.8134263109632567 0.019401813506563788 0.04211411389455019
0 0.04815807281093517 0.5778992295529944 0.013165516308025448 0.03587498591017237
0 0.5214237379889024 0.6941029882620312 0.021480579239409898 0.03743476790626685
0 0.2328217620787657 0.6153339974592613 0.020787657328461207 0.03899454990236133
0 0.29830288266341864 0.08266844579300596 0.02979564217079444 0.031195639921889038
0 0.03187440790364055 0.6535486563635754 0.013858438218974152 0.03431520391407798
0 0.03187440790364055 0.6137742154631669 0.01524428204087157 0.03275542191798341
0 0.10497766950872918 0.7713121970687066 0.02009473541751253 0.03587498591017246
0 0.04885099472188388 0.734657320160487 0.014551360129922856 0.031195639921889028
0 0.33017729056705913 0.8134263109632567 0.020094735417512576 0.03899454990236124
0 0.04815807281093517 0.5404644616467276 0.013165516308025448 0.03275542191798351
0 0.29830288266341864 0.11698364970708391 0.027023954526999634 0.03743476790626686
0 0.04815807281093517 0.6948828792600783 0.013165516308025448 0.03587498591017246
0 0.03187440790364055 0.6948828792600783 0.013858438218974152 0.0327554219179836
0 0.032220868859114904 0.7713121970687066 0.013165516308025439 0.03587498591017246
0 0.4261469752334551 0.7720920880667538 0.023559344972256074 0.04055433189845571
0 0.03118148599269184 0.5389046796506333 0.013858438218974152 0.03275542191798351
0 0.04815807281093517 0.6543285473616226 0.013165516308025448 0.029635857925794547
0 0.032567329814589256 0.8149860929593512 0.013858438218974149 0.03587498591017237
0 0.032220868859114904 0.7330975381643925 0.013165516308025439 0.031195639921889028
0 0.04954391663283259 0.8149860929593512 0.014551360129922856 0.03587498591017237
0 0.23351468398971445 0.26126348434582075 0.02078765732846124 0.03899454990236128
0 0.04885099472188388 0.7713121970687066 0.014551360129922856 0.03275542191798351
0 0.04815807281093517 0.6122144334670725 0.013165516308025448 0.029635857925794547
0 0.032220868859114904 0.5755595565588528 0.013165516308025439 0.031195639921889028
0 0.3048856408174313 0.6527687653655282 0.01385843821897418 0.029635857925794547
0 0.2989958045743673 0.21135046047079825 0.028409798348897022 0.03275542191798346
0 0.4254540533225064 0.6153339974592613 0.020787657328461176 0.03899454990236133
0 0.2989958045743673 0.14739939863092572 0.029795642170794407 0.026516293933605682
