0 0.378149 0.307997 0.039521 0.058406
0 0.629939 0.248387 0.040084 0.053807
0 0.533671 0.314749 0.037178 0.046797
0 0.428050 0.296018 0.038068 0.054901
0 0.465475 0.631391 0.041002 0.052449
0 0.584121 0.302638 0.037534 0.050039
0 0.780651 0.211377 0.038809 0.051923
0 0.736108 0.266986 0.038452 0.048681
0 0.470285 0.675152 0.038452 0.048681
0 0.372564 0.738535 0.041359 0.055691
0 0.529409 0.270855 0.036793 0.053017
0 0.331234 0.362511 0.036259 0.048155
0 0.419568 0.684832 0.038631 0.050302
0 0.223228 0.347681 0.037534 0.050039
0 0.220103 0.780124 0.038068 0.054901
0 0.326691 0.321181 0.036793 0.053017
0 0.668919 0.582554 0.035162 0.047891
0 0.587567 0.344232 0.037712 0.051660
0 0.414758 0.641070 0.038987 0.053544
0 0.820283 0.541229 0.038809 0.051923
0 0.210483 0.692601 0.040262 0.055428
0 0.785461 0.255139 0.036259 0.048155
0 0.684931 0.277607 0.037356 0.048418
0 0.364308 0.653181 0.037150 0.056259
0 0.280414 0.376374 0.042099 0.052713
0 0.672736 0.622396 0.036081 0.046534
0 0.387234 0.390658 0.039521 0.058406
0 0.368021 0.697205 0.038274 0.047060
0 0.736895 0.606994 0.025854 0.040923
0 0.275960 0.335854 0.039193 0.045703
0 0.832376 0.200624 0.036259 0.048155
0 0.464103 0.501131 0.030241 0.041976
0 0.122698 0.370149 0.041180 0.054070
0 0.740472 0.306695 0.036081 0.046534
0 0.634571 0.290528 0.037534 0.050039
0 0.069876 0.381165 0.041537 0.057312
0 0.474417 0.241636 0.046870 0.047546
0 0.739525 0.646288 0.024401 0.037418
0 0.206976 0.640209 0.029706 0.037114
0 0.824531 0.590116 0.035546 0.041671
0 0.491232 0.369020 0.049804 0.045094
0 0.486366 0.345235 0.045773 0.047282
0 0.500857 0.487318 0.041921 0.051092
0 0.537843 0.357831 0.038809 0.051923
0 0.335777 0.403842 0.041180 0.054070
0 0.130138 0.453205 0.042277 0.054333
0 0.226585 0.388464 0.039371 0.047324
0 0.432682 0.338159 0.036999 0.045176
0 0.172970 0.356418 0.038987 0.053544
0 0.590138 0.470045 0.025320 0.036060
0 0.575001 0.690773 0.038246 0.056522
0 0.435891 0.464651 0.024757 0.040660
0 0.177231 0.400311 0.039727 0.050565
0 0.790093 0.297279 0.036615 0.051396
0 0.835733 0.241407 0.036259 0.048155
0 0.444798 0.545690 0.026951 0.041186
0 0.431437 0.424131 0.026951 0.041186
0 0.730618 0.565249 0.024757 0.040660
0 0.440523 0.506791 0.024401 0.037418
0 0.828450 0.625774 0.036259 0.048155
0 0.716722 0.438827 0.026951 0.041186
0 0.706949 0.570098 0.028226 0.043070
0 0.126233 0.412553 0.038274 0.047060
0 0.118477 0.802856 0.041002 0.052449
0 0.232135 0.428721 0.039727 0.050565
0 0.572384 0.646485 0.034628 0.043029
0 0.437506 0.376926 0.041002 0.052449
0 0.710943 0.611560 0.026594 0.037945
0 0.467380 0.177614 0.047048 0.049167
0 0.141782 0.666672 0.027663 0.047669
0 0.567663 0.603534 0.033681 0.053848
0 0.182501 0.443131 0.036615 0.051396
0 0.382780 0.350138 0.035546 0.041671
0 0.128983 0.539987 0.024757 0.040660
0 0.270142 0.293167 0.039727 0.050565
0 0.215382 0.737173 0.041921 0.051092
0 0.665354 0.452821 0.026951 0.041186
0 0.682131 0.364784 0.023482 0.038776
0 0.108028 0.718027 0.040824 0.050829
0 0.177915 0.744503 0.025498 0.037681
0 0.474738 0.715672 0.040646 0.049208
0 0.467957 0.756394 0.024401 0.037418
0 0.423843 0.723731 0.038631 0.050302
0 0.637928 0.331311 0.037534 0.050039
0 0.600766 0.556494 0.025498 0.037681
0 0.581512 0.386442 0.024401 0.037418
0 0.725897 0.522297 0.024579 0.039039
0 0.883477 0.184199 0.037918 0.043819
0 0.839090 0.282190 0.036259 0.048155
0 0.157781 0.791757 0.027129 0.042807
0 0.075961 0.426284 0.042661 0.048113
0 0.689296 0.317316 0.037534 0.050039
0 0.506778 0.525822 0.031338 0.042239
0 0.449876 0.591883 0.024579 0.039039
0 0.606316 0.596750 0.025498 0.037681
0 0.655631 0.369482 0.023482 0.038776
0 0.148198 0.494617 0.028226 0.043070
0 0.677100 0.662105 0.041002 0.052449
0 0.264976 0.246164 0.043346 0.064058
0 0.627369 0.547613 0.026416 0.036324
0 0.640129 0.458876 0.022207 0.036891
0 0.165414 0.871439 0.027129 0.042807
0 0.079140 0.465447 0.043374 0.054597
0 0.162567 0.615103 0.023660 0.040396
0 0.615912 0.463858 0.024223 0.035797
0 0.132340 0.580770 0.024401 0.037418
0 0.458374 0.459254 0.025854 0.040923
0 0.173105 0.700742 0.025854 0.040923
0 0.632090 0.590564 0.026594 0.037945
0 0.454010 0.419544 0.025676 0.039302
0 0.162057 0.830656 0.026773 0.039565
0 0.873384 0.102612 0.041715 0.058932
0 0.146413 0.708813 0.024757 0.040660
0 0.112659 0.760168 0.040824 0.050829
0 0.594962 0.508812 0.024579 0.039039
0 0.887739 0.228092 0.040084 0.053807
0 0.157105 0.575657 0.025676 0.039302
0 0.123433 0.499730 0.026951 0.041186
0 0.136793 0.621290 0.026951 0.041186
0 0.701399 0.529842 0.027513 0.036587
0 0.610094 0.421170 0.024401 0.037418
0 0.153570 0.533253 0.023482 0.038776
0 0.181361 0.786097 0.023126 0.035534
0 0.631784 0.372711 0.021851 0.033650
0 0.707356 0.358729 0.023482 0.038776
0 0.722540 0.481514 0.027129 0.042807
0 0.697774 0.486628 0.026210 0.044164
0 0.660085 0.410002 0.023839 0.042017
0 0.686228 0.402062 0.023126 0.035534
0 0.606278 0.381329 0.023126 0.035534
0 0.071797 0.511294 0.026773 0.039565
0 0.469386 0.538956 0.027513 0.036587
0 0.471966 0.792861 0.026773 0.039565
0 0.077155 0.554923 0.026032 0.042544
0 0.711364 0.395197 0.023304 0.037155
0 0.621908 0.508166 0.024757 0.040660
0 0.474374 0.584339 0.026388 0.045785
0 0.097200 0.506859 0.027129 0.042807
0 0.152053 0.749880 0.024223 0.035797
0 0.185548 0.824185 0.023304 0.037155
0 0.491818 0.748170 0.024223 0.035797
0 0.195003 0.905094 0.024401 0.037418
0 0.190639 0.865384 0.024579 0.039039
0 0.692135 0.445561 0.023126 0.035534
0 0.102113 0.546437 0.025498 0.037681
0 0.463090 0.143709 0.049626 0.043473
0 0.586055 0.427772 0.024935 0.042280
0 0.635319 0.415115 0.022207 0.036891
0 0.167377 0.658865 0.024017 0.043638
0 0.170786 0.910075 0.024223 0.035797
0 0.542728 0.735118 0.024785 0.031198
0 0.470573 0.211783 0.049270 0.040232
0 0.482269 0.307957 0.050517 0.051577
0 0.671083 0.494698 0.024757 0.040660
0 0.496553 0.786127 0.025141 0.034440
0 0.878194 0.146373 0.040290 0.045966
0 0.477698 0.276614 0.047432 0.042947
0 0.779186 0.638431 0.038987 0.053544
0 0.218329 0.303109 0.038068 0.054901
0 0.579311 0.258877 0.037890 0.053280
0 0.827655 0.157673 0.038987 0.053544
0 0.767729 0.554677 0.036793 0.053017
0 0.730750 0.223356 0.037712 0.051660
0 0.679203 0.235730 0.037712 0.051660
0 0.773725 0.598985 0.036259 0.048155
0 0.496315 0.445987 0.044292 0.053239
