0 0.656111 0.705931 0.036667 0.044481
0 0.332778 0.416804 0.023333 0.032949
0 0.500556 0.450577 0.041111 0.044481
0 0.860556 0.333608 0.036667 0.041186
0 0.757222 0.335255 0.036667 0.044481
0 0.655556 0.335255 0.033333 0.044481
0 0.553333 0.618616 0.033333 0.047776
0 0.291111 0.333608 0.037778 0.047776
0 0.656667 0.618616 0.035556 0.047776
0 0.603333 0.335255 0.033333 0.041186
0 0.333333 0.455519 0.022222 0.034596
0 0.500556 0.213344 0.047778 0.028007
0 0.191667 0.620264 0.034444 0.047776
0 0.398333 0.616145 0.036667 0.049423
0 0.911667 0.292422 0.034444 0.047776
0 0.450556 0.618616 0.034444 0.047776
0 0.347778 0.706755 0.033333 0.046129
0 0.346111 0.664745 0.032222 0.041186
0 0.345556 0.333608 0.031111 0.041186
0 0.859444 0.372323 0.036667 0.039539
0 0.654444 0.373970 0.033333 0.039539
0 0.913333 0.618616 0.035556 0.047776
0 0.137222 0.334432 0.034444 0.039539
0 0.861111 0.616969 0.033333 0.044481
0 0.449444 0.663921 0.032222 0.039539
0 0.603333 0.620264 0.033333 0.047776
0 0.448333 0.332784 0.032222 0.036244
0 0.191667 0.707578 0.036667 0.044481
0 0.911667 0.375618 0.036667 0.042834
0 0.861111 0.661450 0.033333 0.041186
0 0.808333 0.334432 0.034444 0.042834
0 0.912222 0.702636 0.035556 0.044481
0 0.084444 0.203460 0.037778 0.051071
0 0.292778 0.289127 0.034444 0.041186
0 0.240556 0.295717 0.034444 0.041186
0 0.190556 0.664745 0.032222 0.041186
0 0.292778 0.247941 0.034444 0.037891
0 0.605556 0.702636 0.033333 0.047776
0 0.398333 0.664745 0.032222 0.041186
0 0.810556 0.660626 0.034444 0.039539
0 0.911667 0.335255 0.034444 0.041186
0 0.758333 0.376442 0.036667 0.041186
0 0.703333 0.247941 0.033333 0.044481
0 0.085556 0.292422 0.037778 0.044481
0 0.922778 0.455519 0.025556 0.037891
0 0.358333 0.416804 0.021111 0.029654
0 0.912222 0.660626 0.033333 0.039539
0 0.848333 0.453048 0.021111 0.032949
0 0.847222 0.413509 0.023333 0.029654
0 0.360000 0.456343 0.020000 0.032949
0 0.808333 0.375618 0.032222 0.042834
0 0.397778 0.336903 0.033333 0.037891
0 0.861667 0.704283 0.032222 0.044481
0 0.448333 0.705931 0.032222 0.044481
0 0.502778 0.314662 0.043333 0.036244
0 0.810556 0.706755 0.036667 0.046129
0 0.397222 0.704283 0.034444 0.044481
0 0.873333 0.454695 0.022222 0.029654
0 0.705556 0.294069 0.035556 0.047776
0 0.084444 0.250412 0.033333 0.036244
0 0.396667 0.376442 0.035556 0.047776
0 0.500556 0.148270 0.047778 0.032949
0 0.922222 0.497529 0.024444 0.029654
0 0.501667 0.182867 0.045556 0.036244
0 0.501111 0.281713 0.044444 0.029654
0 0.500556 0.539539 0.030000 0.044481
0 0.922778 0.414333 0.025556 0.034596
0 0.502778 0.377265 0.043333 0.032949
0 0.515556 0.750412 0.022222 0.024712
0 0.085556 0.329489 0.037778 0.026359
0 0.874444 0.415157 0.022222 0.029654
0 0.514444 0.724876 0.020000 0.029654
0 0.502222 0.349259 0.042222 0.029654
0 0.500556 0.245470 0.043333 0.039539
0 0.500000 0.495058 0.040000 0.044481
0 0.396111 0.292422 0.036667 0.051071
0 0.553333 0.292422 0.033333 0.044481
0 0.602222 0.289127 0.035556 0.051071
0 0.551667 0.376442 0.034444 0.044481
0 0.345556 0.290774 0.033333 0.047776
0 0.188333 0.290774 0.034444 0.047776
0 0.447222 0.374794 0.034444 0.047776
0 0.137222 0.290774 0.034444 0.047776
0 0.655556 0.292422 0.033333 0.044481
0 0.345556 0.373147 0.033333 0.044481
0 0.758333 0.290774 0.036667 0.047776
0 0.448333 0.292422 0.034444 0.044481
0 0.291667 0.203460 0.036667 0.051071
0 0.603333 0.378089 0.037778 0.044481
0 0.552222 0.333608 0.033333 0.041186
0 0.347222 0.616969 0.036667 0.051071
0 0.188333 0.376442 0.034444 0.047776
0 0.860556 0.290774 0.034444 0.047776
0 0.553333 0.664745 0.033333 0.041186
0 0.137778 0.377265 0.037778 0.052718
0 0.189444 0.334432 0.036667 0.042834
0 0.084444 0.375618 0.040000 0.049423
0 0.808333 0.290774 0.034444 0.047776
0 0.240556 0.247117 0.036667 0.052718
0 0.656667 0.664745 0.033333 0.041186
0 0.553333 0.706755 0.037778 0.046129
0 0.810556 0.616969 0.034444 0.047776
