0 0.48168498168498175 0.4856887298747764 0.04761904761904773 0.03398926654740603
0 0.7649572649572649 0.2620751341681574 0.03785103785103783 0.03398926654740608
0 0.1385836385836386 0.8962432915921288 0.04029304029304029 0.05008944543828264
0 0.7069597069597069 0.26475849731663686 0.03418803418803418 0.046511627906976744
0 0.5378510378510379 0.2182468694096601 0.035409035409035394 0.04293381037567082
0 0.6495726495726495 0.7164579606440071 0.03663003663003661 0.04472271914132375
0 0.3089133089133089 0.7137745974955277 0.039072039072039044 0.04651162790697683
0 0.8748473748473748 0.4928443649373882 0.03785103785103794 0.04472271914132386
0 0.1385836385836386 0.26475849731663686 0.03540903540903541 0.04293381037567082
0 0.36752136752136755 0.21645796064400716 0.0390720390720391 0.042933810375670844
0 0.027472527472527472 0.44454382826475847 0.04029304029304029 0.048300536672629735
0 0.08180708180708181 0.6216457960644007 0.03663003663003664 0.04472271914132375
0 0.8199023199023199 0.7620751341681574 0.03785103785103783 0.04651162790697683
0 0.8772893772893773 0.44364937388193204 0.04029304029304037 0.04651162790697677
0 0.026251526251526252 0.4928443649373882 0.03785103785103785 0.04472271914132386
0 0.31013431013431014 0.7602862254025045 0.03663003663003661 0.0429338103756709
0 0.9334554334554335 0.8524150268336315 0.03785103785103783 0.04830053667262968
0 0.8199023199023199 0.9445438282647585 0.04029304029304026 0.05008944543828264
0 0.7649572649572649 0.49016100178890876 0.04029304029304026 0.042933810375670844
0 0.6532356532356532 0.12343470483005367 0.039072039072039155 0.05008944543828264
0 0.8211233211233211 0.8085867620751341 0.035409035409035394 0.04293381037567079
0 0.4230769230769231 0.2182468694096601 0.035409035409035394 0.04293381037567082
0 0.08302808302808304 0.5778175313059034 0.03418803418803419 0.0429338103756709
0 0.4230769230769231 0.26475849731663686 0.03785103785103783 0.04293381037567082
0 0.13736263736263737 0.8497316636851521 0.037851037851037855 0.0429338103756709
0 0.027472527472527472 0.39534883720930236 0.04029304029304029 0.04651162790697677
0 0.36630036630036633 0.17262969588550986 0.04151404151404153 0.04472271914132378
0 0.36752136752136755 0.5339892665474061 0.0390720390720391 0.04472271914132375
0 0.7057387057387057 0.762969588550984 0.04151404151404148 0.04830053667262979
0 0.1385836385836386 0.8032200357781754 0.04029304029304029 0.04293381037567079
0 0.8199023199023199 0.6699463327370304 0.04029304029304026 0.04830053667262968
0 0.5946275946275946 0.5796064400715564 0.03663003663003672 0.046511627906976716
0 0.5378510378510379 0.12343470483005367 0.04029304029304026 0.05366726296958857
0 0.36630036630036633 0.4418604651162791 0.036630036630036666 0.05008944543828264
0 0.9334554334554335 0.6726296958855098 0.04029304029304037 0.04293381037567079
0 0.8211233211233211 0.39803220035778175 0.035409035409035394 0.04472271914132375
0 0.8772893772893773 0.3103756708407871 0.035409035409035394 0.04114490161001788
0 0.8772893772893773 0.39803220035778175 0.03785103785103794 0.04472271914132375
0 0.195970695970696 0.3542039355992844 0.037851037851037855 0.042933810375670844
0 0.3089133089133089 0.25939177101967803 0.03663003663003661 0.05008944543828267
0 0.3089133089133089 0.39803220035778175 0.03418803418803418 0.04472271914132375
0 0.4236874236874237 0.4856887298747764 0.03663003663003661 0.04472271914132381
0 0.8748473748473748 0.5366726296958855 0.03785103785103794 0.046511627906976716
0 0.8199023199023199 0.8524150268336315 0.03785103785103783 0.04472271914132375
0 0.9334554334554335 0.40071556350626114 0.04029304029304037 0.04651162790697677
0 0.5946275946275946 0.12611806797853312 0.039072039072039155 0.051878354203935564
0 0.9334554334554335 0.6270125223613596 0.04029304029304037 0.04830053667262979
0 0.6495726495726495 0.48747763864042937 0.039072039072039044 0.04114490161001788
0 0.4230769230769231 0.16994633273703041 0.03785103785103783 0.05008944543828264
0 0.7081807081807081 0.40071556350626114 0.03663003663003661 0.042933810375670844
0 0.36630036630036633 0.30590339892665475 0.0390720390720391 0.05008944543828264
0 0.8748473748473748 0.5805008944543828 0.03785103785103794 0.04472271914132375
0 0.1385836385836386 0.5778175313059034 0.03540903540903541 0.04651162790697683
0 0.9328449328449329 0.9445438282647585 0.04151404151404159 0.05008944543828264
0 0.7643467643467643 0.6699463327370304 0.039072039072039044 0.04830053667262968
0 0.7069597069597069 0.5805008944543828 0.039072039072039044 0.04472271914132375
0 0.3089133089133089 0.6681574239713775 0.039072039072039044 0.04830053667262968
0 0.6520146520146519 0.22093023255813954 0.03663003663003661 0.04472271914132381
0 0.195970695970696 0.7576028622540251 0.037851037851037855 0.04472271914132375
0 0.3076923076923077 0.44454382826475847 0.03663003663003661 0.04472271914132381
0 0.9346764346764347 0.7164579606440071 0.03785103785103794 0.04830053667262968
0 0.1385836385836386 0.3550983899821109 0.03785103785103784 0.04830053667262968
0 0.6532356532356532 0.17262969588550986 0.039072039072039155 0.04830053667262971
0 0.19474969474969475 0.8497316636851521 0.040293040293040316 0.0429338103756709
0 0.7069597069597069 0.4883720930232558 0.03418803418803418 0.042933810375670844
0 0.36752136752136755 0.25939177101967803 0.0390720390720391 0.042933810375670844
0 0.5958485958485958 0.30858676207513414 0.03663003663003672 0.04472271914132381
0 0.1385836385836386 0.7602862254025045 0.03785103785103784 0.0429338103756709
0 0.8223443223443223 0.6243291592128801 0.03785103785103783 0.0429338103756709
0 0.9340659340659341 0.3542039355992844 0.039072039072039155 0.042933810375670844
0 0.195970695970696 0.12343470483005367 0.04029304029304029 0.05008944543828264
0 0.8211233211233211 0.4928443649373882 0.035409035409035394 0.04114490161001794
0 0.36752136752136755 0.5778175313059034 0.036630036630036666 0.0429338103756709
0 0.08241758241758242 0.8470483005366727 0.037851037851037855 0.04472271914132386
0 0.5946275946275946 0.4928443649373882 0.039072039072039155 0.04114490161001794
0 0.195970695970696 0.39803220035778175 0.037851037851037855 0.04472271914132375
0 0.9346764346764347 0.44722719141323797 0.03785103785103794 0.042933810375670844
0 0.195970695970696 0.8935599284436494 0.04029304029304029 0.04830053667262968
0 0.4945054945054945 0.7495527728085867 0.021978021978022066 0.017889087656529523
0 0.49633699633699635 0.7307692307692307 0.025641025641025605 0.02325581395348819
0 0.195970695970696 0.7137745974955277 0.037851037851037855 0.0429338103756709
0 0.7649572649572649 0.3085867620751342 0.03785103785103783 0.04830053667262968
0 0.4236874236874237 0.5313059033989267 0.03663003663003661 0.04293381037567079
0 0.026862026862026864 0.6699463327370304 0.03907203907203907 0.04472271914132375
0 0.7081807081807081 0.31127012522361364 0.03663003663003661 0.042933810375670844
0 0.195970695970696 0.2182468694096601 0.037851037851037855 0.046511627906976744
0 0.19597069597069597 0.4418604651162791 0.035409035409035394 0.042933810375670844
0 0.1385836385836386 0.9490161001788908 0.04029304029304029 0.051878354203935495
0 0.02564102564102564 0.7602862254025045 0.04151404151404152 0.046511627906976716
0 0.30952380952380953 0.30590339892665475 0.03296703296703296 0.04293381037567079
0 0.8211233211233211 0.5339892665474061 0.03296703296703296 0.0375670840787119
0 0.8223443223443223 0.7137745974955277 0.03785103785103783 0.0429338103756709
0 0.36630036630036633 0.39803220035778175 0.04151404151404153 0.04472271914132375
0 0.6520146520146519 0.44454382826475847 0.03663003663003661 0.04472271914132381
0 0.8199023199023199 0.8980322003577818 0.04029304029304026 0.04651162790697683
0 0.08241758241758242 0.2182468694096601 0.037851037851037855 0.046511627906976744
0 0.5934065934065934 0.6699463327370304 0.039072039072039155 0.04472271914132375
0 0.13736263736263737 0.30858676207513414 0.037851037851037855 0.04472271914132381
0 0.25335775335775335 0.31127012522361364 0.040293040293040316 0.04651162790697677
0 0.9334554334554335 0.7620751341681574 0.03785103785103783 0.0429338103756709
0 0.7057387057387057 0.6243291592128801 0.03663003663003661 0.0429338103756709
0 0.13736263736263737 0.5339892665474061 0.037851037851037855 0.041144901610017826
0 0.3076923076923077 0.4883720930232558 0.03663003663003661 0.042933810375670844
0 0.08241758241758242 0.26475849731663686 0.037851037851037855 0.046511627906976744
0 0.195970695970696 0.17262969588550986 0.037851037851037855 0.04472271914132378
0 0.7637362637362637 0.6243291592128801 0.04029304029304026 0.03577817531305916
0 0.026251526251526252 0.5366726296958855 0.03785103785103785 0.04293381037567079
0 0.19474969474969475 0.8032200357781754 0.040293040293040316 0.04293381037567079
0 0.08363858363858365 0.5339892665474061 0.03540903540903541 0.04830053667262968
0 0.025641025641025644 0.5805008944543828 0.03663003663003663 0.04472271914132375
0 0.8199023199023199 0.3542039355992844 0.035409035409035394 0.042933810375670844
0 0.1385836385836386 0.2182468694096601 0.03540903540903541 0.04293381037567082
0 0.25213675213675213 0.2620751341681574 0.040293040293040316 0.04830053667262968
0 0.1385836385836386 0.16726296958855097 0.03540903540903541 0.05187835420393558
0 0.36630036630036633 0.7576028622540251 0.04151404151404153 0.04830053667262968
0 0.36630036630036633 0.12164579606440071 0.04151404151404153 0.05008944543828264
0 0.195970695970696 0.9445438282647585 0.04029304029304029 0.05008944543828264
0 0.7637362637362637 0.3998211091234347 0.03785103785103783 0.04114490161001788
0 0.8772893772893773 0.7164579606440071 0.03785103785103794 0.04472271914132375
0 0.36630036630036633 0.49016100178890876 0.036630036630036666 0.042933810375670844
0 0.5390720390720392 0.26475849731663686 0.03785103785103783 0.04293381037567082
0 0.7069597069597069 0.5339892665474061 0.03663003663003661 0.04830053667262968
0 0.4804639804639804 0.43917710196779963 0.04517704517704518 0.04830053667262968
0 0.36630036630036633 0.3542039355992844 0.036630036630036666 0.042933810375670844
0 0.13736263736263737 0.6216457960644007 0.037851037851037855 0.04472271914132375
0 0.08241758241758242 0.44454382826475847 0.037851037851037855 0.048300536672629735
0 0.8772893772893773 0.35509838998211096 0.035409035409035394 0.04114490161001788
0 0.6495726495726495 0.7602862254025045 0.04151404151404148 0.0429338103756709
0 0.7081807081807081 0.7164579606440071 0.039072039072039044 0.04830053667262968
0 0.8772893772893773 0.7620751341681574 0.04029304029304037 0.04651162790697683
0 0.5958485958485958 0.2674418604651163 0.03663003663003672 0.04472271914132381
0 0.4230769230769231 0.11896243291592129 0.03785103785103783 0.051878354203935606
0 0.195970695970696 0.4883720930232558 0.04029304029304029 0.04651162790697677
0 0.1935286935286935 0.6699463327370304 0.03785103785103783 0.04472271914132375
0 0.9352869352869353 0.26475849731663686 0.04151404151404159 0.05008944543828267
0 0.1385836385836386 0.4418604651162791 0.04029304029304029 0.05008944543828264
0 0.8760683760683761 0.6726296958855098 0.04029304029304037 0.04293381037567079
0 0.6495726495726495 0.5313059033989267 0.039072039072039044 0.04293381037567079
0 0.1385836385836386 0.49016100178890876 0.03540903540903541 0.04651162790697677
0 0.6532356532356532 0.26654740608228983 0.039072039072039155 0.046511627906976744
0 0.5970695970695972 0.22093023255813954 0.03663003663003661 0.04472271914132381
0 0.5946275946275946 0.44633273703041143 0.039072039072039155 0.04830053667262968
0 0.5378510378510379 0.35688729874776387 0.03785103785103783 0.04472271914132375
0 0.4242979242979243 0.3542039355992844 0.035409035409035394 0.042933810375670844
0 0.8772893772893773 0.26475849731663686 0.035409035409035394 0.05008944543828267
0 0.8772893772893773 0.6270125223613596 0.03785103785103794 0.04830053667262979
0 0.5958485958485958 0.40071556350626114 0.03663003663003672 0.042933810375670844
0 0.7069597069597069 0.44454382826475847 0.03418803418803418 0.04472271914132381
0 0.5372405372405373 0.17531305903398928 0.03663003663003661 0.042933810375670844
0 0.8211233211233211 0.5778175313059034 0.04029304029304026 0.04651162790697683
0 0.36630036630036633 0.9418604651162791 0.04151404151404153 0.051878354203935606
0 0.6520146520146519 0.31127012522361364 0.03663003663003661 0.042933810375670844
0 0.30952380952380953 0.3542039355992844 0.035409035409035394 0.046511627906976716
0 0.5946275946275946 0.5339892665474061 0.03663003663003672 0.04830053667262968
0 0.4230769230769231 0.30858676207513414 0.035409035409035394 0.04472271914132381
0 0.195970695970696 0.5778175313059033 0.037851037851037855 0.05008944543828264
0 0.4242979242979243 0.39803220035778175 0.04029304029304026 0.04830053667262968
0 0.1385836385836386 0.7137745974955277 0.04029304029304029 0.0429338103756709
0 0.7637362637362637 0.5339892665474061 0.03785103785103783 0.04472271914132375
0 0.5958485958485958 0.17531305903398928 0.03663003663003672 0.042933810375670844
0 0.08302808302808302 0.6699463327370304 0.03907203907203907 0.04472271914132375
0 0.5946275946275946 0.6261180679785331 0.03663003663003672 0.0429338103756709
0 0.7649572649572649 0.44364937388193204 0.04029304029304026 0.04651162790697677
0 0.7081807081807081 0.3550983899821109 0.03663003663003661 0.04830053667262968
0 0.5372405372405373 0.31127012522361364 0.03663003663003661 0.04651162790697677
0 0.8199023199023199 0.44633273703041143 0.03785103785103783 0.051878354203935606
0 0.6520146520146519 0.35688729874776387 0.03663003663003661 0.04472271914132375
0 0.7661782661782661 0.35688729874776387 0.04029304029304026 0.04472271914132375
0 0.5958485958485958 0.3542039355992844 0.03663003663003672 0.046511627906976716
0 0.7069597069597069 0.667262969588551 0.03663003663003661 0.046511627906976716
0 0.1385836385836386 0.6681574239713775 0.04029304029304029 0.04830053667262968
0 0.7643467643467643 0.5805008944543828 0.039072039072039044 0.04830053667262968
0 0.6495726495726495 0.6261180679785331 0.039072039072039044 0.04651162790697683
0 0.6520146520146519 0.40071556350626114 0.03663003663003661 0.042933810375670844
0 0.6495726495726495 0.6726296958855098 0.039072039072039044 0.046511627906976716
0 0.6507936507936507 0.5778175313059034 0.03663003663003661 0.04651162790697683
0 0.9340659340659341 0.5366726296958855 0.039072039072039155 0.03935599284436486
0 0.024420024420024423 0.8497316636851521 0.036630036630036625 0.0429338103756709
0 0.4230769230769231 0.4418604651162791 0.03296703296703296 0.035778175313059046
0 0.8626373626373627 0.8085867620751341 0.023199023199023228 0.035778175313059046
0 0.36630036630036633 0.7137745974955277 0.036630036630036666 0.04651162790697683
0 0.48168498168498175 0.21645796064400716 0.04761904761904773 0.042933810375670844
0 0.026251526251526255 0.21645796064400716 0.04029304029304029 0.042933810375670844
0 0.3650793650793651 0.8935599284436493 0.036630036630036666 0.03756708407871201
0 0.025641025641025644 0.8962432915921288 0.039072039072039065 0.0429338103756709
0 0.7069597069597069 0.1771019677996422 0.04151404151404148 0.05008944543828264
0 0.5934065934065934 0.7620751341681574 0.03663003663003672 0.04651162790697683
0 0.5934065934065934 0.8041144901610018 0.03663003663003672 0.041144901610017826
0 0.026862026862026864 0.2620751341681574 0.03907203907203907 0.044722719141323836
0 0.5934065934065933 0.8470483005366727 0.031746031746031744 0.04472271914132386
0 0.36630036630036633 0.8014311270125224 0.0390720390720391 0.03935599284436497
0 0.8620268620268621 0.9418604651162791 0.026862026862026878 0.0375670840787119
0 0.19474969474969472 0.2620751341681574 0.035409035409035367 0.044722719141323836
0 0.8907203907203907 0.9418604651162791 0.02564102564102566 0.0375670840787119
0 0.594017094017094 0.7155635062611807 0.03785103785103794 0.046511627906976716
0 0.48290598290598297 0.14579606440071557 0.045177045177045294 0.03756708407871198
0 0.08302808302808302 0.8935599284436494 0.03907203907203907 0.04830053667262968
0 0.48290598290598286 0.1073345259391771 0.047619047619047616 0.03577817531305902
0 0.48168498168498175 0.2522361359570662 0.04761904761904773 0.03220035778175312
0 0.8901098901098901 0.8980322003577818 0.024420024420024444 0.03220035778175312
0 0.48168498168498175 0.17978533094812166 0.04761904761904773 0.030411449016100184
0 0.48229548229548225 0.3228980322003578 0.04884004884004883 0.03398926654740608
0 0.8907203907203907 0.8076923076923077 0.023199023199023228 0.03398926654740608
0 0.4841269841269842 0.3568872987477638 0.04761904761904773 0.04114490161001788
0 0.8083028083028083 0.30858676207513414 0.024420024420024444 0.037567084078711954
0 0.8614163614163615 0.8989266547406083 0.02564102564102566 0.04114490161001794
0 0.19597069597069597 0.3112701252236135 0.035409035409035394 0.03577817531305899
0 0.08302808302808302 0.7137745974955277 0.03907203907203907 0.0429338103756709
0 0.7081807081807081 0.12611806797853312 0.039072039072039044 0.051878354203935564
0 0.08058608058608059 0.9418604651162791 0.04151404151404151 0.04830053667262968
0 0.026862026862026864 0.30858676207513414 0.041514041514041505 0.04472271914132381
0 0.31013431013431014 0.5778175313059034 0.03418803418803418 0.03935599284436497
0 0.8626373626373627 0.8524150268336315 0.02564102564102566 0.03756708407871201
0 0.36630036630036633 0.667262969588551 0.0390720390720391 0.03935599284436497
0 0.8351648351648351 0.3112701252236135 0.024420024420024444 0.03577817531305899
0 0.08241758241758242 0.35688729874776387 0.037851037851037855 0.04472271914132375
0 0.36630036630036633 0.6216457960644007 0.036630036630036666 0.051878354203935606
0 0.8919413919413919 0.8524150268336315 0.023199023199023228 0.03756708407871201
0 0.7643467643467643 0.7155635062611807 0.039072039072039044 0.046511627906976716
0 0.08363858363858365 0.16994633273703041 0.0402930402930403 0.05008944543828264
0 0.7081807081807081 0.22093023255813954 0.03663003663003661 0.03756708407871198
0 0.9334554334554335 0.8989266547406083 0.03785103785103783 0.04114490161001794
0 0.195970695970696 0.5313059033989267 0.04029304029304029 0.04293381037567079
0 0.3089133089133089 0.8497316636851521 0.039072039072039044 0.0429338103756709
0 0.02564102564102564 0.8032200357781754 0.04151404151404152 0.046511627906976716
0 0.31013431013431014 0.8032200357781754 0.03663003663003661 0.04293381037567079
0 0.4230769230769231 0.575134168157424 0.03296703296703296 0.04472271914132386
0 0.3089133089133089 0.8935599284436494 0.039072039072039044 0.04472271914132375
0 0.9334554334554335 0.49016100178890876 0.04029304029304037 0.04651162790697677
0 0.3076923076923077 0.5339892665474061 0.03663003663003661 0.051878354203935606
0 0.9340659340659341 0.31127012522361364 0.039072039072039155 0.042933810375670844
0 0.02564102564102564 0.7137745974955277 0.04151404151404152 0.0429338103756709
0 0.08241758241758242 0.313953488372093 0.037851037851037855 0.04830053667262968
0 0.08241758241758242 0.8032200357781754 0.037851037851037855 0.04293381037567079
0 0.31013431013431014 0.6189624329159212 0.03418803418803418 0.04293381037567068
0 0.026862026862026864 0.16726296958855097 0.03907203907203907 0.04830053667262971
0 0.19597069597069597 0.6243291592128801 0.035409035409035394 0.03935599284436497
0 0.8095238095238095 0.2620751341681574 0.0219780219780219 0.04114490161001791
0 0.08302808302808304 0.48747763864042937 0.036630036630036625 0.04114490161001788
0 0.025641025641025644 0.6216457960644007 0.03663003663003663 0.04472271914132375
0 0.0231990231990232 0.9445438282647585 0.04151404151404152 0.05366726296958857
0 0.026251526251526252 0.35241502683363146 0.03785103785103785 0.042933810375670844
0 0.49450549450549447 0.7647584973166368 0.024420024420024444 0.012522361359570744
0 0.3089133089133089 0.9418604651162791 0.04151404151404153 0.051878354203935606
0 0.9322344322344323 0.8059033989266547 0.035409035409035394 0.04472271914132375
0 0.8357753357753357 0.2620751341681574 0.023199023199023228 0.03756708407871198
0 0.9328449328449329 0.5778175313059034 0.03663003663003661 0.0429338103756709
0 0.1385836385836386 0.39803220035778175 0.03785103785103784 0.04114490161001794
0 0.08241758241758242 0.40071556350626114 0.037851037851037855 0.042933810375670844
0 0.48229548229548236 0.28890876565295165 0.04639804639804651 0.04114490161001788
0 0.08180708180708181 0.759391771019678 0.03663003663003664 0.04830053667262968
0 0.36630036630036633 0.8470483005366727 0.04151404151404153 0.051878354203935495
