0 0.326224 0.269356 0.038933 0.051573
0 0.517200 0.730384 0.038933 0.051573
0 0.625695 0.468888 0.023587 0.038550
0 0.775117 0.519890 0.028168 0.041696
0 0.430118 0.696643 0.031669 0.044455
0 0.395316 0.902472 0.026827 0.039710
0 0.050564 0.728174 0.025747 0.039324
0 0.384873 0.809041 0.028429 0.043295
0 0.042295 0.771748 0.028168 0.041696
0 0.758342 0.639950 0.029509 0.043682
0 0.020157 0.763816 0.029248 0.042083
0 0.379008 0.848400 0.029248 0.042083
0 0.408631 0.817554 0.028952 0.046492
0 0.557613 0.168658 0.048425 0.047450
0 0.416917 0.777371 0.029248 0.042083
0 0.333709 0.230578 0.036512 0.049200
0 0.547679 0.229404 0.049539 0.041829
0 0.423026 0.733023 0.027349 0.042908
0 0.402374 0.859310 0.027349 0.042908
0 0.770759 0.564018 0.029248 0.042083
0 0.217412 0.361515 0.027872 0.046105
0 0.469758 0.754845 0.028464 0.037287
0 0.605828 0.590379 0.030066 0.040871
0 0.891266 0.386361 0.041877 0.057142
0 0.577454 0.361914 0.038671 0.049974
0 0.501506 0.504770 0.043775 0.056318
0 0.178852 0.516922 0.043480 0.060727
0 0.584103 0.317760 0.041058 0.058354
0 0.485830 0.282547 0.043218 0.059128
0 0.213855 0.617461 0.042957 0.057529
0 0.691480 0.314775 0.039717 0.056369
0 0.833713 0.409737 0.037034 0.052398
0 0.951240 0.362161 0.042400 0.060340
0 0.747823 0.291811 0.043184 0.065135
0 0.570788 0.402677 0.039979 0.057967
0 0.128357 0.497137 0.038637 0.055982
0 0.509104 0.461802 0.044855 0.056705
0 0.281873 0.212004 0.041877 0.057142
0 0.478772 0.325708 0.040536 0.055157
0 0.828275 0.453479 0.040274 0.053558
0 0.340767 0.187417 0.040240 0.059566
0 0.471975 0.367271 0.040013 0.051960
0 0.163786 0.602059 0.042695 0.055931
0 0.542843 0.258977 0.047049 0.051471
0 0.635007 0.338538 0.039717 0.056369
0 0.168125 0.260935 0.038114 0.052784
0 0.225547 0.238358 0.039490 0.048763
0 0.381059 0.587684 0.041320 0.059953
0 0.171663 0.560883 0.039490 0.048763
0 0.772194 0.474844 0.044333 0.053508
0 0.275354 0.255359 0.042434 0.054332
0 0.739293 0.336983 0.038149 0.046777
0 0.116289 0.242361 0.043480 0.060727
0 0.372529 0.632856 0.037853 0.051186
0 0.078288 0.481735 0.042695 0.055931
0 0.732888 0.376148 0.039979 0.057967
0 0.120367 0.542502 0.041616 0.055544
0 0.943790 0.407720 0.038933 0.051573
0 0.621153 0.423262 0.039194 0.053171
0 0.218194 0.276337 0.042173 0.052734
0 0.603409 0.458364 0.026008 0.040922
0 0.777519 0.435292 0.041911 0.051135
0 0.397780 0.163847 0.041843 0.063150
0 0.113030 0.583872 0.040536 0.055157
0 0.229216 0.537507 0.041058 0.058354
0 0.382453 0.250582 0.041058 0.058354
0 0.821870 0.492644 0.042173 0.052734
0 0.935914 0.448896 0.043775 0.056318
0 0.070150 0.524509 0.043218 0.059128
0 0.181980 0.176211 0.038637 0.055982
0 0.064024 0.565466 0.042991 0.051522
0 0.575406 0.703012 0.041877 0.057142
0 0.783497 0.391744 0.039160 0.059179
0 0.533893 0.327691 0.045151 0.052296
0 0.232736 0.194398 0.041843 0.063150
0 0.583283 0.661836 0.039194 0.053171
0 0.366943 0.674006 0.038637 0.055982
0 0.124165 0.201186 0.040274 0.053558
0 0.447493 0.268810 0.028134 0.047703
0 0.447026 0.442943 0.026531 0.044119
0 0.390870 0.209600 0.036773 0.050799
0 0.531316 0.644062 0.039456 0.054770
0 0.494840 0.545534 0.034352 0.048426
0 0.597397 0.495131 0.026008 0.040922
0 0.267478 0.296535 0.042434 0.054332
0 0.475046 0.414908 0.025190 0.042134
0 0.627949 0.381699 0.038671 0.049974
0 0.173842 0.218985 0.038114 0.052784
0 0.877804 0.468688 0.036250 0.047602
0 0.677086 0.399306 0.037592 0.049587
0 0.619291 0.508053 0.026531 0.044119
0 0.452220 0.404191 0.026008 0.040922
0 0.463448 0.492826 0.027611 0.044506
0 0.768282 0.820351 0.042695 0.055931
0 0.522916 0.688435 0.042138 0.058741
0 0.450246 0.573553 0.027872 0.046105
0 0.032931 0.678705 0.031931 0.046054
0 0.567956 0.748571 0.041616 0.055544
0 0.521146 0.391659 0.046527 0.048274
0 0.683752 0.358542 0.037853 0.051186
0 0.782676 0.735820 0.037296 0.053996
0 0.068959 0.608694 0.026008 0.040922
0 0.187135 0.396357 0.028429 0.043295
0 0.412338 0.644582 0.029509 0.043682
0 0.426340 0.562449 0.026531 0.044119
0 0.441309 0.484893 0.026008 0.040922
0 0.063242 0.650644 0.028168 0.041696
0 0.200598 0.314030 0.028691 0.044893
0 0.468772 0.453274 0.027349 0.042908
0 0.405393 0.683553 0.028691 0.044893
0 0.537632 0.294340 0.044924 0.044690
0 0.112919 0.668444 0.030851 0.045667
0 0.223816 0.322350 0.027088 0.041309
0 0.419674 0.603213 0.028429 0.043295
0 0.442762 0.612331 0.027611 0.044506
0 0.392471 0.766073 0.029509 0.043682
0 0.131223 0.158024 0.038114 0.052784
0 0.192852 0.354407 0.028952 0.046492
0 0.036784 0.641163 0.027611 0.044506
0 0.025055 0.719880 0.029771 0.045280
0 0.399807 0.724704 0.028952 0.046492
0 0.551958 0.196246 0.047049 0.051471
0 0.044661 0.599988 0.027088 0.041309
0 0.433137 0.520886 0.027054 0.047316
0 0.179651 0.435135 0.028168 0.041696
0 0.527045 0.359082 0.045185 0.046289
0 0.423195 0.260104 0.028691 0.044893
0 0.885288 0.429910 0.037034 0.052398
0 0.436096 0.653095 0.030032 0.046879
0 0.456651 0.534388 0.027088 0.041309
0 0.776420 0.777576 0.041058 0.058354
0 0.118783 0.629085 0.026827 0.039710
0 0.371280 0.892167 0.028429 0.043295
