0 0.222095 0.300919 0.026709 0.038516
0 0.676273 0.546535 0.038588 0.040608
0 0.546110 0.454531 0.036442 0.041422
0 0.306579 0.685370 0.034009 0.040695
0 0.246987 0.672275 0.040092 0.042512
0 0.391435 0.530790 0.036797 0.037165
0 0.540370 0.423731 0.036442 0.041422
0 0.670821 0.517275 0.038588 0.040608
0 0.589665 0.378124 0.038875 0.042148
0 0.191724 0.979913 0.042812 0.040175
0 0.773825 0.453193 0.040092 0.042512
0 0.174877 0.350782 0.028568 0.036162
0 0.659520 0.453183 0.037084 0.038705
0 0.713481 0.439509 0.037371 0.040245
0 0.435742 0.454971 0.036442 0.041422
0 0.727751 0.826230 0.040666 0.045592
0 0.265101 0.766034 0.038875 0.042148
0 0.234578 0.367909 0.030714 0.035349
0 0.767012 0.423526 0.037371 0.040245
0 0.551098 0.484743 0.037371 0.040245
0 0.527531 0.361723 0.039162 0.043688
0 0.640713 0.655508 0.040092 0.042512
0 0.396996 0.564082 0.036442 0.041422
0 0.579795 0.638745 0.037945 0.043325
0 0.704506 0.701489 0.040092 0.042512
0 0.594510 0.407566 0.039518 0.039432
0 0.215460 0.268760 0.029785 0.036525
0 0.181191 0.384663 0.029142 0.039242
0 0.266546 0.470538 0.041595 0.044415
0 0.719077 0.469540 0.037658 0.041785
0 0.796403 0.281443 0.039162 0.043688
0 0.573734 0.609666 0.038588 0.040608
0 0.759110 0.684372 0.040379 0.044052
0 0.601145 0.439724 0.038875 0.042148
0 0.563007 0.548654 0.037658 0.041785
0 0.636097 0.330933 0.039162 0.043688
0 0.689341 0.313410 0.039162 0.043688
0 0.653459 0.424104 0.038875 0.042148
0 0.725712 0.501698 0.038875 0.042148
0 0.326103 0.486895 0.041595 0.044415
0 0.750402 0.330943 0.039162 0.043688
0 0.441017 0.486723 0.037371 0.040245
0 0.557733 0.516902 0.036729 0.042962
0 0.212728 0.484981 0.041595 0.044415
0 0.567995 0.578866 0.038014 0.037528
0 0.748383 0.623360 0.041308 0.042875
0 0.468675 0.638596 0.037727 0.035988
0 0.179637 0.920795 0.038014 0.037528
0 0.907393 0.639284 0.023770 0.028912
0 0.815268 0.375791 0.038875 0.042148
0 0.151261 0.765072 0.039805 0.040972
0 0.236985 0.225755 0.024057 0.030452
0 0.930717 0.698974 0.038875 0.042148
0 0.128276 0.255775 0.027352 0.035799
0 0.614950 0.827396 0.037658 0.041785
0 0.073098 0.269811 0.024631 0.033532
0 0.722333 0.793708 0.038301 0.039068
0 0.606419 0.471476 0.034938 0.039519
0 0.295708 0.623588 0.040092 0.042512
0 0.141942 0.325664 0.028281 0.034622
0 0.634830 0.623938 0.039231 0.037892
0 0.620867 0.855705 0.039162 0.043688
0 0.491456 0.764289 0.036797 0.037165
0 0.098566 0.485741 0.036442 0.041422
0 0.046941 0.277622 0.028855 0.037702
0 0.936600 0.730544 0.041595 0.044415
0 0.092469 0.373762 0.026778 0.032719
0 0.915002 0.607750 0.041308 0.042875
0 0.819310 0.697286 0.039805 0.040972
0 0.168766 0.859013 0.039805 0.040972
0 0.370981 0.731169 0.037084 0.038705
0 0.154139 0.391114 0.024987 0.029276
0 0.312605 0.717710 0.036442 0.041422
0 0.255782 0.326626 0.023770 0.028912
0 0.173611 0.888455 0.041595 0.044415
0 0.603792 0.764074 0.036442 0.041422
0 0.790435 0.545776 0.041308 0.042875
0 0.128016 0.640331 0.037371 0.040245
0 0.897497 0.513809 0.041308 0.042875
0 0.121347 0.611434 0.039805 0.040972
0 0.473342 0.670530 0.041595 0.044415
0 0.890312 0.778505 0.038588 0.040608
0 0.135485 0.291013 0.025561 0.032356
0 0.872233 0.681484 0.038588 0.040608
0 0.810602 0.343857 0.036155 0.039882
0 0.649936 0.715344 0.042169 0.047495
0 0.501110 0.826435 0.039162 0.043688
0 0.249004 0.293697 0.026996 0.040056
0 0.303751 0.277350 0.028281 0.034622
0 0.860754 0.619883 0.038588 0.040608
0 0.408831 0.620699 0.037153 0.032908
0 0.071409 0.415816 0.029142 0.039242
0 0.126300 0.400239 0.028281 0.034622
0 0.886913 0.453567 0.040092 0.042512
0 0.318058 0.746971 0.041308 0.042875
0 0.079555 0.304462 0.027352 0.035799
0 0.484356 0.733082 0.037658 0.041785
0 0.347616 0.905592 0.041308 0.042875
0 0.309313 0.310642 0.030359 0.039606
0 0.278490 0.531187 0.040092 0.042512
0 0.761737 0.391774 0.038875 0.042148
0 0.354944 0.641666 0.038875 0.042148
0 0.851437 0.266636 0.039162 0.043688
0 0.297438 0.243470 0.031288 0.038429
0 0.110045 0.547342 0.041308 0.042875
0 0.693635 0.639706 0.038875 0.042148
0 0.158876 0.502686 0.040379 0.044052
0 0.161929 0.284743 0.027352 0.035799
0 0.710854 0.732107 0.038875 0.042148
0 0.699518 0.671277 0.038588 0.040608
0 0.647432 0.391764 0.038301 0.039068
0 0.617290 0.533259 0.039162 0.043688
0 0.189160 0.275800 0.028855 0.037702
0 0.147397 0.441086 0.042812 0.044778
0 0.169316 0.317490 0.028212 0.040419
0 0.666011 0.484572 0.039162 0.043688
0 0.470120 0.343100 0.038588 0.040608
0 0.529924 0.595110 0.024700 0.027736
0 0.535015 0.615537 0.024413 0.026196
0 0.506026 0.532340 0.035650 0.031005
0 0.483929 0.413759 0.036935 0.025571
0 0.490099 0.446869 0.034789 0.026385
0 0.476181 0.372179 0.036797 0.037165
0 0.479413 0.396412 0.037796 0.030191
0 0.580254 0.868644 0.023770 0.028912
0 0.508896 0.547740 0.030921 0.017958
0 0.493256 0.463810 0.034789 0.026385
0 0.485869 0.431063 0.035076 0.027925
0 0.342604 0.575446 0.038875 0.042148
0 0.937930 0.661868 0.028855 0.037702
0 0.496300 0.793731 0.036155 0.039882
0 0.525907 0.573550 0.024700 0.027736
0 0.301304 0.653618 0.031357 0.032632
0 0.942053 0.759804 0.041595 0.044415
0 0.913454 0.668363 0.024987 0.029276
0 0.100759 0.263178 0.028281 0.034622
0 0.448330 0.843007 0.037084 0.038705
0 0.668802 0.809691 0.041308 0.042875
0 0.156105 0.794514 0.038014 0.037528
0 0.288930 0.590659 0.040447 0.038255
0 0.157297 0.249548 0.025274 0.030816
0 0.646131 0.688030 0.037727 0.035988
0 0.501722 0.509240 0.036224 0.034085
0 0.553842 0.785491 0.034720 0.032182
0 0.933551 0.631474 0.025561 0.032356
0 0.611872 0.500737 0.034364 0.036439
0 0.575054 0.844186 0.024987 0.029276
0 0.541260 0.655941 0.024987 0.029276
0 0.347483 0.601626 0.046611 0.059002
0 0.843501 0.530744 0.036797 0.037165
0 0.442126 0.813158 0.038588 0.040608
0 0.537242 0.634380 0.023839 0.023116
0 0.285124 0.563345 0.041308 0.042875
0 0.838226 0.498992 0.038875 0.042148
0 0.365528 0.701908 0.037658 0.041785
0 0.052646 0.311683 0.027065 0.034259
0 0.292903 0.918677 0.037084 0.038705
0 0.219363 0.517140 0.036797 0.037165
0 0.663063 0.778891 0.041308 0.042875
0 0.854837 0.591574 0.037084 0.038705
0 0.059712 0.346152 0.028568 0.036162
0 0.146594 0.733139 0.040092 0.042512
0 0.868799 0.359807 0.038301 0.039068
0 0.862738 0.330729 0.040092 0.042512
0 0.812641 0.668388 0.040379 0.044052
0 0.836207 0.791408 0.038588 0.040608
0 0.207813 0.375901 0.025848 0.033896
0 0.406743 0.919639 0.038588 0.040608
0 0.380707 0.469778 0.035868 0.038342
0 0.459058 0.904019 0.036155 0.039882
0 0.096958 0.408188 0.029142 0.039242
0 0.065239 0.382706 0.029429 0.040782
0 0.629377 0.594678 0.042812 0.044778
0 0.892222 0.482057 0.039805 0.040972
0 0.323476 0.779492 0.040092 0.042512
0 0.272429 0.502108 0.038875 0.042148
0 0.359789 0.671108 0.037084 0.038705
0 0.765280 0.717482 0.039518 0.039432
0 0.436708 0.780636 0.040379 0.044052
0 0.133434 0.672853 0.039162 0.043688
0 0.275626 0.284935 0.026709 0.038516
0 0.374537 0.436668 0.036729 0.042962
0 0.182381 0.242871 0.029785 0.036525
0 0.454070 0.873807 0.039518 0.039432
0 0.086299 0.340652 0.027639 0.037339
0 0.736152 0.561171 0.037371 0.040245
0 0.281568 0.857847 0.039805 0.040972
0 0.328573 0.813736 0.037658 0.041785
0 0.298643 0.949477 0.040092 0.042512
0 0.419954 0.687283 0.041308 0.042875
0 0.770589 0.745973 0.039805 0.040972
0 0.609497 0.798136 0.037658 0.041785
0 0.229017 0.579285 0.038588 0.040608
0 0.446469 0.515983 0.036797 0.037165
0 0.140711 0.701568 0.039805 0.040972
0 0.848810 0.559234 0.037658 0.041785
0 0.153888 0.472474 0.038301 0.039068
0 0.184481 0.950237 0.039805 0.040972
0 0.731021 0.530189 0.038014 0.037528
0 0.383642 0.795668 0.038875 0.042148
0 0.106929 0.296288 0.028568 0.036162
0 0.336830 0.547907 0.040092 0.042512
0 0.403057 0.593161 0.037084 0.038705
0 0.241104 0.640704 0.036797 0.037165
0 0.288109 0.351926 0.025848 0.033896
0 0.776007 0.778494 0.038014 0.037528
0 0.756285 0.362514 0.038301 0.039068
0 0.388630 0.825880 0.037371 0.040245
0 0.341590 0.873252 0.038301 0.039068
0 0.866780 0.652223 0.039162 0.043688
0 0.331521 0.519417 0.039231 0.037892
0 0.884142 0.745394 0.038875 0.042148
0 0.675006 0.839540 0.040379 0.044052
0 0.877795 0.714776 0.040092 0.042512
0 0.113673 0.332479 0.028855 0.037702
0 0.881495 0.421045 0.041308 0.042875
0 0.259683 0.733512 0.037658 0.041785
0 0.478903 0.703822 0.037658 0.041785
0 0.194256 0.310044 0.028281 0.034622
0 0.119986 0.366359 0.028855 0.037702
0 0.116680 0.579500 0.042525 0.043238
0 0.413497 0.652633 0.042169 0.047495
0 0.385695 0.499990 0.034938 0.039519
0 0.657323 0.748091 0.041308 0.042875
0 0.263286 0.218715 0.031001 0.036889
0 0.824585 0.729037 0.041308 0.042875
0 0.210507 0.235286 0.029498 0.034985
0 0.623351 0.562337 0.039805 0.040972
0 0.782068 0.807573 0.042812 0.044778
0 0.908976 0.575409 0.038875 0.042148
0 0.457196 0.576996 0.038301 0.039068
0 0.228408 0.334799 0.026135 0.035436
0 0.716593 0.762908 0.039449 0.045228
0 0.741140 0.591383 0.038875 0.042148
0 0.804398 0.314008 0.037658 0.041785
0 0.597157 0.731916 0.037658 0.041785
0 0.826139 0.437573 0.039518 0.039432
0 0.707455 0.407169 0.037945 0.043325
0 0.401147 0.889609 0.038875 0.042148
0 0.200570 0.343924 0.028281 0.034622
0 0.162132 0.826854 0.041595 0.044415
0 0.105058 0.517130 0.039805 0.040972
0 0.744232 0.297833 0.036442 0.041422
0 0.148112 0.358774 0.027994 0.033082
0 0.276723 0.828405 0.039162 0.043688
0 0.591274 0.700345 0.037371 0.040245
0 0.320255 0.452063 0.043099 0.046318
0 0.261344 0.359918 0.028281 0.034622
0 0.335099 0.841863 0.039805 0.040972
0 0.830003 0.761559 0.040092 0.042512
0 0.856999 0.299928 0.037658 0.041785
0 0.463975 0.609924 0.039231 0.037892
0 0.224207 0.546582 0.039162 0.043688
0 0.352461 0.935034 0.040092 0.042512
0 0.702180 0.375417 0.037727 0.035988
0 0.642267 0.364044 0.038875 0.042148
0 0.270554 0.795294 0.038875 0.042148
0 0.253943 0.702712 0.037658 0.041785
0 0.796496 0.574854 0.039518 0.039432
0 0.291125 0.209590 0.031288 0.038429
0 0.287451 0.889417 0.040092 0.042512
0 0.394513 0.857450 0.040092 0.042512
0 0.806758 0.636818 0.040092 0.042512
0 0.377615 0.763327 0.041308 0.042875
0 0.243299 0.259635 0.027639 0.037339
0 0.585965 0.671855 0.037084 0.038705
0 0.234469 0.608546 0.036155 0.039882
0 0.269312 0.251055 0.026135 0.035436
0 0.784695 0.514975 0.041308 0.042875
0 0.425837 0.718854 0.038588 0.040608
0 0.753801 0.655882 0.039518 0.039432
0 0.801306 0.607558 0.040092 0.042512
0 0.779243 0.485715 0.041308 0.042875
0 0.874682 0.391378 0.039162 0.043688
0 0.430538 0.747526 0.040092 0.042512
0 0.281939 0.318816 0.026135 0.035436
0 0.903093 0.543839 0.038588 0.040608
0 0.682621 0.577154 0.034938 0.039519
0 0.687609 0.607366 0.038875 0.042148
0 0.315627 0.344522 0.029785 0.036525
0 0.832774 0.469732 0.038875 0.042148
0 0.820686 0.408313 0.040092 0.042512
0 0.534310 0.394652 0.037658 0.041785
0 0.423545 0.389521 0.041595 0.044415
0 0.452496 0.548324 0.040379 0.044052
0 0.583031 0.345965 0.041240 0.048672
0 0.429538 0.425123 0.039805 0.040972
0 0.696263 0.347109 0.040379 0.044052
