0 0.908189 0.603278 0.024989 0.032559
0 0.495352 0.374092 0.049922 0.045568
0 0.488526 0.277407 0.047321 0.038716
0 0.491753 0.341484 0.045826 0.032008
0 0.484358 0.206836 0.049340 0.035721
0 0.588174 0.859818 0.026290 0.035985
0 0.528230 0.741917 0.022969 0.035554
0 0.307151 0.728452 0.035823 0.048623
0 0.890845 0.734523 0.024270 0.038980
0 0.115007 0.798879 0.024270 0.038980
0 0.116780 0.838339 0.025377 0.039124
0 0.133016 0.414524 0.039047 0.047413
0 0.590092 0.901740 0.024892 0.030918
0 0.330826 0.893234 0.025377 0.039124
0 0.485335 0.242265 0.047805 0.046922
0 0.909699 0.647733 0.025377 0.039124
0 0.478772 0.140585 0.050932 0.044071
0 0.936264 0.644284 0.025183 0.035841
0 0.481312 0.174157 0.047708 0.045281
0 0.489717 0.307019 0.046601 0.045137
0 0.623250 0.603894 0.026484 0.039268
0 0.913229 0.688619 0.022969 0.035554
0 0.933841 0.603255 0.025183 0.035841
0 0.905959 0.565531 0.025183 0.035841
0 0.867277 0.363835 0.022969 0.035554
0 0.930262 0.561549 0.022872 0.033913
0 0.582075 0.775442 0.024367 0.040621
0 0.938736 0.686134 0.025280 0.037483
0 0.941712 0.727091 0.028794 0.041196
0 0.554699 0.736826 0.022969 0.035554
0 0.888567 0.695955 0.023979 0.034057
0 0.564489 0.902584 0.022969 0.035554
0 0.861448 0.699477 0.023066 0.037195
0 0.893095 0.357175 0.021862 0.035410
0 0.928344 0.519627 0.024076 0.035698
0 0.872790 0.485497 0.026484 0.039268
0 0.917640 0.357296 0.024076 0.035698
0 0.925823 0.476957 0.026096 0.032703
0 0.903487 0.523682 0.023066 0.037195
0 0.501793 0.530362 0.033125 0.040130
0 0.562114 0.862375 0.022872 0.033913
0 0.579195 0.736126 0.023066 0.037195
0 0.556112 0.779640 0.025183 0.035841
0 0.176565 0.283184 0.038466 0.037566
0 0.868953 0.401654 0.024270 0.038980
0 0.557712 0.400723 0.024076 0.035698
0 0.896072 0.398132 0.023163 0.038836
0 0.565127 0.526272 0.026775 0.044191
0 0.661350 0.389747 0.022872 0.033913
0 0.450076 0.287360 0.023163 0.038836
0 0.918763 0.395186 0.024076 0.035698
0 0.923400 0.435928 0.024270 0.038980
0 0.898495 0.439162 0.022775 0.032272
0 0.425268 0.292235 0.024270 0.038980
0 0.609376 0.397322 0.022969 0.035554
0 0.562286 0.695324 0.041164 0.046059
0 0.325183 0.807144 0.024173 0.037339
0 0.388038 0.341721 0.037553 0.040705
0 0.298715 0.812235 0.026581 0.040909
0 0.327295 0.852348 0.025377 0.039124
0 0.900919 0.480191 0.022969 0.035554
0 0.664279 0.429883 0.024076 0.035698
0 0.129340 0.371177 0.038950 0.045772
0 0.301187 0.854085 0.024076 0.035698
0 0.356751 0.680668 0.037649 0.042346
0 0.585799 0.819610 0.026581 0.040909
0 0.559884 0.824628 0.025280 0.037483
0 0.594815 0.566242 0.022969 0.035554
0 0.587351 0.439872 0.022775 0.032272
0 0.871425 0.443503 0.026387 0.037626
0 0.846521 0.446737 0.023066 0.037195
0 0.841722 0.365499 0.025183 0.035841
0 0.638917 0.434830 0.024076 0.035698
0 0.870910 0.651943 0.039144 0.049054
0 0.179902 0.320788 0.038853 0.044131
0 0.584831 0.397202 0.023163 0.038836
0 0.296340 0.772026 0.024076 0.035698
0 0.711460 0.586652 0.035823 0.048623
0 0.322905 0.768577 0.024076 0.035698
0 0.097694 0.713479 0.039960 0.044275
0 0.865869 0.566602 0.034717 0.048479
0 0.901886 0.317170 0.040057 0.045916
0 0.128072 0.330825 0.034620 0.046838
0 0.844602 0.404815 0.024270 0.038980
0 0.636951 0.392088 0.025377 0.039124
0 0.898812 0.274572 0.039144 0.049054
0 0.075544 0.338472 0.038231 0.052193
0 0.594654 0.525746 0.025280 0.037483
0 0.098553 0.756364 0.041455 0.050983
0 0.173754 0.235591 0.037609 0.060255
0 0.077968 0.379501 0.037843 0.045628
0 0.095076 0.669167 0.040542 0.054122
0 0.664413 0.639892 0.035533 0.043700
0 0.748943 0.333722 0.037843 0.045628
0 0.390413 0.381929 0.038231 0.052193
0 0.791386 0.202526 0.035630 0.045341
0 0.868535 0.611734 0.036833 0.047126
0 0.304728 0.687423 0.035436 0.042058
0 0.716792 0.676916 0.036017 0.051905
0 0.561388 0.444070 0.024367 0.040621
0 0.614776 0.479309 0.024076 0.035698
0 0.620224 0.562116 0.025474 0.040765
0 0.405050 0.629745 0.035823 0.048623
0 0.409177 0.718512 0.035823 0.048623
0 0.788215 0.158286 0.037318 0.055332
0 0.358067 0.721841 0.040251 0.049198
0 0.458535 0.666625 0.033319 0.043412
0 0.643581 0.306059 0.033416 0.045053
0 0.590929 0.481578 0.025474 0.040765
0 0.301004 0.643255 0.036211 0.055188
0 0.666934 0.682563 0.038134 0.050552
0 0.793401 0.246089 0.034426 0.043556
0 0.497355 0.445770 0.043572 0.049629
0 0.715184 0.630819 0.035823 0.048623
0 0.897302 0.230117 0.039338 0.052337
0 0.407667 0.674057 0.035823 0.048623
0 0.746520 0.292693 0.038037 0.048911
0 0.286464 0.397080 0.035630 0.045341
0 0.660738 0.596545 0.036017 0.051905
0 0.282336 0.308314 0.035823 0.048623
0 0.255681 0.735135 0.039144 0.049054
0 0.559410 0.608875 0.037027 0.050408
0 0.080488 0.422172 0.040445 0.052480
0 0.849309 0.323997 0.036736 0.045485
0 0.229206 0.315212 0.035823 0.048623
0 0.613459 0.438136 0.024076 0.035698
0 0.696920 0.340477 0.038425 0.055475
0 0.181460 0.366063 0.041358 0.049342
0 0.796883 0.286153 0.039144 0.049054
0 0.562173 0.655649 0.036930 0.048767
0 0.691064 0.260204 0.036017 0.051905
0 0.846483 0.238369 0.036930 0.048767
0 0.460695 0.712649 0.039241 0.050695
0 0.253258 0.694106 0.036736 0.045485
0 0.339690 0.391823 0.038037 0.048911
0 0.352978 0.635680 0.036114 0.053547
0 0.499972 0.490081 0.041358 0.049342
0 0.640964 0.261748 0.036017 0.051905
0 0.455413 0.623206 0.037124 0.052049
0 0.744145 0.252484 0.033319 0.043412
0 0.124397 0.287478 0.037124 0.052049
0 0.595185 0.355341 0.035823 0.048623
0 0.542496 0.322492 0.036543 0.042202
0 0.333252 0.301702 0.035823 0.048623
0 0.646101 0.348729 0.036017 0.051905
0 0.250544 0.648153 0.039338 0.052337
0 0.590193 0.270821 0.035727 0.046982
0 0.335869 0.346014 0.035823 0.048623
0 0.847896 0.281183 0.039144 0.049054
0 0.283798 0.351948 0.035727 0.046982
0 0.544365 0.363593 0.038037 0.048911
0 0.539878 0.278181 0.037124 0.052049
0 0.231775 0.358703 0.035727 0.046982
0 0.592664 0.312670 0.037843 0.045628
0 0.385421 0.297409 0.038328 0.053834
0 0.234897 0.402122 0.039338 0.052337
0 0.740470 0.209137 0.036017 0.051905
