0 0.125895 0.873122 0.036993 0.043406
0 0.514916 0.491653 0.041766 0.038397
0 0.571002 0.279633 0.036993 0.041736
0 0.571002 0.237896 0.039379 0.041736
0 0.180788 0.663606 0.034606 0.045075
0 0.236874 0.535893 0.039379 0.043406
0 0.570406 0.145242 0.038186 0.046745
0 0.235680 0.704508 0.039379 0.043406
0 0.571002 0.194491 0.039379 0.045075
0 0.235680 0.406511 0.039379 0.045075
0 0.899165 0.452421 0.036993 0.043406
0 0.235680 0.746244 0.039379 0.043406
0 0.236874 0.278798 0.039379 0.046745
0 0.181981 0.494157 0.039379 0.043406
0 0.457637 0.407346 0.039379 0.046745
0 0.569809 0.323038 0.039379 0.045075
0 0.346062 0.578464 0.038186 0.041736
0 0.677804 0.408180 0.038186 0.041736
0 0.625298 0.193656 0.035800 0.050083
0 0.124702 0.662771 0.034606 0.043406
0 0.124702 0.578464 0.036993 0.045075
0 0.125895 0.831386 0.036993 0.043406
0 0.677804 0.366444 0.038186 0.041736
0 0.844869 0.367279 0.038186 0.043406
0 0.678998 0.707012 0.038186 0.045075
0 0.678998 0.661937 0.038186 0.045075
0 0.678998 0.191987 0.040573 0.046745
0 0.347255 0.322204 0.035800 0.043406
0 0.125895 0.746244 0.039379 0.043406
0 0.569809 0.449082 0.039379 0.046745
0 0.180788 0.323038 0.039379 0.041736
0 0.346062 0.409015 0.038186 0.046745
0 0.571002 0.365609 0.034606 0.040067
0 0.179594 0.366444 0.036993 0.045075
0 0.181981 0.747078 0.036993 0.045075
0 0.292363 0.828047 0.035800 0.043406
0 0.236874 0.578464 0.034606 0.041736
0 0.897971 0.409015 0.036993 0.043406
0 0.236874 0.829716 0.039379 0.043406
0 0.124702 0.280467 0.036993 0.050083
0 0.790573 0.147746 0.039379 0.048414
0 0.292363 0.785476 0.035800 0.041736
0 0.179594 0.409850 0.034606 0.041736
0 0.569809 0.494157 0.039379 0.043406
0 0.235680 0.661937 0.034606 0.045075
0 0.678998 0.237896 0.040573 0.048414
0 0.677804 0.324708 0.040573 0.041736
0 0.346062 0.661102 0.038186 0.043406
0 0.458831 0.191152 0.039379 0.045075
0 0.180788 0.789649 0.039379 0.040067
0 0.348449 0.535893 0.038186 0.043406
0 0.235680 0.323038 0.034606 0.041736
0 0.181981 0.451586 0.036993 0.041736
0 0.624105 0.281302 0.035800 0.041736
0 0.845465 0.453255 0.039379 0.045075
0 0.735084 0.577629 0.040573 0.043406
0 0.845465 0.284641 0.039379 0.041736
0 0.845465 0.409850 0.039379 0.041736
0 0.181981 0.535058 0.036993 0.038397
0 0.403341 0.576795 0.035800 0.041736
0 0.789976 0.370618 0.038186 0.046745
0 0.735084 0.366444 0.038186 0.045075
0 0.956444 0.147746 0.036993 0.045075
0 0.457637 0.239566 0.036993 0.048414
0 0.180788 0.575960 0.034606 0.043406
0 0.514916 0.369783 0.048926 0.035058
0 0.514916 0.338898 0.046539 0.026711
0 0.347255 0.493322 0.035800 0.041736
0 0.292959 0.664441 0.034606 0.043406
0 0.789976 0.194491 0.035800 0.045075
0 0.899165 0.195326 0.036993 0.043406
0 0.404535 0.282137 0.038186 0.043406
0 0.624105 0.409015 0.035800 0.043406
0 0.735084 0.492487 0.038186 0.043406
0 0.236277 0.787980 0.035800 0.040067
0 0.180788 0.277963 0.039379 0.048414
0 0.403341 0.452421 0.035800 0.043406
0 0.956444 0.495826 0.039379 0.043406
0 0.897971 0.323873 0.036993 0.043406
0 0.900358 0.619366 0.041766 0.046745
0 0.844869 0.241235 0.038186 0.045075
0 0.677804 0.831386 0.038186 0.046745
0 0.899165 0.147746 0.039379 0.048414
0 0.733890 0.410684 0.040573 0.043406
0 0.125895 0.788815 0.039379 0.041736
0 0.180788 0.618531 0.034606 0.041736
0 0.292363 0.364775 0.040573 0.045075
0 0.732697 0.745409 0.038186 0.045075
0 0.180788 0.703673 0.034606 0.038397
0 0.733890 0.240401 0.035800 0.043406
0 0.403341 0.367279 0.038186 0.043406
0 0.457041 0.363105 0.035800 0.041736
0 0.292363 0.494157 0.035800 0.040067
0 0.124702 0.494992 0.036993 0.041736
0 0.236277 0.451586 0.035800 0.045075
0 0.348449 0.745409 0.035800 0.041736
0 0.789379 0.323038 0.041766 0.045075
0 0.955251 0.283806 0.036993 0.043406
0 0.733890 0.192821 0.042959 0.048414
0 0.070406 0.278798 0.038186 0.043406
0 0.678998 0.535058 0.035800 0.045075
0 0.955251 0.452421 0.036993 0.043406
0 0.733890 0.282137 0.033413 0.040067
0 0.348449 0.787980 0.038186 0.043406
0 0.569809 0.786311 0.036993 0.043406
0 0.678998 0.451586 0.035800 0.045075
0 0.955251 0.237062 0.036993 0.046745
0 0.678998 0.578464 0.035800 0.041736
0 0.403341 0.409850 0.035800 0.041736
0 0.292363 0.620200 0.038186 0.045075
0 0.346062 0.277129 0.035800 0.046745
0 0.735084 0.660267 0.035800 0.045075
0 0.458234 0.322204 0.031026 0.040067
0 0.346062 0.452421 0.035800 0.040067
0 0.404535 0.913189 0.040573 0.046745
0 0.347255 0.702003 0.035800 0.041736
0 0.292363 0.704508 0.035800 0.040067
0 0.571002 0.405676 0.034606 0.040067
0 0.070406 0.538397 0.038186 0.041736
0 0.513723 0.444073 0.044153 0.046745
0 0.124702 0.535893 0.036993 0.040067
0 0.403341 0.661102 0.033413 0.043406
0 0.789379 0.278798 0.039379 0.043406
0 0.900358 0.576795 0.041766 0.041736
0 0.237470 0.914858 0.038186 0.043406
0 0.844272 0.192821 0.036993 0.051753
0 0.404535 0.237062 0.038186 0.043406
0 0.292363 0.743740 0.033413 0.038397
0 0.677804 0.919032 0.038186 0.048414
0 0.403341 0.146077 0.035800 0.048414
0 0.735084 0.146077 0.040573 0.045075
0 0.124702 0.620200 0.034606 0.041736
0 0.568616 0.536728 0.039379 0.045075
0 0.235084 0.364775 0.033413 0.038397
0 0.125298 0.452421 0.035800 0.043406
0 0.899165 0.240401 0.036993 0.046745
0 0.403341 0.535893 0.033413 0.043406
0 0.899165 0.493322 0.036993 0.041736
0 0.348449 0.915693 0.040573 0.045075
0 0.678998 0.282972 0.038186 0.041736
0 0.182578 0.914858 0.040573 0.046745
0 0.568616 0.577629 0.039379 0.040067
0 0.624105 0.239566 0.035800 0.041736
0 0.180788 0.831386 0.034606 0.040067
0 0.124702 0.408180 0.036993 0.045075
0 0.897971 0.367279 0.036993 0.043406
0 0.294749 0.319699 0.040573 0.041736
0 0.735084 0.829716 0.035800 0.043406
0 0.955251 0.408180 0.036993 0.041736
0 0.678998 0.785476 0.035800 0.041736
0 0.403341 0.618531 0.035800 0.041736
0 0.458234 0.282972 0.033413 0.038397
0 0.348449 0.871452 0.038186 0.043406
0 0.568616 0.620200 0.039379 0.045075
0 0.292363 0.915693 0.038186 0.045075
0 0.900358 0.664441 0.039379 0.043406
0 0.292363 0.576795 0.038186 0.041736
0 0.678998 0.617696 0.038186 0.040067
0 0.402148 0.742905 0.035800 0.040067
0 0.735084 0.787980 0.035800 0.040067
0 0.238067 0.873122 0.036993 0.040067
0 0.624702 0.367279 0.034606 0.036728
0 0.292363 0.452421 0.035800 0.043406
0 0.292363 0.407346 0.035800 0.043406
0 0.071002 0.408180 0.039379 0.041736
0 0.346062 0.365609 0.038186 0.043406
0 0.735084 0.535893 0.038186 0.043406
0 0.124702 0.324708 0.036993 0.041736
0 0.568616 0.661102 0.036993 0.040067
0 0.899165 0.535058 0.039379 0.041736
0 0.124702 0.366444 0.034606 0.041736
0 0.899165 0.282137 0.034606 0.040067
0 0.678998 0.494157 0.035800 0.040067
0 0.568616 0.701169 0.039379 0.043406
0 0.955251 0.365609 0.039379 0.043406
0 0.403341 0.492487 0.033413 0.040067
0 0.844272 0.325543 0.039379 0.043406
0 0.235084 0.619366 0.033413 0.040067
0 0.292363 0.535058 0.035800 0.041736
0 0.069809 0.451586 0.036993 0.045075
0 0.568616 0.830551 0.034606 0.041736
0 0.791169 0.237896 0.035800 0.038397
0 0.124702 0.703673 0.036993 0.041736
0 0.238067 0.494992 0.036993 0.038397
0 0.732697 0.323873 0.035800 0.043406
0 0.403341 0.192821 0.038186 0.045075
0 0.900358 0.830551 0.039379 0.045075
0 0.403341 0.869783 0.038186 0.043406
0 0.071002 0.579299 0.039379 0.043406
0 0.955251 0.325543 0.039379 0.040067
0 0.515513 0.306344 0.050119 0.041736
0 0.069809 0.366444 0.039379 0.045075
0 0.679594 0.746244 0.034606 0.036728
0 0.347255 0.619366 0.033413 0.040067
0 0.732697 0.451586 0.035800 0.038397
0 0.678998 0.875626 0.035800 0.038397
0 0.899165 0.704508 0.039379 0.043406
0 0.348449 0.830551 0.035800 0.041736
0 0.735084 0.618531 0.035800 0.038397
0 0.402148 0.784641 0.035800 0.043406
0 0.292363 0.277963 0.035800 0.041736
0 0.402148 0.827212 0.033413 0.041736
0 0.069809 0.495826 0.039379 0.043406
0 0.899165 0.915693 0.039379 0.045075
0 0.569809 0.744574 0.036993 0.040067
0 0.070406 0.322204 0.038186 0.043406
0 0.955251 0.192821 0.036993 0.045075
0 0.899165 0.747913 0.036993 0.040067
0 0.624105 0.327212 0.038186 0.046745
0 0.568616 0.873122 0.034606 0.043406
0 0.514916 0.234558 0.048926 0.041736
0 0.127088 0.915693 0.034606 0.041736
0 0.292363 0.871452 0.035800 0.043406
0 0.900358 0.873957 0.039379 0.041736
0 0.735084 0.915693 0.033413 0.045075
0 0.084129 0.663606 0.022673 0.038397
0 0.899165 0.787980 0.036993 0.040067
0 0.402148 0.703673 0.035800 0.041736
0 0.514916 0.133556 0.051313 0.033389
0 0.056086 0.744574 0.023866 0.036728
0 0.056086 0.702003 0.026253 0.035058
0 0.181981 0.870618 0.034606 0.038397
0 0.085322 0.831386 0.025060 0.033389
0 0.569809 0.915693 0.034606 0.041736
0 0.084129 0.623539 0.022673 0.035058
0 0.514916 0.170284 0.046539 0.040067
0 0.084129 0.788815 0.022673 0.038397
0 0.056086 0.788815 0.023866 0.035058
0 0.056683 0.870618 0.022673 0.038397
0 0.735084 0.871452 0.040573 0.043406
0 0.054893 0.621870 0.023866 0.035058
0 0.084129 0.745409 0.022673 0.031720
0 0.057279 0.917362 0.023866 0.038397
0 0.056683 0.829716 0.022673 0.033389
0 0.086516 0.917362 0.025060 0.038397
0 0.403341 0.324708 0.035800 0.041736
0 0.085322 0.870618 0.025060 0.035058
0 0.084129 0.700334 0.022673 0.031720
0 0.056683 0.661102 0.022673 0.033389
0 0.526253 0.743740 0.023866 0.031720
0 0.516110 0.271285 0.048926 0.035058
0 0.733890 0.703673 0.035800 0.041736
0 0.516110 0.202838 0.051313 0.028381
