0 0.280092 0.215861 0.043630 0.035130
0 0.171388 0.191534 0.040756 0.032993
0 0.531189 0.302560 0.030825 0.026278
0 0.842066 0.344945 0.039447 0.032690
0 0.577564 0.285407 0.039447 0.032690
0 0.442826 0.254267 0.039447 0.032690
0 0.456575 0.778224 0.024266 0.032128
0 0.188360 0.752865 0.042304 0.042191
0 0.136688 0.740923 0.040995 0.041888
0 0.705312 0.576117 0.030014 0.036404
0 0.199463 0.347727 0.042820 0.045257
0 0.684710 0.714689 0.029498 0.033338
0 0.081221 0.727308 0.040461 0.046185
0 0.722984 0.471109 0.033405 0.041607
0 0.154093 0.633464 0.042304 0.042191
0 0.593744 0.843370 0.040995 0.041888
0 0.741430 0.361501 0.029498 0.033338
0 0.298243 0.778261 0.038655 0.035454
0 0.178196 0.825368 0.040995 0.041888
0 0.656269 0.455690 0.040737 0.040355
0 0.712784 0.870882 0.029498 0.033338
0 0.687405 0.864220 0.028964 0.037634
0 0.120924 0.479279 0.040479 0.038822
0 0.096535 0.620162 0.039687 0.041586
0 0.854302 0.607366 0.045436 0.045861
0 0.701562 0.937566 0.032889 0.038541
0 0.182187 0.454419 0.041253 0.043421
0 0.147377 0.669338 0.041253 0.043421
0 0.535605 0.861785 0.042304 0.042191
0 0.346597 0.826066 0.040995 0.041888
0 0.588068 0.877095 0.040995 0.041888
0 0.475263 0.889247 0.039171 0.038520
0 0.287159 0.848162 0.041253 0.043421
0 0.200227 0.682349 0.042304 0.042191
0 0.543444 0.229743 0.032115 0.033942
0 0.067917 0.798289 0.037071 0.040981
0 0.685995 0.533431 0.030806 0.033640
0 0.182297 0.788890 0.042562 0.043724
0 0.265618 0.289756 0.038379 0.041284
0 0.528759 0.898425 0.040995 0.041888
0 0.207073 0.645708 0.043612 0.042493
0 0.481722 0.854906 0.044386 0.047092
0 0.706454 0.904456 0.028706 0.036101
0 0.728975 0.689883 0.039687 0.041586
0 0.676685 0.750261 0.037329 0.042514
0 0.352006 0.789890 0.039945 0.043119
0 0.710513 0.391782 0.029756 0.034871
0 0.493976 0.782090 0.037863 0.038218
0 0.072800 0.761195 0.039687 0.041586
0 0.548741 0.202301 0.030291 0.030574
0 0.545261 0.796332 0.036813 0.039448
0 0.682254 0.898863 0.030014 0.036404
0 0.690385 0.680964 0.033147 0.040074
0 0.846802 0.643855 0.042304 0.042191
0 0.550937 0.762606 0.037329 0.042514
0 0.126462 0.442337 0.045952 0.048927
0 0.286007 0.515840 0.037863 0.038218
0 0.552005 0.429204 0.040995 0.041888
0 0.090473 0.656186 0.042562 0.043724
0 0.582134 0.912354 0.040479 0.038822
0 0.194164 0.718373 0.042046 0.040658
0 0.639905 0.561001 0.040995 0.041888
0 0.541446 0.500023 0.037863 0.038218
0 0.487260 0.817964 0.042562 0.043724
0 0.193271 0.384518 0.042304 0.042191
0 0.291941 0.480581 0.040995 0.041888
0 0.675924 0.932437 0.031838 0.039772
0 0.511520 0.677848 0.040995 0.041888
0 0.742639 0.947856 0.042304 0.042191
0 0.573750 0.618971 0.039687 0.041586
0 0.169536 0.525551 0.039687 0.041586
0 0.558436 0.726117 0.040461 0.046185
0 0.770354 0.775094 0.043077 0.046790
0 0.387341 0.575889 0.038379 0.041284
0 0.562933 0.691323 0.042304 0.042191
0 0.669244 0.641041 0.034971 0.043443
0 0.680586 0.569607 0.032889 0.038541
0 0.297617 0.446856 0.040995 0.041888
0 0.189299 0.420230 0.040995 0.041888
0 0.621975 0.667542 0.041253 0.043421
0 0.828899 0.419143 0.036813 0.039448
0 0.338996 0.532068 0.041253 0.043421
0 0.753336 0.880254 0.040995 0.041888
0 0.259942 0.323482 0.040995 0.041888
0 0.244112 0.433694 0.040737 0.040355
0 0.622252 0.330772 0.040203 0.044652
0 0.394325 0.542466 0.040995 0.041888
0 0.517453 0.642590 0.041511 0.044954
0 0.528013 0.571771 0.040995 0.041888
0 0.480935 0.338723 0.039945 0.043119
0 0.163234 0.227872 0.044128 0.045559
0 0.634230 0.594726 0.040995 0.041888
0 0.151496 0.297622 0.043354 0.040960
0 0.817557 0.490577 0.040995 0.041888
0 0.598111 0.809342 0.040995 0.041888
0 0.464709 0.447251 0.038379 0.041284
0 0.805690 0.561094 0.040995 0.041888
0 0.364398 0.720291 0.040995 0.041888
0 0.876074 0.465879 0.040995 0.041888
0 0.368895 0.685497 0.041253 0.043421
0 0.787492 0.665185 0.037587 0.044047
0 0.704054 0.426122 0.031838 0.039772
0 0.563873 0.358687 0.040995 0.041888
0 0.613582 0.370176 0.041511 0.044954
0 0.614862 0.701732 0.040995 0.041888
0 0.382347 0.278512 0.040203 0.044652
0 0.812535 0.524453 0.042304 0.042191
0 0.457467 0.482207 0.041511 0.044954
0 0.423597 0.364490 0.039687 0.041586
0 0.225132 0.538400 0.040995 0.041888
0 0.717237 0.759633 0.039945 0.043119
0 0.248867 0.397367 0.043612 0.042493
0 0.320172 0.304754 0.041253 0.043421
0 0.230154 0.504524 0.042304 0.042191
0 0.175995 0.491211 0.041253 0.043421
0 0.547251 0.465531 0.040737 0.040355
0 0.763923 0.478181 0.040995 0.041888
0 0.651119 0.490333 0.039687 0.041586
0 0.206308 0.311086 0.040995 0.041888
0 0.308692 0.372971 0.041511 0.044954
0 0.469077 0.413223 0.040995 0.041888
0 0.314368 0.339246 0.040995 0.041888
0 0.591422 0.513962 0.042562 0.043724
0 0.579942 0.582180 0.040203 0.044652
0 0.597485 0.477937 0.039687 0.041586
0 0.780674 0.370571 0.044128 0.045559
0 0.775266 0.406747 0.039945 0.043119
0 0.781955 0.702127 0.040995 0.041888
0 0.537381 0.265768 0.032889 0.038541
0 0.512992 0.406651 0.033681 0.035778
0 0.506404 0.441758 0.036021 0.042212
0 0.519184 0.369859 0.037845 0.045580
0 0.533640 0.287996 0.030051 0.021679
0 0.680907 0.309291 0.039447 0.032690
0 0.445996 0.554408 0.039687 0.041586
0 0.381665 0.609614 0.038379 0.041284
0 0.273118 0.253267 0.038379 0.041284
0 0.883187 0.431689 0.041253 0.043421
0 0.342100 0.860860 0.043870 0.044026
0 0.695269 0.643870 0.032631 0.037008
0 0.133308 0.405697 0.040995 0.041888
0 0.776675 0.737537 0.039687 0.041586
0 0.451276 0.518998 0.040995 0.041888
0 0.719142 0.506054 0.028706 0.036101
0 0.357027 0.756013 0.040737 0.040355
0 0.292567 0.811986 0.042304 0.042191
0 0.585747 0.547688 0.039429 0.040053
0 0.499652 0.748365 0.041511 0.044954
0 0.541022 0.829593 0.039687 0.041586
0 0.141839 0.706280 0.042562 0.043724
0 0.661744 0.677530 0.031322 0.036706
0 0.764946 0.811270 0.040995 0.041888
0 0.674782 0.604098 0.030530 0.039470
0 0.722913 0.725908 0.039429 0.040053
0 0.729830 0.434469 0.031580 0.038239
0 0.255187 0.359809 0.044386 0.047092
0 0.109711 0.549947 0.040203 0.044652
0 0.310765 0.707895 0.041511 0.044954
0 0.165307 0.562796 0.041511 0.044954
0 0.704586 0.830765 0.040995 0.041888
0 0.085718 0.692514 0.039687 0.041586
0 0.657377 0.711558 0.034455 0.040377
0 0.864207 0.536395 0.040995 0.041888
0 0.715922 0.355606 0.031838 0.039772
0 0.505190 0.711422 0.039171 0.038520
0 0.157411 0.597601 0.042304 0.042191
0 0.602995 0.772249 0.044128 0.045559
0 0.115903 0.513156 0.040203 0.044652
0 0.735167 0.653091 0.039687 0.041586
0 0.486998 0.302698 0.040203 0.044652
0 0.697337 0.461996 0.032889 0.038541
0 0.103519 0.586739 0.039687 0.041586
0 0.139112 0.371205 0.041253 0.043421
0 0.858798 0.572571 0.044662 0.041262
0 0.711504 0.539326 0.033147 0.040074
0 0.711045 0.796424 0.042562 0.043724
0 0.757704 0.846226 0.040995 0.041888
0 0.145037 0.331963 0.042820 0.045257
0 0.609187 0.735457 0.040995 0.041888
0 0.748969 0.914282 0.040995 0.041888
0 0.236345 0.467732 0.042820 0.045257
0 0.735368 0.397526 0.033405 0.041607
0 0.303919 0.744535 0.042820 0.045257
0 0.218038 0.237353 0.042304 0.042191
0 0.213550 0.276130 0.041511 0.044954
0 0.691800 0.498939 0.034713 0.041910
0 0.398434 0.509971 0.040995 0.041888
0 0.871052 0.499755 0.042304 0.042191
0 0.327516 0.600285 0.040995 0.041888
0 0.745993 0.584723 0.041253 0.043421
0 0.793822 0.631610 0.040995 0.041888
0 0.699636 0.609843 0.035763 0.040679
0 0.212878 0.611216 0.043870 0.044026
0 0.157171 0.263897 0.043870 0.044026
0 0.889766 0.392598 0.042027 0.048020
0 0.218286 0.575040 0.042304 0.042191
0 0.314082 0.672032 0.041511 0.044954
0 0.626988 0.629682 0.041511 0.044954
0 0.604598 0.443748 0.042562 0.043724
0 0.675369 0.346234 0.044920 0.042795
0 0.411343 0.437306 0.042562 0.043724
0 0.645710 0.526509 0.041253 0.043421
0 0.321453 0.636310 0.041253 0.043421
0 0.473960 0.376130 0.038895 0.044350
0 0.757990 0.513440 0.040995 0.041888
0 0.435326 0.290756 0.040995 0.041888
0 0.662332 0.419665 0.038379 0.041284
0 0.523516 0.606565 0.041253 0.043421
0 0.404497 0.473946 0.044386 0.047092
0 0.769074 0.443538 0.039945 0.043119
0 0.800935 0.597421 0.041769 0.046487
0 0.740189 0.619215 0.040995 0.041888
0 0.345059 0.496043 0.040995 0.041888
0 0.558989 0.395781 0.041511 0.044954
0 0.303808 0.410065 0.040995 0.041888
0 0.567688 0.654996 0.042562 0.043724
0 0.369964 0.352095 0.042820 0.045257
0 0.823095 0.453634 0.045436 0.045861
0 0.667870 0.382723 0.037587 0.044047
0 0.351250 0.459251 0.040995 0.041888
0 0.375869 0.648090 0.043335 0.048322
0 0.327405 0.265814 0.046468 0.051993
0 0.834170 0.379749 0.042820 0.045257
0 0.429135 0.327548 0.041511 0.044954
0 0.610007 0.407572 0.041511 0.044954
0 0.376938 0.314688 0.041253 0.043421
0 0.752056 0.548698 0.040995 0.041888
0 0.333191 0.566560 0.040995 0.041888
0 0.570193 0.321130 0.041769 0.046487
0 0.535383 0.536048 0.041769 0.046487
0 0.417534 0.400515 0.045694 0.047394
