0 0.6349453978159126 0.582857142857143 0.03120124804992197 0.03809523809523807
0 0.7932917316692668 0.6685714285714286 0.029641185647425905 0.03809523809523807
0 0.905616224648986 0.5371428571428571 0.04212168486739465 0.04571428571428593
0 0.6653666146645866 0.7628571428571429 0.032761310452418035 0.03619047619047622
0 0.6333853354134166 0.5361904761904761 0.02808112324492984 0.043809523809523965
0 0.3634945397815913 0.31333333333333335 0.04056162246489864 0.03999999999999998
0 0.8393135725429017 0.8942857142857144 0.046801872074883066 0.043809523809523854
0 0.29797191887675506 0.5371428571428571 0.040561622464898583 0.03809523809523818
0 0.7940717628705148 0.7161904761904762 0.03120124804992197 0.04190476190476189
0 0.4890795631825273 0.6704761904761904 0.042121684867394704 0.045714285714285596
0 0.7620904836193447 0.49142857142857144 0.032761310452418146 0.038095238095238126
0 0.4867394695787831 0.5333333333333333 0.04056162246489853 0.04190476190476189
0 0.16770670826833073 0.6742857142857144 0.042121684867394704 0.04571428571428571
0 0.10218408736349455 0.22285714285714286 0.04212168486739469 0.04190476190476192
0 0.96801872074883 0.3571428571428571 0.04212168486739476 0.0438095238095238
0 0.6333853354134165 0.8028571428571428 0.03432137285491421 0.040000000000000036
0 0.5881435257410296 0.6676190476190476 0.03744149765990645 0.043809523809523965
0 0.297191887675507 0.401904761904762 0.04212168486739465 0.03809523809523824
0 0.3634945397815913 0.7171428571428571 0.04056162246489864 0.039999999999999925
0 0.23166926677067082 0.7161904761904763 0.03900156006240246 0.03809523809523807
0 0.9664586583463339 0.2695238095238095 0.04212168486739476 0.0438095238095238
0 0.36271450858034326 0.3571428571428571 0.042121684867394704 0.047619047619047616
0 0.7932917316692667 0.7628571428571429 0.032761310452418146 0.039999999999999925
0 0.6653666146645866 0.6285714285714286 0.032761310452418035 0.03809523809523818
0 0.5873634945397816 0.17523809523809525 0.03900156006240241 0.04190476190476192
0 0.7293291731669267 0.2257142857142857 0.032761310452418035 0.043809523809523826
0 0.6989079563182528 0.17904761904761907 0.02808112324492984 0.0380952380952381
0 0.8408736349453978 0.8523809523809525 0.040561622464898583 0.043809523809523854
0 0.905616224648986 0.26857142857142857 0.04212168486739465 0.04190476190476189
0 0.3634945397815913 0.6285714285714286 0.04056162246489864 0.03809523809523818
0 0.23322932917316697 0.40380952380952384 0.04212168486739476 0.038095238095238126
0 0.8377535101404057 0.8057142857142857 0.040561622464898694 0.04190476190476189
0 0.7137285491419658 0.26761904761904765 0.04212168486739476 0.03999999999999998
0 0.36427457098283933 0.17809523809523808 0.042121684867394704 0.043809523809523826
0 0.6333853354134166 0.6714285714285715 0.02808112324492984 0.039999999999999925
0 0.7301092043681747 0.18190476190476193 0.03120124804992208 0.039999999999999925
0 0.6513260530421217 0.3142857142857143 0.03900156006240241 0.03809523809523807
0 0.4890795631825273 0.7609523809523809 0.042121684867394704 0.04380952380952374
0 0.16926677067082685 0.40380952380952384 0.042121684867394676 0.038095238095238126
0 0.9664586583463339 0.6723809523809523 0.04212168486739476 0.04571428571428571
0 0.48673946957878317 0.7171428571428571 0.043681747269890825 0.043809523809523854
0 0.4274570982839313 0.72 0.0374414976599064 0.03809523809523807
0 0.6653666146645866 0.44666666666666666 0.032761310452418035 0.03619047619047622
0 0.0998439937597504 0.26476190476190475 0.0405616224648986 0.04571428571428571
0 0.5873634945397815 0.22285714285714286 0.03588143525741039 0.0380952380952381
0 0.23166926677067082 0.5352380952380953 0.042121684867394704 0.03809523809523796
0 0.96801872074883 0.49142857142857144 0.04212168486739476 0.04571428571428543
0 0.16614664586583464 0.8028571428571429 0.042121684867394704 0.04761904761904756
0 0.96801872074883 0.44666666666666666 0.04212168486739476 0.047619047619047616
0 0.7121684867394695 0.8466666666666667 0.03900156006240241 0.036190476190476106
0 0.10218408736349455 0.5847619047619047 0.04212168486739469 0.04571428571428582
0 0.3611544461778471 0.8523809523809525 0.042121684867394704 0.043809523809523854
0 0.16614664586583464 0.8485714285714285 0.042121684867394704 0.043809523809523854
0 0.8400936037441498 0.18 0.04212168486739465 0.0438095238095238
0 0.10062402496099843 0.718095238095238 0.042121684867394676 0.045714285714285596
0 0.16926677067082685 0.2219047619047619 0.042121684867394676 0.0438095238095238
0 0.7113884555382215 0.8076190476190477 0.04056162246489847 0.03809523809523807
0 0.96801872074883 0.5809523809523809 0.04212168486739476 0.03809523809523818
0 0.6333853354134165 0.7609523809523809 0.03432137285491421 0.04380952380952374
0 0.10218408736349455 0.6304761904761904 0.04212168486739469 0.04571428571428571
0 0.5382215288611545 0.11809523809523807 0.03744149765990634 0.03809523809523804
0 0.96801872074883 0.22476190476190477 0.04212168486739476 0.045714285714285735
0 0.16926677067082685 0.2666666666666666 0.03900156006240246 0.038095238095238015
0 0.23166926677067082 0.8980952380952381 0.042121684867394704 0.043809523809523854
0 0.36427457098283933 0.22285714285714286 0.03900156006240252 0.04190476190476192
0 0.5436817472698907 0.7561904761904762 0.026521060842433664 0.03428571428571425
0 0.2971918876755071 0.8076190476190477 0.045241809672386946 0.04571428571428571
0 0.2324492979719189 0.579047619047619 0.04368174726989088 0.049523809523809526
0 0.967238689547582 0.8914285714285715 0.040561622464898694 0.04571428571428571
0 0.3658346333853354 0.1342857142857143 0.042121684867394704 0.028571428571428525
0 0.5842433697347894 0.8914285714285715 0.04212168486739465 0.026666666666666727
0 0.5366614664586583 0.33619047619047615 0.03120124804992197 0.03999999999999998
0 0.5904836193447738 0.13333333333333336 0.03900156006240252 0.026666666666666616
0 0.5382215288611545 0.1580952380952381 0.03744149765990634 0.03809523809523807
0 0.7769110764430578 0.3142857142857143 0.043681747269890825 0.04571428571428571
0 0.7137285491419658 0.539047619047619 0.04212168486739476 0.045714285714285485
0 0.42589703588143524 0.31333333333333335 0.04368174726989077 0.047619047619047616
0 0.48985959438377535 0.22666666666666668 0.040561622464898583 0.045714285714285735
0 0.6489859594383774 0.2695238095238095 0.043681747269890714 0.0438095238095238
0 0.5382215288611545 0.09523809523809523 0.03744149765990634 0.0076190476190476225
0 0.3634945397815913 0.8971428571428571 0.04368174726989077 0.049523809523809526
0 0.5873634945397816 0.2657142857142857 0.04212168486739476 0.047619047619047616
0 0.29719188767550697 0.900952380952381 0.03900156006240246 0.049523809523809526
0 0.5382215288611545 0.2504761904761905 0.03744149765990634 0.051428571428571435
0 0.5374414976599065 0.29333333333333333 0.032761310452418146 0.038095238095238126
0 0.8416536661466458 0.4933333333333333 0.04212168486739476 0.04190476190476172
0 0.42823712948517945 0.6761904761904762 0.042121684867394704 0.04571428571428571
0 0.6645865834633385 0.5847619047619047 0.0343213728549141 0.04571428571428582
0 0.4290171606864275 0.4923809523809523 0.04368174726989077 0.04380952380952363
0 0.7145085803432137 0.44666666666666666 0.043681747269890714 0.047619047619047616
0 0.16926677067082685 0.31333333333333335 0.04524180967238692 0.051428571428571435
0 0.7137285491419658 0.401904761904762 0.04212168486739476 0.03809523809523824
0 0.7129485179407176 0.6247619047619049 0.03744149765990634 0.04571428571428571
0 0.5873634945397816 0.31333333333333335 0.04212168486739476 0.0438095238095238
0 0.3619344773790952 0.5847619047619047 0.043681747269890825 0.04571428571428582
0 0.8400936037441498 0.31333333333333335 0.04212168486739465 0.0438095238095238
0 0.16770670826833073 0.539047619047619 0.042121684867394704 0.045714285714285485
0 0.8408736349453978 0.44666666666666677 0.040561622464898583 0.04380952380952391
0 0.297191887675507 0.31238095238095237 0.04212168486739465 0.04571428571428571
0 0.7932917316692667 0.539047619047619 0.032761310452418146 0.041904761904762
0 0.6513260530421217 0.17904761904761904 0.04212168486739465 0.04571428571428571
0 0.7940717628705148 0.4895238095238096 0.03120124804992197 0.041904761904761834
0 0.7137285491419658 0.35714285714285715 0.04212168486739476 0.040000000000000036
0 0.8408736349453978 0.40095238095238095 0.040561622464898583 0.043809523809523854
0 0.5850234009360373 0.7628571428571428 0.040561622464898694 0.043809523809523965
0 0.7776911076443058 0.2695238095238095 0.04212168486739476 0.0438095238095238
0 0.906396255850234 0.4457142857142858 0.040561622464898583 0.04571428571428582
0 0.7113884555382215 0.7628571428571428 0.03744149765990634 0.043809523809523965
0 0.23166926677067082 0.6723809523809523 0.042121684867394704 0.04571428571428571
0 0.4867394695787831 0.3142857142857143 0.04056162246489853 0.04571428571428571
0 0.5865834633385336 0.621904761904762 0.03744149765990634 0.043809523809523854
0 0.2979719188767551 0.4923809523809523 0.043681747269890825 0.04380952380952363
0 0.7113884555382215 0.8895238095238096 0.04056162246489847 0.04571428571428571
0 0.5873634945397816 0.4933333333333333 0.04212168486739476 0.04190476190476172
0 0.8400936037441498 0.6257142857142857 0.04212168486739465 0.043809523809523854
0 0.6669266770670828 0.539047619047619 0.032761310452418146 0.041904761904762
0 0.42589703588143524 0.40380952380952384 0.04368174726989077 0.04571428571428576
0 0.7129485179407176 0.7161904761904762 0.03744149765990634 0.04190476190476189
0 0.42823712948517945 0.17904761904761904 0.042121684867394704 0.04571428571428571
0 0.6497659906396256 0.2238095238095238 0.04212168486739454 0.043809523809523826
0 0.7129485179407176 0.31333333333333335 0.046801872074882955 0.0438095238095238
0 0.3634945397815913 0.4933333333333333 0.04368174726989077 0.04190476190476172
0 0.7769110764430577 0.17619047619047618 0.040561622464898583 0.043809523809523826
0 0.6645865834633385 0.6742857142857143 0.0343213728549141 0.04190476190476189
0 0.5881435257410297 0.7142857142857142 0.043681747269890825 0.04571428571428571
0 0.42667706708268327 0.539047619047619 0.042121684867394704 0.041904761904762
0 0.4867394695787831 0.35904761904761906 0.04056162246489853 0.0438095238095238
0 0.7113884555382215 0.4952380952380953 0.04056162246489847 0.041904761904762
0 0.48985959438377535 0.5809523809523809 0.04368174726989077 0.04571428571428571
0 0.42667706708268327 0.582857142857143 0.042121684867394704 0.04571428571428571
0 0.6669266770670828 0.8047619047619048 0.032761310452418146 0.043809523809523854
0 0.4890795631825273 0.18 0.03900156006240252 0.0438095238095238
0 0.23166926677067082 0.26666666666666666 0.042121684867394704 0.04571428571428571
0 0.8400936037441498 0.718095238095238 0.04212168486739465 0.045714285714285596
0 0.905616224648986 0.6276190476190476 0.04212168486739465 0.04380952380952374
0 0.8416536661466458 0.2695238095238095 0.04212168486739476 0.0438095238095238
0 0.6653666146645866 0.40285714285714286 0.032761310452418035 0.043809523809523854
0 0.29641185647425894 0.7180952380952381 0.04368174726989077 0.03809523809523807
0 0.23166926677067082 0.7609523809523809 0.042121684867394704 0.04380952380952374
0 0.8416536661466458 0.6704761904761904 0.04212168486739476 0.04190476190476189
0 0.96801872074883 0.31333333333333335 0.04212168486739476 0.0438095238095238
0 0.5873634945397816 0.5800000000000001 0.04212168486739476 0.02857142857142858
0 0.2979719188767551 0.582857142857143 0.043681747269890825 0.04571428571428571
0 0.96801872074883 0.8495238095238096 0.04212168486739476 0.04571428571428571
0 0.7769110764430577 0.2257142857142857 0.040561622464898583 0.047619047619047644
0 0.4890795631825273 0.8466666666666667 0.042121684867394704 0.04380952380952374
0 0.5382215288611545 0.0761904761904762 0.03744149765990634 0.03428571428571429
0 0.7940717628705148 0.44952380952380955 0.03120124804992197 0.034285714285714086
0 0.7620904836193447 0.579047619047619 0.032761310452418146 0.04190476190476189
0 0.0998439937597504 0.35904761904761906 0.046801872074883 0.0438095238095238
0 0.10062402496099843 0.8066666666666666 0.042121684867394676 0.03619047619047622
0 0.297191887675507 0.8533333333333333 0.04212168486739465 0.03809523809523807
0 0.10218408736349455 0.4904761904761905 0.04212168486739469 0.040000000000000036
0 0.5382215288611545 0.03999999999999999 0.03744149765990634 0.03428571428571431
0 0.7628705148205929 0.4485714285714285 0.028081123244929618 0.036190476190476106
0 0.10062402496099844 0.8961904761904762 0.04524180967238689 0.03619047619047622
0 0.29875195007800315 0.2219047619047619 0.04212168486739476 0.0438095238095238
0 0.23166926677067082 0.8542857142857143 0.042121684867394704 0.043809523809523854
0 0.10218408736349455 0.401904761904762 0.04212168486739469 0.03809523809523824
0 0.9032761310452417 0.8933333333333333 0.043681747269890825 0.04190476190476189
0 0.96801872074883 0.800952380952381 0.04212168486739476 0.04380952380952374
0 0.23322932917316697 0.22190476190476188 0.04212168486739476 0.04000000000000001
0 0.6333853354134166 0.40380952380952384 0.02808112324492984 0.041904761904761945
0 0.10062402496099844 0.4457142857142858 0.04524180967238689 0.04571428571428582
0 0.7613104524180967 0.7609523809523808 0.03120124804992197 0.04000000000000015
0 0.6653666146645866 0.35714285714285715 0.032761310452418035 0.03619047619047622
0 0.10218408736349455 0.6742857142857143 0.04212168486739469 0.04190476190476189
0 0.9032761310452417 0.8485714285714285 0.043681747269890825 0.043809523809523854
0 0.10218408736349455 0.8504761904761905 0.04212168486739469 0.04761904761904767
0 0.3611544461778471 0.8057142857142857 0.03900156006240246 0.04571428571428582
0 0.5858034321372855 0.8523809523809524 0.03900156006240252 0.040000000000000036
0 0.16770670826833073 0.17523809523809525 0.042121684867394704 0.04190476190476192
0 0.7004680187207488 0.22190476190476188 0.028081123244929618 0.04000000000000001
0 0.10140405616224649 0.7619047619047619 0.0436817472698908 0.041904761904762
0 0.48985959438377535 0.8933333333333333 0.040561622464898583 0.04571428571428571
0 0.7940717628705148 0.8028571428571428 0.03120124804992197 0.040000000000000036
0 0.16614664586583464 0.580952380952381 0.03900156006240252 0.04190476190476189
0 0.7613104524180968 0.8923809523809524 0.0343213728549141 0.040000000000000036
0 0.7932917316692667 0.8914285714285715 0.032761310452418146 0.03809523809523807
0 0.16614664586583464 0.759047619047619 0.042121684867394704 0.03619047619047644
0 0.16926677067082685 0.36 0.03900156006240246 0.03809523809523807
0 0.905616224648986 0.2238095238095238 0.04212168486739465 0.043809523809523826
0 0.8400936037441498 0.22476190476190477 0.04212168486739465 0.045714285714285735
0 0.96801872074883 0.759047619047619 0.04212168486739476 0.043809523809523854
0 0.297191887675507 0.3580952380952381 0.04212168486739465 0.04190476190476189
0 0.6677067082683308 0.49333333333333335 0.03120124804992197 0.03809523809523807
0 0.7932917316692667 0.8495238095238096 0.032761310452418146 0.03809523809523807
0 0.8408736349453978 0.579047619047619 0.040561622464898583 0.03809523809523796
0 0.7605304212168487 0.5352380952380952 0.029641185647425905 0.04190476190476211
0 0.7613104524180967 0.8504761904761905 0.03120124804992197 0.04380952380952374
0 0.96801872074883 0.7142857142857142 0.04212168486739476 0.04571428571428571
0 0.48829953198127923 0.49333333333333335 0.03744149765990634 0.03809523809523807
0 0.7605304212168487 0.8047619047619048 0.03588143525741028 0.043809523809523854
0 0.10140405616224649 0.3114285714285714 0.0436817472698908 0.047619047619047616
0 0.7932917316692667 0.5809523809523809 0.032761310452418146 0.03809523809523818
0 0.905616224648986 0.7609523809523808 0.04212168486739465 0.04000000000000015
0 0.22932917316692666 0.8066666666666666 0.04368174726989077 0.04761904761904767
0 0.906396255850234 0.18 0.040561622464898583 0.047619047619047616
0 0.6341653666146646 0.35714285714285715 0.026521060842433775 0.03619047619047622
0 0.48985959438377535 0.8057142857142857 0.040561622464898583 0.04190476190476189
0 0.6333853354134166 0.44952380952380955 0.02808112324492984 0.03809523809523824
0 0.48829953198127923 0.44952380952380955 0.03744149765990634 0.041904761904761945
0 0.16770670826833073 0.44571428571428573 0.03900156006240249 0.03809523809523807
0 0.96801872074883 0.17904761904761904 0.04212168486739476 0.04571428571428571
0 0.7620904836193447 0.6714285714285715 0.032761310452418146 0.039999999999999925
0 0.7769110764430577 0.4 0.040561622464898583 0.038095238095238126
0 0.3627145085803432 0.2695238095238095 0.03900156006240252 0.0438095238095238
0 0.906396255850234 0.49142857142857144 0.040561622464898583 0.04571428571428543
0 0.10218408736349455 0.5333333333333334 0.04212168486739469 0.04571428571428571
0 0.6318252730109204 0.6266666666666667 0.03120124804992208 0.04190476190476189
0 0.7129485179407176 0.580952380952381 0.03744149765990634 0.04190476190476189
0 0.905616224648986 0.6704761904761904 0.04212168486739465 0.045714285714285596
0 0.9040561622464898 0.8038095238095238 0.04524180967238689 0.04571428571428571
0 0.23166926677067082 0.4476190476190477 0.042121684867394704 0.041904761904762
0 0.4290171606864275 0.2257142857142857 0.04368174726989077 0.043809523809523826
0 0.8400936037441498 0.7628571428571428 0.04212168486739465 0.043809523809523965
0 0.7940717628705148 0.6266666666666666 0.03120124804992197 0.03809523809523796
0 0.1661466458658346 0.8942857142857144 0.04524180967238692 0.04761904761904756
0 0.6349453978159126 0.4895238095238096 0.03120124804992197 0.041904761904761834
0 0.7605304212168487 0.6276190476190476 0.032761310452417924 0.04380952380952374
0 0.23322932917316697 0.3571428571428571 0.04212168486739476 0.0438095238095238
0 0.5850234009360374 0.8057142857142857 0.043681747269890714 0.04571428571428582
0 0.6669266770670828 0.7161904761904762 0.032761310452418146 0.04190476190476189
0 0.3619344773790952 0.7609523809523809 0.043681747269890825 0.04380952380952374
0 0.3619344773790952 0.44666666666666677 0.043681747269890825 0.04380952380952391
0 0.9695787831513261 0.40380952380952384 0.04212168486739465 0.041904761904761945
0 0.48985959438377535 0.2704761904761905 0.03744149765990645 0.03809523809523807
0 0.23322932917316697 0.17523809523809525 0.04212168486739476 0.053333333333333316
0 0.42589703588143524 0.6276190476190476 0.040561622464898583 0.04380952380952374
0 0.10218408736349455 0.17523809523809525 0.04212168486739469 0.053333333333333316
0 0.23166926677067082 0.4933333333333334 0.042121684867394704 0.04952380952380936
0 0.16926677067082685 0.4933333333333333 0.03900156006240246 0.04190476190476172
0 0.16614664586583464 0.6247619047619049 0.042121684867394704 0.04571428571428571
0 0.4290171606864275 0.7666666666666666 0.04368174726989077 0.04761904761904756
0 0.4890795631825273 0.6266666666666667 0.042121684867394704 0.04190476190476189
0 0.5850234009360373 0.5352380952380952 0.040561622464898694 0.04190476190476211
0 0.1661466458658346 0.72 0.04524180967238692 0.04571428571428571
0 0.5881435257410297 0.40380952380952384 0.040561622464898583 0.038095238095238126
0 0.9664586583463339 0.6257142857142857 0.04212168486739476 0.04761904761904756
0 0.4867394695787831 0.40285714285714286 0.04056162246489853 0.040000000000000036
0 0.8393135725429017 0.539047619047619 0.03744149765990645 0.045714285714285485
0 0.23244929797191888 0.6285714285714286 0.040561622464898583 0.03809523809523818
0 0.3634945397815913 0.6704761904761904 0.04056162246489864 0.04190476190476189
0 0.2979719188767551 0.7628571428571428 0.043681747269890825 0.043809523809523965
0 0.905616224648986 0.5819047619047619 0.04212168486739465 0.04380952380952374
0 0.9032761310452418 0.3114285714285714 0.040561622464898583 0.0438095238095238
0 0.9040561622464899 0.3571428571428571 0.03900156006240252 0.0438095238095238
0 0.7620904836193447 0.7171428571428571 0.032761310452418146 0.043809523809523854
0 0.2979719188767551 0.4457142857142858 0.043681747269890825 0.04571428571428582
0 0.7121684867394695 0.6704761904761904 0.03900156006240241 0.045714285714285596
0 0.7776911076443058 0.35714285714285715 0.04212168486739476 0.040000000000000036
0 0.23166926677067082 0.3114285714285714 0.042121684867394704 0.0438095238095238
0 0.29875195007800315 0.26666666666666666 0.04212168486739476 0.04190476190476189
0 0.5873634945397816 0.44666666666666677 0.04212168486739476 0.04380952380952391
0 0.6333853354134165 0.7152380952380952 0.03432137285491421 0.043809523809523854
0 0.5881435257410297 0.36 0.040561622464898583 0.04571428571428571
0 0.42667706708268327 0.35904761904761906 0.042121684867394704 0.03999999999999998
0 0.36271450858034326 0.40285714285714286 0.042121684867394704 0.043809523809523854
0 0.3619344773790952 0.5352380952380952 0.043681747269890825 0.04190476190476211
0 0.9063962558502341 0.40380952380952384 0.043681747269890825 0.041904761904761945
0 0.42589703588143524 0.44952380952380955 0.04368174726989077 0.041904761904761945
0 0.8400936037441498 0.3580952380952381 0.04212168486739465 0.04190476190476189
0 0.96801872074883 0.5352380952380953 0.04212168486739476 0.04571428571428571
0 0.9048361934477379 0.7161904761904762 0.046801872074883066 0.04571428571428582
0 0.2979719188767551 0.6276190476190476 0.043681747269890825 0.04380952380952374
0 0.29875195007800315 0.17714285714285716 0.04212168486739476 0.045714285714285735
0 0.42589703588143524 0.26857142857142857 0.040561622464898583 0.04190476190476189
0 0.2979719188767551 0.6733333333333333 0.043681747269890825 0.04380952380952374
