0 0.04215261044176707 0.4413456998827311 0.024674698795180718 0.03742861059076162
0 0.43746184738955823 0.7696258052725362 0.027759036144578204 0.03586908514947991
0 0.43900401606425704 0.47799454775285183 0.024674698795180576 0.03586908514947999
0 0.3228273092369478 0.13801800155343352 0.024674698795180725 0.03275003426691645
0 0.2472610441767068 0.6978876349735764 0.02775903614457832 0.03275003426691647
0 0.4369477911646586 0.6986673976942173 0.028787148594377414 0.03119050882563467
0 0.4796144578313253 0.552851768934375 0.02775903614457828 0.03586908514947999
0 0.11823293172690762 0.5863815659219324 0.026730923694779127 0.0343095597081981
0 0.39530923694779113 0.7345364828436972 0.027759036144578354 0.03119050882563467
0 0.4806425702811245 0.4452445134859353 0.027759036144578354 0.03275003426691656
0 0.5243373493975904 0.11540488265484838 0.024674698795180725 0.04054766147332511
0 0.6065863453815261 0.48111359863541525 0.02673092369477907 0.03586908514947991
0 0.16192771084337346 0.7345364828436972 0.027759036144578336 0.03742861059076162
0 0.2888995983935743 0.44056593716209014 0.02673092369477911 0.03275003426691639
0 0.6081285140562249 0.3719468177456938 0.02775903614457828 0.03275003426691643
0 0.24931726907630522 0.5130838701816907 0.02775903614457832 0.031190508825634584
0 0.2888995983935743 0.5536315316550159 0.02673092369477911 0.03742861059076162
0 0.4806425702811245 0.4085956656158145 0.027759036144578354 0.03742861059076162
0 0.02210441767068273 0.18324423935060388 0.021590361445783135 0.03275003426691647
0 0.6086425702811245 0.3360777325962139 0.026730923694779144 0.03586908514947991
0 0.02210441767068273 0.40469685201261024 0.021590361445783135 0.03586908514947995
0 0.07608032128514056 0.29241102024032534 0.024674698795180725 0.03275003426691643
0 0.11926104417670683 0.770405567993177 0.024674698795180725 0.03430955970819819
0 0.4806425702811245 0.2970895965641705 0.027759036144578354 0.03275003426691643
0 0.52485140562249 0.15517278140753263 0.027759036144578354 0.03275003426691643
0 0.1624417670682731 0.25966098597340886 0.02673092369477911 0.03586908514947991
0 0.042152610441767074 0.32828010538980523 0.02261847389558233 0.03898813603204334
0 0.11874698795180723 0.47643502231157014 0.02775903614457832 0.03586908514947982
0 0.4384899598393574 0.6261494646746166 0.027759036144578354 0.03586908514947982
0 0.02261847389558233 0.2191133245000838 0.022618473895582327 0.03586908514947995
0 0.2472610441767068 0.771185330713818 0.02775903614457832 0.03586908514947991
0 0.043694779116465854 0.18324423935060388 0.021590361445783125 0.03586908514947991
0 0.35418473895582336 0.771185330713818 0.02775903614457828 0.03586908514947991
0 0.248289156626506 0.7345364828436972 0.02775903614457832 0.03742861059076162
0 0.567004016064257 0.3719468177456938 0.027759036144578354 0.03275003426691643
0 0.39582329317269077 0.47799454775285183 0.026730923694779144 0.03275003426691647
0 0.2888995983935743 0.7672865171106136 0.02673092369477911 0.03430955970819819
0 0.07710843373493975 0.4772147850322109 0.024674698795180718 0.02807145794307115
0 0.48012851405622486 0.3329586817136504 0.026730923694779144 0.03275003426691643
0 0.39530923694779113 0.6261494646746166 0.027759036144578354 0.03586908514947982
0 0.20665060240963853 0.29553007112288876 0.024674698795180763 0.03586908514947991
0 0.6081285140562249 0.2604407486940497 0.02775903614457828 0.031190508825634716
0 0.35521285140562253 0.6620185498240965 0.027759036144578354 0.03586908514947991
0 0.28889959839357426 0.33217891899300955 0.024674698795180725 0.03119050882563467
0 0.4811566265060241 0.25966098597340886 0.024674698795180725 0.03586908514947991
0 0.6086425702811245 0.2970895965641705 0.02878714859437749 0.03586908514947991
0 0.4821847389558233 0.22379190082392897 0.026730923694779144 0.03586908514947986
0 0.2888995983935743 0.47799454775285183 0.02673092369477911 0.03586908514947999
0 0.43900401606425704 0.44368498804465356 0.026730923694779144 0.03275003426691647
0 0.35521285140562253 0.5505124807724525 0.027759036144578354 0.0343095597081981
0 0.35418473895582336 0.4413456998827311 0.02775903614457828 0.03742861059076162
0 0.16192771084337346 0.6261494646746166 0.027759036144578336 0.03586908514947982
0 0.1634698795180723 0.29630983384352966 0.02878714859437753 0.03119050882563467
0 0.5649477911646587 0.4444647507652945 0.02775903614457828 0.04054766147332505
0 0.5649477911646587 0.22457166354456984 0.025702811244979935 0.031190508825634716
0 0.35418473895582336 0.47799454775285183 0.02775903614457828 0.03586908514947999
0 0.35521285140562253 0.29553007112288876 0.025702811244979935 0.03275003426691643
0 0.4384899598393574 0.7314174319611337 0.027759036144578354 0.03742861059076162
0 0.6081285140562249 0.22691095170649245 0.02775903614457828 0.03586908514947991
0 0.5659759036144578 0.18792281567444907 0.027759036144578354 0.03898813603204332
0 0.2472610441767068 0.6620185498240965 0.02775903614457832 0.03586908514947991
0 0.43746184738955823 0.6620185498240965 0.027759036144578204 0.03586908514947991
0 0.16192771084337346 0.6978876349735764 0.027759036144578336 0.03586908514947991
0 0.35418473895582336 0.6978876349735764 0.02775903614457828 0.03586908514947991
0 0.28889959839357426 0.7306376692404928 0.02878714859437749 0.03898813603204334
0 0.4384899598393574 0.5902803795251367 0.027759036144578354 0.03586908514947999
0 0.2488032128514056 0.3688277668631303 0.02878714859437753 0.03586908514947991
0 0.16295582329317268 0.40469685201261024 0.02775903614457828 0.03586908514947995
0 0.3973654618473896 0.29630983384352966 0.027759036144578354 0.03430955970819819
0 0.6091566265060241 0.19026210383637168 0.027759036144578354 0.03742861059076164
0 0.07659437751004017 0.5505124807724524 0.02775903614457831 0.03742861059076162
0 0.07710843373493975 0.40469685201261024 0.0308433734939759 0.03586908514947995
0 0.11926104417670683 0.25654193509084544 0.02673092369477911 0.03586908514947995
0 0.39530923694779113 0.4413456998827311 0.027759036144578354 0.03742861059076162
0 0.3541847389558233 0.7345364828436972 0.029815261044176738 0.03742861059076162
0 0.24983132530120483 0.18324423935060388 0.024674698795180725 0.03898813603204336
0 0.43900401606425704 0.37194681774569377 0.026730923694779144 0.03586908514947991
0 0.20716465863453815 0.18324423935060388 0.025702811244979973 0.03586908514947991
0 0.16192771084337346 0.552851768934375 0.027759036144578336 0.03586908514947999
0 0.35521285140562253 0.3688277668631303 0.027759036144578354 0.03586908514947991
0 0.07608032128514056 0.3290598681104461 0.028787148594377518 0.03742861059076162
0 0.12080321285140563 0.2191133245000838 0.02775903614457832 0.03586908514947995
0 0.39633734939759035 0.36804800414248945 0.02775903614457828 0.03742861059076162
0 0.4384899598393574 0.5497327180518116 0.027759036144578354 0.03898813603204343
0 0.39582329317269066 0.5489529553311707 0.02878714859437749 0.03742861059076171
0 0.43900401606425704 0.2627800368559723 0.026730923694779144 0.03275003426691643
0 0.20613654618473895 0.4803338359147743 0.02775903614457832 0.03742861059076162
0 0.4384899598393574 0.2269109517064924 0.027759036144578354 0.03898813603204338
0 0.2503453815261044 0.2191133245000838 0.02775903614457832 0.03586908514947995
0 0.11926104417670683 0.29319078296096623 0.028787148594377508 0.03742861059076158
0 0.480128514056225 0.48111359863541525 0.02878714859437749 0.03586908514947991
0 0.16295582329317268 0.47721478503221104 0.02775903614457828 0.03742861059076162
0 0.5233092369477912 0.3360777325962139 0.02878714859437749 0.03586908514947991
0 0.11977510040160644 0.3688277668631303 0.027759036144578298 0.03586908514947991
0 0.20767871485943773 0.25654193509084544 0.026730923694779144 0.03586908514947995
0 0.16295582329317268 0.588720854083855 0.02775903614457828 0.03586908514947982
0 0.16244176706827307 0.36804800414248945 0.028787148594377508 0.03430955970819819
0 0.20613654618473895 0.553631531655016 0.029815261044176738 0.04054766147332505
0 0.2488032128514056 0.25654193509084544 0.02878714859437753 0.03586908514947995
0 0.4395180722891566 0.18714305295380818 0.027759036144578354 0.0405476614733251
0 0.28889959839357426 0.18714305295380826 0.024674698795180725 0.03742861059076164
0 0.29095582329317266 0.258881223252768 0.02878714859437753 0.03430955970819819
0 0.07608032128514056 0.2167740363381612 0.03084337349397591 0.04054766147332516
0 0.2888995983935743 0.29553007112288876 0.02673092369477911 0.03586908514947991
0 0.20613654618473895 0.4413456998827311 0.02775903614457832 0.04054766147332505
0 0.5238232931726908 0.47643502231157003 0.0298152610441767 0.04210718691460686
0 0.20562248995983934 0.40391708929196934 0.02673092369477911 0.03742861059076167
0 0.16449799196787146 0.18324423935060388 0.03084337349397587 0.03898813603204336
0 0.2503453815261044 0.29553007112288876 0.02775903614457832 0.03586908514947991
0 0.16244176706827307 0.4405659371620902 0.028787148594377508 0.03586908514947999
0 0.16192771084337346 0.6620185498240965 0.027759036144578336 0.03586908514947991
0 0.5227951807228917 0.3696075295837712 0.02775903614457828 0.03430955970819815
0 0.39633734939759035 0.40469685201261024 0.02775903614457828 0.03586908514947995
0 0.6065863453815261 0.552851768934375 0.02878714859437749 0.03586908514947999
0 0.2894136546184739 0.6230304137920532 0.025702811244979935 0.03275003426691647
0 0.065285140562249 0.7719650934344588 0.019534136546184716 0.03119050882563467
0 0.5217670682730924 0.552851768934375 0.02775903614457828 0.03586908514947999
0 0.5227951807228917 0.5902803795251367 0.02775903614457828 0.03586908514947999
0 0.2888995983935743 0.5887208540838549 0.02673092369477911 0.03275003426691647
0 0.0647710843373494 0.7017864485767807 0.018506024096385527 0.03119050882563467
0 0.5227951807228917 0.6612387871034556 0.02775903614457828 0.03119050882563467
0 0.0663132530120482 0.6261494646746166 0.021590361445783118 0.02963098338435287
0 0.16089959839357432 0.7696258052725362 0.02775903614457832 0.03275003426691647
0 0.5222811244979919 0.7696258052725362 0.02878714859437749 0.03586908514947991
0 0.39582329317269077 0.7696258052725362 0.026730923694779144 0.03275003426691647
0 0.2888995983935743 0.6947685840910129 0.02673092369477911 0.03275003426691647
0 0.28889959839357426 0.5138636329023317 0.02878714859437749 0.03586908514947982
0 0.5227951807228917 0.6261494646746166 0.02775903614457828 0.03586908514947982
0 0.02261847389558233 0.29163125751968444 0.02056224899598394 0.02807145794307124
0 0.28889959839357426 0.40469685201261024 0.02878714859437749 0.03898813603204338
0 0.5217670682730924 0.6978876349735764 0.02775903614457828 0.03586908514947991
0 0.6065863453815261 0.5895006168044958 0.02878714859437749 0.03742861059076162
0 0.3248835341365462 0.24328596883995068 0.022618473895582344 0.03742861059076167
0 0.02210441767068273 0.36414919053928513 0.023646586345381526 0.03586908514947991
0 0.6065863453815261 0.6612387871034556 0.02878714859437749 0.021833356177944286
0 0.3228273092369478 0.17154779854099084 0.024674698795180725 0.02807145794307124
0 0.3269397590361446 0.6581197362208921 0.018506024096385545 0.03119050882563467
0 0.6081285140562249 0.1512739678043283 0.02775903614457828 0.024952407060507765
0 0.39633734939759035 0.5130838701816909 0.02775903614457828 0.021833356177944286
0 0.1644979919678715 0.14347634059791967 0.02878714859437747 0.02495240706050774
0 0.44003212851405626 0.14737515420112396 0.02878714859437749 0.023392881619226025
0 0.5238232931726907 0.44056593716209014 0.027759036144578354 0.020273830736662484
0 0.2503453815261044 0.1465953914804831 0.02775903614457832 0.021833356177944286
0 0.24931726907630522 0.47643502231157003 0.02775903614457832 0.02339288161922609
0 0.6060722891566266 0.735316245564338 0.02775903614457828 0.03586908514947991
0 0.3217991967871486 0.3150241391389105 0.020562248995983926 0.03430955970819815
0 0.6071004016064258 0.770405567993177 0.0298152610441767 0.03430955970819819
0 0.3233413654618474 0.2799348167100714 0.02159036144578321 0.029630983384353
0 0.04163855421686747 0.25576217237020454 0.02159036144578313 0.03119050882563467
0 0.6081285140562249 0.4078159028951737 0.02775903614457828 0.03898813603204334
0 0.6071004016064258 0.6955483468116538 0.0298152610441767 0.04054766147332505
0 0.5217670682730924 0.7337567201230563 0.02775903614457828 0.03586908514947991
0 0.6065863453815261 0.6269292273952576 0.02878714859437749 0.03742861059076162
0 0.39582329317269077 0.6978876349735764 0.024674698795180725 0.03586908514947991
0 0.023132530120481925 0.2557621723702046 0.021590361445783135 0.03742861059076162
0 0.02210441767068273 0.3290598681104461 0.019534136546184737 0.03430955970819819
0 0.323855421686747 0.10292867912459451 0.024674698795180725 0.031190508825634705
0 0.08584738955823294 0.62926851555718 0.021590361445783145 0.029630983384352955
0 0.08687550200803212 0.7719650934344588 0.021590361445783135 0.02807145794307124
0 0.2888995983935743 0.2230121381032881 0.02673092369477911 0.03430955970819815
0 0.4384899598393574 0.4078159028951737 0.027759036144578354 0.03586908514947991
0 0.04472289156626507 0.4046968520126103 0.02159036144578315 0.03275003426691647
0 0.042666666666666665 0.29241102024032534 0.021590361445783135 0.03275003426691643
0 0.043694779116465854 0.3688277668631303 0.021590361445783125 0.03275003426691643
0 0.6065863453815261 0.5169826837848951 0.02673092369477907 0.03898813603204334
0 0.2894136546184739 0.658899498941533 0.025702811244979935 0.03586908514947999
0 0.042666666666666665 0.21989308722072468 0.021590361445783135 0.03430955970819823
0 0.323855421686747 0.07017864485767808 0.024674698795180725 0.02807145794307123
0 0.35367068273092367 0.5138636329023317 0.02673092369477907 0.03586908514947982
0 0.6065863453815261 0.4452445134859353 0.02673092369477907 0.03275003426691656
0 0.4384899598393574 0.5138636329023317 0.027759036144578354 0.03586908514947982
0 0.11771887550200803 0.7337567201230563 0.02775903614457832 0.03586908514947991
0 0.16089959839357426 0.5138636329023317 0.025702811244979917 0.03898813603204343
0 0.248289156626506 0.6261494646746166 0.02775903614457832 0.03586908514947982
0 0.567004016064257 0.3360777325962139 0.027759036144578354 0.03586908514947991
0 0.07556626506024096 0.5130838701816909 0.02775903614457831 0.03742861059076162
0 0.3557269076305221 0.3313991562723687 0.026730923694779144 0.03586908514947991
0 0.35521285140562253 0.40469685201261024 0.027759036144578354 0.03586908514947995
0 0.4811566265060241 0.3688277668631303 0.024674698795180725 0.03898813603204338
0 0.11926104417670683 0.3313991562723687 0.028787148594377508 0.03275003426691643
0 0.11771887550200803 0.5130838701816909 0.02775903614457832 0.03742861059076162
0 0.2488032128514056 0.3313991562723687 0.02673092369477911 0.03586908514947991
0 0.3968514056224899 0.25966098597340886 0.0246746987951808 0.03275003426691643
0 0.07453815261044176 0.5902803795251367 0.0298152610441767 0.03586908514947999
0 0.11874698795180723 0.658899498941533 0.02775903614457832 0.03898813603204334
0 0.35521285140562253 0.18636329023316733 0.025702811244979935 0.03586908514947988
0 0.11874698795180723 0.6222506510714122 0.02775903614457832 0.03430955970819819
0 0.08738955823293171 0.7376555337262606 0.022618473895582327 0.03430955970819819
0 0.24931726907630522 0.5497327180518116 0.02775903614457832 0.03898813603204343
0 0.16346987951807226 0.3313991562723687 0.030843373493975926 0.03586908514947991
0 0.5233092369477912 0.19104186655701252 0.026730923694779144 0.03586908514947991
0 0.5238232931726908 0.300208647446734 0.0298152610441767 0.03586908514947991
0 0.3968514056224899 0.18792281567444907 0.0246746987951808 0.03586908514947995
0 0.20562248995983934 0.3329586817136504 0.02673092369477911 0.03586908514947991
0 0.43900401606425704 0.33529796987557303 0.026730923694779144 0.03430955970819819
0 0.20716465863453815 0.2206728499413655 0.02775903614457828 0.03586908514947991
0 0.20510843373493973 0.5162029210642544 0.027759036144578354 0.03430955970819828
0 0.43900401606425704 0.2970895965641705 0.026730923694779144 0.03586908514947991
0 0.5243373493975904 0.22457166354456984 0.030843373493975833 0.03430955970819819
0 0.35521285140562253 0.22379190082392897 0.027759036144578354 0.03586908514947986
0 0.20665060240963853 0.3680480041424895 0.024674698795180763 0.03119050882563476
0 0.08636144578313253 0.6986673976942172 0.024674698795180718 0.03742861059076162
0 0.5649477911646587 0.4078159028951737 0.02775903614457828 0.03586908514947991
0 0.07710843373493977 0.36804800414248945 0.026730923694779127 0.03430955970819819
0 0.5233092369477912 0.2635597995766132 0.02878714859437749 0.03742861059076162
0 0.07608032128514056 0.25654193509084544 0.028787148594377518 0.03586908514947995
0 0.24931726907630522 0.4444647507652945 0.02775903614457832 0.03430955970819819
0 0.5654618473895582 0.25966098597340886 0.026730923694779144 0.03586908514947991
0 0.11874698795180723 0.44056593716209014 0.02775903614457832 0.03898813603204334
0 0.5238232931726907 0.4085956656158145 0.027759036144578354 0.04054766147332497
0 0.3968514056224899 0.22379190082392897 0.02673092369477907 0.03586908514947986
0 0.4821847389558233 0.18792281567444907 0.026730923694779144 0.03586908514947995
0 0.12131726907630522 0.182464476629963 0.026730923694779127 0.03742861059076164
0 0.07608032128514056 0.17856566302675866 0.0267309236947791 0.03586908514947991
0 0.35367068273092367 0.6253697019539757 0.02878714859437753 0.03742861059076162
0 0.567004016064257 0.300208647446734 0.025702811244979935 0.03586908514947991
0 0.1634698795180723 0.2230121381032881 0.02878714859437753 0.03430955970819815
0 0.24931726907630522 0.4054766147332511 0.02775903614457832 0.03742861059076167
0 0.39582329317269066 0.588720854083855 0.02878714859437749 0.03898813603204343
0 0.24931726907630522 0.5902803795251367 0.02775903614457832 0.03586908514947999
0 0.3552128514056224 0.25966098597340886 0.023646586345381592 0.03275003426691643
0 0.4796144578313253 0.5169826837848951 0.02775903614457828 0.03586908514947991
0 0.07659437751004017 0.44368498804465356 0.02775903614457831 0.03586908514947991
0 0.2894136546184739 0.36804800414248945 0.025702811244979935 0.03430955970819819
0 0.39633734939759035 0.33217891899300955 0.02775903614457828 0.03119050882563467
0 0.11771887550200803 0.6978876349735764 0.02775903614457832 0.03586908514947991
0 0.11926104417670683 0.40391708929196934 0.024674698795180725 0.03119050882563467
0 0.35367068273092367 0.588720854083855 0.02878714859437753 0.03586908514947982
0 0.5238232931726908 0.5169826837848951 0.0298152610441767 0.03586908514947991
0 0.08687550200803212 0.6627983125447374 0.021590361445783135 0.03119050882563467
0 0.39582329317269077 0.6620185498240965 0.026730923694779144 0.03586908514947991
0 0.0657991967871486 0.735316245564338 0.022618473895582338 0.03586908514947991
0 0.0657991967871486 0.6627983125447374 0.020562248995983915 0.0343095597081981
0 0.11771887550200803 0.5497327180518117 0.02775903614457832 0.03586908514947991
