0 0.3472153635116598 0.5012039675701946 0.014924554183813398 0.021207502153887003
0 0.2620576131687243 0.3230609494775443 0.021947873799725636 0.029690503015441745
0 0.2624965706447188 0.3082156979698235 0.026337448559670806 0.056553339077031785
0 0.3467764060356653 0.4757549649855303 0.01404663923182447 0.015552168246183695
0 0.2927846364883402 0.25943844301588354 0.014924554183813435 0.02403516910773848
0 0.3485322359396434 0.5690679744626328 0.0140466392318244 0.01837983520003535
0 0.3485322359396434 0.5874478096626682 0.0140466392318244 0.01837983520003535
0 0.31209876543209875 0.25943844301588354 0.01492455418381347 0.02403516910773848
0 0.2528395061728395 0.26226610996973515 0.01580246913580247 0.024035169107738525
0 0.6211248285322359 0.0996752601232686 0.01492455418381347 0.024035169107738525
0 0.14617283950617282 0.3223540327390814 0.023703703703703703 0.031104336492367525
0 0.067599451303155 0.34426845163143127 0.024581618655692736 0.03534583692314492
0 0.0671604938271605 0.3237678662160072 0.023703703703703703 0.031104336492367525
0 0.338875171467764 0.34921686880067154 0.024581618655692736 0.03110433649236748
0 0.3002469135802469 0.5464466388318201 0.022825788751714704 0.02969050301544179
0 0.33975308641975305 0.2891289460313253 0.024581618655692736 0.024035169107738525
0 0.30068587105624145 0.29195661298517683 0.025459533607681734 0.024035169107738525
0 0.3476543209876543 0.5217045529856186 0.01580246913580247 0.019793668676961133
0 0.338875171467764 0.26226610996973515 0.024581618655692736 0.03251816996929331
0 0.3476543209876543 0.7436764088629686 0.01580246913580247 0.019793668676961133
0 0.26161865569272974 0.6333973976627566 0.024581618655692736 0.03110433649236748
0 0.26117969821673526 0.6595533169858837 0.02545953360768177 0.02969050301544179
0 0.26161865569272974 0.5464466388318201 0.02282578875171467 0.02969050301544179
0 0.3480932784636488 0.7245896569244704 0.01492455418381347 0.01837983520003535
0 0.6013717421124829 0.1003821768617315 0.019314128943758533 0.02544900258466433
0 0.10666666666666666 0.34921686880067154 0.023703703703703703 0.019793668676961133
0 0.5719615912208504 0.32023328252369276 0.023703703703703668 0.02403516910773857
0 0.27215363511659807 0.26226610996973515 0.01580246913580247 0.026862836061590133
0 0.10622770919067215 0.4658581306470497 0.02458161865569272 0.021207502153887003
0 0.3002469135802469 0.5209976362471558 0.022825788751714704 0.026862836061590043
0 0.4148148148148148 0.7182274062783043 0.023703703703703737 0.028276669538515917
0 0.338875171467764 0.6687432345859016 0.02282578875171474 0.025449002584664173
0 0.4165706447187929 0.6602602337243466 0.02194787379972567 0.028276669538515917
0 0.1457338820301783 0.2947842799390284 0.02458161865569272 0.03251816996929331
0 0.6097119341563786 0.6326904809242936 0.023703703703703737 0.0296905030154417
0 0.6198079561042524 0.1618839331080036 0.019314128943758533 0.026862836061590113
0 0.4156927297668039 0.6341043144012195 0.02194787379972567 0.02969050301544161
0 0.10666666666666667 0.7182274062783043 0.021947873799725653 0.028276669538515917
0 0.6198079561042524 0.22197185587734994 0.01580246913580247 0.025449002584664353
0 0.26117969821673526 0.520290719508693 0.02545953360768177 0.028276669538515917
0 0.26161865569272974 0.6899507367397884 0.024581618655692736 0.02544900258466444
0 0.10666666666666666 0.5782578920626504 0.023703703703703703 0.02544900258466444
0 0.610150891632373 0.6044138113857778 0.024581618655692736 0.02969050301544179
0 0.45519890260631 0.464444297170124 0.023703703703703668 0.026862836061590043
0 0.4148148148148148 0.7443833256014315 0.023703703703703737 0.02969050301544179
0 0.5320164609053498 0.49201404997017695 0.02282578875171467 0.028276669538515917
0 0.26117969821673526 0.6072414783396293 0.02545953360768177 0.026862836061590043
0 0.2989300411522634 0.6623809839397353 0.02545953360768177 0.02969050301544161
0 0.610150891632373 0.6885369032628627 0.024581618655692736 0.028276669538515917
0 0.29102880658436214 0.34921686880067154 0.013168724279835403 0.019793668676961133
0 0.5324554183813442 0.34921686880067154 0.02194787379972567 0.025449002584664353
0 0.45475994513031553 0.6065345616011665 0.024581618655692736 0.02544900258466444
0 0.10666666666666666 0.6037068946473149 0.023703703703703703 0.028276669538515917
0 0.4161316872427983 0.49130713323171415 0.024581618655692736 0.0296905030154417
0 0.10666666666666667 0.6899507367397884 0.021947873799725653 0.02544900258466444
0 0.251522633744856 0.4057702078777034 0.014924554183813435 0.02544900258466431
0 0.5710836762688615 0.34568228510835713 0.025459533607681734 0.03251816996929331
0 0.31034293552812076 0.4043563744007776 0.014924554183813435 0.02544900258466431
0 0.6088340192043895 0.547860472308746 0.023703703703703668 0.02969050301544179
0 0.2221124828532236 0.6333973976627566 0.024581618655692736 0.03110433649236748
0 0.6101508916323731 0.7196412397552301 0.026337448559670806 0.03393200344621904
0 0.10666666666666667 0.5485673890472088 0.021947873799725653 0.028276669538516007
0 0.6088340192043895 0.6595533169858837 0.023703703703703668 0.02969050301544179
0 0.6105898491083677 0.49201404997017695 0.027215363511659804 0.025449002584664353
0 0.3002469135802469 0.6906576534782513 0.0245816186556927 0.02969050301544179
0 0.6097119341563786 0.5775509753241876 0.025459533607681734 0.02969050301544161
0 0.10622770919067215 0.7450902423398944 0.022825788751714687 0.03110433649236757
0 0.6198079561042524 0.19157443612344532 0.01580246913580247 0.024035169107738525
0 0.454320987654321 0.7457971590783573 0.023703703703703737 0.02403516910773848
0 0.45475994513031553 0.6899507367397884 0.026337448559670806 0.028276669538516007
0 0.10666666666666667 0.520290719508693 0.021947873799725653 0.03110433649236748
0 0.338875171467764 0.3181125323083041 0.024581618655692736 0.031104336492367525
0 0.6004938271604938 0.13007267987717322 0.017558299039780467 0.028276669538515917
0 0.6101508916323731 0.520290719508693 0.026337448559670806 0.03110433649236748
0 0.14617283950617282 0.34992378553913445 0.023703703703703703 0.026862836061590133
0 0.4165706447187929 0.6892438200013254 0.025459533607681807 0.0296905030154417
0 0.6193689986282579 0.13007267987717325 0.016680384087791537 0.02544900258466433
0 0.10666666666666666 0.49060021649325114 0.023703703703703703 0.028276669538515917
0 0.6101508916323731 0.4644442971701239 0.026337448559670806 0.0296905030154417
0 0.29980795610425237 0.6065345616011664 0.023703703703703703 0.028276669538515826
0 0.4165706447187929 0.5761371418472618 0.023703703703703668 0.026862836061590043
0 0.067599451303155 0.29195661298517683 0.022825788751714676 0.03251816996929326
0 0.3002469135802469 0.31881944904676696 0.0245816186556927 0.0296905030154417
0 0.610150891632373 0.3760797048622617 0.024581618655692736 0.025449002584664353
0 0.29980795610425237 0.6333973976627566 0.023703703703703703 0.03110433649236748
0 0.45475994513031553 0.6630879006781982 0.024581618655692736 0.03110433649236748
0 0.6004938271604938 0.1611770163695407 0.017558299039780467 0.02544900258466433
0 0.45475994513031553 0.6326904809242936 0.024581618655692736 0.0296905030154417
0 0.5328943758573388 0.4644442971701239 0.02282578875171474 0.0296905030154417
0 0.25108367626886147 0.43687454437007095 0.01580246913580247 0.028276669538516007
0 0.18436213991769548 0.28842202929286237 0.024581618655692736 0.031104336492367525
0 0.10710562414266117 0.6630879006781982 0.02282578875171467 0.028276669538515826
0 0.6088340192043895 0.34992378553913445 0.027215363511659804 0.0296905030154417
0 0.5328943758573388 0.2898358627697882 0.024581618655692736 0.03393200344621909
0 0.2221124828532236 0.6623809839397353 0.024581618655692736 0.02969050301544161
0 0.45475994513031553 0.547153555570283 0.024581618655692736 0.025449002584664263
0 0.27127572016460905 0.46161663021627236 0.01580246913580247 0.02969050301544179
0 0.4156927297668038 0.520290719508693 0.025459533607681734 0.028276669538515917
0 0.41613168724279836 0.6044138113857777 0.02282578875171467 0.03251816996929326
0 0.41744855967078187 0.3760797048622617 0.02194787379972567 0.025449002584664353
0 0.4942661179698217 0.29337044646210264 0.024581618655692736 0.0296905030154417
0 0.454320987654321 0.7196412397552301 0.025459533607681734 0.03110433649236748
0 0.5320164609053498 0.3753727881237988 0.02282578875171467 0.0296905030154417
0 0.4165706447187929 0.547860472308746 0.025459533607681807 0.02969050301544179
0 0.4170096021947874 0.3181125323083041 0.02282578875171467 0.02544900258466431
0 0.49338820301783265 0.4658581306470498 0.02282578875171467 0.02969050301544161
0 0.610150891632373 0.4354607108931452 0.024581618655692736 0.03110433649236757
0 0.3002469135802469 0.49130713323171415 0.021069958847736638 0.0296905030154417
0 0.4174485596707819 0.4644442971701239 0.023703703703703737 0.0296905030154417
0 0.45475994513031553 0.49060021649325114 0.02282578875171467 0.028276669538515917
0 0.10578875171467765 0.2891289460313253 0.02545953360768175 0.03251816996929331
0 0.6097119341563786 0.4043563744007776 0.025459533607681734 0.02827666953851587
0 0.49382716049382713 0.3782004550776504 0.023703703703703668 0.026862836061590133
0 0.49382716049382713 0.34992378553913445 0.023703703703703668 0.026862836061590133
0 0.570644718792867 0.37961428855457613 0.024581618655692736 0.029690503015441745
0 0.1448559670781893 0.2636799434466609 0.026337448559670767 0.0296905030154417
0 0.26161865569272974 0.7196412397552301 0.024581618655692736 0.03110433649236748
0 0.22299039780521263 0.547153555570283 0.024581618655692736 0.025449002584664263
0 0.5324554183813442 0.4347537941546823 0.02194787379972567 0.0296905030154417
0 0.2221124828532236 0.6899507367397884 0.024581618655692736 0.02544900258466444
0 0.454320987654321 0.31952636578522986 0.023703703703703737 0.028276669538515917
0 0.5328943758573388 0.4050632911392405 0.024581618655692736 0.029690503015441745
0 0.4161316872427983 0.4347537941546823 0.024581618655692736 0.0296905030154417
0 0.4161316872427983 0.4050632911392405 0.024581618655692736 0.029690503015441745
0 0.18348422496570646 0.4347537941546823 0.02282578875171467 0.026862836061590133
0 0.18436213991769548 0.3782004550776504 0.024581618655692736 0.0296905030154417
0 0.45475994513031553 0.3760797048622617 0.024581618655692736 0.028276669538515917
0 0.2221124828532236 0.4050632911392405 0.026337448559670806 0.029690503015441745
0 0.18304526748971192 0.492014049970177 0.02545953360768177 0.03110433649236757
0 0.18480109739369 0.31881944904676696 0.025459533607681734 0.0296905030154417
0 0.4933882030178326 0.4354607108931452 0.024581618655692736 0.03110433649236757
0 0.45475994513031553 0.4050632911392405 0.024581618655692736 0.029690503015441745
0 0.3480932784636488 0.5549296396933748 0.01492455418381347 0.009896834338480567
0 0.3472153635116598 0.4623235469547353 0.013168724279835474 0.014138334769258094
0 0.34019204389574753 0.4488921289239401 0.018436213991769465 0.0070691673846289115
0 0.5719615912208504 0.29337044646210264 0.023703703703703668 0.0296905030154417
0 0.3002469135802469 0.5768440585857247 0.0245816186556927 0.03110433649236748
0 0.6083950617283951 0.3230609494775443 0.024581618655692666 0.029690503015441745
0 0.3112208504801097 0.34921686880067154 0.016680384087791503 0.03110433649236748
0 0.41700960219478744 0.2898358627697882 0.024581618655692736 0.031104336492367525
0 0.3393141289437586 0.3704243709545585 0.02194787379972567 0.014138334769257958
0 0.33975308641975305 0.4354607108931451 0.024581618655692736 0.019793668676961133
0 0.3476543209876543 0.5414982216625799 0.01580246913580247 0.016966001723109476
0 0.10622770919067215 0.4368745443700709 0.02458161865569272 0.03393200344621895
0 0.18436213991769548 0.3485099520622087 0.024581618655692736 0.0296905030154417
0 0.2221124828532236 0.5775509753241876 0.026337448559670806 0.02969050301544161
0 0.18348422496570646 0.4057702078777034 0.02282578875171467 0.028276669538515962
0 0.45475994513031553 0.4354607108931452 0.024581618655692736 0.03110433649236757
0 0.338875171467764 0.41142554178540663 0.024581618655692736 0.02544900258466431
0 0.06672153635116597 0.40859787483155496 0.02458161865569273 0.031104336492367525
0 0.22299039780521263 0.4347537941546823 0.024581618655692736 0.0296905030154417
0 0.18348422496570646 0.46161663021627236 0.02282578875171467 0.02969050301544179
0 0.22299039780521263 0.49130713323171415 0.024581618655692736 0.0296905030154417
0 0.5320164609053498 0.3223540327390814 0.02282578875171467 0.031104336492367525
0 0.22299039780521263 0.34921686880067154 0.024581618655692736 0.03110433649236748
0 0.0671604938271605 0.3782004550776504 0.025459533607681762 0.0296905030154417
0 0.2234293552812071 0.31881944904676696 0.021947873799725636 0.0296905030154417
0 0.31034293552812076 0.3760797048622617 0.014924554183813435 0.02262133563081274
0 0.27127572016460905 0.4050632911392405 0.017558299039780536 0.029690503015441745
0 0.2620576131687243 0.3753727881237988 0.023703703703703703 0.0296905030154417
0 0.37750342935528125 0.2891289460313252 0.02282578875171474 0.03534583692314492
0 0.3006858710562414 0.464444297170124 0.023703703703703703 0.026862836061590043
0 0.2221124828532236 0.5209976362471558 0.024581618655692736 0.0296905030154417
0 0.2620576131687243 0.48989329975478824 0.02721536351165984 0.03251816996929335
0 0.45475994513031553 0.2891289460313253 0.02282578875171467 0.03251816996929331
0 0.6097119341563786 0.29195661298517683 0.025459533607681734 0.03251816996929326
0 0.2905898491083676 0.3746658713853359 0.01580246913580247 0.02544900258466431
0 0.10622770919067215 0.4050632911392405 0.02458161865569272 0.029690503015441745
0 0.45519890260631 0.5181699692933042 0.023703703703703668 0.02969050301544179
0 0.2221124828532236 0.7182274062783043 0.024581618655692736 0.028276669538515917
0 0.22299039780521263 0.46161663021627236 0.024581618655692736 0.026862836061590043
0 0.49382716049382713 0.4050632911392405 0.023703703703703668 0.029690503015441745
0 0.29980795610425237 0.4347537941546823 0.02194787379972567 0.032518169969293444
0 0.2717146776406036 0.4347537941546822 0.014924554183813435 0.02403516910773848
0 0.571522633744856 0.26297302670819805 0.024581618655692736 0.03110433649236748
0 0.49382716049382713 0.26297302670819805 0.025459533607681807 0.03110433649236748
0 0.22299039780521263 0.3789073718161133 0.024581618655692736 0.02544900258466431
0 0.2234293552812071 0.28842202929286237 0.02545953360768177 0.031104336492367525
0 0.1457338820301783 0.3789073718161133 0.02458161865569272 0.028276669538515917
0 0.4174485596707819 0.3478030353237458 0.023703703703703737 0.03110433649236748
0 0.26117969821673526 0.5775509753241876 0.02545953360768177 0.02969050301544161
0 0.10710562414266117 0.3230609494775443 0.024581618655692736 0.03251816996929331
0 0.45475994513031553 0.3485099520622087 0.02282578875171467 0.0296905030154417
0 0.2221124828532236 0.7457971590783573 0.02282578875171467 0.0296905030154417
0 0.10666666666666667 0.3760797048622617 0.021947873799725653 0.028276669538515917
0 0.22299039780521263 0.6072414783396294 0.024581618655692736 0.0296905030154417
0 0.4942661179698217 0.3237678662160072 0.024581618655692736 0.031104336492367525
0 0.2620576131687243 0.34921686880067154 0.023703703703703703 0.025449002584664353
0 0.45475994513031553 0.5768440585857247 0.024581618655692736 0.03110433649236748
0 0.10666666666666667 0.6333973976627566 0.02545953360768175 0.03110433649236748
