0 0.6009127516778523 0.4304790270538596 0.023194630872483232 0.03494663688260129
0 0.5626845637583893 0.4940183668404071 0.022335570469798612 0.03176966989327374
0 0.6004832214765101 0.7164060560933234 0.02233557046979868 0.03176966989327383
0 0.5635436241610738 0.5210225862496897 0.02405369127516778 0.04130057086125584
0 0.3440536912751678 0.4979895755770663 0.014604026845637606 0.023827252419955328
0 0.5244563758389262 0.4002978406552494 0.023194630872483232 0.028592702903946377
0 0.6009127516778523 0.4932241250930752 0.023194630872483232 0.03335815338793743
0 0.34491275167785235 0.5956813104988832 0.012885906040268437 0.022238768925291648
0 0.3453422818791947 0.7775626706378753 0.013744966442953057 0.023827252419955328
0 0.5626845637583893 0.6226855299081657 0.022335570469798612 0.03176966989327365
0 0.6004832214765101 0.5559692231322909 0.02405369127516778 0.03494663688260129
0 0.5631140939597316 0.6512782328121122 0.02147651006711406 0.03176966989327374
0 0.25986577181208054 0.37170513775130304 0.023194630872483194 0.028592702903946377
0 0.06872483221476511 0.30578307272276 0.022335570469798657 0.03335815338793743
0 0.5626845637583893 0.36773392901464386 0.022335570469798612 0.03335815338793743
0 0.6009127516778523 0.7823281211218664 0.023194630872483232 0.03335815338793752
0 0.3440536912751678 0.5742367833209232 0.014604026845637606 0.020650285430627965
0 0.6013422818791946 0.5226110697443533 0.02405369127516778 0.03176966989327374
0 0.34319463087248325 0.4765450483991064 0.016322147651006702 0.01906180193596428
0 0.6004832214765101 0.6822536609580542 0.02405369127516778 0.03335815338793761
0 0.5996241610738255 0.7489699677339291 0.02405369127516778 0.03653512037726479
0 0.6013422818791946 0.6528667163067758 0.02405369127516778 0.028592702903946467
0 0.4866577181208054 0.24939190866219907 0.024912751677852327 0.04447753785058325
0 0.5244563758389262 0.33437577562670634 0.023194630872483232 0.03335815338793747
0 0.5248859060402684 0.3717051377513031 0.02405369127516778 0.038123603871928514
0 0.6004832214765101 0.5893273765202284 0.02405369127516778 0.03176966989327365
0 0.06915436241610738 0.33914122611069747 0.019758389261744967 0.027004219409282694
0 0.5639731543624161 0.6830479027053858 0.023194630872483232 0.034946636882601106
0 0.06915436241610738 0.5273765202283445 0.023194630872483222 0.028592702903946467
0 0.6009127516778523 0.36614544551998013 0.021476510067114134 0.03018118639861006
0 0.2594362416107383 0.3963266319185902 0.022335570469798647 0.03335815338793743
0 0.18469798657718123 0.4940183668404071 0.022335570469798647 0.03176966989327374
0 0.14561073825503354 0.5901216182675603 0.019758389261744967 0.023827252419955328
0 0.34491275167785235 0.7537354182179201 0.014604026845637677 0.023827252419955328
0 0.5626845637583893 0.7164060560933234 0.022335570469798612 0.03176966989327383
0 0.6004832214765101 0.6203028046661703 0.02405369127516778 0.0365351203772647
0 0.07001342281879194 0.5567634648796227 0.023194630872483232 0.03335815338793761
0 0.18297986577181205 0.6234797716554976 0.022335570469798647 0.03335815338793743
0 0.6009127516778523 0.33437577562670634 0.021476510067114134 0.030181186398610105
0 0.06958389261744967 0.7489699677339291 0.022335570469798664 0.03335815338793743
0 0.14604026845637585 0.5281707619756763 0.022335570469798647 0.023827252419955328
0 0.06915436241610738 0.7195830230826508 0.0214765100671141 0.03176966989327374
0 0.5635436241610737 0.397120873665922 0.022335570469798612 0.03176966989327374
0 0.4488590604026846 0.7164060560933234 0.023194630872483232 0.02541573591461901
0 0.6009127516778523 0.30101762223876893 0.024912751677852327 0.036535120377264835
0 0.10824161073825504 0.30578307272276 0.02061744966442953 0.027004219409282694
0 0.562255033557047 0.7799453958798709 0.023194630872483232 0.03176966989327374
0 0.5626845637583893 0.5901216182675603 0.02405369127516778 0.03335815338793734
0 0.562255033557047 0.5567634648796227 0.023194630872483232 0.03335815338793761
0 0.5248859060402684 0.4940183668404071 0.02233557046979868 0.028592702903946377
0 0.29723489932885905 0.7164060560933234 0.02061744966442955 0.02541573591461901
0 0.562255033557047 0.7489699677339291 0.023194630872483232 0.03335815338793743
0 0.44928859060402687 0.2716306775874907 0.020617449664429514 0.034946636882601155
0 0.4875167785234899 0.4002978406552494 0.02147651006711406 0.028592702903946377
0 0.18340939597315437 0.5917101017622239 0.023194630872483232 0.0365351203772647
0 0.29766442953020134 0.36773392901464386 0.023194630872483232 0.03335815338793743
0 0.18469798657718123 0.40188632414991315 0.02061744966442955 0.028592702903946332
0 0.06915436241610738 0.6870191114420452 0.0214765100671141 0.03335815338793752
0 0.18426845637583894 0.7164060560933234 0.0214765100671141 0.03176966989327383
0 0.18469798657718123 0.6870191114420452 0.02061744966442955 0.03335815338793752
0 0.4875167785234899 0.3685281707619757 0.02147651006711406 0.03176966989327374
0 0.44971812080536916 0.397120873665922 0.023194630872483232 0.028592702903946377
0 0.06958389261744967 0.6544551998014395 0.022335570469798664 0.03176966989327383
0 0.10824161073825504 0.6862248696947132 0.022335570469798664 0.03176966989327374
0 0.18426845637583894 0.4646314221891289 0.0214765100671141 0.03335815338793734
0 0.2594362416107383 0.7489699677339291 0.022335570469798647 0.03335815338793743
0 0.22163758389261745 0.5567634648796227 0.022335570469798647 0.03335815338793761
0 0.22163758389261745 0.7831223628691983 0.025771812080536912 0.03176966989327383
0 0.44928859060402687 0.3685281707619757 0.02233557046979868 0.03176966989327374
0 0.18383892617449665 0.5575577066269546 0.02405369127516778 0.034946636882601106
0 0.25986577181208054 0.33993546785802925 0.02491275167785236 0.034946636882601155
0 0.22249664429530203 0.7156118143459916 0.02405369127516778 0.03335815338793734
0 0.4488590604026846 0.6854306279473814 0.023194630872483232 0.03018118639861006
0 0.411489932885906 0.5265822784810126 0.02233557046979868 0.03335815338793743
0 0.222496644295302 0.6195085629188384 0.02233557046979868 0.03176966989327374
0 0.18383892617449665 0.7831223628691983 0.02405369127516778 0.0349466368826012
0 0.14646979865771811 0.6226855299081657 0.02319463087248321 0.03812360387192847
0 0.41191946308724836 0.3049888309754281 0.02147651006711406 0.028592702903946377
0 0.411489932885906 0.7164060560933234 0.02233557046979868 0.03176966989327383
0 0.3736912751677852 0.5265822784810126 0.020617449664429514 0.03335815338793743
0 0.06915436241610738 0.43206751054852327 0.023194630872483222 0.03176966989327392
0 0.10781208053691275 0.402680565897245 0.023194630872483232 0.030181186398610105
0 0.25986577181208054 0.7823281211218664 0.023194630872483194 0.03335815338793752
0 0.14604026845637585 0.7172002978406552 0.022335570469798647 0.03335815338793752
0 0.14561073825503357 0.46383718044179695 0.02319463087248321 0.028592702903946467
0 0.4488590604026846 0.6520724745594441 0.023194630872483232 0.03335815338793743
0 0.22163758389261745 0.3685281707619757 0.022335570469798647 0.028592702903946377
0 0.411489932885906 0.4932241250930752 0.02233557046979868 0.03335815338793743
0 0.22163758389261745 0.397120873665922 0.022335570469798647 0.03176966989327374
0 0.4870872483221476 0.4606602134524696 0.02405369127516778 0.03812360387192856
0 0.44928859060402687 0.7481757259865972 0.02405369127516778 0.034946636882601106
0 0.2594362416107383 0.6528667163067758 0.022335570469798647 0.034946636882601106
0 0.2980939597315436 0.590915860014892 0.02233557046979868 0.028592702903946467
0 0.14561073825503357 0.4010920824025813 0.02319463087248321 0.03335815338793752
0 0.29766442953020134 0.6203028046661703 0.023194630872483232 0.03018118639861006
0 0.10781208053691275 0.6536609580541077 0.023194630872483232 0.03335815338793734
0 0.22163758389261745 0.5901216182675603 0.022335570469798647 0.03335815338793734
0 0.22163758389261745 0.7497642094812609 0.022335570469798647 0.034946636882601106
0 0.06872483221476511 0.40188632414991315 0.022335570469798657 0.0349466368826012
0 0.5248859060402684 0.46383718044179695 0.02405369127516778 0.034946636882601106
0 0.22120805369127516 0.4646314221891289 0.024912751677852327 0.03335815338793734
0 0.25986577181208054 0.5567634648796227 0.0214765100671141 0.03018118639861015
0 0.18383892617449665 0.33914122611069747 0.02405369127516778 0.03018118639861006
0 0.22163758389261745 0.30578307272276 0.022335570469798647 0.03335815338793743
0 0.44928859060402687 0.5265822784810127 0.02233557046979868 0.03018118639860997
0 0.2602953020134228 0.2716306775874907 0.022335570469798647 0.0317696698932737
0 0.37283221476510064 0.7513526929759246 0.022335570469798612 0.034946636882601106
0 0.44928859060402687 0.4288905435591958 0.02405369127516778 0.0349466368826012
0 0.18426845637583894 0.30657731447009184 0.0214765100671141 0.03176966989327374
0 0.22163758389261745 0.2716306775874907 0.025771812080536912 0.034946636882601155
0 0.25986577181208054 0.5273765202283445 0.0214765100671141 0.0349466368826012
0 0.14561073825503357 0.36932241250930753 0.02319463087248321 0.03018118639861006
0 0.06958389261744967 0.6234797716554976 0.024053691275167786 0.03653512037726479
0 0.44928859060402687 0.5567634648796227 0.02233557046979868 0.03335815338793761
0 0.37283221476510064 0.6862248696947133 0.022335570469798612 0.03812360387192856
0 0.411489932885906 0.36693968726731196 0.02233557046979868 0.03176966989327374
0 0.37283221476510064 0.7203772648299825 0.022335570469798612 0.03335815338793743
0 0.10781208053691275 0.6203028046661703 0.023194630872483232 0.03335815338793752
0 0.10738255033557045 0.3740878629932986 0.022335570469798664 0.03335815338793747
0 0.4119194630872483 0.5567634648796227 0.023194630872483232 0.03335815338793761
0 0.14561073825503357 0.5599404318689502 0.02319463087248321 0.03653512037726488
0 0.2980939597315436 0.3049888309754281 0.020617449664429514 0.028592702903946377
0 0.22120805369127516 0.3383469843633656 0.023194630872483267 0.03176966989327379
0 0.411489932885906 0.5901216182675603 0.02233557046979868 0.03335815338793734
0 0.3736912751677852 0.42968478530652765 0.020617449664429514 0.03018118639861015
0 0.25943624161073825 0.3049888309754281 0.02405369127516778 0.034946636882601155
0 0.37240268456375847 0.4932241250930752 0.02147651006711406 0.03335815338793743
0 0.2594362416107383 0.5901216182675603 0.022335570469798647 0.03335815338793734
0 0.411489932885906 0.4002978406552495 0.02233557046979868 0.0349466368826012
0 0.2980939597315436 0.4630429386944651 0.02233557046979868 0.03335815338793743
0 0.22163758389261745 0.43127326880119143 0.022335570469798647 0.03335815338793761
0 0.10781208053691275 0.33993546785802925 0.023194630872483232 0.038123603871928514
0 0.3736912751677852 0.4598659717051377 0.02233557046979868 0.03335815338793743
0 0.4119194630872483 0.2716306775874907 0.023194630872483232 0.034946636882601155
0 0.14561073825503357 0.49719533382973446 0.024912751677852344 0.03812360387192847
0 0.37283221476510064 0.27242491933482255 0.02405369127516778 0.036535120377264835
0 0.25986577181208054 0.4932241250930752 0.023194630872483194 0.03335815338793743
0 0.3440536912751678 0.5559692231322909 0.014604026845637606 0.01906180193596419
0 0.33546308724832213 0.40426904939190866 0.026630872483221494 0.02700421940928274
0 0.3440536912751678 0.5178456192603623 0.014604026845637606 0.022238768925291648
0 0.33546308724832213 0.2732191610821544 0.023194630872483232 0.01588483494663687
0 0.33546308724832213 0.687813353189377 0.021476510067114134 0.02541573591461892
0 0.3350335570469799 0.24462645817820802 0.02405369127516778 0.038123603871928514
0 0.33546308724832213 0.35184909406800696 0.021476510067114134 0.03335815338793747
0 0.3440536912751678 0.5384959046909904 0.014604026845637606 0.01906180193596428
0 0.33546308724832213 0.3184909406800695 0.023194630872483232 0.03335815338793743
0 0.6013422818791946 0.3979151154132539 0.02405369127516778 0.03018118639861006
0 0.6004832214765101 0.46224869694713333 0.020617449664429587 0.028592702903946287
0 0.33546308724832213 0.2914867212707868 0.019758389261745037 0.020650285430627965
0 0.3358926174496644 0.428096301811864 0.020617449664429587 0.020650285430627875
0 0.3358926174496645 0.4439811367585009 0.018899328859060417 0.007942417473318593
0 0.3346040268456376 0.7036981881360139 0.021476510067114134 0.00635393397865482
0 0.2980939597315436 0.6870191114420452 0.02233557046979868 0.03335815338793752
0 0.06958389261744967 0.7839166046165301 0.024053691275167786 0.03335815338793752
0 0.29723489932885905 0.4002978406552494 0.022335570469798647 0.03176966989327374
0 0.411489932885906 0.4606602134524696 0.02233557046979868 0.03176966989327374
0 0.18297986577181205 0.6536609580541076 0.022335570469798647 0.03018118639861015
0 0.14604026845637585 0.30578307272276 0.022335570469798647 0.023827252419955328
0 0.48794630872483225 0.43047902705385954 0.022335570469798612 0.028592702903946467
0 0.10781208053691275 0.7172002978406552 0.023194630872483232 0.03018118639861015
0 0.25986577181208054 0.7156118143459916 0.023194630872483194 0.03335815338793734
0 0.5248859060402684 0.5234053114916852 0.02405369127516778 0.03971208736659215
0 0.5631140939597316 0.3351700173740382 0.02147651006711406 0.03176966989327379
0 0.06915436241610738 0.5885331347728966 0.0214765100671141 0.03018118639860997
0 0.29680536912751676 0.6528667163067758 0.0214765100671141 0.034946636882601106
0 0.29766442953020134 0.5265822784810126 0.0214765100671141 0.03335815338793743
0 0.18383892617449665 0.7489699677339291 0.020617449664429514 0.03335815338793743
0 0.5635436241610737 0.3049888309754281 0.022335570469798612 0.034946636882601155
0 0.5253154362416107 0.3049888309754281 0.023194630872483232 0.034946636882601155
0 0.5253154362416107 0.42968478530652765 0.023194630872483232 0.03335815338793752
0 0.14646979865771811 0.6568379250434351 0.02319463087248321 0.03018118639861015
0 0.14646979865771811 0.7839166046165301 0.024912751677852344 0.03335815338793752
0 0.06872483221476511 0.3685281707619757 0.022335570469798657 0.03176966989327374
0 0.25986577181208054 0.6830479027053861 0.023194630872483194 0.03176966989327392
0 0.29680536912751676 0.7831223628691983 0.02491275167785236 0.03176966989327383
0 0.22163758389261745 0.5273765202283445 0.022335570469798647 0.028592702903946467
0 0.37283221476510064 0.6195085629188384 0.022335570469798612 0.03176966989327374
0 0.37283221476510064 0.7839166046165301 0.022335570469798612 0.027004219409282694
0 0.4866577181208054 0.33914122611069747 0.023194630872483232 0.03018118639861006
0 0.22163758389261745 0.6830479027053861 0.022335570469798647 0.03176966989327392
0 0.10781208053691275 0.4940183668404071 0.0214765100671141 0.03176966989327374
0 0.37240268456375836 0.6528667163067758 0.019758389261745037 0.028592702903946467
0 0.44971812080536916 0.3399354678580293 0.021476510067114134 0.028592702903946377
0 0.37412080536912756 0.397120873665922 0.02147651006711406 0.03176966989327374
0 0.41191946308724836 0.43127326880119143 0.02147651006711406 0.03335815338793761
0 0.18383892617449665 0.4304790270538596 0.02405369127516778 0.03494663688260129
0 0.06958389261744967 0.46304293869446517 0.022335570469798664 0.03018118639860997
0 0.14604026845637585 0.7505584512285928 0.022335570469798647 0.03335815338793743
0 0.2594362416107383 0.4598659717051377 0.022335570469798647 0.027004219409282694
0 0.37412080536912756 0.36773392901464386 0.0231946308724833 0.03335815338793743
0 0.4484295302013423 0.6195085629188384 0.022335570469798612 0.03176966989327374
0 0.222496644295302 0.6528667163067758 0.02233557046979868 0.034946636882601106
0 0.14604026845637585 0.6870191114420452 0.022335570469798647 0.03335815338793752
0 0.29766442953020134 0.43127326880119143 0.0214765100671141 0.03335815338793761
0 0.10781208053691275 0.7505584512285928 0.023194630872483232 0.03653512037726479
0 0.10781208053691275 0.4646314221891288 0.019758389261744967 0.03018118639861015
0 0.10738255033557045 0.5265822784810126 0.022335570469798664 0.03335815338793743
0 0.5626845637583893 0.42968478530652765 0.022335570469798612 0.03335815338793752
0 0.411489932885906 0.7831223628691983 0.02233557046979868 0.03176966989327383
0 0.3736912751677853 0.3049888309754281 0.02405369127516778 0.028592702903946377
0 0.06915436241610738 0.49481260858773896 0.023194630872483222 0.03335815338793752
0 0.18383892617449665 0.5265822784810126 0.02233557046979868 0.03335815338793743
0 0.37283221476510064 0.5917101017622238 0.022335570469798612 0.03018118639861015
0 0.2985234899328859 0.2716306775874907 0.024912751677852327 0.034946636882601155
0 0.41191946308724836 0.33437577562670634 0.02147651006711406 0.030181186398610105
0 0.29680536912751676 0.7497642094812609 0.023194630872483232 0.034946636882601106
0 0.3736912751677852 0.5575577066269546 0.02233557046979868 0.034946636882601106
0 0.5626845637583893 0.46383718044179695 0.022335570469798612 0.034946636882601106
0 0.44885906040268453 0.5901216182675603 0.02147651006711406 0.03335815338793734
0 0.10824161073825504 0.590915860014892 0.02061744966442953 0.028592702903946467
0 0.2594362416107383 0.6234797716554976 0.022335570469798647 0.03018118639860997
0 0.4488590604026846 0.7831223628691983 0.023194630872483232 0.03176966989327383
0 0.41106040268456373 0.6203028046661703 0.021476510067114134 0.03018118639861006
0 0.41106040268456373 0.6870191114420452 0.023194630872483232 0.03335815338793752
0 0.411489932885906 0.7497642094812609 0.02233557046979868 0.034946636882601106
0 0.10738255033557045 0.2771903698188136 0.022335570469798664 0.03335815338793743
0 0.29766442953020134 0.3351700173740382 0.0214765100671141 0.03176966989327379
0 0.10781208053691275 0.5599404318689502 0.0214765100671141 0.03335815338793743
0 0.44971812080536916 0.4606602134524696 0.023194630872483232 0.03176966989327374
0 0.4866577181208054 0.30578307272276 0.023194630872483232 0.0397120873665922
0 0.14561073825503357 0.43127326880119143 0.02319463087248321 0.03335815338793761
0 0.2980939597315436 0.5607346736162819 0.02233557046979868 0.0349466368826012
0 0.44928859060402687 0.3049888309754281 0.02233557046979868 0.034946636882601155
0 0.18383892617449665 0.36932241250930753 0.02405369127516778 0.03335815338793743
0 0.44928859060402687 0.4932241250930752 0.02233557046979868 0.03335815338793743
0 0.3736912751677853 0.33755274261603374 0.02405369127516778 0.03335815338793747
0 0.14646979865771811 0.27480764457681806 0.02319463087248321 0.03812360387192847
0 0.2594362416107383 0.4304790270538596 0.022335570469798647 0.03494663688260129
0 0.22120805369127516 0.49481260858773896 0.024912751677852327 0.03335815338793752
0 0.41106040268456373 0.6528667163067758 0.021476510067114134 0.034946636882601106
0 0.18469798657718123 0.2716306775874907 0.024053691275167814 0.034946636882601155
0 0.14604026845637585 0.3383469843633656 0.022335570469798647 0.034946636882601155
0 0.29766442953020134 0.4940183668404071 0.023194630872483232 0.03176966989327374
0 0.10738255033557045 0.43206751054852327 0.022335570469798664 0.03176966989327392
