0 0.768688293370945 0.27976190476190477 0.03385049365303239 0.047619047619047616
0 0.49647390691114246 0.31845238095238093 0.028208744710860323 0.03769841269841273
0 0.4950634696755995 0.2876984126984127 0.0253878702397744 0.019841269841269826
0 0.49506346967559944 0.125 0.033850493653032554 0.04365079365079366
0 0.7708039492242595 0.7857142857142857 0.038081805359661436 0.04365079365079372
0 0.7122708039492243 0.1884920634920635 0.03667136812411842 0.047619047619047616
0 0.8864598025387871 0.871031746031746 0.03808180535966155 0.04365079365079372
0 0.09943582510578279 0.46130952380952384 0.03808180535966149 0.04563492063492064
0 0.7693935119887165 0.46130952380952384 0.02961918194640334 0.041666666666666685
0 0.770098730606488 0.5525793650793651 0.03385049365303239 0.037698412698412676
0 0.09802538787023977 0.7361111111111112 0.03808180535966149 0.04365079365079361
0 0.3935119887165021 0.8303571428571428 0.03949224259520456 0.05357142857142849
0 0.5366713681241185 0.871031746031746 0.03808180535966166 0.04365079365079372
0 0.49435825105782794 0.16865079365079366 0.029619181946403395 0.035714285714285726
0 0.7693935119887165 0.5962301587301587 0.035260930888575404 0.045634920634920695
0 0.8850493653032441 0.6438492063492063 0.02961918194640345 0.04166666666666663
0 0.8864598025387871 0.8263888888888888 0.03808180535966155 0.045634920634920584
0 0.3928067700987306 0.7817460317460317 0.03808180535966155 0.04365079365079372
0 0.8300423131170662 0.871031746031746 0.03808180535966155 0.04365079365079372
0 0.8857545839210155 0.7380952380952381 0.0338504936530325 0.04761904761904756
0 0.8293370944992948 0.7817460317460317 0.03667136812411853 0.04365079365079372
0 0.8850493653032441 0.14384920634920634 0.03808180535966155 0.04166666666666667
0 0.15867418899858954 0.3234126984126984 0.03808180535966152 0.05158730158730157
0 0.5394922425952045 0.7797619047619048 0.035260930888575515 0.03571428571428581
0 0.8836389280677011 0.3263888888888889 0.035260930888575515 0.037698412698412676
0 0.8864598025387871 0.9176587301587302 0.03808180535966155 0.045634920634920584
0 0.8293370944992948 0.7390873015873016 0.03667136812411853 0.04166666666666663
0 0.8850493653032441 0.5972222222222222 0.03808180535966155 0.04761904761904767
0 0.5394922425952045 0.5575396825396826 0.03808180535966155 0.04365079365079372
0 0.8286318758815232 0.9186507936507937 0.04090267983074758 0.04365079365079361
0 0.7708039492242595 0.7390873015873016 0.038081805359661436 0.045634920634920584
0 0.8300423131170662 0.8263888888888888 0.03808180535966155 0.045634920634920584
0 0.5966149506346967 0.9186507936507937 0.03949224259520456 0.0357142857142857
0 0.4506346967559943 0.46130952380952384 0.03526093088857546 0.041666666666666685
0 0.09943582510578279 0.8273809523809523 0.03808180535966149 0.04365079365079361
0 0.21720733427362485 0.8273809523809523 0.03667136812411853 0.03968253968253965
0 0.33497884344146683 0.5099206349206349 0.03808180535966155 0.047619047619047616
0 0.768688293370945 0.5059523809523809 0.03385049365303239 0.047619047619047616
0 0.770098730606488 0.3234126984126984 0.03385049365303239 0.03968253968253971
0 0.768688293370945 0.41666666666666663 0.03385049365303239 0.04365079365079366
0 0.5952045133991537 0.7361111111111112 0.03949224259520456 0.04365079365079361
0 0.8857545839210155 0.7827380952380952 0.03667136812411853 0.04166666666666674
0 0.5366713681241185 0.7420634920634921 0.03808180535966166 0.04365079365079361
0 0.5394922425952045 0.6031746031746033 0.035260930888575515 0.04365079365079361
0 0.5952045133991537 0.41468253968253965 0.03385049365303239 0.04365079365079366
0 0.5380818053596614 0.6924603174603174 0.03808180535966155 0.04761904761904767
0 0.09873060648801128 0.5992063492063492 0.03949224259520451 0.04761904761904767
0 0.8843441466854725 0.1884920634920635 0.03667136812411853 0.04365079365079366
0 0.5952045133991537 0.8273809523809523 0.03949224259520456 0.04761904761904756
0 0.5966149506346967 0.46130952380952384 0.03667136812411853 0.049603174603174593
0 0.5380818053596614 0.9186507936507937 0.03808180535966155 0.04761904761904756
0 0.15867418899858954 0.8263888888888888 0.03808180535966152 0.04166666666666663
0 0.4492242595204513 0.691468253968254 0.03808180535966149 0.04166666666666674
0 0.3928067700987306 0.878968253968254 0.03808180535966155 0.04365079365079372
0 0.7693935119887165 0.871031746031746 0.038081805359661436 0.04761904761904767
0 0.7708039492242595 0.6924603174603174 0.038081805359661436 0.04365079365079372
0 0.8286318758815232 0.5972222222222222 0.03808180535966155 0.04365079365079372
0 0.2764456981664316 0.3234126984126984 0.036671368124118475 0.04365079365079366
0 0.8836389280677011 0.09325396825396826 0.03808180535966155 0.05555555555555555
0 0.4492242595204513 0.7361111111111112 0.03808180535966149 0.04365079365079361
0 0.15726375176304655 0.7361111111111112 0.03808180535966149 0.04365079365079361
0 0.5394922425952045 0.6488095238095237 0.03808180535966155 0.04365079365079361
0 0.5952045133991537 0.876984126984127 0.03949224259520456 0.04365079365079372
0 0.2757404795486601 0.6468253968253967 0.03808180535966149 0.03968253968253965
0 0.2771509167842031 0.8273809523809523 0.03808180535966149 0.04365079365079361
0 0.15726375176304652 0.6011904761904763 0.03526093088857549 0.04365079365079361
0 0.21791255289139635 0.3234126984126984 0.035260930888575515 0.04365079365079366
0 0.8286318758815232 0.6468253968253967 0.03808180535966155 0.04365079365079361
0 0.3928067700987306 0.6001984126984127 0.03808180535966155 0.045634920634920695
0 0.21791255289139633 0.6001984126984128 0.03808180535966149 0.04166666666666663
0 0.8272214386459802 0.32638888888888884 0.03808180535966155 0.04563492063492064
0 0.7722143864598026 0.6448412698412698 0.038081805359661436 0.04761904761904756
0 0.3928067700987306 0.5089285714285714 0.03808180535966155 0.04563492063492064
0 0.8265162200282088 0.5059523809523809 0.0338504936530325 0.04365079365079366
0 0.3928067700987306 0.4662698412698413 0.03808180535966155 0.04365079365079366
0 0.3335684062059239 0.7390873015873016 0.03808180535966149 0.04960317460317454
0 0.09873060648801128 0.4176587301587301 0.036671368124118475 0.04563492063492064
0 0.5952045133991537 0.37103174603174605 0.03385049365303239 0.04365079365079366
0 0.3356840620592384 0.18452380952380953 0.03385049365303244 0.043650793650793634
0 0.09873060648801128 0.9246031746031746 0.03949224259520451 0.04761904761904756
0 0.1001410437235543 0.23015873015873017 0.03385049365303244 0.043650793650793634
0 0.21791255289139635 0.5089285714285714 0.035260930888575515 0.041666666666666685
0 0.21650211565585334 0.6448412698412698 0.03808180535966155 0.04365079365079361
0 0.15937940761636107 0.2748015873015873 0.03385049365303244 0.04563492063492064
0 0.497179125528914 0.041666666666666664 0.02961918194640345 0.03571428571428571
0 0.4492242595204513 0.5079365079365079 0.03808180535966149 0.047619047619047616
0 0.21720733427362482 0.37103174603174605 0.03949224259520451 0.047619047619047616
0 0.09802538787023977 0.7817460317460317 0.03808180535966149 0.04761904761904767
0 0.2778561354019746 0.23214285714285715 0.03949224259520451 0.04761904761904759
0 0.768688293370945 0.1884920634920635 0.03385049365303239 0.047619047619047616
0 0.15726375176304655 0.7797619047619048 0.03808180535966149 0.04365079365079372
0 0.2757404795486601 0.41666666666666663 0.03808180535966149 0.04365079365079366
0 0.2150916784203103 0.6884920634920635 0.03808180535966149 0.04761904761904767
0 0.8850493653032441 0.5059523809523809 0.03808180535966155 0.04365079365079366
0 0.3956276445698167 0.4186507936507936 0.03526093088857546 0.04365079365079366
0 0.21720733427362482 0.18055555555555555 0.03385049365303244 0.047619047619047616
0 0.8843441466854725 0.23511904761904762 0.03667136812411853 0.04563492063492067
0 0.4492242595204513 0.41468253968253965 0.03808180535966149 0.047619047619047616
0 0.2743300423131171 0.6001984126984127 0.038081805359661436 0.04960317460317465
0 0.15867418899858954 0.5089285714285714 0.03808180535966152 0.04563492063492064
0 0.15867418899858954 0.5535714285714286 0.03808180535966152 0.04761904761904756
0 0.15796897038081803 0.4176587301587301 0.0366713681241185 0.04563492063492064
0 0.5401974612129761 0.4186507936507936 0.0338504936530325 0.04365079365079366
0 0.5973201692524682 0.04960317460317461 0.038081805359661436 0.04761904761904762
0 0.8850493653032441 0.36904761904761907 0.03808180535966155 0.047619047619047616
0 0.3363892806770099 0.27976190476190477 0.03526093088857546 0.04365079365079361
0 0.3949224259520452 0.18452380952380953 0.03385049365303244 0.047619047619047616
0 0.5394922425952045 0.4662698412698413 0.035260930888575515 0.047619047619047616
0 0.2757404795486601 0.5535714285714286 0.03808180535966149 0.04365079365079361
0 0.5401974612129761 0.3303571428571429 0.0338504936530325 0.04563492063492064
0 0.3928067700987306 0.3273809523809524 0.03808180535966155 0.04365079365079361
0 0.3363892806770099 0.3273809523809524 0.03526093088857546 0.04365079365079361
0 0.5952045133991537 0.1884920634920635 0.03385049365303239 0.04365079365079366
0 0.16008462623413258 0.18353174603174605 0.03526093088857546 0.04563492063492061
0 0.2764456981664316 0.27976190476190477 0.036671368124118475 0.04365079365079361
0 0.2771509167842031 0.5099206349206349 0.03808180535966149 0.047619047619047616
0 0.21861777150916786 0.23115079365079366 0.0338504936530325 0.04563492063492061
0 0.1607898448519041 0.23015873015873015 0.036671368124118475 0.047619047619047616
0 0.8836389280677011 0.27976190476190477 0.03808180535966155 0.04365079365079361
0 0.3363892806770099 0.37103174603174605 0.03526093088857546 0.04365079365079366
0 0.2757404795486601 0.37003968253968256 0.03808180535966149 0.04563492063492064
0 0.09943582510578279 0.5525793650793651 0.03808180535966149 0.04960317460317454
0 0.538787023977433 0.2837301587301587 0.03385049365303261 0.04365079365079366
0 0.5966149506346967 0.14484126984126983 0.03667136812411853 0.04365079365079365
0 0.1001410437235543 0.2748015873015873 0.036671368124118475 0.04563492063492064
0 0.2165021156558533 0.4186507936507936 0.03526093088857546 0.04365079365079366
0 0.2778561354019746 0.13988095238095238 0.03949224259520451 0.041666666666666685
0 0.8258110014104372 0.27976190476190477 0.03808180535966155 0.04365079365079361
0 0.3956276445698167 0.373015873015873 0.03526093088857546 0.047619047619047616
0 0.5401974612129761 0.375 0.0338504936530325 0.04365079365079361
0 0.21720733427362485 0.2757936507936508 0.03667136812411853 0.04365079365079366
0 0.3356840620592384 0.4186507936507936 0.036671368124118475 0.047619047619047616
0 0.49506346967559944 0.2599206349206349 0.033850493653032554 0.04365079365079366
0 0.7693935119887165 0.8263888888888888 0.035260930888575404 0.04166666666666663
0 0.11283497884344149 0.6448412698412698 0.02538787023977436 0.031746031746031744
0 0.5 0.7857142857142858 0.021156558533145242 0.0357142857142857
0 0.4506346967559943 0.37003968253968256 0.03808180535966149 0.029761904761904767
0 0.3342736248236953 0.5535714285714286 0.03667136812411853 0.04365079365079361
0 0.1001410437235543 0.3224206349206349 0.036671368124118475 0.049603174603174593
0 0.5394922425952045 0.8253968253968254 0.03808180535966155 0.04761904761904756
0 0.2771509167842031 0.7361111111111112 0.03808180535966149 0.04365079365079361
0 0.15867418899858954 0.46130952380952384 0.03808180535966152 0.04563492063492064
0 0.2764456981664316 0.8740079365079365 0.03949224259520451 0.045634920634920695
0 0.15796897038081803 0.8740079365079365 0.0366713681241185 0.04960317460317465
0 0.5952045133991537 0.5535714285714286 0.03949224259520456 0.04761904761904756
0 0.3942172073342737 0.9216269841269842 0.03808180535966149 0.045634920634920584
0 0.21791255289139633 0.7351190476190477 0.03808180535966149 0.04166666666666663
0 0.5952045133991537 0.6924603174603174 0.042313117066290484 0.04365079365079372
0 0.21791255289139633 0.8740079365079365 0.03808180535966149 0.045634920634920695
0 0.4492242595204513 0.6001984126984127 0.03808180535966149 0.04960317460317465
0 0.3928067700987306 0.6448412698412698 0.03808180535966155 0.04365079365079361
0 0.6544428772919605 0.1001984126984127 0.03385049365303239 0.045634920634920625
0 0.8293370944992948 0.6954365079365079 0.03949224259520456 0.045634920634920584
0 0.8836389280677011 0.46130952380952384 0.03808180535966155 0.04563492063492064
0 0.5966149506346967 0.7787698412698413 0.03667136812411853 0.045634920634920695
0 0.8850493653032441 0.5525793650793651 0.03808180535966155 0.04166666666666663
0 0.3356840620592384 0.4662698412698413 0.03385049365303244 0.03968253968253965
0 0.4492242595204513 0.8273809523809523 0.03808180535966149 0.04761904761904756
0 0.4499294781382228 0.8740079365079365 0.036671368124118475 0.045634920634920695
0 0.2771509167842031 0.7837301587301587 0.03808180535966149 0.04365079365079372
0 0.15937940761636107 0.9226190476190477 0.03385049365303244 0.04365079365079361
0 0.8836389280677011 0.41666666666666663 0.03808180535966155 0.04365079365079366
0 0.2778561354019746 0.08928571428571429 0.03949224259520451 0.047619047619047616
0 0.0987306064880113 0.18055555555555555 0.03385049365303246 0.047619047619047616
0 0.09873060648801128 0.6875 0.03949224259520451 0.0535714285714286
0 0.3928067700987306 0.7390873015873016 0.03808180535966155 0.04166666666666663
0 0.5937940761636107 0.5079365079365079 0.03667136812411842 0.04365079365079366
0 0.538787023977433 0.5128968253968254 0.03667136812411853 0.041666666666666685
0 0.21720733427362482 0.9176587301587302 0.03949224259520451 0.04166666666666663
0 0.770098730606488 0.23412698412698413 0.03385049365303239 0.03968253968253968
0 0.15726375176304655 0.691468253968254 0.03808180535966149 0.045634920634920695
0 0.2771509167842031 0.9186507936507937 0.040902679830747524 0.04365079365079361
0 0.8850493653032441 0.6884920634920635 0.03808180535966155 0.04761904761904767
0 0.21720733427362485 0.7797619047619048 0.03667136812411853 0.051587301587301626
0 0.3935119887165021 0.6944444444444444 0.03949224259520456 0.04761904761904767
0 0.8265162200282088 0.5535714285714286 0.03667136812411853 0.04365079365079361
0 0.4506346967559943 0.7797619047619048 0.03526093088857546 0.04365079365079372
0 0.5937940761636107 0.6011904761904762 0.03949224259520456 0.04761904761904767
0 0.3342736248236954 0.6011904761904763 0.03949224259520451 0.04365079365079361
0 0.3942172073342737 0.5565476190476191 0.03808180535966149 0.04166666666666663
0 0.3335684062059239 0.6924603174603174 0.03808180535966149 0.04365079365079372
0 0.4499294781382228 0.9186507936507937 0.036671368124118475 0.04365079365079361
0 0.655148095909732 0.04960317460317461 0.03808180535966155 0.04761904761904762
0 0.09943582510578279 0.5059523809523809 0.03526093088857546 0.04365079365079366
0 0.3335684062059239 0.6468253968253967 0.03808180535966149 0.04365079365079361
0 0.7693935119887165 0.3670634920634921 0.038081805359661436 0.047619047619047616
0 0.5952045133991537 0.3273809523809524 0.03385049365303239 0.04365079365079361
0 0.8265162200282088 0.41666666666666663 0.03667136812411853 0.04365079365079366
0 0.09873060648801128 0.373015873015873 0.036671368124118475 0.04365079365079366
0 0.5952045133991537 0.6488095238095237 0.042313117066290484 0.04365079365079361
0 0.15726375176304655 0.6448412698412698 0.03808180535966149 0.04365079365079361
0 0.2771509167842031 0.46130952380952384 0.03808180535966149 0.04563492063492064
0 0.7708039492242595 0.9186507936507937 0.038081805359661436 0.04365079365079361
0 0.8265162200282088 0.37103174603174605 0.03667136812411853 0.04365079365079366
0 0.09873060648801128 0.875 0.03949224259520451 0.04761904761904767
0 0.21791255289139635 0.4623015873015873 0.035260930888575515 0.04365079365079366
0 0.15867418899858957 0.3740079365079365 0.03526093088857546 0.04166666666666663
0 0.4492242595204513 0.6468253968253967 0.03808180535966149 0.04365079365079361
0 0.8279266572637518 0.46130952380952384 0.0338504936530325 0.04563492063492064
0 0.8272214386459802 0.1875 0.035260930888575515 0.049603174603174593
0 0.49435825105782794 0.07738095238095238 0.029619181946403395 0.03571428571428571
0 0.2771509167842031 0.691468253968254 0.03808180535966149 0.045634920634920695
0 0.4506346967559943 0.5535714285714286 0.03808180535966149 0.04365079365079361
0 0.4506346967559943 0.3263888888888889 0.03526093088857546 0.04166666666666663
0 0.2778561354019746 0.18452380952380953 0.03949224259520451 0.043650793650793634
0 0.21791255289139633 0.5535714285714286 0.03808180535966149 0.04365079365079361
0 0.538787023977433 0.2390873015873016 0.03385049365303261 0.04563492063492064
0 0.4506346967559943 0.18055555555555555 0.03526093088857546 0.04365079365079366
0 0.4499294781382228 0.23115079365079363 0.036671368124118475 0.049603174603174593
0 0.8272214386459802 0.2361111111111111 0.03808180535966155 0.04365079365079369
0 0.4506346967559943 0.27976190476190477 0.03526093088857546 0.047619047619047616
0 0.5966149506346967 0.2837301587301587 0.03667136812411853 0.04365079365079366
0 0.3356840620592384 0.23412698412698413 0.036671368124118475 0.047619047619047644
0 0.3942172073342737 0.23412698412698413 0.03808180535966149 0.043650793650793634
0 0.5959097320169252 0.0992063492063492 0.03808180535966166 0.047619047619047616
0 0.3928067700987306 0.27976190476190477 0.03808180535966155 0.04365079365079361
0 0.538787023977433 0.19146825396825395 0.03667136812411853 0.04960317460317462
0 0.5952045133991537 0.23511904761904762 0.03949224259520456 0.04960317460317462
