0 0.511612 0.620242 0.023224 0.025952
0 0.379098 0.402249 0.034153 0.036332
0 0.379781 0.384083 0.040984 0.069204
0 0.510929 0.589100 0.021858 0.019031
0 0.426913 0.324394 0.023224 0.029412
0 0.513661 0.703287 0.021858 0.022491
0 0.513661 0.725779 0.021858 0.022491
0 0.456967 0.324394 0.023224 0.029412
0 0.364754 0.327855 0.024590 0.029412
0 0.937842 0.128893 0.023224 0.029412
0 0.198770 0.401384 0.036885 0.038062
0 0.076503 0.428201 0.038251 0.043253
0 0.075820 0.403114 0.036885 0.038062
0 0.498634 0.434256 0.038251 0.038062
0 0.438525 0.675606 0.035519 0.036332
0 0.500000 0.360727 0.038251 0.029412
0 0.439208 0.364187 0.039617 0.029412
0 0.512295 0.645329 0.024590 0.024221
0 0.498634 0.327855 0.038251 0.039792
0 0.512295 0.916955 0.024590 0.024221
0 0.378415 0.782007 0.038251 0.038062
0 0.377732 0.814014 0.039617 0.036332
0 0.378415 0.675606 0.035519 0.036332
0 0.512978 0.893599 0.023224 0.022491
0 0.907104 0.129758 0.030055 0.031142
0 0.137295 0.434256 0.036885 0.024221
0 0.861339 0.398789 0.036885 0.029412
0 0.394809 0.327855 0.024590 0.032872
0 0.136612 0.576990 0.038251 0.025952
0 0.438525 0.644464 0.035519 0.032872
0 0.616803 0.885813 0.036885 0.034602
0 0.498634 0.825260 0.035519 0.031142
0 0.619536 0.814879 0.034153 0.034602
0 0.198087 0.367647 0.038251 0.039792
0 0.920082 0.781142 0.036885 0.036332
0 0.935792 0.205017 0.030055 0.032872
0 0.618169 0.782872 0.034153 0.036332
0 0.137295 0.885813 0.034153 0.034602
0 0.935792 0.278547 0.024590 0.031142
0 0.377732 0.643599 0.039617 0.034602
0 0.378415 0.851211 0.038251 0.031142
0 0.137295 0.714533 0.036885 0.031142
0 0.920765 0.746540 0.038251 0.036332
0 0.679645 0.575260 0.036885 0.032872
0 0.616803 0.917820 0.036885 0.036332
0 0.799180 0.608997 0.035519 0.034602
0 0.377732 0.750000 0.039617 0.032872
0 0.436475 0.817474 0.039617 0.036332
0 0.920765 0.849481 0.038251 0.034602
0 0.424180 0.434256 0.020492 0.024221
0 0.799863 0.434256 0.034153 0.031142
0 0.678962 0.749135 0.038251 0.031142
0 0.137295 0.745675 0.036885 0.034602
0 0.618852 0.608131 0.038251 0.036332
0 0.137295 0.851211 0.034153 0.031142
0 0.362705 0.503460 0.023224 0.031142
0 0.859973 0.429931 0.039617 0.039792
0 0.454235 0.501730 0.023224 0.031142
0 0.918716 0.677336 0.036885 0.036332
0 0.316940 0.782007 0.038251 0.038062
0 0.920765 0.887543 0.040984 0.041522
0 0.137295 0.678201 0.034153 0.034602
0 0.918716 0.814014 0.036885 0.036332
0 0.921448 0.608997 0.042350 0.031142
0 0.438525 0.852076 0.038251 0.036332
0 0.920082 0.713668 0.039617 0.036332
0 0.136612 0.918685 0.035519 0.038062
0 0.935792 0.241349 0.024590 0.029412
0 0.678279 0.919550 0.036885 0.029412
0 0.678962 0.851211 0.040984 0.034602
0 0.137295 0.643599 0.034153 0.038062
0 0.498634 0.396194 0.038251 0.038062
0 0.905738 0.166090 0.027322 0.034602
0 0.920765 0.643599 0.040984 0.038062
0 0.198770 0.435121 0.036885 0.032872
0 0.619536 0.850346 0.039617 0.036332
0 0.935109 0.166090 0.025956 0.031142
0 0.137295 0.607266 0.036885 0.034602
0 0.920765 0.575260 0.040984 0.036332
0 0.437842 0.749135 0.036885 0.034602
0 0.619536 0.711938 0.036885 0.032872
0 0.076503 0.364187 0.035519 0.039792
0 0.438525 0.397059 0.038251 0.036332
0 0.920765 0.467128 0.038251 0.031142
0 0.437842 0.782007 0.036885 0.038062
0 0.678962 0.818339 0.038251 0.038062
0 0.905738 0.204152 0.027322 0.031142
0 0.678962 0.781142 0.038251 0.036332
0 0.800546 0.575260 0.035519 0.036332
0 0.362022 0.541522 0.024590 0.034602
0 0.258197 0.359862 0.038251 0.038062
0 0.137978 0.818339 0.035519 0.034602
0 0.918716 0.435121 0.042350 0.036332
0 0.800546 0.361592 0.038251 0.041522
0 0.316940 0.817474 0.038251 0.036332
0 0.678962 0.676471 0.038251 0.031142
0 0.393443 0.571799 0.024590 0.036332
0 0.618169 0.643599 0.039617 0.034602
0 0.618852 0.746540 0.035519 0.039792
0 0.620902 0.467128 0.034153 0.031142
0 0.740437 0.365917 0.038251 0.036332
0 0.678279 0.887543 0.039617 0.038062
0 0.799180 0.466263 0.035519 0.036332
0 0.619536 0.677336 0.039617 0.036332
0 0.620219 0.396194 0.035519 0.031142
0 0.739071 0.576990 0.035519 0.036332
0 0.920765 0.539792 0.038251 0.038062
0 0.438525 0.608131 0.032787 0.036332
0 0.620902 0.575260 0.036885 0.036332
0 0.678962 0.607266 0.035519 0.034602
0 0.135929 0.360727 0.039617 0.039792
0 0.920082 0.501730 0.039617 0.034602
0 0.739754 0.469723 0.036885 0.032872
0 0.739754 0.435121 0.036885 0.032872
0 0.859290 0.471453 0.038251 0.036332
0 0.196721 0.329585 0.040984 0.036332
0 0.378415 0.887543 0.038251 0.038062
0 0.318306 0.676471 0.038251 0.031142
0 0.799863 0.538927 0.034153 0.036332
0 0.316940 0.851211 0.038251 0.031142
0 0.678279 0.397924 0.036885 0.034602
0 0.800546 0.502595 0.038251 0.036332
0 0.618852 0.538927 0.038251 0.036332
0 0.618852 0.502595 0.038251 0.036332
0 0.256831 0.538927 0.035519 0.032872
0 0.258197 0.469723 0.038251 0.036332
0 0.678962 0.467128 0.038251 0.034602
0 0.316940 0.502595 0.040984 0.036332
0 0.256148 0.608997 0.039617 0.038062
0 0.258880 0.397059 0.039617 0.036332
0 0.739071 0.539792 0.038251 0.038062
0 0.678962 0.502595 0.038251 0.036332
0 0.512978 0.685986 0.023224 0.012111
0 0.511612 0.572664 0.020492 0.017301
0 0.500683 0.556228 0.028689 0.008651
0 0.861339 0.365917 0.036885 0.036332
0 0.438525 0.712803 0.038251 0.038062
0 0.918033 0.402249 0.038251 0.036332
0 0.455601 0.434256 0.025956 0.038062
0 0.620219 0.361592 0.038251 0.038062
0 0.499317 0.460208 0.034153 0.017301
0 0.500000 0.539792 0.038251 0.024221
0 0.512295 0.669550 0.024590 0.020761
0 0.136612 0.541522 0.038251 0.041522
0 0.258197 0.433391 0.038251 0.036332
0 0.316940 0.713668 0.040984 0.036332
0 0.256831 0.503460 0.035519 0.034602
0 0.678962 0.539792 0.038251 0.038062
0 0.498634 0.510381 0.038251 0.031142
0 0.075137 0.506920 0.038251 0.038062
0 0.318306 0.538927 0.038251 0.036332
0 0.256831 0.571799 0.035519 0.036332
0 0.318306 0.608131 0.038251 0.036332
0 0.799180 0.401384 0.035519 0.038062
0 0.318306 0.434256 0.038251 0.038062
0 0.075820 0.469723 0.039617 0.036332
0 0.318989 0.397059 0.034153 0.036332
0 0.454235 0.467128 0.023224 0.027682
0 0.393443 0.502595 0.027322 0.036332
0 0.379098 0.466263 0.036885 0.036332
0 0.558743 0.360727 0.035519 0.043253
0 0.439208 0.575260 0.036885 0.032872
0 0.316940 0.644464 0.038251 0.036332
0 0.379098 0.606401 0.042350 0.039792
0 0.678962 0.360727 0.035519 0.039792
0 0.920082 0.364187 0.039617 0.039792
0 0.423497 0.465398 0.024590 0.031142
0 0.136612 0.502595 0.038251 0.036332
0 0.679645 0.641003 0.036885 0.036332
0 0.316940 0.885813 0.038251 0.034602
0 0.318306 0.571799 0.038251 0.032872
0 0.739754 0.502595 0.036885 0.036332
0 0.437842 0.538927 0.034153 0.039792
0 0.394126 0.538927 0.023224 0.029412
0 0.860656 0.328720 0.038251 0.038062
0 0.739754 0.328720 0.039617 0.038062
0 0.318306 0.470588 0.038251 0.031142
0 0.318989 0.359862 0.039617 0.038062
0 0.198087 0.470588 0.038251 0.034602
0 0.620902 0.432526 0.036885 0.038062
0 0.377732 0.713668 0.039617 0.036332
0 0.137978 0.402249 0.038251 0.039792
0 0.678962 0.433391 0.035519 0.036332
0 0.316940 0.919550 0.035519 0.036332
0 0.137295 0.467128 0.034153 0.034602
0 0.318306 0.750000 0.038251 0.036332
0 0.740437 0.403114 0.038251 0.038062
0 0.379098 0.434256 0.036885 0.031142
0 0.678962 0.712803 0.038251 0.038062
0 0.137295 0.782007 0.039617 0.038062
