0 0.2956638308842485 0.6177404295051353 0.013199278164475269 0.022408963585434094
0 0.2956638308842485 0.5983193277310924 0.013199278164475269 0.0253968253968254
0 0.5289610724413508 0.5699346405228758 0.013859242072699153 0.028384687208216613
0 0.28840422789378706 0.38244631185807654 0.02375870069605573 0.02987861811391222
0 0.5408404227893787 0.2323062558356676 0.013859242072699153 0.03137254901960782
0 0.10295436968290796 0.6132586367880486 0.021118845063160606 0.037348272642390344
0 0.5289610724413508 0.49449112978524745 0.013859242072699153 0.03585434173669474
0 0.10295436968290798 0.6894491129785248 0.019798917246713076 0.034360410830999034
0 0.0405877803557618 0.7320261437908496 0.02177880897138437 0.03884220354808595
0 0.5424903325599381 0.6087768440709617 0.013199278164475333 0.03137254901960782
0 0.28873420984789894 0.27563025210084036 0.023098736787831944 0.028384687208216613
0 0.5355607115235885 0.6461251167133519 0.021778808971384428 0.03436041083099913
0 0.3784893013663316 0.2315592903828198 0.02045888115493685 0.03585434173669469
0 0.5415003866976025 0.3070028011204482 0.013859242072699153 0.03137254901960787
0 0.039927816447538025 0.6939309056956117 0.02177880897138438 0.04033613445378146
0 0.5283011085331271 0.41979458450046686 0.012539314256251575 0.02689075630252105
0 0.5283011085331271 0.5333333333333333 0.012539314256251575 0.02987861811391222
0 0.3798092291827791 0.3854341736694678 0.019138953338489337 0.0388422035480859
0 0.5269811807166795 0.6087768440709617 0.013859242072699153 0.034360410830999034
0 0.10262438772879608 0.23529411764705882 0.02045888115493685 0.03734827264239025
0 0.10295436968290796 0.5415499533146593 0.022438772879608153 0.04332399626517277
0 0.0405877803557618 0.7723622782446312 0.02177880897138437 0.041830065359477066
0 0.5424903325599381 0.5333333333333333 0.013199278164475333 0.026890756302521007
0 0.5408404227893787 0.19869281045751633 0.012539314256251639 0.03286647992530343
0 0.10295436968290796 0.6535947712418301 0.022438772879608153 0.046311858076563885
0 0.5431502964681619 0.49449112978524745 0.011879350348027819 0.032866479925303525
0 0.10229440577468418 0.5788982259570494 0.021118845063160623 0.03436041083099913
0 0.5269811807166795 0.4556489262371616 0.012539314256251639 0.02987861811391222
0 0.5418303686517143 0.34509803921568627 0.01451920598092291 0.03286647992530348
0 0.54282031451405 0.41904761904761906 0.012539314256251575 0.028384687208216658
0 0.525661252900232 0.19719887955182072 0.012539314256251575 0.03286647992530341
0 0.039927816447538025 0.580392156862745 0.02177880897138438 0.03734827264239025
0 0.5431502964681619 0.569187675070028 0.013199278164475395 0.03286647992530343
0 0.5273111626707915 0.34285714285714286 0.013199278164475395 0.03137254901960782
0 0.4731941221964424 0.7245564892623716 0.019798917246713094 0.04183006535947716
0 0.03926785253931426 0.6169934640522876 0.021778808971384372 0.03884220354808585
0 0.41148749677751995 0.6476190476190476 0.019138953338489337 0.034360410830998944
0 0.5266511987625677 0.3070028011204482 0.013199278164475395 0.03137254901960787
0 0.5424903325599381 0.45639589169000927 0.013199278164475333 0.034360410830999034
0 0.25672596029904615 0.5385620915032681 0.019798917246713062 0.03734827264239025
0 0.5411704047434905 0.2696545284780579 0.013199278164475395 0.03436041083099908
0 0.5424903325599381 0.38169934640522873 0.013199278164475333 0.03137254901960782
0 0.2877442639855633 0.12399626517273576 0.02375870069605573 0.02987861811391222
0 0.039927816447538025 0.6565826330532213 0.02177880897138438 0.04033613445378156
0 0.31909254962619227 0.3869281045751634 0.021778808971384366 0.041830065359477114
0 0.4731941221964424 0.6483660130718955 0.019798917246713094 0.03585434173669455
0 0.039927816447538025 0.465359477124183 0.02045888115493683 0.037348272642390344
0 0.44118587264758957 0.19570494864612512 0.01913895333848927 0.03585434173669467
0 0.13298272750708948 0.3488328664799253 0.01913895333848929 0.037348272642390296
0 0.1319927816447538 0.15910364145658262 0.022438772879608153 0.037348272642390296
0 0.41115751482340807 0.6140056022408964 0.021118845063160606 0.03884220354808585
0 0.19435937097189998 0.15760971055088702 0.019138953338489306 0.04033613445378151
0 0.31876256767208044 0.49822595704948647 0.01979891724671303 0.037348272642390434
0 0.07094612013405517 0.11802054154995331 0.019138953338489306 0.041830065359477135
0 0.13331270946120136 0.3876750700280112 0.019798917246713076 0.04033613445378151
0 0.1643310131477185 0.11727357609710551 0.021118845063160606 0.04033613445378153
0 0.3184325857179686 0.5378151260504203 0.021778808971384366 0.041830065359476976
0 0.19534931683423565 0.1157796451914099 0.018478989430265547 0.04033613445378152
0 0.4725341582882186 0.534827264239029 0.018478989430265515 0.03585434173669455
0 0.4415158546017015 0.34509803921568627 0.021118845063160606 0.03286647992530348
0 0.3497808713585976 0.6887021475256769 0.022438772879608184 0.03884220354808585
0 0.44118587264758957 0.2696545284780579 0.01781902552204176 0.037348272642390344
0 0.16466099510183038 0.3503267973856209 0.021778808971384366 0.037348272642390296
0 0.07094612013405517 0.16134453781512603 0.021778808971384372 0.041830065359477135
0 0.2273575663830884 0.611764705882353 0.02045888115493682 0.04033613445378156
0 0.3494508894044857 0.6506069094304389 0.021778808971384428 0.04033613445378146
0 0.4415158546017015 0.49822595704948647 0.021118845063160606 0.04033613445378156
0 0.3798092291827791 0.6132586367880485 0.023098736787831878 0.04033613445378146
0 0.13265274555297757 0.11802054154995331 0.019798917246713062 0.04481792717086834
0 0.1640010311936066 0.2726423902894491 0.02045888115493682 0.04033613445378151
0 0.44349574632637273 0.5699346405228758 0.02243877287960812 0.04033613445378156
0 0.38046919309100286 0.5363211951447245 0.01913895333848927 0.03585434173669464
0 0.5028924980665119 0.3107376283846872 0.019798917246713094 0.0388422035480859
0 0.1646609951018304 0.461624649859944 0.02045888115493682 0.03884220354808585
0 0.3494508894044857 0.49822595704948647 0.020458881154936787 0.04033613445378156
0 0.4718741943799949 0.19645191409897292 0.01979891724671303 0.04033613445378153
0 0.22702758442897653 0.6513538748832868 0.021118845063160606 0.03884220354808585
0 0.3494508894044857 0.34435107376283847 0.01913895333848927 0.03436041083099908
0 0.4725341582882186 0.42278244631185813 0.018478989430265515 0.03884220354808581
0 0.19633926269657126 0.3876750700280112 0.019138953338489306 0.04033613445378151
0 0.3791492652745553 0.2711484593837535 0.02045888115493685 0.04033613445378156
0 0.22669760247486465 0.4608776844070961 0.02045888115493685 0.03734827264239025
0 0.2573859242072699 0.15760971055088702 0.019798917246713062 0.0433239962651727
0 0.41082753286929624 0.49673202614379086 0.021778808971384366 0.04033613445378165
0 0.1339726733694251 0.5012138188608777 0.02243877287960812 0.04033613445378156
0 0.4101675689610724 0.19645191409897292 0.019138953338489337 0.037348272642390275
0 0.31876256767208044 0.2726423902894491 0.018478989430265515 0.037348272642390296
0 0.4725341582882186 0.3092436974789916 0.01979891724671303 0.0388422035480859
0 0.3491209074503738 0.1568627450980392 0.01979891724671303 0.044817927170868306
0 0.31876256767208044 0.1561157796451914 0.01979891724671303 0.04033613445378151
0 0.16367104923949471 0.3129785247432306 0.021118845063160606 0.04033613445378151
0 0.4415158546017015 0.4235294117647059 0.02243877287960812 0.037348272642390296
0 0.5028924980665119 0.2711484593837535 0.019798917246713094 0.04033613445378156
0 0.4718741943799949 0.3839402427637722 0.01979891724671303 0.03884220354808599
0 0.22603763856664089 0.4242763772175537 0.021778808971384366 0.0388422035480859
0 0.13265274555297757 0.19719887955182072 0.019798917246713062 0.03884220354808592
0 0.4415158546017015 0.4593837535014005 0.02243877287960812 0.04033613445378146
0 0.22603763856664089 0.2711484593837535 0.02045888115493685 0.037348272642390296
0 0.4098375870069606 0.15760971055088702 0.018478989430265515 0.04033613445378151
0 0.442835782418149 0.6110177404295052 0.02243877287960812 0.04183006535947716
0 0.4731941221964424 0.49822595704948647 0.019798917246713094 0.037348272642390434
0 0.3784893013663316 0.1568627450980392 0.02045888115493685 0.041830065359477114
0 0.13265274555297757 0.23454715219421102 0.019798917246713062 0.0388422035480859
0 0.3491209074503738 0.19869281045751638 0.01979891724671303 0.03585434173669467
0 0.4415158546017015 0.3831932773109244 0.019798917246713094 0.04332399626517272
0 0.2573859242072699 0.3465919701213819 0.022438772879608153 0.0388422035480859
0 0.3798092291827791 0.3458450046685341 0.019138953338489337 0.037348272642390296
0 0.3811291569992266 0.6842203548085901 0.021778808971384428 0.04183006535947716
0 0.31876256767208044 0.1142857142857143 0.021118845063160606 0.04332399626517274
0 0.22603763856664089 0.15760971055088702 0.021778808971384366 0.0433239962651727
0 0.3791492652745553 0.4235294117647059 0.02045888115493685 0.037348272642390296
0 0.22603763856664089 0.19794584500466852 0.021778808971384366 0.037348272642390344
0 0.2877442639855633 0.18674136321195142 0.025078628512503247 0.02987861811391224
0 0.5025625161124001 0.3824463118580766 0.021778808971384366 0.04481792717086833
0 0.22669760247486465 0.1150326797385621 0.019138953338489306 0.04183006535947713
0 0.03926785253931426 0.3525676937441643 0.021778808971384372 0.0388422035480859
0 0.19501933488012374 0.2323062558356676 0.019138953338489306 0.03436041083099908
0 0.25672596029904615 0.1157796451914099 0.018478989430265515 0.04033613445378152
0 0.039927816447538025 0.31521942110177403 0.02177880897138438 0.0388422035480859
0 0.3494508894044857 0.5736694677871148 0.020458881154936787 0.03884220354808595
0 0.16499097705594226 0.4235294117647059 0.019798917246713094 0.037348272642390296
0 0.25804588811549367 0.6521008403361345 0.019798917246713094 0.037348272642390344
0 0.10196442382057232 0.1165266106442577 0.02177880897138438 0.04183006535947713
0 0.16532095901005417 0.5759103641456582 0.021778808971384334 0.037348272642390344
0 0.2273575663830884 0.4997198879551821 0.02045888115493682 0.04033613445378156
0 0.13331270946120136 0.4265172735760971 0.02243877287960814 0.037348272642390296
0 0.2573859242072699 0.5751633986928104 0.019798917246713062 0.03884220354808595
0 0.13298272750708948 0.2733893557422969 0.01913895333848929 0.0388422035480859
0 0.07160608404227894 0.2733893557422969 0.02177880897138438 0.0388422035480859
0 0.44217581850992527 0.5363211951447245 0.02243877287960812 0.03585434173669464
0 0.3190925496261924 0.611764705882353 0.020458881154936787 0.04033613445378156
0 0.1643310131477185 0.1568627450980392 0.01979891724671303 0.0388422035480859
0 0.1646609951018304 0.5004668534080299 0.02045888115493682 0.03884220354808595
0 0.3784893013663316 0.11353874883286649 0.021778808971384366 0.04481792717086835
0 0.1643310131477185 0.19645191409897292 0.018478989430265547 0.037348272642390275
0 0.2573859242072699 0.4997198879551821 0.019798917246713062 0.04332399626517277
0 0.3798092291827791 0.4601307189542484 0.019138953338489337 0.03585434173669464
0 0.34879092549626195 0.3824463118580766 0.01913895333848927 0.041830065359477205
0 0.3494508894044857 0.6110177404295052 0.021778808971384428 0.03884220354808595
0 0.4118174787316318 0.6857142857142857 0.02243877287960812 0.04183006535947716
0 0.28840422789378706 0.34285714285714286 0.02375870069605573 0.04332399626517272
0 0.31876256767208044 0.4265172735760971 0.021118845063160606 0.037348272642390296
0 0.41082753286929624 0.5744164332399626 0.021778808971384366 0.04033613445378156
0 0.4095076050528487 0.3099906629318394 0.021778808971384366 0.037348272642390296
0 0.3804691930910028 0.572922502334267 0.021778808971384366 0.04033613445378156
0 0.4095076050528487 0.11279178338001866 0.021778808971384366 0.04631185807656397
0 0.4415158546017015 0.307749766573296 0.019798917246713094 0.041830065359477114
0 0.3494508894044857 0.4578898225957049 0.021778808971384428 0.03734827264239025
0 0.4731941221964424 0.4593837535014005 0.021118845063160606 0.04033613445378146
0 0.34846094354215 0.11279178338001866 0.019798917246713094 0.04631185807656397
0 0.3791492652745553 0.19645191409897292 0.021778808971384366 0.037348272642390275
0 0.4101675689610724 0.23155929038281975 0.02045888115493685 0.03884220354808585
0 0.13265274555297757 0.3129785247432306 0.019798917246713062 0.04033613445378151
0 0.4101675689610724 0.2711484593837535 0.02045888115493685 0.04033613445378156
0 0.34879092549626195 0.2718954248366013 0.02045888115493685 0.0388422035480859
0 0.41082753286929624 0.34509803921568627 0.02045888115493685 0.03585434173669469
0 0.3494508894044857 0.3099906629318394 0.021778808971384428 0.037348272642390296
0 0.31876256767208044 0.3473389355742297 0.01979891724671303 0.037348272642390296
0 0.25705594225315803 0.19794584500466852 0.02045888115493682 0.037348272642390344
0 0.22669760247486465 0.23380018674136321 0.02045888115493685 0.037348272642390296
0 0.4725341582882186 0.2696545284780579 0.01979891724671303 0.04033613445378151
0 0.19501933488012374 0.3488328664799253 0.019138953338489306 0.037348272642390296
0 0.25672596029904615 0.2733893557422969 0.021118845063160606 0.0388422035480859
0 0.41148749677751995 0.4586367880485528 0.02045888115493685 0.03884220354808585
0 0.3494508894044857 0.4220354808590103 0.021778808971384428 0.037348272642390205
0 0.19501933488012374 0.2696545284780579 0.019138953338489306 0.04033613445378151
0 0.4725341582882186 0.3458450046685341 0.01979891724671303 0.037348272642390296
0 0.3491209074503738 0.23380018674136321 0.021118845063160606 0.037348272642390296
0 0.31810260376385663 0.19645191409897292 0.01979891724671303 0.04033613445378153
0 0.41082753286929624 0.5363211951447246 0.021778808971384366 0.03884220354808576
0 0.22603763856664089 0.3092436974789916 0.02045888115493685 0.0388422035480859
0 0.41082753286929624 0.3839402427637722 0.02045888115493685 0.041830065359477114
0 0.3494508894044857 0.5378151260504201 0.021778808971384428 0.03884220354808585
0 0.19501933488012374 0.311484593837535 0.021778808971384366 0.04033613445378151
0 0.1956792987883475 0.19719887955182072 0.02309873678783191 0.03884220354808592
0 0.22669760247486465 0.3473389355742297 0.02045888115493685 0.04033613445378151
0 0.5025625161124001 0.23305322128851536 0.01781902552204176 0.03585434173669464
0 0.039927816447538025 0.3899159663865546 0.02177880897138438 0.03585434173669469
0 0.1339726733694251 0.6894491129785248 0.021118845063160592 0.03734827264239025
0 0.5352307295694767 0.7245564892623716 0.022438772879608184 0.04183006535947716
0 0.16532095901005417 0.7260504201680672 0.021778808971384334 0.03585434173669464
0 0.13463263727764885 0.7686274509803921 0.021118845063160592 0.03734827264239025
0 0.039927816447538025 0.5027077497665733 0.02045888115493683 0.04033613445378156
0 0.2877442639855633 0.06647992530345471 0.025078628512503247 0.03137254901960784
0 0.31942253158030426 0.7260504201680672 0.018478989430265515 0.04183006535947716
0 0.5355607115235885 0.6827264239028945 0.021778808971384428 0.03884220354808595
0 0.10361433359113173 0.7290382819794584 0.022438772879608153 0.044817927170868375
0 0.2877442639855633 0.09561157796451915 0.02375870069605573 0.03286647992530348
0 0.039927816447538025 0.5430438842203549 0.02177880897138438 0.04033613445378156
0 0.22702758442897653 0.7671335200746965 0.021118845063160606 0.04332399626517267
0 0.1339726733694251 0.7282913165266106 0.02243877287960812 0.04332399626517277
0 0.13331270946120136 0.6543417366946779 0.02243877287960814 0.03884220354808595
0 0.10196442382057232 0.3495798319327731 0.02177880897138438 0.0388422035480859
0 0.4728641402423305 0.7656395891690009 0.023098736787831944 0.04033613445378146
0 0.25804588811549367 0.726797385620915 0.019798917246713094 0.04332399626517277
0 0.25672596029904615 0.23305322128851536 0.021118845063160606 0.03585434173669464
0 0.22636762052075277 0.726797385620915 0.019798917246713094 0.04033613445378156
0 0.5269811807166795 0.3802054154995332 0.013859242072699153 0.037348272642390296
0 0.5266511987625677 0.2315592903828198 0.013199278164475395 0.03286647992530348
0 0.5365506573859242 0.7633986928104575 0.02243877287960812 0.03884220354808595
0 0.13331270946120136 0.6147525676937441 0.02243877287960814 0.04033613445378146
0 0.3811291569992266 0.7663865546218488 0.021778808971384428 0.041830065359477066
0 0.2573859242072699 0.7671335200746965 0.019798917246713062 0.03734827264239025
0 0.039927816447538025 0.23753501400560223 0.02045888115493683 0.03585434173669469
0 0.4718741943799949 0.07170868347338936 0.01979891724671303 0.047805788982259546
0 0.16466099510183038 0.6901960784313725 0.021778808971384366 0.03585434173669464
0 0.31843258571796856 0.6872082166199813 0.01781902552204176 0.03585434173669464
0 0.4731941221964424 0.6125116713352008 0.021118845063160606 0.03884220354808595
0 0.442835782418149 0.6491129785247433 0.021118845063160606 0.034360410830998944
0 0.25804588811549367 0.6872082166199813 0.018478989430265515 0.03585434173669464
0 0.04058778035576179 0.4280112044817927 0.02309873678783192 0.04033613445378151
0 0.1339726733694251 0.5751633986928104 0.021118845063160592 0.03884220354808595
0 0.2573859242072699 0.6125116713352008 0.019798917246713062 0.03884220354808595
0 0.5022325341582882 0.1949579831932773 0.017159061613817937 0.04332399626517274
0 0.3804691930910028 0.7260504201680672 0.021778808971384366 0.04183006535947716
0 0.4718741943799949 0.2323062558356676 0.018478989430265515 0.03436041083099908
0 0.16532095901005417 0.6140056022408964 0.021778808971384334 0.03884220354808585
0 0.16532095901005414 0.7678804855275444 0.02045888115493685 0.04481792717086828
0 0.19633926269657126 0.4601307189542484 0.019138953338489306 0.03585434173669464
0 0.10295436968290798 0.4623716153127917 0.019798917246713076 0.03734827264239025
0 0.442835782418149 0.7663865546218488 0.02243877287960812 0.03884220354808585
0 0.5022325341582882 0.34435107376283847 0.018478989430265578 0.03137254901960787
0 0.31876256767208044 0.23454715219421102 0.01979891724671303 0.04183006535947716
0 0.1640010311936066 0.2330532212885154 0.02045888115493682 0.0388422035480859
0 0.0405877803557618 0.15910364145658262 0.02177880897138437 0.037348272642390296
0 0.10361433359113173 0.7716153127917833 0.0237587006960557 0.04033613445378146
0 0.039927816447538025 0.11951447245564892 0.02045888115493683 0.041830065359477114
0 0.1960092807424594 0.4250233426704015 0.017159061613818003 0.03436041083099908
0 0.13397267336942514 0.5400560224089637 0.019798917246713107 0.03734827264239025
0 0.22636762052075277 0.5736694677871148 0.018478989430265515 0.03585434173669474
0 0.2573859242072699 0.4593837535014005 0.019798917246713062 0.034360410830999034
0 0.41115751482340807 0.726797385620915 0.02243877287960812 0.04332399626517277
0 0.3804691930910028 0.6491129785247433 0.021778808971384366 0.034360410830998944
0 0.3494508894044857 0.7671335200746965 0.021778808971384428 0.03734827264239025
0 0.4725341582882186 0.1157796451914099 0.01979891724671303 0.04033613445378152
0 0.10262438772879608 0.311484593837535 0.02045888115493685 0.04033613445378151
0 0.41148749677751995 0.7663865546218488 0.021778808971384366 0.03585434173669464
0 0.44217581850992527 0.7253034547152194 0.02243877287960812 0.04033613445378156
0 0.28708430007733954 0.1561157796451914 0.025078628512503278 0.037348272642390296
0 0.10229440577468418 0.5012138188608777 0.021118845063160623 0.04033613445378156
0 0.442835782418149 0.6857142857142857 0.021118845063160606 0.03884220354808595
0 0.525661252900232 0.26816059757236227 0.012539314256251575 0.03436041083099913
0 0.10196442382057232 0.3906629318394024 0.02045888115493685 0.04033613445378151
0 0.10262438772879608 0.4272642390289449 0.02045888115493685 0.03585434173669469
0 0.4725341582882186 0.6842203548085901 0.01979891724671303 0.03884220354808595
0 0.3194225315803042 0.6521008403361345 0.019798917246713094 0.037348272642390344
0 0.10196442382057232 0.15760971055088702 0.02177880897138438 0.04033613445378151
0 0.19633926269657126 0.49897292250233427 0.019138953338489306 0.04183006535947716
0 0.03926785253931426 0.0776844070961718 0.021778808971384372 0.04183006535947713
0 0.31975251353441614 0.7671335200746965 0.021778808971384303 0.03734827264239025
0 0.07160608404227894 0.23529411764705882 0.02177880897138438 0.03734827264239025
0 0.3184325857179686 0.3107376283846872 0.01913895333848921 0.03585434173669469
0 0.35011085331270947 0.726797385620915 0.021778808971384366 0.04033613445378156
0 0.44118587264758957 0.23155929038281975 0.01913895333848927 0.03884220354808585
0 0.16466099510183038 0.5393090569561158 0.021778808971384366 0.03884220354808585
0 0.039927816447538025 0.27413632119514475 0.02045888115493683 0.04033613445378156
0 0.31942253158030426 0.5736694677871148 0.021118845063160543 0.03585434173669474
0 0.10262438772879606 0.2718954248366013 0.02177880897138438 0.0388422035480859
0 0.31876256767208044 0.461624649859944 0.021118845063160606 0.03585434173669464
0 0.22603763856664089 0.3869281045751634 0.02045888115493685 0.0388422035480859
0 0.3791492652745553 0.49822595704948647 0.02045888115493685 0.037348272642390434
0 0.2573859242072699 0.4265172735760971 0.019798917246713062 0.03436041083099908
0 0.44085589069347775 0.11279178338001866 0.022438772879608184 0.04631185807656397
0 0.2273575663830884 0.6887021475256769 0.019138953338489306 0.03585434173669464
0 0.07094612013405517 0.20018674136321196 0.019138953338489306 0.03585434173669469
0 0.22636762052075277 0.5385620915032681 0.019798917246713094 0.03734827264239025
0 0.44118587264758957 0.1568627450980392 0.021778808971384366 0.041830065359477114
0 0.1640010311936066 0.076937441643324 0.02045888115493682 0.04332399626517271
0 0.16466099510183038 0.6535947712418301 0.021778808971384366 0.04033613445378156
0 0.41082753286929624 0.4220354808590103 0.01781902552204182 0.037348272642390205
0 0.3804691930910028 0.3092436974789916 0.02045888115493685 0.03585434173669469
0 0.2577159061613818 0.3891690009337068 0.02309873678783191 0.04332399626517272
0 0.4725341582882186 0.5721755368814192 0.01979891724671303 0.04183006535947716
0 0.16466099510183038 0.3869281045751634 0.021778808971384366 0.0388422035480859
0 0.04025779840164991 0.20018674136321193 0.022438772879608146 0.04183006535947716
0 0.07160608404227894 0.31521942110177403 0.02177880897138438 0.044817927170868375
0 0.10262438772879606 0.19869281045751633 0.02177880897138438 0.041830065359477135
0 0.4718741943799949 0.1561157796451914 0.01979891724671303 0.04033613445378151
0 0.1339726733694251 0.4623716153127917 0.021118845063160592 0.03734827264239025
0 0.25672596029904615 0.3099906629318394 0.019798917246713062 0.03436041083099908
0 0.2890641918020108 0.24724556489262373 0.025078628512503247 0.028384687208216613
0 0.2890641918020108 0.2166199813258637 0.025078628512503247 0.032866479925303456
