0 0.889894 0.240728 0.036857 0.044798
0 0.463970 0.146595 0.047666 0.045691
0 0.684316 0.285287 0.037368 0.049658
0 0.766786 0.561707 0.040661 0.050411
0 0.317359 0.244017 0.041172 0.055271
0 0.312420 0.197038 0.041172 0.055271
0 0.364403 0.183482 0.042270 0.055523
0 0.771384 0.605446 0.040661 0.050411
0 0.822649 0.590396 0.036270 0.049406
0 0.780363 0.685509 0.039734 0.051780
0 0.368964 0.232207 0.043709 0.059014
0 0.759832 0.479521 0.041930 0.052283
0 0.732127 0.232042 0.041172 0.055271
0 0.753757 0.437779 0.042687 0.049294
0 0.808607 0.467529 0.040661 0.050411
0 0.109038 0.241095 0.043879 0.060634
0 0.763711 0.521766 0.040491 0.048792
0 0.329668 0.366451 0.041759 0.050663
0 0.662063 0.544199 0.039904 0.053400
0 0.774961 0.136804 0.043879 0.060634
0 0.214821 0.263336 0.040661 0.050411
0 0.230886 0.432190 0.042100 0.053903
0 0.265962 0.252462 0.044126 0.052785
0 0.158532 0.230597 0.043368 0.055774
0 0.846426 0.335283 0.043028 0.052534
0 0.171608 0.360321 0.044466 0.056025
0 0.668467 0.626511 0.040074 0.055020
0 0.787318 0.265033 0.040661 0.050411
0 0.711557 0.533702 0.037538 0.051278
0 0.652108 0.460212 0.042100 0.053903
0 0.419973 0.214727 0.043198 0.054154
0 0.209967 0.217167 0.043368 0.055774
0 0.791746 0.307152 0.040321 0.047172
0 0.784328 0.728564 0.040661 0.050411
0 0.817293 0.550148 0.038466 0.049909
0 0.795919 0.346841 0.038295 0.048289
0 0.415460 0.171798 0.043368 0.055774
0 0.633430 0.298592 0.040661 0.050411
0 0.717253 0.577190 0.039734 0.051780
0 0.725599 0.656568 0.040074 0.055020
0 0.682509 0.749377 0.041930 0.052283
0 0.853928 0.417342 0.041002 0.053651
0 0.775472 0.644325 0.035929 0.046166
0 0.226837 0.388325 0.040661 0.050411
0 0.782975 0.223724 0.040832 0.052031
0 0.708227 0.491331 0.037197 0.048038
0 0.826906 0.630895 0.040661 0.050411
0 0.240036 0.513873 0.040832 0.052031
0 0.702701 0.449463 0.035001 0.047535
0 0.829726 0.165744 0.043879 0.060634
0 0.737104 0.274036 0.037197 0.048038
0 0.291177 0.502999 0.041759 0.050663
0 0.282491 0.420380 0.041759 0.050663
0 0.528916 0.277719 0.036270 0.049406
0 0.334182 0.409380 0.041930 0.052283
0 0.698443 0.408964 0.037197 0.048038
0 0.273976 0.339382 0.041759 0.050663
0 0.167218 0.313216 0.043028 0.052534
0 0.738457 0.778876 0.041759 0.050663
0 0.638067 0.337346 0.037368 0.049658
0 0.269633 0.298072 0.041930 0.052283
0 0.219334 0.306266 0.040832 0.052031
0 0.693002 0.367906 0.037027 0.046418
0 0.800006 0.385721 0.038295 0.048289
0 0.696636 0.873054 0.037708 0.052898
0 0.798748 0.849685 0.042100 0.053903
0 0.286749 0.460880 0.037368 0.049658
0 0.524062 0.231550 0.036440 0.051026
0 0.745960 0.860936 0.041930 0.052283
0 0.890698 0.745694 0.041002 0.053651
0 0.628453 0.256598 0.039563 0.050160
0 0.248637 0.595682 0.042857 0.050914
0 0.680229 0.246408 0.037368 0.049658
0 0.839935 0.754823 0.040491 0.048792
0 0.804179 0.425410 0.040661 0.050411
0 0.788415 0.767443 0.040661 0.050411
0 0.837825 0.253474 0.042857 0.050914
0 0.873496 0.582077 0.040661 0.050411
0 0.841998 0.293163 0.040151 0.045552
0 0.898580 0.323347 0.041930 0.052283
0 0.740898 0.315471 0.040661 0.050411
0 0.844363 0.796942 0.041172 0.055271
0 0.677068 0.708319 0.039563 0.050160
0 0.235863 0.474184 0.040321 0.047172
0 0.424742 0.260086 0.042857 0.050914
0 0.885086 0.703016 0.036099 0.047786
0 0.864810 0.499458 0.038466 0.049909
0 0.734114 0.737567 0.041930 0.052283
0 0.162960 0.272717 0.042346 0.046054
0 0.532671 0.324140 0.038976 0.054769
0 0.642750 0.381895 0.039734 0.051780
0 0.869068 0.539958 0.040661 0.050411
0 0.879731 0.662768 0.038636 0.051529
0 0.813035 0.509649 0.040661 0.050411
0 0.430182 0.301144 0.040491 0.048792
0 0.832347 0.671953 0.040832 0.052031
0 0.665308 0.585760 0.034661 0.044295
0 0.926833 0.570700 0.044466 0.056025
0 0.859540 0.460020 0.035759 0.044546
0 0.876656 0.622827 0.040661 0.050411
0 0.656792 0.504761 0.036857 0.044798
0 0.745411 0.358400 0.040832 0.052031
0 0.579423 0.266160 0.038466 0.049909
0 0.833482 0.212165 0.040491 0.048792
0 0.750133 0.397964 0.039223 0.046920
0 0.849756 0.377653 0.037955 0.045049
0 0.779645 0.181353 0.040491 0.048792
0 0.300791 0.583746 0.042100 0.053903
0 0.583728 0.312455 0.039734 0.051780
0 0.902923 0.364656 0.041759 0.050663
0 0.885381 0.197799 0.037708 0.052898
0 0.849889 0.838810 0.040151 0.045552
0 0.256859 0.679236 0.044126 0.052785
0 0.720328 0.617130 0.037027 0.046418
0 0.792503 0.806322 0.040661 0.050411
0 0.672810 0.667820 0.037027 0.046418
0 0.689672 0.325536 0.039563 0.050160
0 0.295435 0.543498 0.041759 0.050663
0 0.481427 0.312642 0.045640 0.046808
0 0.436502 0.382645 0.040832 0.052031
0 0.433257 0.341085 0.042517 0.047674
0 0.495695 0.453705 0.041172 0.055271
0 0.486736 0.347094 0.044032 0.041697
0 0.440637 0.427320 0.039904 0.053400
0 0.261278 0.207913 0.044637 0.057645
0 0.478485 0.279307 0.045887 0.038959
0 0.930055 0.483697 0.023000 0.035302
0 0.489461 0.373014 0.044372 0.044937
0 0.470697 0.210584 0.047155 0.040831
0 0.467717 0.182234 0.045470 0.045188
0 0.909083 0.407208 0.043028 0.052534
0 0.912328 0.448769 0.042857 0.050914
0 0.055445 0.250042 0.038049 0.056138
0 0.244549 0.556803 0.042857 0.050914
0 0.222749 0.349446 0.040661 0.050411
0 0.278148 0.379071 0.041589 0.049043
0 0.325410 0.325952 0.039223 0.046920
0 0.686937 0.791496 0.036857 0.044798
0 0.920882 0.524782 0.042100 0.053903
0 0.893896 0.278798 0.041759 0.050663
0 0.647008 0.422394 0.036857 0.044798
0 0.729941 0.697878 0.036686 0.043178
0 0.741532 0.818817 0.041589 0.049043
0 0.252052 0.638862 0.043028 0.052534
0 0.689671 0.828197 0.037027 0.046418
0 0.260189 0.721607 0.043785 0.049545
0 0.836690 0.713262 0.038466 0.049909
0 0.474359 0.245413 0.046151 0.051668
0 0.321323 0.287072 0.039223 0.046920
