0 0.3939261063743402 0.3275099420074708 0.020094735417512513 0.04016631364242566
0 0.038803627013127624 0.05407003759557301 0.01940181350656381 0.04325603007645841
0 0.5539910678034917 0.25181188937366866 0.02286642306130735 0.03707659720839289
0 0.2976099607524699 0.36458653921586376 0.025638110705102184 0.03089716434032747
0 0.3062714846393288 0.6017222755278767 0.01385843821897418 0.029352306123311054
0 0.29830288266341864 0.16607225832925998 0.02979564217079444 0.029352306123311054
0 0.2976099607524699 0.10196064232308055 0.031181485992691858 0.0278074479062947
0 0.2989958045743673 0.22863901611842297 0.028409798348897022 0.027807447906294736
0 0.07241033969413994 0.4858579092516489 0.020094735417512513 0.038621455425409255
0 0.29691703884152126 0.07338076530827765 0.02979564217079447 0.03244202255734383
0 0.5539910678034917 0.0942363512379987 0.02286642306130735 0.043256030076458396
0 0.1049776695087292 0.648068022038368 0.02286642306130735 0.04480088829347472
0 0.07206387873866557 0.21936986681632478 0.02217350115035864 0.03707659720839293
0 0.039496548924076336 0.3784902631690111 0.020787657328461225 0.04016631364242557
0 0.20164027608607388 0.685144619246761 0.02078765732846124 0.03553173899137652
0 0.5539910678034917 0.2912057739075861 0.021480579239409964 0.0386214554254093
0 0.039150087968601976 0.6465231638213516 0.018708891595615094 0.03244202255734388
0 0.07206387873866557 0.45109859936878055 0.02078765732846122 0.03707659720839298
0 0.29691703884152115 0.13517509398893252 0.028409798348896988 0.038621455425409276
0 0.07206387873866557 0.3329169457670282 0.019401813506563805 0.0386214554254093
0 0.20025443226417647 0.3336893748755363 0.02078765732846124 0.027807447906294688
0 0.07171741778319123 0.5685078238620249 0.021480579239409932 0.04016631364242562
0 0.29830288266341864 0.2587637513502423 0.02979564217079444 0.035531738991376564
0 0.039496548924076336 0.45109859936878055 0.02217350115035864 0.03707659720839298
0 0.1049776695087292 0.6859170483552691 0.021480579239409932 0.03707659720839289
0 0.10359182568683178 0.33368937487553635 0.02286642306130735 0.0339868807743602
0 0.039496548924076336 0.41402200216038765 0.02217350115035864 0.03707659720839289
0 0.039496548924076336 0.3360066622010609 0.020787657328461225 0.04171117185944203
0 0.040535931790499385 0.7245385037806784 0.022866423061307345 0.04016631364242562
0 0.20267965895249695 0.44878131204325605 0.01732304777371771 0.03553173899137661
0 0.1049776695087292 0.6079017083959423 0.021480579239409932 0.04480088829347472
0 0.07102449587224252 0.29584034855863517 0.020094735417512513 0.0386214554254093
0 0.039496548924076336 0.490492483902698 0.020787657328461225 0.04171117185944199
0 0.2969170388415211 0.3259650837904544 0.02563811070510212 0.04016631364242566
0 0.1999079713087021 0.09423635123799867 0.021480579239409932 0.040166313642425656
0 0.2640032480714576 0.17765869495688277 0.02078765732846124 0.04016631364242566
0 0.29830288266341853 0.195424564452571 0.028409798348897022 0.03862145542540923
0 0.03984300987955069 0.6820549028127282 0.021480579239409936 0.04171117185944199
0 0.4898957910407362 0.25258431848217683 0.02078765732846124 0.035531738991376564
0 0.16907294627148464 0.5677353947535168 0.023559344972256074 0.04171117185944199
0 0.04018947083502503 0.5306587975451237 0.022173501150358637 0.041711171859442175
0 0.42476113141155775 0.0934639221294905 0.02078765732846124 0.04171117185944201
0 0.1049776695087292 0.7245385037806784 0.02286642306130735 0.04016631364242562
0 0.5546839897144404 0.5654181074279921 0.021480579239409898 0.043256030076458354
0 0.42753281905535256 0.6017222755278768 0.022173501150358623 0.04171117185944208
0 0.07206387873866557 0.2579913222417341 0.02078765732846122 0.0339868807743602
0 0.42753281905535256 0.6781927572701872 0.02078765732846124 0.03398688077436006
0 0.42476113141155775 0.25335674759068505 0.02078765732846124 0.04016631364242562
0 0.39496548924076325 0.7608426718805632 0.022173501150358623 0.04480088829347481
0 0.07171741778319123 0.41247714394337126 0.021480579239409932 0.043256030076458354
0 0.553298145892543 0.13517509398893252 0.02286642306130735 0.04171117185944206
0 0.04018947083502503 0.5692802529705331 0.022173501150358637 0.038621455425409255
0 0.5221166598998511 0.7585253845550386 0.0242522668832048 0.04016631364242571
0 0.42753281905535256 0.5631008201024676 0.022173501150358623 0.035531738991376426
0 0.07206387873866557 0.3699935429754211 0.02078765732846122 0.0386214554254093
0 0.20025443226417647 0.29429549034161884 0.022173501150358654 0.04171117185944203
0 0.1680335634050616 0.21628015038229204 0.02286642306130738 0.03707659720839293
0 0.07206387873866557 0.527569081111091 0.02217350115035864 0.04480088829347481
0 0.42753281905535256 0.6411161600617944 0.022173501150358623 0.04016631364242571
0 0.20164027608607388 0.7222212164551539 0.022173501150358623 0.04171117185944199
0 0.553298145892543 0.21396286305676754 0.02286642306130735 0.038621455425409346
0 0.5526052239815943 0.17611383673986641 0.021480579239409898 0.03707659720839293
0 0.5214237379889024 0.328282371115979 0.020094735417512513 0.03553173899137652
0 0.4902422519962105 0.7577529554465303 0.02286642306130735 0.038621455425409255
0 0.39496548924076325 0.6418885891703024 0.020787657328461176 0.03553173899137661
0 0.10220598186493436 0.29584034855863517 0.02286642306130735 0.04171117185944203
0 0.1049776695087292 0.7670221047486286 0.02286642306130735 0.04480088829347481
0 0.10428474759778049 0.5677353947535168 0.020094735417512513 0.038621455425409255
0 0.39496548924076325 0.7222212164551539 0.020787657328461176 0.038621455425409255
0 0.5539910678034917 0.3275099420074708 0.020094735417512513 0.03707659720839293
0 0.040535931790499385 0.764704817423104 0.021480579239409922 0.03707659720839298
0 0.10428474759778049 0.4874027674686653 0.02286642306130735 0.038621455425409255
0 0.5546839897144404 0.40784256929232215 0.021480579239409898 0.03707659720839289
0 0.5235025037217486 0.5623283909939594 0.024252266883204737 0.04016631364242562
0 0.42683989714440385 0.7608426718805632 0.02217350115035869 0.04171117185944208
0 0.2976099607524699 0.03939388453391747 0.031181485992691858 0.04171117185944201
0 0.20164027608607388 0.6040395628534014 0.02078765732846124 0.03707659720839298
0 0.5546839897144404 0.4456915956092233 0.021480579239409898 0.038621455425409346
0 0.20164027608607388 0.6449783056043353 0.02078765732846124 0.04480088829347481
0 0.10428474759778049 0.45109859936878055 0.020094735417512513 0.03707659720839298
0 0.5207308160779537 0.09191906391247413 0.021480579239409964 0.044800888293474755
0 0.07206387873866557 0.17997598228240733 0.02078765732846122 0.0386214554254093
0 0.07206387873866557 0.09655363856352325 0.02078765732846122 0.041711171859442044
0 0.4902422519962105 0.40629771107530577 0.02286642306130735 0.03707659720839293
0 0.26642847475977804 0.7608426718805632 0.020094735417512513 0.04171117185944208
0 0.39496548924076325 0.6805100445957118 0.020787657328461176 0.04171117185944208
0 0.04018947083502504 0.6071292792874341 0.02078765732846122 0.04016631364242571
0 0.4261469752334551 0.48431305103463257 0.02078765732846124 0.038621455425409255
0 0.5214237379889024 0.2502670311566523 0.02286642306130735 0.03398688077436011
0 0.5228095818107998 0.6797376154872037 0.021480579239409964 0.04016631364242571
0 0.5539910678034917 0.48508548014314073 0.02286642306130735 0.04016631364242562
0 0.07206387873866557 0.648068022038368 0.02217350115035864 0.04480088829347472
0 0.42683989714440385 0.719131500021121 0.02217350115035869 0.04171117185944208
0 0.19956151035322778 0.17997598228240733 0.02078765732846124 0.0386214554254093
0 0.07171741778319123 0.6071292792874341 0.021480579239409932 0.04016631364242571
0 0.10359182568683178 0.4147944312688958 0.021480579239409932 0.03553173899137652
0 0.038803627013127624 0.09809849678053961 0.02078765732846122 0.041711171859442044
0 0.5228095818107998 0.6048119919619095 0.02286642306130735 0.038621455425409255
0 0.5228095818107998 0.7191315000211211 0.02286642306130735 0.038621455425409255
0 0.5221166598998511 0.40629771107530577 0.02286642306130735 0.03707659720839293
0 0.07206387873866557 0.1382648104229653 0.02078765732846122 0.04171117185944203
0 0.1354662335904723 0.21628015038229204 0.020094735417512513 0.03707659720839293
0 0.5207308160779537 0.1320853775548998 0.021480579239409964 0.04171117185944203
0 0.20025443226417647 0.2549016058077014 0.02078765732846124 0.04016631364242566
0 0.39496548924076325 0.6032671337448932 0.020787657328461176 0.04171117185944199
0 0.5546839897144404 0.5229345064600419 0.021480579239409898 0.038621455425409346
0 0.2657355528488293 0.6403437309532861 0.020094735417512513 0.03553173899137652
0 0.038803627013127624 0.21705257949080028 0.02078765732846122 0.038621455425409346
0 0.39496548924076325 0.48508548014314073 0.020787657328461176 0.03398688077436006
0 0.16907294627148464 0.6086741375044505 0.022173501150358623 0.03707659720839298
0 0.13511977263499794 0.17997598228240733 0.019401813506563788 0.035531738991376544
0 0.1999079713087021 0.1367199522059489 0.021480579239409932 0.04480088829347479
0 0.1680335634050616 0.17765869495688277 0.021480579239409932 0.043256030076458396
0 0.20025443226417647 0.21628015038229204 0.02078765732846124 0.03707659720839293
0 0.5228095818107998 0.6411161600617943 0.021480579239409964 0.03707659720839289
0 0.2016402760860739 0.41247714394337126 0.01940181350656382 0.04016631364242562
0 0.039496548924076336 0.17688626584837458 0.020787657328461225 0.0386214554254093
0 0.4909351739071593 0.6835997610297445 0.020094735417512513 0.038621455425409346
0 0.20233319799702257 0.48508548014314073 0.022173501150358654 0.03707659720839289
0 0.039496548924076336 0.25567403491620955 0.02217350115035864 0.038621455425409255
0 0.4902422519962106 0.5237069355685501 0.020094735417512513 0.03707659720839298
0 0.039496548924076336 0.29584034855863517 0.02217350115035864 0.04171117185944203
0 0.20164027608607388 0.7639323883145959 0.023559344972256074 0.04480088829347481
0 0.4261469752334551 0.40629771107530577 0.02078765732846124 0.04016631364242566
0 0.2657355528488293 0.7206763582381376 0.020094735417512513 0.04171117185944199
0 0.16872648531601028 0.4495537411517642 0.020094735417512513 0.03398688077436025
0 0.26538909189335497 0.05252517937855664 0.02078765732846124 0.04325603007645842
0 0.2646961699824063 0.21319043394825932 0.020787657328461207 0.03707659720839293
0 0.10289890377588307 0.21628015038229204 0.021480579239409932 0.03707659720839293
0 0.13615915550142102 0.295067919450127 0.021480579239409932 0.03707659720839293
0 0.1347733116795236 0.09578120945501507 0.021480579239409915 0.04325603007645841
0 0.10359182568683178 0.25567403491620955 0.02286642306130735 0.04171117185944203
0 0.1347733116795236 0.1382648104229653 0.020094735417512482 0.04171117185944203
0 0.1354662335904723 0.3730832594094538 0.020094735417512513 0.04171117185944203
0 0.20164027608607388 0.5685078238620249 0.02078765732846124 0.03707659720839289
0 0.3294843686561104 0.17765869495688277 0.02286642306130735 0.03707659720839293
0 0.5214237379889024 0.28888848658206157 0.020094735417512513 0.04016631364242566
0 0.5526052239815943 0.04866303383601573 0.02286642306130735 0.04789060472750755
0 0.26504263093788066 0.6040395628534014 0.021480579239409932 0.03398688077436025
0 0.5221166598998511 0.36767625564989653 0.02286642306130735 0.043256030076458445
0 0.5546839897144404 0.3684486847584047 0.021480579239409898 0.04171117185944208
0 0.4902422519962106 0.6048119919619095 0.021480579239409964 0.038621455425409255
0 0.39496548924076325 0.5229345064600419 0.020787657328461176 0.041711171859442175
0 0.10289890377588307 0.3730832594094538 0.02286642306130735 0.04480088829347476
0 0.42753281905535256 0.5260242228940746 0.022173501150358623 0.03862145542540944
0 0.5207308160779537 0.04866303383601572 0.02286642306130735 0.044800888293474804
0 0.3942725673298146 0.5623283909939594 0.02078765732846124 0.04016631364242562
0 0.1347733116795236 0.05175275027004846 0.021480579239409915 0.04480088829347479
0 0.5221166598998511 0.48508548014314073 0.02286642306130735 0.04016631364242562
0 0.13615915550142102 0.33059965844150363 0.021480579239409932 0.04016631364242566
0 0.2646961699824063 0.1359475230974407 0.020787657328461207 0.043256030076458424
0 0.4902422519962106 0.4874027674686653 0.020094735417512513 0.038621455425409255
0 0.4902422519962106 0.7222212164551539 0.021480579239409964 0.038621455425409255
0 0.039496548924076336 0.1382648104229653 0.020787657328461225 0.0386214554254093
0 0.39496548924076325 0.4456915956092233 0.020787657328461176 0.038621455425409346
0 0.232128840167817 0.17456897852285 0.02078765732846124 0.04943546294452389
0 0.4902422519962105 0.6442058764958271 0.02286642306130735 0.043256030076458354
0 0.16838002436053595 0.527569081111091 0.022173501150358654 0.04480088829347481
0 0.5207308160779537 0.17302412030583364 0.021480579239409964 0.03707659720839293
0 0.10428474759778049 0.527569081111091 0.02286642306130735 0.04480088829347481
0 0.26538909189335497 0.3699935429754211 0.02078765732846124 0.0386214554254093
0 0.4898957910407362 0.28888848658206157 0.02078765732846124 0.04016631364242566
0 0.3294843686561104 0.13517509398893252 0.021480579239410026 0.038621455425409276
0 0.10289890377588307 0.1382648104229653 0.02286642306130735 0.0386214554254093
0 0.4902422519962106 0.5631008201024676 0.021480579239409964 0.04171117185944199
0 0.3294843686561104 0.09346392212949049 0.02286642306130735 0.03862145542540929
0 0.361358776559751 0.2155077212737839 0.02286642306130735 0.04171117185944208
0 0.2646961699824063 0.09500878034650688 0.020787657328461207 0.041711171859442044
0 0.42476113141155775 0.13594752309744074 0.02078765732846124 0.04016631364242566
0 0.5221166598998511 0.4449191665007151 0.02286642306130735 0.04016631364242571
0 0.10324536473135744 0.17688626584837458 0.02217350115035864 0.0386214554254093
0 0.16838002436053592 0.2541291766991932 0.023559344972256074 0.04171117185944199
0 0.4587143050480444 0.328282371115979 0.02078765732846124 0.03553173899137652
0 0.4251075923670321 0.21241800483975118 0.020094735417512513 0.041711171859442106
0 0.42683989714440385 0.4456915956092233 0.02078765732846124 0.038621455425409346
0 0.42476113141155775 0.2912057739075861 0.02078765732846124 0.0386214554254093
0 0.16872648531601028 0.295067919450127 0.02286642306130735 0.04016631364242566
0 0.1999079713087021 0.0502078920530321 0.021480579239409932 0.044800888293474804
0 0.1687264853160103 0.33368937487553635 0.021480579239409932 0.04016631364242566
0 0.39357964541886586 0.2919782030160943 0.019401813506563788 0.03707659720839293
0 0.16907294627148464 0.4874027674686653 0.02078765732846124 0.038621455425409255
0 0.42476113141155775 0.0502078920530321 0.02078765732846124 0.044800888293474804
0 0.42476113141155775 0.17456897852285 0.02078765732846124 0.03707659720839291
0 0.13615915550142102 0.25567403491620955 0.021480579239409932 0.04171117185944203
0 0.5228095818107998 0.5244793646770582 0.021480579239409964 0.041711171859442175
0 0.1687264853160103 0.3730832594094538 0.021480579239409932 0.0386214554254093
0 0.10220598186493436 0.09578120945501507 0.02286642306130735 0.04325603007645841
0 0.2009473541751252 0.36922111386691286 0.02078765732846124 0.043256030076458445
0 0.4902422519962106 0.3715384011924374 0.020094735417512513 0.0386214554254093
0 0.4254540533225064 0.3313720875500118 0.020787657328461176 0.0386214554254093
0 0.2657355528488293 0.6820549028127282 0.020094735417512513 0.04171117185944199
0 0.2650426309378806 0.4495537411517642 0.020094735417512513 0.03398688077436025
0 0.39357964541886586 0.40629771107530577 0.02078765732846124 0.04016631364242566
0 0.39357964541886586 0.3699935429754211 0.019401813506563788 0.0386214554254093
0 0.4902422519962106 0.3313720875500118 0.020094735417512513 0.04171117185944203
0 0.10324536473135744 0.05175275027004846 0.02217350115035864 0.04480088829347479
0 0.4261469752334551 0.3684486847584047 0.019401813506563788 0.0386214554254093
0 0.2650426309378806 0.4117047148348631 0.020094735417512513 0.04171117185944199
0 0.4902422519962106 0.4456915956092233 0.020094735417512513 0.04171117185944208
0 0.3939261063743402 0.25258431848217683 0.020094735417512513 0.038621455425409255
0 0.2650426309378806 0.33214451665852 0.020094735417512513 0.03707659720839293
0 0.3294843686561104 0.05175275027004846 0.021480579239410026 0.04480088829347479
0 0.4888564081743132 0.21396286305676754 0.020094735417512576 0.038621455425409346
0 0.2009473541751252 0.5260242228940746 0.02078765732846124 0.04480088829347481
0 0.4892028691297875 0.17147926208881728 0.02078765732846124 0.043256030076458396
0 0.2650426309378806 0.5260242228940746 0.020094735417512513 0.03862145542540944
0 0.4587143050480444 0.4495537411517641 0.02078765732846124 0.04016631364242581
0 0.1680335634050616 0.4117047148348631 0.02286642306130738 0.038621455425409255
0 0.26434970902693194 0.25258431848217683 0.020094735417512513 0.04171117185944203
0 0.39288672350791715 0.17147926208881728 0.019401813506563788 0.043256030076458396
0 0.4587143050480444 0.3699935429754211 0.02078765732846124 0.0386214554254093
0 0.26538909189335497 0.4874027674686653 0.02078765732846124 0.038621455425409255
0 0.361358776559751 0.17225169119732547 0.021480579239409898 0.04480088829347479
0 0.39288672350791715 0.21396286305676754 0.02078765732846124 0.038621455425409346
0 0.5214237379889024 0.21396286305676748 0.02286642306130735 0.04171117185944206
0 0.45767492218162137 0.4093874275093385 0.020094735417512513 0.040166313642425525
0 0.45802138313709573 0.25335674759068505 0.022173501150358623 0.03707659720839293
0 0.45732846122614695 0.17225169119732547 0.02078765732846124 0.04171117185944203
0 0.4587143050480444 0.2912057739075861 0.02078765732846124 0.04171117185944203
0 0.2657355528488293 0.5638732492109758 0.020094735417512513 0.04016631364242562
0 0.26538909189335497 0.295067919450127 0.02078765732846124 0.04016631364242566
0 0.45802138313709573 0.21319043394825934 0.022173501150358623 0.04016631364242574
