0 0.519051 0.627871 0.020821 0.021863
0 0.502480 0.560045 0.033108 0.017949
0 0.495007 0.379121 0.035931 0.026015
0 0.519434 0.667457 0.020821 0.021863
0 0.517994 0.647746 0.022004 0.020366
0 0.128338 0.881098 0.032774 0.039988
0 0.501309 0.516550 0.032186 0.025767
0 0.493604 0.345148 0.035866 0.024435
0 0.283270 0.586437 0.031069 0.028845
0 0.520474 0.707791 0.022135 0.023526
0 0.664114 0.503398 0.033631 0.030590
0 0.886894 0.517965 0.032447 0.032088
0 0.184899 0.901913 0.033696 0.032170
0 0.178996 0.743860 0.035205 0.038573
0 0.119751 0.688364 0.033892 0.036911
0 0.282323 0.563525 0.034414 0.049552
0 0.113849 0.530311 0.030147 0.036663
0 0.893808 0.700510 0.031134 0.030425
0 0.119070 0.656721 0.032643 0.036828
0 0.718292 0.466539 0.034748 0.027513
0 0.455025 0.759656 0.035009 0.033833
0 0.839597 0.736579 0.035075 0.035413
0 0.666146 0.522277 0.036780 0.046557
0 0.112706 0.502659 0.032578 0.035248
0 0.830007 0.489249 0.033761 0.033751
0 0.517578 0.607371 0.019573 0.021781
0 0.524639 0.854076 0.020821 0.021863
0 0.117863 0.627489 0.034814 0.029093
0 0.900368 0.859312 0.036323 0.035496
0 0.830721 0.521683 0.035075 0.035413
0 0.509215 0.798849 0.029886 0.030342
0 0.838259 0.704187 0.035140 0.036993
0 0.453784 0.729634 0.032382 0.030508
0 0.498564 0.465237 0.033892 0.036911
0 0.893898 0.732985 0.036323 0.035496
0 0.456395 0.792839 0.035140 0.036993
0 0.716306 0.403293 0.033761 0.033751
0 0.515547 0.588492 0.022200 0.025106
0 0.401996 0.794062 0.033826 0.035331
0 0.180367 0.777042 0.035075 0.035413
0 0.239241 0.869004 0.032643 0.036828
0 0.176704 0.718660 0.032578 0.035248
0 0.833923 0.584056 0.033631 0.030590
0 0.115407 0.598339 0.035140 0.036993
0 0.897757 0.796108 0.036192 0.032336
0 0.898965 0.825340 0.036388 0.037076
0 0.453234 0.701150 0.031134 0.030425
0 0.844105 0.830555 0.033631 0.030590
0 0.893258 0.672027 0.034879 0.030673
0 0.527491 0.877654 0.022200 0.025106
0 0.457603 0.822071 0.032447 0.032088
0 0.784574 0.737844 0.035009 0.033833
0 0.442175 0.418267 0.032382 0.030508
0 0.388555 0.453505 0.035009 0.033833
0 0.392406 0.546732 0.032382 0.030508
0 0.732941 0.836328 0.033892 0.036911
0 0.568783 0.877298 0.032513 0.033668
0 0.616597 0.686377 0.033696 0.032170
0 0.169504 0.498900 0.033826 0.035331
0 0.236006 0.805841 0.036258 0.033916
0 0.558600 0.630799 0.032382 0.030508
0 0.230168 0.649368 0.032382 0.030508
0 0.166236 0.434946 0.035270 0.040154
0 0.890679 0.609612 0.037571 0.035578
0 0.775114 0.493675 0.033696 0.032170
0 0.727785 0.711499 0.033631 0.030590
0 0.787250 0.802629 0.035009 0.033833
0 0.564340 0.784902 0.033826 0.035331
0 0.787899 0.833483 0.036323 0.035496
0 0.623683 0.842767 0.035075 0.035413
0 0.621138 0.781143 0.034944 0.032253
0 0.661218 0.402978 0.033826 0.035331
0 0.881146 0.393967 0.036388 0.037076
0 0.446837 0.546299 0.033761 0.033751
0 0.727202 0.682225 0.032578 0.035248
0 0.555414 0.508216 0.033696 0.032170
0 0.440180 0.385126 0.033892 0.036911
0 0.289593 0.769813 0.036323 0.035496
0 0.225759 0.557762 0.033631 0.030590
0 0.278575 0.457615 0.032513 0.033668
0 0.678106 0.872439 0.033696 0.032170
0 0.279945 0.490798 0.032643 0.036828
0 0.285807 0.678166 0.033826 0.035331
0 0.173444 0.624602 0.033761 0.033751
0 0.567510 0.846485 0.032578 0.035248
0 0.170834 0.561397 0.033761 0.033751
0 0.283821 0.614920 0.032578 0.035248
0 0.287047 0.708188 0.036323 0.035496
0 0.389236 0.485149 0.033761 0.033751
0 0.777627 0.554509 0.036127 0.030756
0 0.723318 0.588208 0.034879 0.030673
0 0.772471 0.429680 0.033631 0.030590
0 0.232131 0.681719 0.033826 0.035331
0 0.731603 0.803936 0.033696 0.032170
0 0.227064 0.589364 0.033761 0.033751
0 0.670315 0.653509 0.033761 0.033751
0 0.389950 0.517583 0.032578 0.035248
0 0.232747 0.711782 0.035075 0.035413
0 0.828175 0.460058 0.034944 0.032253
0 0.228961 0.620135 0.035075 0.035413
0 0.451896 0.668758 0.031330 0.035165
0 0.775796 0.525318 0.035075 0.035413
0 0.624332 0.873621 0.033761 0.033751
0 0.223058 0.462082 0.033696 0.032170
0 0.771855 0.399616 0.035009 0.033833
0 0.394984 0.609147 0.034944 0.032253
0 0.335682 0.521967 0.033631 0.030590
0 0.721462 0.528122 0.033761 0.033751
0 0.667777 0.561780 0.033631 0.030590
0 0.675316 0.744284 0.033696 0.032170
0 0.554142 0.477403 0.033892 0.036911
0 0.397652 0.704037 0.035075 0.035413
0 0.386593 0.421154 0.036323 0.035496
0 0.604331 0.374262 0.032643 0.036828
0 0.548749 0.377148 0.033826 0.035331
0 0.619897 0.751120 0.032447 0.032088
0 0.335739 0.553652 0.033761 0.033751
0 0.498079 0.438334 0.031860 0.017867
0 0.495488 0.421077 0.033239 0.021110
0 0.497169 0.401160 0.035801 0.022855
0 0.494419 0.364900 0.033174 0.019529
0 0.501664 0.540293 0.028311 0.022359
0 0.520250 0.687208 0.020756 0.020283
0 0.396905 0.670813 0.033696 0.032170
0 0.832091 0.554866 0.035075 0.035413
0 0.124284 0.813235 0.035009 0.033833
0 0.837084 0.675745 0.034879 0.030673
0 0.840870 0.767392 0.032513 0.033668
0 0.782127 0.678590 0.035075 0.035413
0 0.400691 0.762460 0.036323 0.035496
0 0.885523 0.484783 0.032578 0.035248
0 0.783367 0.708612 0.035075 0.035413
0 0.892018 0.642005 0.035009 0.033833
0 0.125654 0.846418 0.035140 0.036993
0 0.241203 0.901355 0.033696 0.032170
0 0.180489 0.810307 0.037571 0.035578
0 0.720059 0.494150 0.036453 0.038656
0 0.121738 0.751611 0.032382 0.030508
0 0.175957 0.685437 0.031199 0.032005
0 0.845443 0.862948 0.033696 0.032170
0 0.789894 0.866624 0.037441 0.032418
0 0.458941 0.854463 0.034879 0.030673
0 0.288353 0.739791 0.036192 0.032336
0 0.234643 0.742553 0.033631 0.030590
0 0.403269 0.824875 0.036258 0.033916
0 0.406504 0.888038 0.037506 0.033998
0 0.238066 0.840562 0.035140 0.036993
0 0.122946 0.780843 0.035075 0.035413
0 0.835130 0.613289 0.033696 0.032170
0 0.460805 0.884444 0.033761 0.033751
0 0.120400 0.719218 0.032578 0.035248
0 0.296622 0.894519 0.039937 0.032583
0 0.183692 0.872681 0.036388 0.037076
0 0.896452 0.764505 0.036323 0.035496
0 0.825903 0.359597 0.033892 0.036911
0 0.566204 0.814883 0.032447 0.032088
0 0.888848 0.580421 0.036127 0.030756
0 0.168264 0.468878 0.033696 0.032170
0 0.781543 0.649316 0.033761 0.033751
0 0.785912 0.770237 0.035075 0.035413
0 0.670865 0.681993 0.032382 0.030508
0 0.294823 0.866118 0.036323 0.035496
0 0.842832 0.799743 0.033826 0.035331
0 0.174158 0.657036 0.032578 0.035248
0 0.111336 0.469477 0.035075 0.035413
0 0.734312 0.869511 0.033761 0.033751
0 0.551368 0.410248 0.033826 0.035331
0 0.280100 0.524853 0.032447 0.032088
0 0.172204 0.594580 0.033892 0.036911
0 0.396355 0.642329 0.035075 0.035413
0 0.882386 0.423989 0.036127 0.030756
0 0.888134 0.547987 0.035075 0.035413
0 0.884283 0.454760 0.035075 0.035413
0 0.726488 0.649791 0.033631 0.030590
0 0.825532 0.396063 0.035009 0.033833
0 0.404640 0.858057 0.036388 0.037076
0 0.290931 0.802206 0.036258 0.033916
0 0.277106 0.422063 0.035205 0.038573
0 0.556687 0.539028 0.033631 0.030590
0 0.778835 0.583741 0.033696 0.032170
0 0.730987 0.773872 0.035075 0.035413
0 0.293452 0.832935 0.033826 0.035331
0 0.780205 0.616924 0.033826 0.035331
0 0.879086 0.359246 0.037636 0.037159
0 0.714968 0.370900 0.036584 0.041816
0 0.181697 0.839540 0.037506 0.033998
0 0.398859 0.733269 0.034879 0.030673
0 0.338227 0.583591 0.036388 0.037076
0 0.385814 0.387140 0.035140 0.036993
0 0.447486 0.577152 0.032578 0.035248
0 0.676678 0.807571 0.033696 0.032170
0 0.729747 0.743850 0.035075 0.035413
0 0.722111 0.558976 0.034944 0.032253
0 0.827429 0.426834 0.033826 0.035331
0 0.669764 0.625026 0.034879 0.030673
0 0.393744 0.579125 0.035075 0.035413
0 0.622378 0.811165 0.035075 0.035413
0 0.613525 0.627164 0.032382 0.030508
0 0.224518 0.527740 0.033761 0.033751
0 0.221031 0.428151 0.035140 0.036993
0 0.450656 0.638736 0.033696 0.032170
0 0.114004 0.564366 0.035075 0.035413
0 0.836468 0.645681 0.033892 0.036911
0 0.449415 0.608713 0.031199 0.032005
0 0.612820 0.564625 0.033696 0.032170
0 0.285093 0.645732 0.032513 0.033668
0 0.675438 0.777549 0.033826 0.035331
0 0.673452 0.714303 0.032578 0.035248
0 0.677392 0.840005 0.032643 0.036828
0 0.334409 0.491154 0.033826 0.035331
0 0.170711 0.528132 0.033761 0.033751
0 0.557458 0.603147 0.032447 0.032088
0 0.609650 0.503042 0.034944 0.032253
0 0.235884 0.772576 0.036388 0.037076
0 0.724624 0.619810 0.035009 0.033833
0 0.773842 0.462862 0.033892 0.036911
0 0.331668 0.424789 0.036323 0.035496
0 0.659847 0.369795 0.033826 0.035331
0 0.562386 0.722446 0.032382 0.030508
0 0.661997 0.436992 0.035140 0.036993
0 0.444753 0.480682 0.032447 0.032088
0 0.109308 0.435545 0.036388 0.037076
0 0.563100 0.754880 0.033826 0.035331
0 0.618559 0.718728 0.035140 0.036993
0 0.608936 0.470608 0.033761 0.033751
0 0.615981 0.656313 0.032578 0.035248
0 0.606982 0.408152 0.032578 0.035248
0 0.607663 0.439795 0.031330 0.035165
0 0.333039 0.457972 0.036323 0.035496
0 0.717742 0.438055 0.036388 0.037076
0 0.559841 0.660821 0.032513 0.033668
0 0.609018 0.533188 0.038820 0.035661
0 0.556679 0.569133 0.033892 0.036911
0 0.669115 0.594172 0.033826 0.035331
0 0.561179 0.693214 0.032447 0.032088
0 0.329016 0.390899 0.038885 0.037241
0 0.552771 0.444221 0.033892 0.036911
0 0.223772 0.494516 0.032643 0.036828
0 0.663335 0.469384 0.035075 0.035413
0 0.443513 0.450660 0.032578 0.035248
0 0.614060 0.594647 0.033696 0.032170
0 0.445499 0.513906 0.033826 0.035331
0 0.770452 0.365644 0.037702 0.038739
