0 0.045082984923349806 0.7215592203898051 0.013622196883314328 0.03070464767616191
0 0.03859622450272394 0.3194745484400657 0.022703661472190544 0.039477404155065336
0 0.3399062460407956 0.5775398015278076 0.020757633346002786 0.035091025915613715
0 0.030812111997972888 0.3925808524309274 0.012324844799189149 0.033628899835796415
0 0.0454073229443811 0.39111872635111017 0.012973520841251742 0.03362889983579637
0 0.5212111997972887 0.28511458556436065 0.01881160521981504 0.035091025915613624
0 0.160222982389459 0.24490611836938672 0.022054985430127943 0.036553151995430876
0 0.22022551628024833 0.28438352252445204 0.02140630938806538 0.033628899835796415
0 0.36909666793361207 0.6126308274434211 0.022054985430127974 0.04093953023488264
0 0.45407322944381096 0.39404297851074466 0.011676168757126612 0.030704647676161958
0 0.2280096287849994 0.6499150424787605 0.012324844799189142 0.03070464767616191
0 0.044434308881287216 0.6850060683943742 0.013622196883314336 0.030704647676162003
0 0.3113645001900418 0.5395245234525595 0.019460281261877602 0.04386378239451696
0 0.15957430634739644 0.1703376882987078 0.019460281261877602 0.048250160633968746
0 0.02919042189281642 0.649183979438852 0.012973520841251746 0.029242521596344703
0 0.2802280501710377 0.15059898622117512 0.024649689598378377 0.035091025915613624
0 0.10476118079310781 0.6864681944741914 0.016216901051564685 0.030704647676162003
0 0.21309007981755984 0.393311915470836 0.013622196883314328 0.032166773755979164
0 0.3781781325224883 0.393311915470836 0.012973520841251734 0.029242521596344703
0 0.22865830482706195 0.393311915470836 0.013622196883314328 0.035091025915613624
0 0.3639072595971114 0.6499150424787605 0.012973520841251734 0.03070464767616191
0 0.4676954263271253 0.3947740415506532 0.012973520841251734 0.032166773755979164
0 0.039244900544786514 0.24709930748911257 0.022703661472190547 0.040939530234882546
0 0.10476118079310781 0.6513771685585779 0.014919548967439498 0.033628899835796415
0 0.46769542632712524 0.3596830156350396 0.011676168757126548 0.029242521596344703
0 0.2815254022551628 0.2683001356464625 0.024649689598378315 0.036553151995430834
0 0.37785379450145695 0.46641821946169776 0.013622196883314359 0.029242521596344703
0 0.3772051184593944 0.43059613050617546 0.013622196883314296 0.033628899835796415
0 0.21341441783859116 0.6477218533590348 0.012973520841251734 0.029242521596344703
0 0.22022551628024833 0.6126308274434211 0.01881160521981501 0.038015278075248134
0 0.1297352084125174 0.355296637395588 0.019460281261877616 0.032166773755979164
0 0.030487773976941593 0.6842750053544656 0.012973520841251742 0.032166773755979115
0 0.3635829215760801 0.3545655743556793 0.01232484479918911 0.03070464767616191
0 0.3107158241479792 0.5790019276076248 0.019460281261877665 0.035091025915613624
0 0.045082984923349806 0.758112372385236 0.012324844799189157 0.033628899835796415
0 0.0301634359559103 0.7588434354251445 0.014919548967439501 0.032166773755979115
0 0.21309007981755984 0.7230213464696225 0.012324844799189142 0.03070464767616191
0 0.029839097934879006 0.3545655743556793 0.012973520841251742 0.03070464767616191
0 0.42974787786646396 0.21127721853359036 0.020108957303940165 0.027780395516527424
0 0.0301634359559103 0.7200970943099878 0.013622196883314328 0.03070464767616191
0 0.3775294564804257 0.3567587634754052 0.012973520841251734 0.032166773755979164
0 0.0454073229443811 0.649183979438852 0.012973520841251742 0.032166773755979115
0 0.21373875585962246 0.355296637395588 0.014919548967439513 0.032166773755979164
0 0.28022805017103763 0.11989433854501322 0.027244393766628655 0.02924252159634468
0 0.22833396680603066 0.3552966373955879 0.012973520841251734 0.029242521596344703
0 0.4907234258203471 0.28438352252445204 0.020108957303940165 0.03070464767616191
0 0.40023311795261624 0.28365245948454343 0.020757633346002786 0.026318269436710243
0 0.3639072595971114 0.7573813093453273 0.012973520841251734 0.03216677375597921
0 0.5205625237552262 0.2134704076533162 0.02140630938806535 0.029242521596344703
0 0.2812010642341315 0.4634939673020633 0.017514253135689824 0.035091025915613624
0 0.3635829215760801 0.6857371314342827 0.01232484479918911 0.03216677375597921
0 0.40088179399467877 0.35748982651531375 0.020757633346002786 0.03070464767616191
0 0.2280096287849994 0.6850060683943742 0.012324844799189142 0.027780395516527587
0 0.3639072595971114 0.7222902834297138 0.012973520841251734 0.02924252159634461
0 0.2802280501710377 0.20762190333404723 0.024649689598378377 0.035091025915613604
0 0.37915114658558213 0.7990519026201185 0.012324844799189173 0.03070464767616191
0 0.21309007981755984 0.6864681944741914 0.013622196883314328 0.03362889983579651
0 0.1297352084125174 0.28145927036481755 0.019460281261877616 0.02778039551652745
0 0.3100671481059166 0.6170172056828729 0.022054985430127974 0.040939530234882546
0 0.2815254022551628 0.29973584636253303 0.024649689598378315 0.029242521596344703
0 0.030487773976941593 0.7975897765403013 0.014270872925376913 0.033628899835796415
0 0.3785024705435196 0.7215592203898051 0.012324844799189173 0.033628899835796415
0 0.0454073229443811 0.7983208395802098 0.012973520841251742 0.03216677375597921
0 0.2815254022551628 0.32312986363960877 0.025947041682503467 0.032166773755979164
0 0.2873634866337261 0.6418733490397658 0.012973520841251734 0.023394017277075782
0 0.49039908779931585 0.35748982651531375 0.022054985430127974 0.024856143356892988
0 0.160222982389459 0.2821903334047262 0.022054985430127943 0.032166773755979115
0 0.37785379450145695 0.6850060683943742 0.013622196883314359 0.030704647676162003
0 0.03859622450272394 0.2821903334047262 0.0201089573039402 0.032166773755979115
0 0.09924743443557582 0.2829213964446349 0.019460281261877616 0.03362889983579637
0 0.3791511465855822 0.758112372385236 0.013622196883314359 0.033628899835796415
0 0.3772051184593944 0.6484529163989434 0.012324844799189173 0.03070464767616191
0 0.2802280501710376 0.18130363389733706 0.025947041682503467 0.02631826943671022
0 0.22736095274293677 0.7588434354251445 0.013622196883314328 0.032166773755979115
0 0.2808767262131002 0.2390576140501178 0.023352337514253193 0.027780395516527497
0 0.16022298238945903 0.21054615549368175 0.019460281261877602 0.029242521596344655
0 0.1054098568351704 0.7588434354251445 0.014919548967439513 0.035091025915613624
0 0.045082984923349806 0.3567587634754052 0.013622196883314328 0.029242521596344703
0 0.36325858355504875 0.7968587135003927 0.012973520841251734 0.035091025915613624
0 0.2873634866337261 0.6586877989576639 0.018162929177752415 0.007310630399086223
0 0.3100671481059166 0.24563718140929539 0.020757633346002786 0.040939530234882594
0 0.2808767262131002 0.4269408153066324 0.022054985430127974 0.038015278075248134
0 0.37039402001773725 0.24709930748911257 0.019460281261877602 0.043863782394517055
0 0.4900747497782845 0.2098150924537731 0.02140630938806535 0.0424016563146998
0 0.34120359812492085 0.24636824444920394 0.020757633346002786 0.0424016563146998
0 0.39958444191055364 0.20762190333404726 0.020757633346002786 0.043863782394517006
0 0.18973774230330676 0.5768087384878989 0.02140630938806538 0.039477404155065336
0 0.3107158241479792 0.3209366745198829 0.02205498543012791 0.039477404155065295
0 0.42974787786646396 0.171799814378525 0.02140630938806541 0.048250160633968746
0 0.459586975801343 0.24783037052902118 0.02140630938806535 0.045325908474334264
0 0.18973774230330676 0.3194745484400657 0.020108957303940196 0.039477404155065336
0 0.09892309641454454 0.5768087384878989 0.021406309388065366 0.036553151995430924
0 0.2812010642341315 0.3881944741914757 0.02400101355631569 0.039477404155065336
0 0.5202381857341949 0.17253087741843365 0.020757633346002786 0.046788034554151516
0 0.2507132902571899 0.6162861426429642 0.02140630938806538 0.039477404155065246
0 0.2513619662992525 0.5775398015278076 0.020108957303940196 0.038015278075248134
0 0.459586975801343 0.3202056114799743 0.020108957303940227 0.043863782394517055
0 0.0703813505637907 0.24636824444920397 0.021406309388065373 0.039477404155065336
0 0.42974787786646396 0.3209366745198829 0.02140630938806541 0.039477404155065295
0 0.2513619662992525 0.24636824444920397 0.02140630938806538 0.039477404155065336
0 0.22022551628024833 0.24563718140929539 0.02140630938806538 0.043863782394517006
0 0.4907234258203471 0.25002355964874706 0.020108957303940165 0.038015278075248085
0 0.42974787786646396 0.24783037052902124 0.020108957303940165 0.0424016563146998
0 0.09989611047763841 0.3202056114799743 0.022054985430127974 0.040939530234882546
0 0.06908399847966552 0.318743485400157 0.02140630938806538 0.038015278075248085
0 0.06940833650069682 0.2829213964446349 0.022054985430127957 0.036553151995430876
0 0.33990624604079567 0.32020561147997434 0.022054985430127974 0.038015278075248085
0 0.18973774230330676 0.6170172056828729 0.02140630938806538 0.040939530234882546
0 0.5202381857341949 0.32020561147997434 0.020757633346002786 0.038015278075248085
0 0.22022551628024833 0.5775398015278076 0.01881160521981501 0.038015278075248134
0 0.2513619662992525 0.28511458556436065 0.020108957303940196 0.035091025915613624
0 0.1907107563664006 0.5380623973727423 0.019460281261877602 0.040939530234882456
0 0.09957177245660712 0.5373313343328336 0.020108957303940196 0.042401656314699755
0 0.3399062460407956 0.28511458556436065 0.020757633346002786 0.035091025915613624
0 0.3107158241479792 0.28511458556436065 0.019460281261877665 0.035091025915613624
0 0.2507132902571899 0.3209366745198829 0.02140630938806538 0.039477404155065295
0 0.34120359812492085 0.5387934604126509 0.019460281261877665 0.04240165631469966
0 0.4300722158874953 0.28438352252445204 0.020757633346002786 0.033628899835796415
0 0.40023311795261624 0.25002355964874706 0.019460281261877665 0.038015278075248085
0 0.1297352084125174 0.2098150924537731 0.019460281261877616 0.0424016563146998
0 0.2507132902571899 0.536600271292925 0.02140630938806538 0.040939530234882546
0 0.03762321043963005 0.5358692082530163 0.02075763334600278 0.042401656314699755
0 0.34120359812492085 0.6148240165631469 0.02205498543012791 0.042401656314699845
0 0.09892309641454454 0.614824016563147 0.021406309388065366 0.039477404155065246
0 0.3697453439756746 0.32020561147997434 0.022054985430127974 0.038015278075248085
0 0.1910350943874319 0.24563718140929539 0.02140630938806535 0.040939530234882594
0 0.160222982389459 0.318743485400157 0.022054985430127943 0.040939530234882594
0 0.06843532243760293 0.5373313343328336 0.020108957303940196 0.042401656314699755
0 0.37039402001773725 0.28511458556436065 0.019460281261877602 0.035091025915613624
0 0.4907234258203471 0.3202056114799743 0.02140630938806541 0.040939530234882546
0 0.06778664639554036 0.5775398015278076 0.020108957303940203 0.038015278075248134
0 0.40023311795261624 0.318743485400157 0.020757633346002786 0.040939530234882594
0 0.1002204484986697 0.24636824444920397 0.020108957303940196 0.039477404155065336
0 0.03762321043963005 0.5760776754479904 0.022054985430127967 0.038015278075248134
0 0.5202381857341949 0.24636824444920397 0.020757633346002786 0.039477404155065336
0 0.21957684023818574 0.5373313343328336 0.01881160521981504 0.042401656314699755
0 0.03762321043963005 0.6155550796030557 0.022054985430127967 0.040939530234882456
0 0.1297352084125174 0.25002355964874706 0.019460281261877616 0.038015278075248085
0 0.3635829215760801 0.3918497893910188 0.01232484479918911 0.035091025915613624
0 0.19038641834536932 0.2836524594845435 0.020108957303940196 0.035091025915613624
0 0.37039402001773725 0.5775398015278076 0.019460281261877602 0.035091025915613715
0 0.37039402001773725 0.5380623973727422 0.019460281261877602 0.04386378239451696
0 0.4531002153807171 0.3574898265153138 0.01232484479918911 0.02778039551652745
0 0.1297352084125174 0.31655029628043124 0.019460281261877616 0.039477404155065336
0 0.3635829215760801 0.4291340044263583 0.011027492715063987 0.02778039551652745
0 0.22022551628024833 0.31874348540015707 0.02140630938806538 0.035091025915613624
0 0.2280096287849994 0.7208281573498965 0.013622196883314328 0.032166773755979115
0 0.04475864690231851 0.42840294138644963 0.015568225009502092 0.03509102591561367
0 0.06811098441657165 0.614824016563147 0.022054985430127957 0.039477404155065246
