0 0.245067 0.241281 0.035842 0.043287
0 0.241392 0.785662 0.033598 0.039965
0 0.810807 0.711845 0.035842 0.043287
0 0.090886 0.283411 0.036931 0.040014
0 0.552759 0.749971 0.031387 0.041577
0 0.863065 0.542380 0.038098 0.048254
0 0.915285 0.543152 0.035854 0.044932
0 0.810846 0.541607 0.033631 0.044899
0 0.140596 0.491393 0.036954 0.043303
0 0.861377 0.627885 0.033587 0.038320
0 0.861666 0.667365 0.036965 0.044948
0 0.399488 0.328274 0.032520 0.044882
0 0.297587 0.197648 0.033665 0.049833
0 0.811652 0.669093 0.032487 0.039948
0 0.863625 0.294843 0.035820 0.039998
0 0.088093 0.532559 0.034698 0.038337
0 0.139784 0.446971 0.036954 0.043303
0 0.603868 0.750727 0.038076 0.044965
0 0.915013 0.583446 0.033598 0.039965
0 0.862221 0.585133 0.034720 0.041626
0 0.861361 0.712593 0.036954 0.043303
0 0.504605 0.311736 0.042498 0.041741
0 0.602196 0.916006 0.039198 0.046626
0 0.606684 0.498289 0.035820 0.039998
0 0.142567 0.281708 0.033587 0.038320
0 0.914212 0.208416 0.035820 0.039998
0 0.344987 0.829960 0.036931 0.040014
0 0.810557 0.584368 0.033587 0.038320
0 0.396934 0.871027 0.032520 0.044882
0 0.400044 0.410523 0.032476 0.038304
0 0.194514 0.240534 0.032509 0.043238
0 0.137514 0.783303 0.032476 0.038304
0 0.915828 0.298082 0.033609 0.041609
0 0.397783 0.580729 0.034709 0.039981
0 0.346108 0.663850 0.034731 0.043271
0 0.244463 0.495397 0.033609 0.041609
0 0.915018 0.418142 0.033609 0.041609
0 0.502821 0.246740 0.044709 0.040129
0 0.605284 0.705515 0.035842 0.043287
0 0.505493 0.180164 0.046898 0.035228
0 0.551088 0.833009 0.033598 0.039965
0 0.761137 0.415866 0.032476 0.038304
0 0.137775 0.909135 0.036976 0.046593
0 0.554448 0.664465 0.035809 0.038353
0 0.397512 0.785505 0.030276 0.041560
0 0.603041 0.873254 0.033598 0.039965
0 0.344720 0.869432 0.036931 0.040014
0 0.862216 0.832678 0.033643 0.046543
0 0.089482 0.491459 0.036965 0.044948
0 0.089770 0.448698 0.032498 0.041593
0 0.192815 0.327684 0.034731 0.043271
0 0.761692 0.333633 0.036942 0.041659
0 0.504610 0.146432 0.044664 0.033551
0 0.138058 0.867197 0.039142 0.038402
0 0.553336 0.499967 0.035831 0.041642
0 0.916401 0.377865 0.035820 0.039998
0 0.861633 0.754540 0.038054 0.041675
0 0.504366 0.347096 0.042442 0.033518
0 0.505388 0.278029 0.041331 0.033501
0 0.514445 0.746937 0.025799 0.036560
0 0.861628 0.919844 0.038065 0.043320
0 0.084717 0.868052 0.034743 0.044915
0 0.504171 0.211396 0.046853 0.028650
0 0.861917 0.877083 0.033620 0.043254
0 0.087783 0.743092 0.039054 0.025245
0 0.554192 0.537810 0.037965 0.028518
0 0.861377 0.792367 0.033565 0.035031
0 0.863626 0.377084 0.036820 0.023568
0 0.502239 0.497566 0.040209 0.031840
0 0.086116 0.825308 0.036920 0.038369
0 0.140307 0.534154 0.034731 0.043271
0 0.603596 0.791021 0.038087 0.046609
0 0.504166 0.376700 0.042464 0.036807
0 0.552487 0.790265 0.031398 0.043221
0 0.397784 0.745211 0.030243 0.036626
0 0.346931 0.706627 0.036931 0.040014
0 0.092603 0.193793 0.037031 0.054816
0 0.916684 0.335926 0.035831 0.041642
0 0.603296 0.835426 0.038042 0.040031
0 0.553010 0.877448 0.035842 0.043287
0 0.138924 0.574432 0.036942 0.041659
0 0.090614 0.323705 0.039187 0.044981
0 0.862237 0.500425 0.033598 0.039965
0 0.551932 0.708015 0.031398 0.043221
0 0.554180 0.374973 0.033609 0.041609
0 0.915084 0.161551 0.037009 0.051527
0 0.087194 0.912499 0.035876 0.048221
0 0.349812 0.197599 0.033654 0.048188
0 0.553603 0.624977 0.038076 0.044965
0 0.347541 0.451690 0.034731 0.043271
0 0.347840 0.242802 0.034709 0.039981
0 0.813072 0.294095 0.034754 0.046560
0 0.607260 0.248285 0.033620 0.043254
0 0.607544 0.206346 0.035854 0.044932
0 0.400871 0.452479 0.034731 0.043271
0 0.241141 0.658185 0.035831 0.041642
0 0.347824 0.409751 0.032498 0.041593
0 0.192548 0.284915 0.033620 0.043254
0 0.812229 0.419089 0.034731 0.043271
0 0.348379 0.327518 0.036965 0.044948
0 0.811385 0.626323 0.035865 0.046576
0 0.658352 0.251508 0.033631 0.044899
0 0.658985 0.157763 0.033654 0.048188
0 0.811956 0.459383 0.034743 0.044915
0 0.138635 0.617193 0.039187 0.044981
0 0.863370 0.414911 0.036976 0.046593
0 0.812250 0.251317 0.032487 0.039948
0 0.607217 0.583827 0.035842 0.043287
0 0.348668 0.284757 0.034720 0.041626
0 0.553908 0.415267 0.033598 0.039965
0 0.452884 0.154713 0.034765 0.048205
0 0.241964 0.700962 0.035831 0.041642
0 0.658113 0.204627 0.036976 0.046593
0 0.138347 0.824436 0.036965 0.044948
0 0.760281 0.378022 0.036965 0.044948
0 0.347786 0.579989 0.036954 0.043303
0 0.145122 0.150160 0.039165 0.041692
0 0.349218 0.367829 0.032487 0.039948
0 0.298115 0.284009 0.035854 0.044932
0 0.086416 0.616420 0.036965 0.044948
0 0.709461 0.252264 0.035831 0.041642
0 0.141739 0.321994 0.034754 0.046560
0 0.554730 0.458044 0.033620 0.043254
0 0.863909 0.252904 0.035854 0.044932
0 0.244763 0.450991 0.038098 0.048254
0 0.086400 0.783369 0.039198 0.046626
0 0.244784 0.283220 0.035854 0.044932
0 0.138063 0.701893 0.039153 0.040047
0 0.090059 0.405937 0.036942 0.041659
0 0.399166 0.540451 0.036965 0.044948
0 0.915017 0.253660 0.038076 0.044965
0 0.812773 0.338501 0.034731 0.043271
0 0.347802 0.495281 0.033631 0.044899
0 0.245673 0.151648 0.038098 0.048254
0 0.243080 0.617916 0.032487 0.039948
0 0.760848 0.458627 0.034765 0.048205
0 0.402271 0.245252 0.034731 0.043271
0 0.914713 0.627852 0.035865 0.046576
0 0.348074 0.537228 0.036931 0.040014
0 0.607860 0.159473 0.035865 0.046576
0 0.241664 0.745368 0.033609 0.041609
0 0.143978 0.237319 0.033631 0.044899
0 0.864770 0.207684 0.036976 0.046593
0 0.242231 0.825973 0.038076 0.044965
0 0.086944 0.702781 0.036976 0.046593
0 0.242808 0.575969 0.035831 0.041642
0 0.552809 0.578088 0.035865 0.046576
0 0.708650 0.207842 0.033631 0.044899
0 0.346387 0.787216 0.036976 0.046593
0 0.137780 0.743831 0.036942 0.041659
0 0.863065 0.460139 0.034720 0.041626
0 0.138352 0.659132 0.036954 0.043303
0 0.607239 0.416056 0.035842 0.043287
0 0.245323 0.367936 0.038087 0.046609
0 0.502561 0.449871 0.040320 0.048287
0 0.554452 0.334679 0.033620 0.043254
0 0.092286 0.240666 0.036931 0.040014
0 0.762236 0.253045 0.034743 0.044915
0 0.605839 0.541041 0.036954 0.043303
0 0.087243 0.658375 0.036954 0.043303
0 0.397228 0.662961 0.032509 0.043238
0 0.090331 0.365643 0.036931 0.040014
0 0.399472 0.495223 0.036954 0.043303
0 0.606672 0.335451 0.031376 0.039932
0 0.606395 0.458809 0.036931 0.040014
0 0.605840 0.623282 0.035842 0.043287
0 0.763081 0.292533 0.034698 0.038337
0 0.245373 0.196053 0.038076 0.044965
0 0.194264 0.195297 0.033654 0.048188
0 0.346675 0.744455 0.036931 0.040014
0 0.142545 0.367238 0.034743 0.044915
0 0.604440 0.666027 0.033620 0.043254
0 0.607511 0.375762 0.033609 0.041609
0 0.863326 0.339248 0.038109 0.049899
0 0.864530 0.160803 0.035876 0.048221
0 0.399161 0.705755 0.034731 0.043271
0 0.144822 0.194566 0.036965 0.044948
0 0.762552 0.206172 0.034754 0.046560
0 0.347503 0.621928 0.032498 0.041593
0 0.298387 0.325956 0.036954 0.043303
0 0.240520 0.914768 0.040298 0.044997
0 0.240820 0.870362 0.038054 0.041675
0 0.812501 0.378795 0.034698 0.038337
0 0.244495 0.325981 0.033609 0.041609
0 0.397746 0.915449 0.036965 0.044948
0 0.813661 0.206928 0.034754 0.046560
0 0.087815 0.573676 0.036942 0.041659
0 0.344432 0.912193 0.036976 0.046593
0 0.762852 0.161766 0.034754 0.046560
0 0.399205 0.370213 0.032509 0.043238
0 0.760548 0.503032 0.034743 0.044915
0 0.396129 0.825782 0.032509 0.043238
0 0.398611 0.622684 0.032498 0.041593
0 0.141168 0.406693 0.032498 0.041593
0 0.452279 0.244347 0.032487 0.039948
0 0.914735 0.460081 0.033620 0.043254
0 0.296176 0.242038 0.038042 0.040031
0 0.913335 0.502825 0.035820 0.039998
0 0.243929 0.409859 0.035809 0.038353
0 0.243080 0.535675 0.035865 0.046576
0 0.811668 0.502144 0.034698 0.038337
0 0.556991 0.287839 0.035876 0.048221
0 0.400365 0.198346 0.036987 0.048237
0 0.710077 0.160986 0.038087 0.046609
0 0.400887 0.285530 0.032498 0.041593
0 0.401804 0.149846 0.039198 0.046626
0 0.453696 0.199135 0.036965 0.044948
0 0.606961 0.292690 0.033620 0.043254
