0 0.6946508172362555 0.9462264150943396 0.04011887072808318 0.03962264150943395
0 0.8142644873699851 0.9009433962264151 0.0416047548291234 0.04339622641509433
0 0.936849925705795 0.7283018867924528 0.04011887072808329 0.04150943396226414
0 0.5304606240713224 0.1849056603773585 0.03566121842496295 0.04150943396226417
0 0.29866270430906394 0.8594339622641509 0.044576523031203574 0.04339622641509433
0 0.9398216939078752 0.6858490566037736 0.04011887072808329 0.03962264150943395
0 0.48291233283803864 0.6858490566037736 0.03566121842496284 0.03962264150943395
0 0.1151560178306092 0.3273584905660377 0.040118870728083206 0.04339622641509433
0 0.5312035661218425 0.10566037735849057 0.034175334323922835 0.030188679245283026
0 0.936849925705795 0.5113207547169811 0.03714710252600306 0.037735849056603765
0 0.6337295690936107 0.9424528301886792 0.04011887072808329 0.03962264150943395
0 0.6931649331352154 0.9018867924528302 0.04011887072808318 0.04528301886792452
0 0.30014858841010406 0.9433962264150944 0.04160475482912329 0.04150943396226414
0 0.6961367013372958 0.730188679245283 0.04011887072808329 0.04528301886792463
0 0.6968796433878158 0.5547169811320755 0.038632986627043175 0.037735849056603765
0 0.35958395245170877 0.9009433962264151 0.038632986627043064 0.03962264150943395
0 0.35958395245170877 0.8566037735849057 0.038632986627043064 0.04150943396226414
0 0.42421991084695393 0.9462264150943396 0.04011887072808318 0.04339622641509433
0 0.5809806835066864 0.24528301886792453 0.03863298662704295 0.04528301886792452
0 0.9405646359583952 0.38113207547169814 0.03566121842496284 0.045283018867924574
0 0.5728083209509658 0.9018867924528302 0.04011887072808318 0.04150943396226414
0 0.8187221396731055 0.33584905660377357 0.03566121842496284 0.04150943396226414
0 0.6968796433878158 0.24528301886792453 0.038632986627043175 0.049056603773584895
0 0.48291233283803864 0.9018867924528302 0.038632986627043064 0.04150943396226414
0 0.300148588410104 0.6377358490566037 0.03566121842496284 0.04150943396226414
0 0.7570579494799405 0.7726415094339623 0.04011887072808318 0.03962264150943395
0 0.9383358098068351 0.4679245283018868 0.04011887072808329 0.04150943396226414
0 0.17682020802377413 0.2792452830188679 0.04160475482912332 0.049056603773584895
0 0.5765230312035661 0.7273584905660377 0.04160475482912329 0.04716981132075482
0 0.7540861812778603 0.9018867924528302 0.04011887072808329 0.04528301886792452
0 0.4234769687964339 0.9018867924528302 0.03566121842496284 0.04150943396226414
0 0.8789004457652303 0.5122641509433963 0.03714710252600295 0.03962264150943395
0 0.42421991084695393 0.24150943396226415 0.03714710252600295 0.04528301886792452
0 0.23848439821693906 0.23773584905660378 0.03714710252600295 0.04528301886792452
0 0.3008915304606241 0.4641509433962264 0.040118870728083234 0.04150943396226414
0 0.6337295690936107 0.8150943396226416 0.04011887072808329 0.037735849056603765
0 0.237741456166419 0.9 0.038632986627043064 0.04150943396226414
0 0.23774145616641904 0.5962264150943396 0.04160475482912335 0.04150943396226414
0 0.2971768202080238 0.6830188679245283 0.038632986627043064 0.04150943396226414
0 0.6329866270430906 0.9 0.04160475482912329 0.04528301886792452
0 0.36255572065378905 0.7273584905660377 0.04160475482912335 0.04339622641509433
0 0.11367013372956909 0.4207547169811321 0.040118870728083206 0.04150943396226414
0 0.17607726597325407 0.37264150943396224 0.040118870728083206 0.05094339622641514
0 0.1151560178306092 0.23773584905660378 0.040118870728083206 0.04150943396226414
0 0.8766716196136701 0.730188679245283 0.038632986627043175 0.04150943396226425
0 0.8179791976225854 0.5990566037735849 0.04011887072808318 0.03962264150943395
0 0.2384843982169391 0.2820754716981132 0.040118870728083234 0.03962264150943395
0 0.575037147102526 0.8141509433962264 0.03566121842496284 0.04339622641509433
0 0.5765230312035662 0.6820754716981132 0.038632986627043175 0.03962264150943395
0 0.7592867756315007 0.6 0.04160475482912329 0.04150943396226414
0 0.9405646359583952 0.24716981132075472 0.03566121842496284 0.04150943396226414
0 0.17756315007429418 0.5047169811320755 0.04309063893016343 0.047169811320754707
0 0.48291233283803864 0.8603773584905661 0.038632986627043064 0.04150943396226414
0 0.8172362555720654 0.8141509433962264 0.0416047548291234 0.04339622641509433
0 0.7555720653789004 0.8150943396226416 0.04011887072808318 0.04150943396226414
0 0.2384843982169391 0.7245283018867924 0.040118870728083234 0.04150943396226414
0 0.6352154531946508 0.5509433962264151 0.04011887072808307 0.04150943396226414
0 0.3632986627043091 0.5075471698113208 0.040118870728083234 0.04528301886792452
0 0.638187221396731 0.24150943396226415 0.03714710252600295 0.04150943396226414
0 0.1151560178306092 0.37264150943396224 0.04309063893016343 0.04716981132075476
0 0.8789004457652303 0.4669811320754717 0.04011887072808329 0.04339622641509433
0 0.11218424962852896 0.4641509433962264 0.04011887072808318 0.049056603773584895
0 0.8803863298662704 0.2481132075471698 0.04011887072808318 0.047169811320754707
0 0.575780089153046 0.5537735849056604 0.03714710252600295 0.03962264150943395
0 0.30163447251114417 0.37735849056603776 0.04160475482912335 0.045283018867924574
0 0.42421991084695393 0.6867924528301886 0.04011887072808318 0.04150943396226414
0 0.30014858841010406 0.8141509433962264 0.04160475482912329 0.04339622641509433
0 0.3610698365527489 0.769811320754717 0.04160475482912329 0.04528301886792463
0 0.8789004457652303 0.6858490566037736 0.04011887072808329 0.04339622641509433
0 0.3647845468053492 0.24056603773584906 0.03714710252600295 0.04339622641509433
0 0.8187221396731055 0.5132075471698113 0.038632986627043064 0.04150943396226414
0 0.6961367013372958 0.4216981132075472 0.04011887072808329 0.04339622641509433
0 0.8194650817236255 0.5547169811320755 0.04011887072808318 0.04150943396226414
0 0.5757800891530461 0.6377358490566037 0.04011887072808329 0.04528301886792452
0 0.6359583952451708 0.37924528301886795 0.03566121842496295 0.0415094339622642
0 0.48291233283803864 0.8141509433962264 0.038632986627043064 0.04339622641509433
0 0.7570579494799405 0.6443396226415095 0.04011887072808318 0.04339622641509433
0 0.7585438335809807 0.28962264150943395 0.04011887072808318 0.04339622641509433
0 0.6359583952451708 0.4226415094339623 0.03863298662704295 0.04528301886792452
0 0.6961367013372958 0.28962264150943395 0.04011887072808329 0.04339622641509433
0 0.7563150074294205 0.4226415094339623 0.038632986627043064 0.04150943396226414
0 0.48291233283803864 0.6433962264150943 0.038632986627043064 0.04150943396226414
0 0.6946508172362555 0.8150943396226416 0.04011887072808318 0.04528301886792452
0 0.42496285289747404 0.5094339622641509 0.04160475482912335 0.04528301886792452
0 0.7592867756315007 0.33584905660377357 0.038632986627043064 0.04150943396226414
0 0.4836552748885587 0.3764150943396226 0.04011887072808318 0.04716981132075476
0 0.42496285289747404 0.5962264150943396 0.04160475482912335 0.04150943396226414
0 0.23699851411589895 0.4641509433962264 0.04011887072808318 0.04528301886792452
0 0.48291233283803864 0.5990566037735849 0.038632986627043064 0.04339622641509433
0 0.3647845468053492 0.28679245283018867 0.040118870728083234 0.04528301886792452
0 0.3008915304606241 0.3320754716981132 0.040118870728083234 0.04150943396226414
0 0.48291233283803864 0.5537735849056604 0.038632986627043064 0.047169811320754707
0 0.23699851411589895 0.6377358490566037 0.04011887072808318 0.04528301886792452
0 0.36181277860326894 0.5537735849056604 0.03714710252600295 0.04339622641509433
0 0.6367013372956909 0.4679245283018868 0.04011887072808318 0.04528301886792452
0 0.23699851411589895 0.7688679245283019 0.04011887072808318 0.04716981132075482
0 0.7585438335809807 0.4641509433962264 0.04011887072808318 0.04150943396226414
0 0.5772659732540861 0.4669811320754717 0.04011887072808318 0.04339622641509433
0 0.5787518573551262 0.28962264150943395 0.03714710252600295 0.04339622641509433
0 0.8789004457652303 0.38113207547169814 0.04011887072808329 0.0415094339622642
0 0.8194650817236255 0.42547169811320756 0.04011887072808318 0.04339622641509433
0 0.4836552748885587 0.4226415094339623 0.04011887072808318 0.04150943396226414
0 0.42496285289747404 0.8150943396226416 0.04160475482912335 0.04528301886792452
0 0.6352154531946508 0.7735849056603774 0.04011887072808307 0.04528301886792452
0 0.4836552748885587 0.3320754716981132 0.04011887072808318 0.04150943396226414
0 0.6352154531946508 0.6830188679245283 0.04011887072808307 0.04528301886792452
0 0.4851411589895988 0.28867924528301886 0.03714710252600295 0.04150943396226414
0 0.7585438335809807 0.5547169811320755 0.04011887072808318 0.04150943396226414
0 0.42421991084695393 0.4226415094339623 0.04011887072808318 0.04150943396226414
0 0.3632986627043091 0.3320754716981132 0.040118870728083234 0.04528301886792452
0 0.8179791976225854 0.6867924528301886 0.04011887072808318 0.04528301886792452
0 0.4851411589895988 0.24056603773584906 0.04011887072808318 0.047169811320754707
0 0.7585438335809807 0.5122641509433963 0.04011887072808318 0.047169811320754707
0 0.6968796433878158 0.5122641509433963 0.038632986627043175 0.04339622641509433
0 0.6359583952451708 0.28867924528301886 0.03863298662704295 0.04528301886792452
0 0.4257057949479941 0.3320754716981132 0.040118870728083234 0.04150943396226414
0 0.5757800891530461 0.5113207547169811 0.04011887072808329 0.04150943396226414
0 0.30163447251114417 0.23773584905660378 0.03863298662704312 0.04528301886792452
0 0.6961367013372958 0.4669811320754717 0.04011887072808329 0.04339622641509433
0 0.5787518573551262 0.33490566037735847 0.03714710252600295 0.047169811320754707
0 0.6359583952451708 0.33584905660377357 0.03863298662704295 0.04528301886792452
0 0.5772659732540861 0.4226415094339623 0.04011887072808318 0.04150943396226414
0 0.9383358098068351 0.5509433962264151 0.04011887072808329 0.04528301886792452
0 0.6344725111441307 0.8556603773584905 0.038632986627043064 0.04339622641509433
0 0.7570579494799405 0.6867924528301886 0.03714710252600295 0.04150943396226414
0 0.9383358098068351 0.5990566037735849 0.04011887072808329 0.04339622641509433
0 0.5765230312035661 0.5962264150943396 0.03566121842496295 0.04150943396226414
0 0.5735512630014858 0.7735849056603774 0.038632986627043175 0.04150943396226414
0 0.299405646359584 0.4216981132075472 0.04011887072808312 0.04339622641509433
0 0.23699851411589895 0.4207547169811321 0.04011887072808318 0.04528301886792452
0 0.9398216939078752 0.42547169811320756 0.04011887072808329 0.03962264150943395
0 0.42421991084695393 0.8603773584905661 0.04011887072808318 0.04150943396226414
0 0.17756315007429418 0.55 0.040118870728083206 0.04339622641509433
0 0.36255572065378905 0.9462264150943396 0.04160475482912335 0.047169811320754707
0 0.8194650817236255 0.4679245283018868 0.04011887072808318 0.04150943396226414
0 0.35958395245170877 0.6830188679245283 0.038632986627043064 0.04150943396226414
0 0.8796433878157504 0.5981132075471698 0.038632986627043064 0.04150943396226414
0 0.30014858841010406 0.7688679245283019 0.04160475482912329 0.04716981132075482
0 0.23699851411589895 0.3273584905660377 0.04011887072808318 0.04339622641509433
0 0.8789004457652303 0.42547169811320756 0.03714710252600295 0.04339622641509433
0 0.936849925705795 0.6433962264150943 0.04011887072808329 0.04150943396226414
0 0.23699851411589895 0.8150943396226416 0.04011887072808318 0.04150943396226414
0 0.2384843982169391 0.5113207547169811 0.040118870728083234 0.04528301886792452
0 0.6953937592867756 0.6415094339622641 0.03566121842496284 0.04150943396226414
0 0.48291233283803864 0.4641509433962264 0.038632986627043064 0.04150943396226414
0 0.17756315007429418 0.46037735849056605 0.040118870728083206 0.04150943396226414
0 0.3008915304606241 0.28679245283018867 0.040118870728083234 0.04528301886792452
0 0.6337295690936107 0.6377358490566037 0.03714710252600295 0.037735849056603765
0 0.42496285289747404 0.7311320754716981 0.04160475482912335 0.04339622641509444
0 0.23699851411589895 0.9433962264150944 0.04011887072808318 0.04528301886792452
0 0.23699851411589895 0.5537735849056604 0.04011887072808318 0.04339622641509433
0 0.17682020802377413 0.23773584905660378 0.04160475482912332 0.04150943396226414
0 0.6337295690936107 0.7283018867924528 0.04011887072808329 0.04150943396226414
0 0.17607726597325407 0.4188679245283019 0.040118870728083206 0.04150943396226414
0 0.30014858841010406 0.5537735849056604 0.04160475482912329 0.047169811320754707
0 0.35958395245170877 0.6415094339622641 0.038632986627043064 0.04150943396226414
0 0.36181277860326894 0.4641509433962264 0.04011887072808318 0.04150943396226414
0 0.424962852897474 0.5537735849056604 0.038632986627043064 0.04339622641509433
0 0.8796433878157504 0.33584905660377357 0.0416047548291234 0.04150943396226414
0 0.6953937592867756 0.33584905660377357 0.03566121842496284 0.04150943396226414
0 0.6968796433878157 0.6830188679245283 0.04160475482912329 0.04528301886792452
0 0.17607726597325407 0.5962264150943396 0.040118870728083206 0.04528301886792452
0 0.8179791976225854 0.380188679245283 0.04011887072808318 0.043396226415094385
0 0.8789004457652303 0.29339622641509433 0.04011887072808329 0.04339622641509433
0 0.8789004457652303 0.5547169811320755 0.04011887072808329 0.04150943396226414
0 0.362555720653789 0.5962264150943396 0.038632986627043064 0.04150943396226414
0 0.8796433878157504 0.6415094339622641 0.038632986627043064 0.04150943396226414
0 0.48291233283803864 0.7716981132075472 0.038632986627043064 0.04150943396226414
0 0.5326894502228827 0.16226415094339622 0.031203566121842496 0.007547169811320753
0 0.42421991084695393 0.6415094339622641 0.04011887072808318 0.04150943396226414
0 0.5787518573551262 0.38113207547169814 0.03714710252600295 0.03773584905660382
0 0.8172362555720654 0.7320754716981133 0.038632986627043064 0.04150943396226425
0 0.7563150074294205 0.38113207547169814 0.038632986627043064 0.045283018867924574
0 0.35958395245170877 0.8150943396226416 0.038632986627043064 0.04150943396226414
0 0.8187221396731055 0.29056603773584905 0.038632986627043064 0.04150943396226414
0 0.4821693907875186 0.5075471698113208 0.04011887072808318 0.04150943396226414
0 0.6968796433878157 0.5981132075471698 0.04160475482912329 0.04528301886792452
0 0.6352154531946508 0.5962264150943396 0.04011887072808307 0.04528301886792452
0 0.637444279346211 0.5122641509433963 0.04160475482912329 0.03962264150943395
0 0.4271916790490342 0.28679245283018867 0.040118870728083234 0.04150943396226414
0 0.424962852897474 0.4641509433962264 0.038632986627043064 0.04150943396226414
0 0.5304606240713224 0.35 0.026745913818722045 0.024528301886792447
0 0.5289747399702822 0.3132075471698113 0.03566121842496284 0.04150943396226414
0 0.5289747399702823 0.3764150943396226 0.03268945022288272 0.02830188679245288
0 0.23774145616641904 0.8566037735849057 0.04160475482912335 0.04150943396226414
0 0.5341753343239228 0.8150943396226416 0.022288261515601815 0.03396226415094339
0 0.7540861812778603 0.8566037735849057 0.03714710252600295 0.04150943396226414
0 0.8187221396731055 0.2481132075471698 0.03566121842496284 0.03962264150943395
0 0.1151560178306092 0.2830188679245283 0.040118870728083206 0.04150943396226414
0 0.936849925705795 0.9018867924528302 0.043090638930163516 0.04150943396226414
0 0.936849925705795 0.8632075471698113 0.04011887072808329 0.03962264150943395
0 0.2384843982169391 0.37264150943396224 0.040118870728083234 0.04716981132075476
0 0.937592867756315 0.9452830188679245 0.0416047548291234 0.04150943396226414
0 0.7555720653789004 0.730188679245283 0.04011887072808318 0.04528301886792463
0 0.9390787518573551 0.33584905660377357 0.03566121842496295 0.04150943396226414
0 0.5728083209509658 0.9462264150943396 0.04011887072808318 0.03962264150943395
0 0.6968796433878157 0.3764150943396226 0.03566121842496284 0.03584905660377363
0 0.5742942050520059 0.8594339622641509 0.03714710252600295 0.04339622641509433
0 0.936849925705795 0.8188679245283019 0.04011887072808329 0.04528301886792452
0 0.7585438335809807 0.24433962264150944 0.03714710252600295 0.03962264150943395
0 0.17607726597325407 0.32452830188679244 0.03714710252600298 0.04150943396226414
0 0.11367013372956909 0.19528301886792454 0.040118870728083206 0.04339622641509436
0 0.11441307578008915 0.1509433962264151 0.03863298662704309 0.04528301886792452
0 0.5326894502228827 0.13962264150943396 0.031203566121842496 0.03396226415094339
0 0.8172362555720654 0.9452830188679245 0.038632986627043064 0.04150943396226414
0 0.299405646359584 0.5981132075471698 0.04011887072808312 0.037735849056603765
0 0.9390787518573551 0.29056603773584905 0.03566121842496295 0.04528301886792452
0 0.5289747399702823 0.22264150943396227 0.03268945022288272 0.03396226415094339
0 0.8766716196136701 0.7735849056603774 0.038632986627043175 0.04528301886792452
0 0.48291233283803864 0.9452830188679245 0.038632986627043064 0.04150943396226414
0 0.48291233283803864 0.7283018867924528 0.03566121842496284 0.04150943396226414
0 0.6939078751857355 0.8603773584905661 0.038632986627043064 0.037735849056603765
0 0.23699851411589895 0.6830188679245283 0.03714710252600295 0.037735849056603765
0 0.9383358098068351 0.7754716981132076 0.04011887072808329 0.049056603773584895
0 0.3008915304606241 0.5094339622641509 0.040118870728083234 0.04528301886792452
0 0.300148588410104 0.9018867924528302 0.038632986627043064 0.037735849056603765
0 0.2986627043090639 0.7245283018867924 0.04160475482912329 0.04150943396226414
0 0.8164933135215453 0.8594339622641509 0.04011887072808329 0.03962264150943395
0 0.3632986627043091 0.37735849056603776 0.040118870728083234 0.0415094339622642
0 0.7555720653789004 0.9471698113207547 0.04011887072808318 0.04150943396226414
0 0.42199108469539376 0.7735849056603774 0.038632986627043064 0.04150943396226414
0 0.3632986627043091 0.4216981132075472 0.040118870728083234 0.03962264150943395
0 0.8172362555720654 0.7735849056603774 0.038632986627043064 0.04150943396226414
0 0.8179791976225854 0.6396226415094339 0.04011887072808318 0.04150943396226414
0 0.6953937592867756 0.7735849056603774 0.03566121842496284 0.04150943396226414
0 0.8194650817236255 0.2 0.03714710252600295 0.04905660377358492
0 0.42421991084695393 0.37735849056603776 0.04011887072808318 0.045283018867924574
