0 0.29390340459224074 0.20548738845751754 0.02567432040116128 0.029828814453510603
0 0.3871417260490894 0.2137731702501594 0.02026920031670626 0.02651450173645386
0 0.29390340459224074 0.275087955515709 0.027025600422275035 0.03314312717056737
0 0.29457904460279755 0.30408819178995544 0.028376880443388788 0.03480028352909571
0 0.300321984692531 0.6752912161003097 0.01283716020058067 0.03148597081203897
0 0.48848772763262077 0.3455171007531646 0.013512800211137484 0.03480028352909571
0 0.2939034045922407 0.13588682139932615 0.028376880443388725 0.029828814453510624
0 0.07263130113486409 0.2543735010341044 0.01959356030614939 0.04142890896320919
0 0.48781208762206385 0.681091263355159 0.013512800211137484 0.03314312717056732
0 0.16688308260754817 0.6346908853163648 0.02026920031670626 0.03977175260468071
0 0.5121351280021114 0.2626592828267463 0.020269200316706197 0.04142890896320924
0 0.4496384270256004 0.6388337762126857 0.019593560306149383 0.04474322168026594
0 0.2932277645816838 0.17151568310768606 0.027025600422275035 0.04474322168026591
0 0.48848772763262077 0.7200344377805756 0.016215360253364994 0.03811459624615255
0 0.230055423594616 0.2137731702501594 0.020944840327263136 0.03645743988762411
0 0.07938770124043285 0.6777769506381023 0.014188440221694378 0.03645743988762411
0 0.1682343626286619 0.29911672271437034 0.02162048033781998 0.04805753439732263
0 0.041551860649247825 0.2958024099973136 0.022296120348376875 0.04805753439732263
0 0.07972552124571128 0.7183772814220473 0.014864080232251256 0.03811459624615255
0 0.29390340459224074 0.10274369422875879 0.027025600422275035 0.03977175260468083
0 0.29457904460279755 0.23780193744882072 0.02567432040116128 0.04142890896320915
0 0.29356558458696225 0.46317520220867875 0.019593560306149317 0.03811459624615245
0 0.04155186064924782 0.2518877664963119 0.01959356030614938 0.03645743988762411
0 0.2939034045922407 0.06711483252039888 0.028376880443388725 0.03811459624615245
0 0.3560622855634732 0.2601735482889537 0.018917920295592503 0.03645743988762411
0 0.3256584850884138 0.3016024572521629 0.02026920031670626 0.0430860653217375
0 0.07330694114542095 0.29828814453510616 0.019593560306149373 0.0430860653217375
0 0.23140670361572974 0.1731728394662144 0.020944840327263105 0.04474322168026591
0 0.3878173660596464 0.1731728394662144 0.02026920031670626 0.04474322168026591
0 0.32430720506730004 0.6371766198541573 0.02026920031670626 0.04474322168026584
0 0.04087622063869095 0.546033020135097 0.02229612034837688 0.04474322168026575
0 0.19931380311427818 0.25685923557189694 0.018917920295592503 0.04308606532173759
0 0.3878173660596464 0.1276010396066843 0.02026920031670626 0.04971469075585101
0 0.4496384270256004 0.5965762890702123 0.019593560306149383 0.0397717526046808
0 0.48071786751121665 0.6388337762126857 0.019593560306149383 0.04142890896320915
0 0.3256584850884138 0.25851639193042536 0.02026920031670626 0.03977175260468085
0 0.5438902084982845 0.1781443085417995 0.018917920295592503 0.04142890896320919
0 0.32565848508841383 0.2146017484294236 0.01891792029559244 0.04805753439732265
0 0.4496384270256004 0.5510044892106821 0.019593560306149383 0.048057534397322535
0 0.5445658485088414 0.22123037386353708 0.02026920031670626 0.04474322168026594
0 0.0422275006598047 0.2079731229953101 0.022296120348376875 0.04474322168026591
0 0.16620744259699127 0.5924333981738914 0.02026920031670623 0.04474322168026603
0 0.45031406703615734 0.3032596136106913 0.019593560306149383 0.04640037803879424
0 0.1682343626286619 0.2560306573926328 0.02026920031670623 0.03811459624615245
0 0.07195566112430721 0.5916048199946272 0.019593560306149383 0.04308606532173759
0 0.32498284507785696 0.5940905545324197 0.02026920031670626 0.04474322168026584
0 0.5124729480073897 0.2204017956842729 0.019593560306149383 0.043086065321737546
0 0.13512800211137505 0.5924333981738914 0.021620480337820012 0.04474322168026603
0 0.10371074162048033 0.6346908853163648 0.020944840327263136 0.03977175260468071
0 0.4736236474003695 0.4267177623210547 0.013512800211137549 0.03480028352909571
0 0.48983900765373456 0.3861174315371096 0.013512800211137484 0.03314312717056737
0 0.473961467405648 0.3861174315371096 0.01283716020058067 0.03314312717056737
0 0.48071786751121665 0.5940905545324197 0.019593560306149383 0.04474322168026584
0 0.19897598310899975 0.2129445920708952 0.019593560306149383 0.04474322168026591
0 0.3567379255740301 0.21791606114648032 0.02026920031670626 0.04474322168026594
0 0.48983900765373456 0.428374918679583 0.013512800211137484 0.038114596246152405
0 0.13512800211137505 0.6355194634956289 0.021620480337820012 0.04474322168026594
0 0.32430720506730004 0.5476901764936255 0.02026920031670626 0.04805753439732263
0 0.1682343626286619 0.5468615983143613 0.02026920031670623 0.049714690755851075
0 0.5445658485088414 0.13008677414447686 0.02026920031670626 0.05137184711437936
0 0.04087622063869095 0.590776241815363 0.02229612034837688 0.04474322168026603
0 0.45031406703615734 0.25934497010968954 0.020944840327263136 0.04142890896320924
0 0.07195566112430721 0.5468615983143613 0.020944840327263136 0.04640037803879419
0 0.041214040643969385 0.6346908853163648 0.02297176035893376 0.04308606532173759
0 0.1364792821324888 0.2560306573926328 0.01891792029559252 0.04142890896320924
0 0.0719556611243072 0.6363480416748931 0.022296120348376875 0.046400378038794286
0 0.10404856162575878 0.297459566355842 0.02026920031670626 0.04474322168026589
0 0.26248614410134596 0.256859235571897 0.020944840327263136 0.03977175260468085
0 0.4172077065188704 0.2137731702501594 0.019593560306149317 0.04640037803879431
0 0.26214832409606753 0.21294459207089525 0.02026920031670626 0.04805753439732265
0 0.26248614410134596 0.29911672271437034 0.020944840327263136 0.04805753439732263
0 0.5121351280021114 0.17565857400400697 0.018917920295592503 0.046400378038794286
0 0.41754552652414884 0.30408819178995544 0.020269200316706197 0.04805753439732263
0 0.48071786751121665 0.21791606114648032 0.019593560306149383 0.04474322168026594
0 0.1358036421219319 0.29828814453510616 0.020269200316706273 0.0430860653217375
0 0.19965162311955661 0.16902994856989348 0.019593560306149383 0.046400378038794286
0 0.48139350752177357 0.5493473328521539 0.019593560306149383 0.04474322168026594
0 0.4172077065188704 0.25851639193042536 0.019593560306149317 0.04308606532173759
0 0.10506202164159409 0.21128743571236686 0.020944840327263136 0.04474322168026591
0 0.16755872261810503 0.2096302793538385 0.02026920031670623 0.04805753439732265
0 0.3874795460543679 0.2560306573926328 0.020944840327263136 0.04805753439732268
0 0.4810556875164951 0.3057453481484838 0.018917920295592503 0.04474322168026589
0 0.10371074162048033 0.546033020135097 0.020944840327263136 0.04474322168026575
0 0.23140670361572974 0.12428672688962754 0.020944840327263105 0.05302900347290779
0 0.45031406703615734 0.21625890478795193 0.020944840327263136 0.04805753439732268
0 0.10371074162048033 0.590776241815363 0.020944840327263136 0.04474322168026603
0 0.230055423594616 0.2560306573926328 0.022296120348376892 0.04805753439732268
0 0.13512800211137505 0.546033020135097 0.021620480337820012 0.04474322168026575
0 0.29322776458168387 0.4234034496039979 0.024323040380047588 0.04142890896320919
0 0.10404856162575878 0.25437350103410444 0.02026920031670626 0.04474322168026594
0 0.29356558458696225 0.3794888061029962 0.024998680390604402 0.046400378038794286
0 0.07330694114542095 0.2096302793538385 0.022296120348376875 0.04805753439732265
0 0.1364792821324888 0.21045885753310267 0.020269200316706273 0.046400378038794286
0 0.3567379255740301 0.17068710492842185 0.02026920031670626 0.049714690755851026
0 0.48071786751121665 0.26100212646821785 0.019593560306149383 0.04474322168026598
