0 0.176111 0.539474 0.023333 0.036184
0 0.202778 0.541941 0.023333 0.037829
0 0.176111 0.666118 0.021111 0.036184
0 0.137222 0.666118 0.034444 0.042763
0 0.202222 0.626645 0.022222 0.039474
0 0.188333 0.371711 0.036667 0.046053
0 0.177222 0.621711 0.023333 0.036184
0 0.085556 0.291941 0.037778 0.047697
0 0.396111 0.708882 0.036667 0.042763
0 0.202222 0.711349 0.024444 0.037829
0 0.406111 0.419408 0.023333 0.036184
0 0.291667 0.249178 0.034444 0.037829
0 0.085556 0.376645 0.037778 0.046053
0 0.176667 0.579770 0.024444 0.034539
0 0.240556 0.291118 0.034444 0.042763
0 0.449444 0.708882 0.032222 0.042763
0 0.408333 0.457237 0.023333 0.032895
0 0.188333 0.289474 0.036667 0.052632
0 0.239444 0.246711 0.036667 0.046053
0 0.135556 0.374178 0.033333 0.044408
0 0.137222 0.621711 0.034444 0.046053
0 0.291667 0.291941 0.036667 0.047697
0 0.396667 0.333882 0.035556 0.042763
0 0.343333 0.333882 0.035556 0.039474
0 0.137222 0.708882 0.036667 0.046053
0 0.291667 0.202303 0.036667 0.052632
0 0.395556 0.624178 0.033333 0.047697
0 0.448333 0.666941 0.036667 0.041118
0 0.500556 0.146382 0.045556 0.032895
0 0.396667 0.666941 0.033333 0.041118
0 0.201111 0.416118 0.020000 0.036184
0 0.500556 0.180099 0.043333 0.034539
0 0.136667 0.333882 0.033333 0.039474
0 0.150556 0.832237 0.023333 0.032895
0 0.085556 0.333882 0.035556 0.039474
0 0.202778 0.501645 0.023333 0.032895
0 0.150556 0.789474 0.023333 0.032895
0 0.176667 0.418586 0.024444 0.037829
0 0.201111 0.668586 0.022222 0.034539
0 0.240556 0.333882 0.036667 0.039474
0 0.150556 0.753289 0.025556 0.032895
0 0.175556 0.499178 0.022222 0.037829
0 0.175556 0.458882 0.022222 0.036184
0 0.202778 0.458882 0.023333 0.039474
0 0.136667 0.291941 0.033333 0.047697
0 0.396667 0.289474 0.035556 0.046053
0 0.447222 0.333882 0.034444 0.042763
0 0.447222 0.621711 0.036667 0.049342
0 0.448333 0.287007 0.036667 0.044408
0 0.343333 0.289474 0.033333 0.046053
0 0.447222 0.374178 0.032222 0.041118
0 0.396667 0.374178 0.035556 0.044408
0 0.343333 0.374178 0.037778 0.044408
