0 0.45531452787710236 0.0720449522050802 0.023731956032313647 0.0469506430100523
0 0.5502423520063568 0.0752829275850838 0.022375844259038522 0.0437126676300487
0 0.17426036286584556 0.03157025995503516 0.023053900145676084 0.046950643010052286
0 0.26952721493841875 0.16189876900018024 0.01966362071248843 0.03885570456004326
0 0.45734869553701496 0.7034501513057831 0.022375844259038585 0.04047469225004506
0 0.45734869553701496 0.6597374836757345 0.022375844259038585 0.04371266763004866
0 0.3925943583631307 0.030760766110034258 0.02169778837240099 0.048569630700054094
0 0.11154019335187393 0.12385255828513787 0.022375844259038536 0.04371266763004866
0 0.48853926632234146 0.7382583866408219 0.022375844259038522 0.0420936799400469
0 0.2383366441530923 0.2914177842003245 0.022375844259038522 0.04209367994004686
0 0.4563316117070586 0.11818610137013158 0.02034167659912599 0.045331655320050464
0 0.4251410409217322 0.2436576473452713 0.02169778837240099 0.04371266763004866
0 0.42649715269500726 0.5334564438555939 0.02169778837240099 0.04047469225004506
0 0.23765858826645478 0.36993868716541184 0.019663620712488398 0.04371266763004866
0 0.3627598993510794 0.37074818101041274 0.02034167659912599 0.04209367994004686
0 0.4241239570917759 0.07447343374008289 0.019663620712488398 0.048569630700054094
0 0.3932724142497683 0.07852090296508743 0.02034167659912593 0.04047469225004503
0 0.4251410409217322 0.20318295509522621 0.02034167659912593 0.04047469225004513
0 0.23698053237981725 0.16594623822518473 0.02101973248576346 0.04047469225004506
0 0.4258190968083697 0.327845007225365 0.02034167659912593 0.04047469225004506
0 0.3627598993510794 0.3294639949153668 0.02034167659912599 0.04047469225004506
0 0.4258190968083697 0.36831969947541005 0.02169778837240099 0.046950643010052265
0 0.23698053237981725 0.07852090296508742 0.022375844259038522 0.04695064301005225
0 0.5190517812210304 0.28575132728531816 0.022375844259038585 0.04371266763004866
0 0.48786121043570385 0.2477051165702758 0.019663620712488398 0.04209367994004681
0 0.518034697391074 0.20399244894022708 0.02034167659912593 0.04209367994004688
0 0.4875221824923851 0.16270826284518114 0.02034167659912593 0.04047469225004506
0 0.42649715269500726 0.49379124545054975 0.02169778837240099 0.04209367994004681
0 0.4258190968083697 0.4104133794154569 0.02034167659912593 0.04371266763004866
0 0.2702052708250563 0.24689562272527488 0.02101973248576349 0.04047469225004501
0 0.4570096675936962 0.3270355133803641 0.02034167659912599 0.04209367994004686
0 0.48853926632234146 0.6160248160456858 0.022375844259038522 0.04047469225004506
0 0.17493841875248314 0.07771140912008653 0.02034167659912593 0.042093679940046834
0 0.45734869553701496 0.5350754315455958 0.022375844259038585 0.04371266763004875
0 0.45734869553701496 0.49298175160554886 0.022375844259038585 0.04047469225004506
0 0.17561647463912067 0.12061458290513427 0.02034167659912593 0.046950643010052265
0 0.3308912726791154 0.16432725053518293 0.02034167659912593 0.046950643010052265
0 0.23799761620977355 0.030760766110034258 0.02305390014567605 0.0518076060800577
0 0.3627598993510794 0.07852090296508743 0.02034167659912599 0.04047469225004503
0 0.11221824923851147 0.07447343374008289 0.022375844259038536 0.051807606080057696
0 0.3627598993510794 0.16432725053518293 0.02034167659912599 0.04371266763004866
0 0.457348695537015 0.36670071178540825 0.019663620712488398 0.04047469225004506
0 0.48786121043570385 0.6605469775207353 0.022375844259038522 0.042093679940047
0 0.14340882002383792 0.0752829275850838 0.01966362071248841 0.0437126676300487
0 0.14306979208051915 0.12061458290513427 0.020341676599125943 0.04371266763004866
0 0.33156932856575294 0.03157025995503516 0.021697788372400925 0.046950643010052286
0 0.4251410409217322 0.28737031497531995 0.018985564825850867 0.04371266763004866
0 0.30037875778042644 0.3237975380003605 0.025766123692226174 0.045331655320050505
0 0.3627598993510794 0.20642093047522983 0.021697788372401054 0.04047469225004513
0 0.45734869553701496 0.6192627914256893 0.022375844259038585 0.040474692250044964
0 0.3932724142497683 0.16270826284518114 0.02034167659912593 0.03723671687004146
0 0.20680704542444708 0.20803991816523162 0.02034167659912593 0.046950643010052286
0 0.2702052708250563 0.20318295509522621 0.02101973248576349 0.043712667630048684
0 0.20680704542444708 0.0752829275850838 0.02034167659912593 0.0437126676300487
0 0.42649715269500726 0.5763596176406416 0.02169778837240099 0.0420936799400469
0 0.5183737253343929 0.327845007225365 0.022375844259038585 0.04371266763004866
0 0.14306979208051915 0.16189876900018024 0.020341676599125943 0.04209367994004686
0 0.4563316117070586 0.20318295509522621 0.02034167659912599 0.043712667630048684
0 0.48718315454906636 0.28898930266532175 0.02101973248576346 0.04047469225004506
0 0.48786121043570385 0.20642093047522983 0.019663620712488398 0.04047469225004513
0 0.5176956694477552 0.12304306444013698 0.02101973248576346 0.03885570456004326
0 0.4875221824923851 0.12061458290513427 0.02034167659912593 0.04371266763004866
0 0.26952721493841875 0.07771140912008649 0.02101973248576349 0.048569630700054094
0 0.457348695537015 0.40879439172545506 0.019663620712488398 0.040474692250044964
0 0.26952721493841875 0.12142407675013518 0.02101973248576349 0.03885570456004326
0 0.5183737253343929 0.2436576473452713 0.019663620712488398 0.04047469225004501
0 0.4566706396503774 0.5763596176406417 0.022375844259038585 0.03885570456004312
0 0.4570096675936962 0.24689562272527488 0.021697788372401054 0.04371266763004866
0 0.48853926632234146 0.5342659377005948 0.022375844259038522 0.04533165532005069
0 0.5176956694477552 0.07771140912008649 0.02101973248576346 0.051807606080057696
0 0.20578996159449078 0.16432725053518293 0.019663620712488398 0.04047469225004506
0 0.23765858826645478 0.12304306444013698 0.022375844259038522 0.04209367994004686
0 0.3620818434644418 0.031570259955035165 0.021697788372401054 0.0501886183900559
0 0.20680704542444708 0.12142407675013518 0.018985564825850867 0.04209367994004686
0 0.3939504701364058 0.28737031497531995 0.02034167659912593 0.04371266763004866
0 0.33123030062243414 0.11818610137013158 0.022375844259038522 0.045331655320050464
0 0.3627598993510794 0.28898930266532175 0.02034167659912599 0.04371266763004866
0 0.48718315454906636 0.0752829275850838 0.02101973248576346 0.0469506430100523
0 0.3627598993510794 0.2444671411902722 0.02034167659912599 0.04209367994004681
0 0.3932724142497683 0.12061458290513427 0.02034167659912593 0.046950643010052265
0 0.3627598993510794 0.11899559521513248 0.023053900145676116 0.046950643010052265
0 0.3308912726791154 0.07771140912008653 0.02034167659912593 0.042093679940046834
0 0.301056813667064 0.2493241042602776 0.027122235465501236 0.03237975380003601
0 0.301056813667064 0.22018232584024514 0.025766123692226174 0.029141778420032457
0 0.3078373725334393 0.6265482360306975 0.01627334127930068 0.025903803040028716
0 0.3085154284200768 0.6038824083706723 0.017629453052575742 0.02590380304002881
0 0.5509204078929942 0.45250705935550367 0.02101973248576346 0.04371266763004866
0 0.30037875778042644 0.36508172409540646 0.024410011918951112 0.03076076611003421
0 0.23765858826645478 0.7034501513057831 0.019663620712488398 0.04047469225004506
0 0.3946285260230433 0.20318295509522621 0.02034167659912593 0.046950643010052334
0 0.23765858826645478 0.7431153497108273 0.019663620712488398 0.0420936799400469
0 0.0484809958945835 0.16189876900018024 0.021019732485763474 0.03561772918003966
0 0.23765858826645478 0.5795975930206453 0.02101973248576346 0.03237975380003592
0 0.5509204078929942 0.49298175160554886 0.022375844259038522 0.04047469225004506
0 0.2383366441530923 0.6645944467457399 0.022375844259038522 0.04371266763004866
0 0.04780294000794597 0.24689562272527488 0.023731956032313598 0.04371266763004866
0 0.04780294000794597 0.20156396740522442 0.022375844259038536 0.04371266763004873
0 0.301056813667064 0.08580634757009552 0.027122235465501236 0.025903803040028844
0 0.5509204078929942 0.5366944192355975 0.022375844259038522 0.04371266763004866
0 0.11154019335187393 0.37155767485541363 0.022375844259038536 0.04047469225004506
0 0.5190517812210304 0.6160248160456858 0.022375844259038585 0.04047469225004506
0 0.48853926632234146 0.5779786053306435 0.022375844259038522 0.042093679940046716
0 0.5502423520063568 0.20642093047522983 0.022375844259038522 0.043712667630048684
0 0.5183737253343929 0.36670071178540825 0.021019732485763522 0.04047469225004506
0 0.26884915905178125 0.28817980882032085 0.01966362071248843 0.03885570456004326
0 0.4258190968083697 0.6581184959857327 0.02034167659912593 0.046950643010052265
0 0.5502423520063568 0.16270826284518114 0.022375844259038522 0.04047469225004506
0 0.14239173619388162 0.6621659652107372 0.021697788372401022 0.0420936799400469
0 0.14239173619388162 0.28737031497531995 0.020341676599125943 0.04371266763004866
0 0.45565355582042116 0.16108927515517935 0.02034167659912599 0.04047469225004506
0 0.08102767845318501 0.16513674438018383 0.02101973248576348 0.04209367994004686
0 0.45734869553701496 0.45088807166550193 0.022375844259038585 0.046950643010052265
0 0.42446298503509466 0.16270826284518114 0.02034167659912593 0.04047469225004506
0 0.3017348695537015 0.18537409050520637 0.025766123692226174 0.04047469225004506
0 0.48786121043570385 0.37155767485541363 0.019663620712488398 0.04371266763004866
0 0.14306979208051915 0.327845007225365 0.020341676599125943 0.04371266763004866
0 0.5190517812210304 0.4087943917254551 0.022375844259038585 0.043712667630048614
0 0.5190517812210304 0.6581184959857327 0.022375844259038585 0.04371266763004866
0 0.5502423520063568 0.11899559521513248 0.019663620712488398 0.04371266763004866
0 0.14239173619388162 0.20318295509522621 0.020341676599125943 0.04047469225004513
0 0.17426036286584562 0.16189876900018024 0.018985564825850867 0.03885570456004326
0 0.3013958416103828 0.11818610137013158 0.026444179578863705 0.03885570456004326
0 0.26884915905178125 0.029951272265033333 0.01966362071248843 0.046950643010052244
0 0.2383366441530923 0.45574503473550737 0.02373195603231358 0.04371266763004866
0 0.3627598993510794 0.4112228732604578 0.021697788372401054 0.03885570456004321
0 0.14306979208051915 0.030760766110034234 0.021697788372401005 0.045331655320050436
0 0.23765858826645478 0.6192627914256895 0.022375844259038522 0.04371266763004866
0 0.48718315454906636 0.3286545010703659 0.02101973248576346 0.04209367994004686
0 0.1434088200238379 0.6192627914256895 0.02373195603231358 0.04371266763004866
0 0.14306979208051915 0.5375039130805983 0.023053900145676084 0.04209367994004681
0 0.11154019335187393 0.20642093047522983 0.021019732485763474 0.04047469225004513
0 0.14239173619388162 0.24203865965526947 0.020341676599125943 0.04371266763004866
0 0.14306979208051915 0.4112228732604578 0.020341676599125943 0.04209367994004686
0 0.23765858826645478 0.41041337941545686 0.022375844259038522 0.04047469225004501
0 0.14306979208051915 0.45169756551050283 0.021697788372401005 0.0420936799400469
0 0.42378492914845717 0.12466205213013878 0.02034167659912593 0.04209367994004686
0 0.3939504701364058 0.24608612888027395 0.02034167659912593 0.03561772918003966
0 0.4258190968083697 0.4525070593555038 0.02034167659912593 0.04047469225004506
0 0.4566706396503774 0.286560821130319 0.01966362071248846 0.03561772918003966
0 0.5509204078929942 0.41284186095045966 0.022375844259038522 0.03885570456004326
0 0.049159051781221035 0.03157025995503513 0.022375844259038536 0.043712667630048635
0 0.0484809958945835 0.3294639949153668 0.021019732485763474 0.03723671687004146
0 0.0484809958945835 0.12142407675013518 0.023731956032313598 0.04209367994004686
0 0.0484809958945835 0.07771140912008649 0.022375844259038536 0.048569630700054094
0 0.5505813799496756 0.6192627914256895 0.02305390014567605 0.04371266763004866
0 0.049837107667858566 0.28979879651032264 0.023731956032313598 0.03885570456004326
0 0.5502423520063568 0.2444671411902722 0.022375844259038522 0.03561772918003961
0 0.45734869553701496 0.7447343374008292 0.022375844259038585 0.04209367994004681
0 0.5515984637796318 0.5755501237956407 0.022375844259038522 0.04371266763004866
0 0.23765858826645478 0.7876375111858769 0.022375844259038522 0.046950643010052265
0 0.14306979208051915 0.7884470050308777 0.023053900145676084 0.04209367994004681
0 0.5512594358363131 0.6605469775207353 0.02305390014567605 0.03885570456004321
0 0.5502423520063568 0.327845007225365 0.02101973248576346 0.03723671687004146
0 0.5190517812210304 0.6994026820807786 0.01966362071248846 0.03561772918003961
0 0.301056813667064 0.018618358435020726 0.0284783472387763 0.03723671687004145
0 0.3013958416103828 0.05504558146006128 0.026444179578863705 0.03561772918003965
0 0.23765858826645478 0.4946007392955506 0.022375844259038522 0.04047469225004506
0 0.5197298371076678 0.4525070593555038 0.022375844259038585 0.04047469225004506
0 0.2383366441530923 0.24851461041527673 0.022375844259038522 0.043712667630048614
0 0.08001059462322871 0.03157025995503516 0.023053900145676074 0.046950643010052286
0 0.5512594358363131 0.7431153497108273 0.02305390014567605 0.03885570456004321
0 0.3627598993510794 0.5350754315455958 0.02034167659912599 0.04371266763004875
0 0.0484809958945835 0.3731766625454155 0.022375844259038536 0.04371266763004866
0 0.425480068865051 0.7860185234958751 0.022375844259038522 0.04371266763004866
0 0.3013958416103828 0.15299433670517032 0.026444179578863705 0.030760766110034234
0 0.5519374917229506 0.7002121759257796 0.02305390014567605 0.043712667630048566
0 0.5515984637796318 0.7852090296508742 0.02373195603231358 0.045331655320050505
0 0.3627598993510794 0.44845959013049924 0.021697788372401054 0.0388557045600434
0 0.3627598993510794 0.5763596176406416 0.021697788372401054 0.0420936799400469
0 0.14239173619388162 0.7447343374008292 0.023053900145676084 0.04209367994004681
0 0.3627598993510794 0.6160248160456858 0.021697788372401054 0.04371266763004866
0 0.5502423520063568 0.2857513272853181 0.022375844259038522 0.05018861839005591
0 0.14306979208051915 0.7042596451507841 0.020341676599125943 0.03885570456004321
0 0.11154019335187393 0.3327019702953704 0.022375844259038536 0.04047469225004506
0 0.45734869553701496 0.7860185234958751 0.022375844259038585 0.04371266763004866
0 0.11154019335187393 0.4144608486404614 0.021019732485763474 0.042093679940046765
0 0.48786121043570385 0.7852090296508741 0.022375844259038522 0.04856963070005411
0 0.23765858826645478 0.3294639949153668 0.02101973248576346 0.03723671687004146
0 0.5197298371076678 0.7860185234958751 0.022375844259038585 0.046950643010052265
0 0.5509204078929942 0.36831969947541005 0.022375844259038522 0.046950643010052265
0 0.23698053237981725 0.20642093047522983 0.019663620712488398 0.04047469225004513
0 0.4258190968083697 0.7414963620208255 0.02034167659912593 0.0420936799400469
0 0.08034962256654747 0.12304306444013698 0.022375844259038543 0.04209367994004686
0 0.23765858826645478 0.5399323946156012 0.022375844259038522 0.046950643010052355
0 0.4258190968083697 0.6160248160456858 0.02034167659912593 0.04047469225004506
0 0.5197298371076678 0.5763596176406416 0.021019732485763522 0.035617729180039706
0 0.5190517812210304 0.49298175160554875 0.022375844259038585 0.04371266763004866
0 0.08001059462322871 0.07852090296508743 0.023053900145676074 0.043712667630048635
0 0.11154019335187393 0.2436576473452713 0.022375844259038536 0.04047469225004501
0 0.48786121043570385 0.4492690839755002 0.022375844259038522 0.04371266763004866
0 0.11221824923851147 0.28817980882032085 0.022375844259038536 0.045331655320050464
0 0.14239173619388162 0.5771691114856425 0.021697788372401022 0.040474692250044964
0 0.42615812475168846 0.7002121759257794 0.02101973248576346 0.04047469225004506
0 0.48853926632234146 0.6994026820807786 0.019663620712488398 0.03561772918003961
0 0.5190517812210304 0.5350754315455958 0.01966362071248846 0.04371266763004875
0 0.5495642961197192 0.029951272265033333 0.022375844259038522 0.046950643010052244
0 0.5197298371076678 0.7382583866408219 0.022375844259038585 0.0420936799400469
0 0.48786121043570385 0.41041337941545686 0.02101973248576346 0.04047469225004501
0 0.14306979208051915 0.49298175160554886 0.020341676599125943 0.04047469225004506
0 0.14306979208051915 0.37074818101041274 0.020341676599125943 0.04209367994004686
0 0.3634379552377168 0.49136276391554706 0.023053900145676116 0.04695064301005217
0 0.11154019335187393 0.16513674438018383 0.021019732485763474 0.03885570456004326
0 0.48786121043570385 0.49298175160554886 0.02101973248576346 0.04047469225004506
0 0.5176956694477552 0.16270826284518114 0.019663620712488398 0.03723671687004146
