0 0.187963 0.925600 0.038848 0.049557
0 0.191628 0.964734 0.037058 0.052206
0 0.599770 0.853498 0.038548 0.055736
0 0.886425 0.229945 0.038848 0.049557
0 0.431294 0.773357 0.036265 0.045733
0 0.897234 0.308950 0.036662 0.048970
0 0.814025 0.072195 0.041828 0.056617
0 0.089485 0.573427 0.036463 0.047351
0 0.390766 0.871158 0.037755 0.049263
0 0.218010 0.327472 0.037755 0.049263
0 0.870483 0.528420 0.042525 0.053674
0 0.648649 0.418307 0.034277 0.046764
0 0.295241 0.939427 0.039743 0.048232
0 0.145628 0.598473 0.036463 0.047351
0 0.667163 0.159259 0.033184 0.046471
0 0.428056 0.313711 0.036860 0.050588
0 0.825029 0.162013 0.041233 0.051762
0 0.768589 0.134539 0.037455 0.055443
0 0.718547 0.145465 0.037953 0.050881
0 0.688976 0.328082 0.040735 0.056323
0 0.176638 0.422992 0.035370 0.047058
0 0.471473 0.677322 0.036662 0.048970
0 0.683920 0.286814 0.035370 0.047058
0 0.497230 0.458955 0.044909 0.055879
0 0.510938 0.156065 0.038350 0.054118
0 0.310339 0.638671 0.037755 0.049263
0 0.110108 0.732540 0.039245 0.052793
0 0.157827 0.679612 0.038452 0.046320
0 0.416256 0.226614 0.037257 0.053825
0 0.773347 0.173379 0.036265 0.045733
0 0.745566 0.352172 0.041233 0.051762
0 0.161591 0.719555 0.036463 0.047351
0 0.257564 0.650331 0.037160 0.044408
0 0.125801 0.436639 0.034277 0.046764
0 0.462055 0.600451 0.036463 0.047351
0 0.810925 0.461666 0.036860 0.050588
0 0.850906 0.364012 0.038650 0.047938
0 0.100492 0.654050 0.040837 0.048525
0 0.446987 0.477457 0.039047 0.051175
0 0.299302 0.978987 0.037557 0.042025
0 0.836135 0.243445 0.039245 0.052793
0 0.452839 0.516003 0.038650 0.047938
0 0.385065 0.829228 0.036662 0.048970
0 0.345333 0.924308 0.037557 0.047645
0 0.111231 0.308497 0.041630 0.054999
0 0.623319 0.216161 0.035370 0.047058
0 0.467907 0.638997 0.038650 0.047938
0 0.364643 0.662539 0.036662 0.048970
0 0.617966 0.172466 0.035767 0.050294
0 0.095634 0.614401 0.038848 0.049557
0 0.141067 0.561251 0.040837 0.048525
0 0.426536 0.734517 0.036662 0.048970
0 0.517682 0.201894 0.038152 0.052500
0 0.436975 0.395731 0.036662 0.048970
0 0.533047 0.327315 0.035370 0.047058
0 0.396171 0.910661 0.041233 0.051762
0 0.289887 0.895732 0.040536 0.054705
0 0.279407 0.395404 0.034974 0.043821
0 0.477622 0.718296 0.038650 0.047938
0 0.568837 0.610231 0.038350 0.054118
0 0.329718 0.801461 0.038650 0.047938
0 0.364872 0.240408 0.036860 0.050588
0 0.269394 0.313678 0.035568 0.048676
0 0.222639 0.789253 0.037755 0.049263
0 0.246756 0.571326 0.037953 0.050881
0 0.456901 0.558374 0.043816 0.055586
0 0.749528 0.393733 0.041035 0.050144
0 0.627927 0.258384 0.035070 0.053238
0 0.359786 0.622890 0.036463 0.047351
0 0.644437 0.379320 0.035767 0.050294
0 0.213173 0.707380 0.038650 0.047938
0 0.729056 0.231237 0.040140 0.051468
0 0.289320 0.476321 0.037953 0.050881
0 0.168266 0.340826 0.038848 0.049557
0 0.633629 0.300315 0.033184 0.046471
0 0.207024 0.666405 0.038848 0.049557
0 0.203260 0.626463 0.038650 0.047938
0 0.076802 0.451464 0.036860 0.050588
0 0.162069 0.294850 0.041329 0.061178
0 0.796055 0.340290 0.036860 0.050588
0 0.381102 0.787667 0.036860 0.050588
0 0.421360 0.272883 0.035568 0.048676
0 0.391244 0.446453 0.036265 0.045733
0 0.350071 0.543591 0.041630 0.054999
0 0.335321 0.842582 0.037755 0.049263
0 0.231558 0.871272 0.037953 0.050881
0 0.355226 0.585668 0.038650 0.047938
0 0.253004 0.613109 0.037557 0.047645
0 0.283639 0.853948 0.037953 0.050881
0 0.326501 0.761371 0.037755 0.049263
0 0.131653 0.475186 0.036463 0.047351
0 0.523284 0.243015 0.036860 0.050588
0 0.672219 0.200526 0.038152 0.052500
0 0.785844 0.256946 0.036662 0.048970
0 0.275116 0.775165 0.037755 0.049263
0 0.278583 0.812680 0.037755 0.049263
0 0.375947 0.745590 0.036463 0.047351
0 0.440739 0.435673 0.036463 0.047351
0 0.528190 0.287666 0.037755 0.049263
0 0.268072 0.736103 0.039743 0.048232
0 0.221774 0.367415 0.039743 0.048232
0 0.319138 0.300324 0.038848 0.049557
0 0.790900 0.298213 0.036463 0.047351
0 0.405219 0.569740 0.038848 0.049557
0 0.226632 0.407064 0.037755 0.049263
0 0.314581 0.253908 0.041630 0.054999
0 0.263744 0.267555 0.040536 0.054705
0 0.315197 0.678320 0.037557 0.047645
0 0.345562 0.502177 0.037755 0.049263
0 0.117428 0.354473 0.039942 0.049850
0 0.638387 0.339155 0.035370 0.047058
0 0.537806 0.366155 0.037953 0.050881
0 0.778601 0.216265 0.039047 0.051175
0 0.086267 0.533337 0.035568 0.048676
0 0.241997 0.532485 0.037557 0.047645
0 0.734460 0.270739 0.036662 0.048970
0 0.329947 0.379330 0.036662 0.048970
0 0.325636 0.339534 0.037557 0.047645
0 0.542961 0.408232 0.037953 0.050881
0 0.137105 0.519690 0.037058 0.052206
0 0.723603 0.186733 0.040338 0.053087
0 0.416325 0.651173 0.036463 0.047351
0 0.231688 0.448332 0.037557 0.047645
0 0.237936 0.490115 0.037953 0.050881
0 0.370225 0.284103 0.039443 0.054412
0 0.285357 0.434760 0.038152 0.052500
0 0.212359 0.281349 0.040933 0.057942
0 0.340157 0.462674 0.036860 0.050588
0 0.181397 0.461832 0.037953 0.050881
0 0.386387 0.406803 0.036860 0.050588
0 0.380535 0.368257 0.036860 0.050588
0 0.262719 0.692408 0.038350 0.054118
0 0.151578 0.637829 0.041035 0.050144
0 0.187098 0.503762 0.036860 0.050588
0 0.335549 0.420451 0.037557 0.047645
0 0.370096 0.707043 0.039047 0.051175
0 0.294376 0.517589 0.035172 0.045439
0 0.870564 0.100478 0.042224 0.059854
0 0.685283 0.703503 0.037358 0.046026
0 0.171504 0.800472 0.036860 0.050588
0 0.855216 0.403808 0.037755 0.049263
0 0.592726 0.814436 0.037160 0.044408
0 0.193049 0.543118 0.036265 0.045733
0 0.875866 0.148365 0.040140 0.051468
0 0.304388 0.599315 0.037557 0.047645
0 0.059847 0.322291 0.039047 0.051175
0 0.136579 0.939394 0.041035 0.050144
0 0.545346 0.731875 0.025434 0.035000
0 0.464864 0.190163 0.047000 0.047049
0 0.476511 0.289838 0.045312 0.041901
0 0.460352 0.157943 0.045113 0.040283
0 0.485634 0.355087 0.042927 0.039696
0 0.468184 0.221868 0.049288 0.039838
0 0.502138 0.494411 0.040644 0.029692
0 0.563781 0.568964 0.036565 0.039553
0 0.545638 0.752692 0.027230 0.015135
0 0.171781 0.383343 0.035568 0.048676
0 0.573893 0.651499 0.037358 0.046026
0 0.319706 0.719735 0.031892 0.044559
0 0.142530 0.976728 0.036860 0.046544
0 0.147883 0.997766 0.037257 0.004467
0 0.583905 0.733225 0.035370 0.047058
0 0.237161 0.912393 0.038848 0.049557
0 0.127164 0.853328 0.036662 0.048970
0 0.275543 0.354652 0.037953 0.050881
0 0.435356 0.815728 0.036662 0.048970
0 0.673928 0.624645 0.036662 0.048970
0 0.661513 0.113136 0.036362 0.055149
0 0.490296 0.383924 0.043323 0.042932
0 0.705506 0.868574 0.035568 0.048676
0 0.881568 0.190295 0.038650 0.047938
0 0.122604 0.816107 0.038848 0.049557
0 0.116653 0.776751 0.036860 0.050588
0 0.070355 0.408063 0.040837 0.048525
0 0.375677 0.328607 0.036265 0.045733
0 0.131523 0.898126 0.043420 0.052349
0 0.197081 0.991972 0.036860 0.016056
0 0.861366 0.444782 0.037953 0.050881
0 0.654351 0.460237 0.037557 0.047645
0 0.411467 0.611523 0.036662 0.048970
0 0.395008 0.486396 0.038254 0.044702
0 0.663171 0.541447 0.037953 0.050881
0 0.081362 0.488686 0.034277 0.046764
0 0.247918 0.984782 0.042326 0.030437
0 0.421381 0.692440 0.037058 0.052206
0 0.482762 0.322427 0.044116 0.049406
0 0.802303 0.382073 0.036463 0.047351
0 0.866869 0.485094 0.038650 0.047938
0 0.486740 0.801934 0.036662 0.048970
0 0.678765 0.244737 0.038350 0.054118
0 0.658860 0.501651 0.036662 0.048970
0 0.166746 0.761632 0.036860 0.050588
0 0.679332 0.664148 0.037953 0.050881
0 0.689345 0.745874 0.037755 0.049263
0 0.433012 0.354169 0.033880 0.043528
0 0.669716 0.585658 0.040338 0.053087
0 0.845601 0.325318 0.037953 0.050881
0 0.350389 0.965576 0.040338 0.053087
0 0.502703 0.923016 0.044014 0.057204
0 0.548116 0.450309 0.037953 0.050881
0 0.446362 0.896351 0.037058 0.052206
0 0.559122 0.530933 0.037557 0.047645
0 0.900650 0.350658 0.037953 0.050881
0 0.905805 0.392735 0.040536 0.054705
0 0.197111 0.585488 0.039245 0.052793
0 0.228043 0.828755 0.036463 0.047351
0 0.612315 0.126343 0.035965 0.051913
0 0.399866 0.526045 0.039641 0.056030
0 0.481684 0.760666 0.036860 0.050588
0 0.712897 0.099342 0.035965 0.051913
0 0.218328 0.749456 0.036463 0.047351
0 0.472248 0.255044 0.046303 0.049993
0 0.452610 0.938135 0.041035 0.050144
0 0.694202 0.785523 0.037557 0.047645
0 0.578481 0.274166 0.036362 0.055149
0 0.181814 0.884626 0.036860 0.050588
0 0.122583 0.396550 0.036962 0.042790
0 0.819676 0.118317 0.041233 0.051762
0 0.553171 0.491577 0.037755 0.049263
0 0.400232 0.953031 0.039047 0.051175
0 0.739615 0.312816 0.036265 0.045733
0 0.105349 0.693700 0.036265 0.045733
0 0.588961 0.774493 0.037755 0.049263
0 0.830184 0.204089 0.038650 0.047938
0 0.177752 0.842256 0.038650 0.047938
0 0.699258 0.826791 0.037755 0.049263
0 0.340178 0.882231 0.037953 0.050881
0 0.299531 0.559666 0.035568 0.048676
0 0.763734 0.085695 0.037455 0.055443
0 0.066294 0.365692 0.041233 0.051762
0 0.410903 0.182919 0.036860 0.050588
0 0.441009 0.852656 0.041431 0.053380
0 0.890736 0.269741 0.037557 0.047645
0 0.243409 0.954177 0.039245 0.052793
0 0.806863 0.419295 0.036463 0.047351
0 0.497548 0.880939 0.038848 0.049557
0 0.579297 0.691002 0.034673 0.050001
0 0.839650 0.285962 0.035172 0.045439
0 0.491399 0.839965 0.036463 0.047351
