0 0.1089864241465665 0.3204383006641268 0.019570317648609465 0.04272510675521693
0 0.23450639251350996 0.6150942093207951 0.018220640569395024 0.03683198858208352
0 0.10864900487676288 0.24014456555518462 0.018895479109002244 0.035358709038800215
0 0.329996045867932 0.6902314660282455 0.02024515618821662 0.036831988582083613
0 0.14002899696849874 0.7661053625073377 0.023619348886252788 0.04125182721193358
0 0.17275866613944907 0.7233802557521207 0.020245156188216717 0.03535870903880017
0 0.5182759984183472 0.2850795916253266 0.021594833267431127 0.033885429495516865
0 0.4879082641360222 0.7278000943819707 0.020245156188216686 0.03830526812536687
0 0.423798602873336 0.4685028947641026 0.020245156188216686 0.03830526812536687
0 0.2034638196915777 0.7661053625073377 0.020919994727823906 0.03830526812536687
0 0.29895347304599973 0.16500730884773426 0.02699354158428889 0.032412149952233515
0 0.5493185712402794 0.20773241560295114 0.020245156188216748 0.035358709038800125
0 0.549655990510083 0.7661053625073377 0.02091999472782397 0.03830526812536687
0 0.5503308290496903 0.5421668719282696 0.02226967180703841 0.03830526812536697
0 0.14036641623830237 0.6548727569894454 0.0202451561882167 0.03683198858208352
0 0.4879082641360222 0.6902314660282455 0.020245156188216686 0.036831988582083613
0 0.07760643205483063 0.35579700970292705 0.018895479109002244 0.033885429495516865
0 0.32965862659812833 0.39115571874172717 0.018220640569395024 0.03388542949551682
0 0.26656122314485303 0.3182283813492018 0.01619612495057336 0.03535870903880017
0 0.5189508369579544 0.7661053625073377 0.022944510346645568 0.04125182721193358
0 0.3607011994200606 0.4287243470954524 0.018220640569395024 0.035358709038800215
0 0.04622643996309477 0.5377470332984197 0.019570317648609465 0.035358709038800264
0 0.23518123105311717 0.7241168955237623 0.022269671807038347 0.03977854766865023
0 0.23518123105311717 0.7638954431924126 0.022269671807038347 0.04272510675521693
0 0.04555160142348755 0.4287243470954524 0.019570317648609465 0.03830526812536692
0 0.04622643996309477 0.2755032745939849 0.018220640569395024 0.03830526812536687
0 0.29962831158560693 0.10754940665968393 0.02699354158428883 0.03535870903880021
0 0.1717464083300382 0.7638954431924126 0.02361934888625282 0.04272510675521693
0 0.29929089231580336 0.22541177012235128 0.02631870304468167 0.035358709038800215
0 0.14036641623830237 0.353587090388002 0.0202451561882167 0.032412149952233515
0 0.4879082641360222 0.4685028947641026 0.021594833267431127 0.03830526812536687
0 0.07726901278502703 0.2379346462402597 0.022269671807038354 0.03388542949551682
0 0.3924186107816001 0.541430232156628 0.019570317648609465 0.03977854766865032
0 0.33067088440753917 0.4685028947641026 0.020245156188216686 0.03830526812536687
0 0.5182759984183472 0.6548727569894454 0.022944510346645568 0.03683198858208352
0 0.3924186107816001 0.6548727569894454 0.019570317648609465 0.03683198858208352
0 0.17174640833003824 0.6526628376745204 0.020919994727823906 0.03830526812536687
0 0.07828127059443786 0.08471357373879214 0.018895479109002234 0.03977854766865023
0 0.07794385132463424 0.16721722816265924 0.019570317648609465 0.036831988582083544
0 0.10797416633715566 0.20257593720145944 0.018895479109002244 0.03977854766865018
0 0.51760115987874 0.35579700970292705 0.020245156188216686 0.03683198858208357
0 0.51760115987874 0.20699577583130946 0.020245156188216686 0.036831988582083475
0 0.4875708448662185 0.5797355002819949 0.022269671807038347 0.03977854766865023
0 0.07794385132463424 0.32043830066412676 0.019570317648609465 0.033885429495516865
0 0.51760115987874 0.4287243470954524 0.020245156188216686 0.03830526812536692
0 0.549655990510083 0.1716370667925093 0.02226967180703841 0.036831988582083544
0 0.04555160142348755 0.35579700970292705 0.02226967180703835 0.03683198858208357
0 0.04555160142348755 0.39115571874172717 0.02091999472782391 0.03683198858208352
0 0.3607011994200606 0.5045982435745445 0.020919994727823906 0.03977854766865023
0 0.39309344932120727 0.7300100136968958 0.02226967180703841 0.03977854766865023
0 0.4548411756952683 0.2821330325387599 0.021594833267431127 0.04272510675521689
0 0.3607011994200606 0.61730412863572 0.020919994727823906 0.03830526812536687
0 0.33067088440753917 0.16942714747758428 0.020245156188216686 0.035358709038800215
0 0.17174640833003824 0.6150942093207951 0.020919994727823906 0.03683198858208352
0 0.549655990510083 0.5038616038029028 0.02226967180703841 0.03830526812536678
0 0.48723342559641486 0.5421668719282696 0.022944510346645568 0.03830526812536697
0 0.4231237643337287 0.39115571874172717 0.018895479109002244 0.03683198858208352
0 0.3924186107816001 0.6902314660282455 0.02226967180703841 0.036831988582083613
0 0.23450639251350996 0.5797355002819949 0.018220640569395024 0.03683198858208352
0 0.2034638196915777 0.5797355002819949 0.020919994727823906 0.03683198858208352
0 0.329996045867932 0.6548727569894454 0.02024515618821662 0.03683198858208352
0 0.5489811519704758 0.35506036993128537 0.02091999472782397 0.035358709038800215
0 0.07794385132463424 0.20331257697310115 0.019570317648609465 0.03535870903880024
0 0.36103861868986425 0.5399569526133446 0.020245156188216686 0.033885429495516914
0 0.5179385791485436 0.5443767912431947 0.022269671807038347 0.03977854766865023
0 0.29962831158560693 0.3889457994268022 0.024294187425859946 0.02946559086566681
0 0.044876762883880324 0.4648196959058942 0.02091999472782391 0.022099193149250095
0 0.3067141162514828 0.597414854801395 0.012821932252537194 0.022099193149250095
0 0.23518123105311717 0.35579700970292705 0.020919994727823906 0.03683198858208357
0 0.3607011994200606 0.2806597529954766 0.019570317648609465 0.03977854766865023
0 0.2034638196915777 0.35579700970292705 0.020919994727823906 0.03683198858208357
0 0.23518123105311717 0.4309342664103774 0.019570317648609465 0.03683198858208357
0 0.23518123105311717 0.3933656380566522 0.019570317648609465 0.03830526812536687
0 0.3306708844075392 0.20699577583130946 0.021594833267431064 0.036831988582083475
0 0.48723342559641486 0.12007228277759234 0.020245156188216686 0.0250457522358168
0 0.3924186107816001 0.07734717602237542 0.02226967180703841 0.02504575223581681
0 0.5169263213391327 0.11859900323430901 0.020245156188216686 0.019152634062683437
0 0.3070515355212864 0.6121476502342285 0.013496770792144477 0.01620607497611669
0 0.33067088440753917 0.4287243470954524 0.020245156188216686 0.03830526812536692
0 0.2034638196915777 0.5038616038029028 0.020919994727823906 0.03830526812536678
0 0.23518123105311717 0.27844983368055154 0.019570317648609465 0.03830526812536687
0 0.360363780150257 0.3933656380566522 0.020245156188216686 0.03830526812536687
0 0.3927560300514037 0.09870972939998389 0.016196124950573296 0.017679354519400097
0 0.48723342559641486 0.1406981963835591 0.01619612495057336 0.016206074976116758
0 0.5186134176881508 0.13775163729699244 0.01687096349018058 0.016206074976116758
0 0.3063766969816792 0.6261438058954202 0.012147093712930036 0.011786236346266724
0 0.39343086859101095 0.7661053625073376 0.02294451034664563 0.023572472692533448
0 0.48723342559641486 0.2828696723104016 0.021594833267431127 0.03830526812536687
0 0.329996045867932 0.2445644041850347 0.02024515618821662 0.03830526812536697
0 0.14036641623830234 0.4685028947641026 0.022944510346645568 0.03830526812536687
0 0.17275866613944907 0.20478585651638445 0.020245156188216717 0.04125182721193351
0 0.329996045867932 0.28213303253875993 0.02024515618821662 0.03977854766865023
0 0.4879082641360222 0.35579700970292705 0.021594833267431127 0.03683198858208357
0 0.32965862659812845 0.35579700970292705 0.0195703176486094 0.03683198858208357
0 0.39174377224199286 0.4287243470954524 0.02091999472782397 0.04125182721193363
0 0.42278634506392515 0.16942714747758428 0.022269671807038347 0.03830526812536687
0 0.2027889811519705 0.2799231132238349 0.020919994727823906 0.03535870903880017
0 0.3613760379596679 0.20478585651638445 0.019570317648609465 0.04419838629850019
0 0.4865585870568077 0.16942714747758428 0.022944510346645568 0.04125182721193358
0 0.2034638196915777 0.3174917415775601 0.020919994727823906 0.03977854766865023
0 0.3924186107816001 0.2806597529954766 0.02226967180703841 0.03683198858208352
0 0.3613760379596679 0.57752558096707 0.020919994727823906 0.04125182721193358
0 0.2982786345063926 0.34916725175815194 0.02429418742586001 0.04125182721193353
0 0.20413865823118493 0.4287243470954524 0.019570317648609465 0.03830526812536692
0 0.4548411756952683 0.2467743234999597 0.021594833267431127 0.03977854766865027
0 0.26588638460524583 0.35579700970292705 0.020245156188216686 0.04272510675521689
0 0.42413602214313956 0.3160184620342768 0.020919994727823906 0.03683198858208357
0 0.3930934493212074 0.3182283813492018 0.020919994727823906 0.03830526812536687
0 0.17208382759984184 0.35579700970292705 0.021594833267431127 0.03683198858208357
0 0.13969157769869514 0.5068081628894696 0.020245156188216686 0.03830526812536687
0 0.17174640833003824 0.4287243470954524 0.020919994727823906 0.03830526812536692
0 0.3930934493212074 0.2445644041850347 0.020919994727823906 0.03830526812536697
0 0.42413602214313956 0.35579700970292705 0.020919994727823906 0.03683198858208357
0 0.23518123105311717 0.3182283813492018 0.019570317648609465 0.03830526812536687
0 0.23450639251350996 0.5016516844879778 0.019570317648609465 0.03977854766865013
0 0.33067088440753917 0.5045982435745444 0.020245156188216686 0.03683198858208343
0 0.3613760379596679 0.12743868049400903 0.019570317648609465 0.04272510675521691
0 0.17140898906023463 0.39115571874172717 0.020245156188216686 0.03683198858208352
0 0.48723342559641486 0.2445644041850347 0.020245156188216686 0.03830526812536697
0 0.14104125477790957 0.27844983368055154 0.02159483326743111 0.03830526812536687
0 0.1410412547779096 0.3182283813492018 0.0202451561882167 0.03830526812536687
0 0.48723342559641486 0.20699577583130946 0.022944510346645568 0.036831988582083475
0 0.07726901278502703 0.2777131939089099 0.022269671807038354 0.04567166584178359
0 0.2027889811519705 0.2445644041850347 0.019570317648609465 0.035358709038800264
0 0.42346118360353235 0.20699577583130946 0.020919994727823906 0.036831988582083475
0 0.42278634506392515 0.13185851912385907 0.022269671807038347 0.0397785476686502
0 0.2034638196915777 0.39115571874172717 0.020919994727823906 0.03388542949551682
0 0.04521418215368393 0.5797355002819949 0.022944510346645575 0.04272510675521693
0 0.2034638196915777 0.5421668719282696 0.019570317648609465 0.03830526812536697
0 0.39174377224199286 0.5038616038029028 0.019570317648609465 0.03830526812536678
0 0.17174640833003824 0.27844983368055154 0.020919994727823906 0.03830526812536687
0 0.1089864241465665 0.2806597529954766 0.019570317648609465 0.03977854766865023
0 0.4879082641360222 0.4309342664103774 0.021594833267431127 0.03683198858208357
0 0.3924186107816001 0.20552249628802613 0.019570317648609465 0.03977854766865016
0 0.17174640833003824 0.5421668719282696 0.020919994727823906 0.03830526812536697
0 0.17174640833003824 0.5038616038029029 0.020919994727823906 0.04125182721193358
0 0.39174377224199286 0.12743868049400905 0.02091999472782397 0.03977854766865023
0 0.48723342559641486 0.3204383006641268 0.020245156188216686 0.03683198858208352
0 0.26757348095426386 0.27844983368055154 0.019570317648609465 0.03830526812536687
0 0.42346118360353235 0.4287243470954524 0.019570317648609465 0.04125182721193363
0 0.3607011994200606 0.46408305613425255 0.019570317648609465 0.03830526812536687
0 0.4548411756952683 0.16942714747758428 0.020245156188216686 0.04125182721193358
0 0.48723342559641486 0.5068081628894696 0.022944510346645568 0.03830526812536687
0 0.5489811519704758 0.2467743234999597 0.02091999472782397 0.03683198858208357
0 0.42413602214313956 0.2467743234999597 0.020919994727823906 0.03683198858208357
0 0.3613760379596679 0.2445644041850347 0.019570317648609465 0.03241214995223356
0 0.549655990510083 0.12964859980893406 0.02226967180703841 0.047144945385066944
0 0.48723342559641486 0.3933656380566522 0.020245156188216686 0.03830526812536687
0 0.23450639251350996 0.46702961522081926 0.019570317648609465 0.03535870903880017
0 0.42346118360353235 0.08766013282535882 0.022269671807038347 0.04567166584178359
0 0.32965862659812845 0.12743868049400905 0.0195703176486094 0.04567166584178359
0 0.3607011994200606 0.16721722816265924 0.019570317648609465 0.033885429495516844
0 0.36103861868986425 0.7278000943819707 0.021594833267431127 0.03830526812536687
0 0.2034638196915777 0.4662929754491776 0.019570317648609465 0.03683198858208352
0 0.14036641623830237 0.5443767912431947 0.0202451561882167 0.03977854766865023
0 0.1410412547779096 0.6150942093207951 0.0202451561882167 0.03683198858208352
0 0.23450639251350996 0.24235448487010966 0.019570317648609465 0.03683198858208357
0 0.5182759984183472 0.2467743234999597 0.021594833267431127 0.04272510675521698
0 0.2027889811519705 0.20478585651638445 0.020919994727823906 0.04419838629850019
0 0.32965862659812845 0.32043830066412676 0.0195703176486094 0.033885429495516865
0 0.45450375642546464 0.20920569514623447 0.019570317648609465 0.035358709038800146
0 0.3607011994200606 0.35285045061636033 0.020919994727823906 0.03977854766865023
0 0.5179385791485436 0.5068081628894696 0.022269671807038347 0.03830526812536687
0 0.36103861868986425 0.655609396761087 0.020245156188216686 0.03535870903880017
0 0.423798602873336 0.28286967231040155 0.020245156188216686 0.035358709038800215
0 0.14036641623830237 0.4309342664103774 0.0202451561882167 0.03977854766865018
0 0.36103861868986425 0.3160184620342768 0.020245156188216686 0.033885429495516865
0 0.3924186107816001 0.39115571874172717 0.019570317648609465 0.03388542949551682
0 0.4879082641360222 0.6526628376745204 0.021594833267431127 0.03830526812536687
0 0.2679109002240675 0.2401445655551847 0.018895479109002244 0.03830526812536683
0 0.14036641623830237 0.39115571874172717 0.0202451561882167 0.03977854766865023
0 0.17174640833003824 0.5797355002819949 0.019570317648609465 0.03388542949551682
0 0.23484381178331357 0.2069957758313095 0.018895479109002244 0.03388542949551682
0 0.17174640833003824 0.24309112464175134 0.019570317648609465 0.035358709038800264
0 0.5182759984183472 0.3933656380566522 0.021594833267431127 0.03830526812536687
0 0.4548411756952683 0.12964859980893406 0.020245156188216686 0.04125182721193356
0 0.14104125477790957 0.24014456555518462 0.02159483326743111 0.035358709038800215
0 0.23383155397390273 0.5421668719282696 0.022269671807038347 0.03830526812536697
0 0.36103861868986425 0.6902314660282455 0.020245156188216686 0.036831988582083613
0 0.17174640833003824 0.3174917415775601 0.020919994727823906 0.03977854766865023
0 0.3924186107816001 0.35506036993128537 0.019570317648609465 0.035358709038800215
0 0.20413865823118493 0.7285367341536124 0.022269671807038347 0.03977854766865023
0 0.5489811519704758 0.2828696723104016 0.02091999472782397 0.03830526812536687
0 0.17174640833003824 0.4662929754491776 0.019570317648609465 0.03683198858208352
0 0.360363780150257 0.7683152818222627 0.021594833267431127 0.03977854766865023
0 0.5182759984183472 0.58194541959692 0.021594833267431127 0.03830526812536687
0 0.549655990510083 0.4309342664103774 0.02226967180703841 0.03683198858208357
0 0.3930934493212074 0.5812087798252783 0.020919994727823906 0.03977854766865023
0 0.2355186503229208 0.17163706679250929 0.020245156188216686 0.03977854766865023
0 0.51760115987874 0.16721722816265927 0.022944510346645568 0.04567166584178359
0 0.5182759984183472 0.4662929754491776 0.021594833267431127 0.03683198858208352
0 0.5489811519704758 0.32043830066412676 0.02091999472782397 0.033885429495516865
0 0.1410412547779096 0.20257593720145947 0.0202451561882167 0.03683198858208359
0 0.549655990510083 0.3933656380566522 0.02091999472782397 0.03830526812536687
0 0.07828127059443786 0.12743868049400903 0.020245156188216686 0.04272510675521691
0 0.29929089231580336 0.07440061693580875 0.02631870304468167 0.030938870408950173
0 0.2358560695927244 0.0854502135104338 0.020919994727823906 0.04125182721193356
0 0.5510056675892975 0.6924413853431705 0.022269671807038347 0.03830526812536687
0 0.5182759984183472 0.6195140479506451 0.020245156188216686 0.03683198858208352
0 0.04487676288388032 0.3160184620342768 0.019570317648609458 0.03683198858208357
0 0.14104125477790957 0.6924413853431705 0.02159483326743111 0.03535870903880017
0 0.5182759984183472 0.31822838134920184 0.020245156188216686 0.032412149952233515
0 0.17275866613944907 0.6902314660282455 0.020245156188216717 0.033885429495516914
0 0.14036641623830237 0.5797355002819949 0.0202451561882167 0.030938870408950114
0 0.2034638196915777 0.61730412863572 0.019570317648609465 0.03535870903880017
0 0.329996045867932 0.57752558096707 0.018895479109002244 0.03830526812536687
0 0.2034638196915777 0.6909681057998872 0.020919994727823906 0.035358709038800264
0 0.39174377224199286 0.16721722816265924 0.019570317648609465 0.036831988582083544
0 0.3930934493212074 0.6195140479506451 0.020919994727823906 0.03388542949551682
0 0.23450639251350996 0.653399477446162 0.022269671807038347 0.03977854766865023
0 0.329996045867932 0.5399569526133446 0.02024515618821662 0.033885429495516914
0 0.5510056675892975 0.653399477446162 0.022269671807038347 0.03977854766865023
0 0.5182759984183472 0.6931780251148122 0.022944510346645568 0.03977854766865023
0 0.2679109002240675 0.2047858565163845 0.018895479109002244 0.029465590865666857
0 0.33067088440753917 0.7616855238774877 0.020245156188216686 0.044198386298500286
0 0.14036641623830237 0.7278000943819707 0.0202451561882167 0.03830526812536687
0 0.39106893370238566 0.46702961522081926 0.020919994727823906 0.03535870903880017
0 0.5510056675892975 0.7278000943819707 0.020919994727823906 0.035358709038800264
0 0.48723342559641486 0.7661053625073377 0.020245156188216686 0.03535870903880017
0 0.5496559905100831 0.4685028947641026 0.019570317648609465 0.035358709038800264
0 0.5182759984183472 0.7278000943819707 0.020245156188216686 0.035358709038800264
0 0.23518123105311717 0.6880215467133205 0.022269671807038347 0.03241214995223356
0 0.2034638196915777 0.6548727569894454 0.020919994727823906 0.03977854766865023
0 0.549655990510083 0.5797355002819949 0.018220640569394958 0.03388542949551682
0 0.29929089231580336 0.2821330325387599 0.02631870304468167 0.030938870408950162
0 0.23518123105311717 0.12964859980893406 0.022269671807038347 0.04125182721193356
0 0.04487676288388032 0.49796848562976936 0.016870963490180572 0.03830526812536678
0 0.33067088440753917 0.6150942093207951 0.020245156188216686 0.03683198858208352
0 0.30030315012521414 0.25782392007458477 0.025643864505074387 0.02946559086566681
0 0.4879082641360222 0.61730412863572 0.021594833267431127 0.03241214995223347
0 0.05398708316857783 0.2003660178865345 0.013496770792144461 0.032412149952233585
0 0.5510056675892975 0.6150942093207951 0.019570317648609465 0.03683198858208352
0 0.05398708316857783 0.12522876117908405 0.014846447871358902 0.029465590865666833
0 0.05398708316857783 0.08545021351043382 0.014846447871358902 0.03535870903880021
0 0.29895347304599973 0.19594617925668442 0.02699354158428889 0.02651903177910015
0 0.29895347304599973 0.1355417179820674 0.02699354158428889 0.02651903177910015
0 0.08469223672070648 0.3889457994268022 0.014171609331751682 0.032412149952233515
0 0.052974825359167 0.23572472692533467 0.012821932252537234 0.02946559086566681
0 0.05398708316857783 0.16279738953280926 0.013496770792144461 0.033885429495516865
0 0.3306708844075392 0.7255901750670457 0.021594833267431064 0.0250457522358168
