0 0.505389 0.208955 0.045509 0.033582
0 0.670659 0.218284 0.035928 0.029851
0 0.505389 0.287313 0.047904 0.037313
0 0.506587 0.319963 0.050299 0.039179
0 0.516766 0.737873 0.022754 0.035448
0 0.850299 0.366604 0.023952 0.039179
0 0.505389 0.130597 0.050299 0.033582
0 0.113174 0.263993 0.034731 0.046642
0 0.849102 0.744403 0.023952 0.037313
0 0.280240 0.692164 0.035928 0.044776
0 0.892216 0.273321 0.035928 0.046642
0 0.781437 0.696828 0.034731 0.050373
0 0.504192 0.170709 0.047904 0.050373
0 0.850299 0.788246 0.028743 0.042910
0 0.392216 0.218284 0.037126 0.041045
0 0.125150 0.740672 0.025150 0.041045
0 0.282635 0.314366 0.038323 0.054104
0 0.058084 0.310634 0.039521 0.054104
0 0.125749 0.786381 0.026347 0.042910
0 0.505389 0.093284 0.047904 0.044776
0 0.506587 0.245336 0.045509 0.046642
0 0.504790 0.499067 0.034731 0.042910
0 0.058084 0.261194 0.034731 0.041045
0 0.505389 0.053172 0.050299 0.042910
0 0.615569 0.270522 0.033533 0.041045
0 0.561677 0.317164 0.035928 0.048507
0 0.114371 0.313433 0.034731 0.048507
0 0.394611 0.172575 0.037126 0.050373
0 0.671856 0.172575 0.035928 0.050373
0 0.559281 0.694963 0.035928 0.050373
0 0.056886 0.592351 0.039521 0.050373
0 0.337725 0.266791 0.033533 0.048507
0 0.671856 0.121269 0.035928 0.055970
0 0.781437 0.649254 0.034731 0.044776
0 0.836527 0.696828 0.034731 0.046642
0 0.561677 0.268657 0.035928 0.044776
0 0.948503 0.178172 0.033533 0.046642
0 0.561677 0.219216 0.033533 0.054104
0 0.781437 0.597948 0.034731 0.054104
0 0.949701 0.226679 0.035928 0.050373
0 0.059281 0.211754 0.039521 0.050373
0 0.279042 0.644590 0.035928 0.050373
0 0.782635 0.319030 0.034731 0.052239
0 0.282635 0.265858 0.035928 0.042910
0 0.111976 0.643657 0.034731 0.048507
0 0.560479 0.646455 0.035928 0.050373
0 0.892814 0.225746 0.034731 0.048507
0 0.223952 0.644590 0.038323 0.050373
0 0.168263 0.692164 0.037126 0.044776
0 0.823952 0.458022 0.023952 0.039179
0 0.852695 0.412313 0.023952 0.037313
0 0.824551 0.412313 0.022754 0.037313
0 0.836527 0.646455 0.034731 0.050373
0 0.337126 0.217351 0.034731 0.050373
0 0.616766 0.222948 0.035928 0.050373
0 0.852695 0.459888 0.023952 0.042910
0 0.223952 0.693097 0.038323 0.050373
0 0.559281 0.594216 0.035928 0.054104
0 0.282635 0.593284 0.035928 0.055970
0 0.949701 0.124067 0.035928 0.057836
0 0.056886 0.642724 0.039521 0.050373
0 0.782635 0.269590 0.037126 0.046642
0 0.111976 0.593284 0.037126 0.052239
0 0.057485 0.692164 0.040719 0.048507
0 0.226347 0.265858 0.033533 0.046642
0 0.111976 0.694030 0.039521 0.052239
0 0.168862 0.312500 0.035928 0.050373
0 0.449701 0.266791 0.037126 0.044776
0 0.723952 0.218284 0.034731 0.052239
0 0.449102 0.217351 0.035928 0.054104
0 0.449701 0.314366 0.037126 0.054104
0 0.892216 0.175373 0.033533 0.052239
0 0.724551 0.319963 0.035928 0.054104
0 0.836527 0.222948 0.034731 0.050373
0 0.225150 0.313433 0.035928 0.048507
0 0.338323 0.167910 0.034731 0.052239
0 0.837725 0.596082 0.034731 0.050373
0 0.723952 0.268657 0.034731 0.048507
0 0.170659 0.215485 0.037126 0.050373
0 0.281437 0.213619 0.035928 0.054104
0 0.671257 0.265858 0.037126 0.054104
0 0.837126 0.321828 0.033533 0.050373
0 0.168263 0.592351 0.037126 0.050373
0 0.394611 0.117537 0.037126 0.059701
0 0.782635 0.221082 0.037126 0.054104
0 0.168263 0.642724 0.037126 0.050373
0 0.392216 0.265858 0.039521 0.054104
0 0.223952 0.592351 0.038323 0.050373
0 0.504192 0.454291 0.043114 0.046642
0 0.168862 0.263993 0.035928 0.050373
0 0.504790 0.404851 0.044311 0.052239
0 0.114371 0.213619 0.039521 0.054104
0 0.226347 0.214552 0.035928 0.052239
0 0.616766 0.169776 0.035928 0.055970
0 0.836527 0.271455 0.034731 0.050373
