0 0.48827977803587563 0.7871404380125204 0.018500451671183415 0.04066408166854342
0 0.21374628984385083 0.7544639438145836 0.019161182088011357 0.03921179303752402
0 0.24413988901793782 0.6796710793170839 0.019161182088011357 0.03775950440650472
0 0.3660446509226997 0.5700232876751186 0.021143373338495305 0.03921179303752402
0 0.3363117821654407 0.31950349882427026 0.021143373338495305 0.03775950440650463
0 0.30525745257452574 0.2846485716798044 0.019821912504839362 0.03775950440650467
0 0.21308555942702287 0.35653685891526515 0.0204826429216673 0.03630721577548528
0 0.33499032133178475 0.46618465055723063 0.019821912504839362 0.03775950440650463
0 0.30558781778293975 0.35653685891526515 0.019161182088011326 0.03921179303752407
0 0.42650148406245963 0.35653685891526515 0.02048264292166733 0.04211637029956287
0 0.21374628984385083 0.2839224273642947 0.019161182088011357 0.03630721577548523
0 0.36538392050587176 0.497408856124148 0.02246483417215125 0.04211637029956291
0 0.3363117821654407 0.5344422162151429 0.018500451671183353 0.03775950440650463
0 0.1820312298361079 0.39429636332176987 0.019161182088011357 0.03921179303752407
0 0.18269196025293588 0.46473236192621126 0.019161182088011357 0.03775950440650481
0 0.21308555942702287 0.32168193177079935 0.019161182088011357 0.03630721577548528
0 0.3660446509226997 0.31950349882427026 0.019821912504839362 0.03775950440650463
0 0.21308555942702287 0.3935702190062602 0.019161182088011357 0.03775950440650467
0 0.3964382500967867 0.46473236192621126 0.019821912504839362 0.03775950440650481
0 0.15262872628726287 0.46618465055723074 0.019821912504839296 0.03485492714446592
0 0.24347915860110983 0.32168193177079935 0.019161182088011357 0.03630721577548528
0 0.18368305587817785 0.538799082108201 0.018500451671183384 0.03485492714446583
0 0.33565105174861276 0.42915129046623574 0.018500451671183415 0.03921179303752412
0 0.3045967221576978 0.3921179303752408 0.018500451671183415 0.03775950440650467
0 0.1820312298361079 0.2839224273642947 0.019161182088011357 0.03630721577548523
0 0.24413988901793782 0.3921179303752408 0.019161182088011357 0.03775950440650467
0 0.3660446509226997 0.6419115749105793 0.018500451671183415 0.03775950440650453
0 0.21440702026067882 0.2447106343267706 0.0204826429216673 0.04211637029956287
0 0.30492708736611174 0.20985570718230476 0.02048264292166733 0.03921179303752409
0 0.30525745257452574 0.46473236192621126 0.019821912504839362 0.03775950440650481
0 0.1222351271131759 0.538799082108201 0.019821912504839362 0.04066408166854342
0 0.24413988901793782 0.35653685891526515 0.019161182088011357 0.03630721577548528
0 0.18269196025293588 0.573654009252667 0.019161182088011357 0.03775950440650463
0 0.15262872628726287 0.5366206491616721 0.019821912504839296 0.03630721577548532
0 0.45821654407020257 0.5344422162151429 0.02048264292166733 0.03775950440650463
0 0.33499032133178475 0.28464857167980434 0.019821912504839362 0.03485492714446583
0 0.4575558136533746 0.3899394974287116 0.01916118208801139 0.03630721577548528
0 0.3957775196799587 0.35653685891526515 0.02246483417215125 0.03630721577548528
0 0.48794941282746157 0.5722017206216476 0.01916118208801139 0.03775950440650472
0 0.3964382500967867 0.6440900078571083 0.019821912504839362 0.03921179303752402
0 0.3660446509226997 0.2468890672732997 0.021143373338495305 0.03775950440650467
0 0.3660446509226997 0.7145260064615498 0.018500451671183415 0.03775950440650472
0 0.08985933668860499 0.3587152918617943 0.01982191250483933 0.03485492714446583
0 0.24413988901793782 0.5722017206216476 0.021804103755323247 0.03775950440650472
0 0.21341592463543685 0.46473236192621126 0.01717899083752744 0.03485492714446583
0 0.3660446509226997 0.4269728575197066 0.018500451671183415 0.04066408166854352
0 0.3964382500967867 0.31950349882427026 0.019821912504839362 0.04066408166854352
0 0.12190476190476192 0.6092350807126425 0.01916118208801139 0.03921179303752412
0 0.4268318492708737 0.2468890672732997 0.019821912504839362 0.04066408166854347
0 0.3363117821654407 0.6070566477661135 0.019821912504839362 0.03775950440650472
0 0.12124403148793393 0.35653685891526515 0.019161182088011357 0.03921179303752407
0 0.15262872628726287 0.3935702190062602 0.019821912504839296 0.03775950440650467
0 0.05979610272293199 0.5409775150547302 0.02180410375532327 0.03630721577548523
0 0.18269196025293588 0.6092350807126427 0.01783972125435541 0.03630721577548523
0 0.24480061943476578 0.2861008603108238 0.019161182088011357 0.03775950440650467
0 0.18302232546134986 0.24471063432677065 0.01982191250483933 0.03921179303752412
0 0.18269196025293588 0.5017657220172063 0.019161182088011357 0.03340263851344643
0 0.3363117821654407 0.7167044394080789 0.021143373338495305 0.04211637029956291
0 0.1519679958704349 0.2846485716798044 0.018500451671183353 0.03775950440650467
0 0.24480061943476578 0.2468890672732997 0.019161182088011357 0.04066408166854347
0 0.3660446509226997 0.5344422162151429 0.019821912504839362 0.03195034988242703
0 0.3964382500967867 0.20985570718230476 0.019821912504839362 0.04211637029956291
0 0.1222351271131759 0.6491730180656763 0.019821912504839362 0.03775950440650481
0 0.12157439669634793 0.2468890672732997 0.019821912504839362 0.04066408166854347
0 0.1222351271131759 0.7559162324456029 0.019821912504839362 0.03921179303752402
0 0.3660446509226997 0.21203414012883387 0.019821912504839362 0.03775950440650467
0 0.09052006710543296 0.6862063781566713 0.01982191250483933 0.03630721577548523
0 0.3039359917408698 0.31950349882427026 0.018500451671183415 0.03195034988242703
0 0.48794941282746157 0.4995872890706772 0.02048264292166733 0.03485492714446583
0 0.3964382500967867 0.5373467934771818 0.018500451671183415 0.03485492714446592
0 0.18335269066976384 0.6818495122636131 0.021804103755323278 0.03630721577548523
0 0.33565105174861276 0.5722017206216476 0.018500451671183415 0.03775950440650472
0 0.3964382500967867 0.6070566477661135 0.019821912504839362 0.03775950440650472
0 0.18269196025293588 0.6448161521726181 0.019161182088011357 0.03775950440650463
0 0.1522983610788489 0.6862063781566713 0.020482642921667286 0.03630721577548523
0 0.33565105174861276 0.3899394974287116 0.018500451671183415 0.03630721577548528
0 0.48794941282746157 0.35435842596873607 0.01916118208801139 0.03775950440650467
0 0.12091366627951995 0.4683630835037597 0.021143373338495322 0.03630721577548523
0 0.48794941282746157 0.6440900078571083 0.021804103755323278 0.03630721577548523
0 0.1519679958704349 0.32168193177079935 0.019821912504839313 0.03630721577548528
0 0.3964382500967867 0.2839224273642947 0.019821912504839362 0.03630721577548523
0 0.48861014324428953 0.5366206491616721 0.01916118208801139 0.03630721577548532
0 0.05979610272293199 0.36089372480832344 0.02048264292166731 0.03630721577548532
0 0.42650148406245963 0.2861008603108238 0.02048264292166733 0.03485492714446583
0 0.12190476190476192 0.6840279452101422 0.017839721254355397 0.03485492714446583
0 0.21308555942702287 0.5387990821082012 0.0204826429216673 0.03775950440650472
0 0.3957775196799587 0.3921179303752408 0.019821912504839362 0.03775950440650467
0 0.30525745257452574 0.13215826542276632 0.019821912504839362 0.04647323619262111
0 0.4575558136533746 0.32168193177079935 0.01916118208801139 0.03630721577548528
0 0.45689508323654665 0.5722017206216476 0.01916118208801139 0.03485492714446574
0 0.05979610272293199 0.4683630835037597 0.02048264292166731 0.03921179303752402
0 0.1519679958704349 0.3587152918617943 0.018500451671183353 0.03775950440650463
0 0.24380952380952384 0.42915129046623574 0.018500451671183384 0.03630721577548528
0 0.3961078848883727 0.4995872890706772 0.01916118208801139 0.03485492714446583
0 0.33499032133178475 0.2468890672732997 0.019821912504839362 0.04066408166854347
0 0.36538392050587176 0.28464857167980434 0.018500451671183415 0.03485492714446583
0 0.12157439669634793 0.5017657220172063 0.019821912504839362 0.03340263851344643
0 0.48794941282746157 0.39211793037524073 0.01916118208801139 0.03485492714446583
0 0.3660446509226997 0.13070597679174692 0.019821912504839362 0.04066408166854349
0 0.18302232546134986 0.3565368589152652 0.01982191250483933 0.03340263851344643
0 0.24413988901793782 0.4995872890706772 0.019161182088011357 0.03485492714446583
0 0.24413988901793782 0.5366206491616721 0.019161182088011357 0.03630721577548532
0 0.15262872628726287 0.6469945851191473 0.019821912504839296 0.04211637029956291
0 0.4575558136533746 0.2846485716798044 0.01916118208801139 0.03775950440650467
0 0.48794941282746157 0.2868270046263335 0.01916118208801139 0.03921179303752412
0 0.21308555942702287 0.4313297234127648 0.019161182088011357 0.03195034988242708
0 0.45821654407020257 0.7167044394080789 0.02048264292166733 0.03921179303752412
0 0.4578861788617887 0.49523042317761895 0.018500451671183415 0.03775950440650481
0 0.3363117821654407 0.3565368589152652 0.019821912504839362 0.03340263851344643
0 0.48794941282746157 0.2468890672732997 0.02048264292166733 0.04066408166854347
0 0.05979610272293199 0.4313297234127648 0.02048264292166731 0.03775950440650467
0 0.18269196025293588 0.718882872354608 0.019161182088011357 0.03775950440650472
0 0.2748638534004388 0.38993949742871165 0.02246483417215122 0.04211637029956291
0 0.36571428571428566 0.3572630032307749 0.017839721254355442 0.03485492714446583
0 0.48794941282746157 0.6070566477661135 0.02048264292166733 0.03485492714446592
0 0.45821654407020257 0.42915129046623574 0.02048264292166733 0.03921179303752412
0 0.1222351271131759 0.7210613053011372 0.019821912504839362 0.03630721577548523
0 0.3961078848883727 0.5722017206216476 0.01916118208801139 0.03485492714446574
0 0.12091366627951994 0.39429636332176987 0.01982191250483933 0.03630721577548528
0 0.18335269066976384 0.7914973039055786 0.021804103755323278 0.04066408166854352
0 0.3363117821654407 0.6796710793170839 0.021143373338495305 0.03775950440650472
0 0.12289585753000386 0.7958541697986368 0.021143373338495274 0.03775950440650472
0 0.21308555942702287 0.4995872890706772 0.019161182088011357 0.03775950440650463
0 0.18302232546134986 0.42915129046623574 0.018500451671183384 0.03340263851344639
0 0.15262872628726287 0.6092350807126427 0.01717899083752744 0.03630721577548523
0 0.15130726545360693 0.4313297234127648 0.018500451671183367 0.03485492714446588
0 0.48794941282746157 0.7145260064615498 0.01916118208801139 0.03775950440650472
0 0.06012646793134598 0.7254181711941954 0.02114337333849529 0.03921179303752412
0 0.3660446509226997 0.6070566477661136 0.019821912504839362 0.03195034988242703
0 0.48861014324428953 0.1742746357223292 0.02048264292166733 0.03775950440650467
0 0.18335269066976384 0.7537377994990738 0.021804103755323278 0.03775950440650463
0 0.42650148406245963 0.31950349882427026 0.01916118208801139 0.03485492714446588
0 0.33499032133178475 0.4995872890706772 0.018500451671183415 0.03195034988242694
0 0.09018970189701897 0.39429636332176987 0.021804103755323278 0.03630721577548528
0 0.061447928765001936 0.7980326027451659 0.02246483417215125 0.03921179303752402
0 0.3660446509226997 0.7522855108680544 0.019821912504839362 0.03775950440650463
0 0.33565105174861276 0.6448161521726181 0.019821912504839362 0.03485492714446583
0 0.05979610272293199 0.32168193177079935 0.019161182088011357 0.03630721577548528
0 0.12025293586269195 0.31950349882427026 0.019821912504839344 0.03775950440650463
0 0.18302232546134986 0.31950349882427026 0.018500451671183384 0.03195034988242703
0 0.08985933668860499 0.538799082108201 0.01982191250483933 0.03485492714446583
0 0.05979610272293199 0.6135919466057008 0.02180410375532327 0.03630721577548523
0 0.2444702542263518 0.46400621761070154 0.01982191250483933 0.03340263851344643
0 0.5190037424183765 0.20985570718230476 0.02048264292166733 0.03921179303752409
0 0.09085043231384694 0.6114135136591716 0.019161182088011357 0.03775950440650453
0 0.09085043231384694 0.46618465055723063 0.019161182088011357 0.03775950440650463
0 0.48794941282746157 0.46400621761070154 0.017839721254355442 0.03340263851344643
0 0.09184152793908892 0.7958541697986368 0.01982191250483933 0.04066408166854352
0 0.09118079752226095 0.7588208097076418 0.019821912504839344 0.03340263851344643
0 0.15328945670409086 0.7217874496166469 0.01982191250483933 0.03485492714446583
0 0.029402503548845015 0.32168193177079935 0.01916118208801136 0.03630721577548528
0 0.1519679958704349 0.2468890672732997 0.019821912504839313 0.04066408166854347
0 0.45821654407020257 0.7893188709590495 0.021804103755323278 0.04211637029956282
0 0.36571428571428566 0.38993949742871165 0.017839721254355442 0.03340263851344643
0 0.15262872628726287 0.5017657220172063 0.019821912504839296 0.03340263851344643
0 0.27486385340043873 0.20767727423577564 0.02510775583946314 0.03775950440650467
0 0.30558781778293975 0.42915129046623574 0.019161182088011326 0.03340263851344639
0 0.3045967221576978 0.6448161521726181 0.019821912504839362 0.03775950440650463
0 0.5190037424183765 0.17427463572232924 0.02048264292166733 0.03485492714446585
0 0.3045967221576978 0.536620649161672 0.019821912504839362 0.03921179303752402
0 0.36538392050587176 0.6774926463705548 0.018500451671183415 0.03340263851344653
0 0.5180126467931346 0.3892133531132019 0.019821912504839362 0.03485492714446588
0 0.1522983610788489 0.7566423767611127 0.019161182088011326 0.03775950440650463
0 0.30525745257452574 0.2468890672732998 0.019821912504839362 0.03485492714446588
0 0.4582165440702026 0.6419115749105793 0.016518260420699437 0.03775950440650453
0 0.5190037424183765 0.42697285751970654 0.02048264292166733 0.03775950440650463
0 0.15328945670409086 0.7958541697986368 0.01982191250483933 0.03775950440650472
0 0.05979610272293199 0.39647479626829896 0.019161182088011357 0.03775950440650467
0 0.30525745257452574 0.4995872890706772 0.018500451671183353 0.03195034988242694
0 0.3961078848883727 0.13215826542276632 0.01916118208801139 0.04356865893058231
0 0.30591818299135376 0.7936757368521077 0.019821912504839296 0.03921179303752412
0 0.05979610272293199 0.5039441549637353 0.02048264292166731 0.03485492714446583
0 0.5190037424183765 0.46182778466417246 0.02048264292166733 0.03485492714446583
0 0.09085043231384696 0.2468890672732997 0.020482642921667318 0.04066408166854347
0 0.12091366627951994 0.28464857167980434 0.018500451671183384 0.03485492714446583
0 0.24480061943476578 0.6070566477661135 0.01783972125435541 0.03485492714446592
0 0.05979610272293199 0.5780108751457252 0.02180410375532327 0.03775950440650472
0 0.45821654407020257 0.6048782148195844 0.01916118208801139 0.03630721577548532
0 0.030063233965672988 0.2846485716798044 0.020482642921667314 0.03775950440650467
0 0.45689508323654665 0.2468890672732997 0.01916118208801139 0.03775950440650467
0 0.028741773132017034 0.3587152918617943 0.020482642921667314 0.03775950440650463
0 0.028741773132017034 0.2468890672732997 0.02180410375532326 0.04066408166854347
0 0.48794941282746157 0.20985570718230476 0.01916118208801139 0.03340263851344643
0 0.08985933668860499 0.5017657220172063 0.01982191250483933 0.03630721577548513
0 0.24480061943476578 0.6440900078571083 0.019161182088011357 0.03630721577548523
0 0.5180126467931346 0.35653685891526515 0.019821912504839362 0.03630721577548528
0 0.3663750161311137 0.7893188709590495 0.01916118208801139 0.03630721577548523
0 0.5190037424183765 0.49958728907067707 0.02048264292166733 0.04066408166854352
0 0.3660446509226997 0.1720962027758001 0.019821912504839362 0.03921179303752409
0 0.12091366627951995 0.4313297234127648 0.021143373338495322 0.03775950440650467
0 0.30558781778293975 0.6818495122636131 0.019161182088011326 0.03630721577548523
0 0.48794941282746157 0.679671079317084 0.01916118208801139 0.03485492714446583
0 0.48861014324428953 0.13288440973827603 0.02048264292166733 0.04211637029956289
0 0.05979610272293199 0.6506253066966957 0.019161182088011357 0.03775950440650472
0 0.21374628984385083 0.6092350807126427 0.01783972125435541 0.03340263851344643
0 0.24480061943476578 0.7167044394080789 0.0204826429216673 0.03630721577548532
0 0.27552458381726674 0.2686733967385909 0.025107755839463203 0.03485492714446583
0 0.5180126467931346 0.2861008603108238 0.019821912504839362 0.03485492714446583
0 0.30558781778293975 0.5714755763061379 0.019161182088011326 0.03340263851344634
0 0.4876190476190477 0.42697285751970654 0.018500451671183415 0.03775950440650463
0 0.4575558136533746 0.3565368589152652 0.01916118208801139 0.03340263851344643
0 0.21308555942702287 0.6796710793170839 0.019161182088011357 0.03775950440650472
0 0.45821654407020257 0.679671079317084 0.017839721254355442 0.03195034988242703
0 0.09052006710543296 0.28392242736429474 0.018500451671183384 0.03340263851344648
0 0.28147115756871854 0.6375547090175211 0.013214608336559575 0.026141195358349256
0 0.30591818299135376 0.1742746357223292 0.02246483417215125 0.023236618096310554
0 0.48794941282746157 0.32168193177079935 0.01916118208801139 0.02178432946529111
0 0.2748638534004388 0.17863150161538746 0.02642921667311915 0.023236618096310554
0 0.27552458381726674 0.2977191693589791 0.025107755839463203 0.02904577262038819
0 0.08985933668860499 0.5765585865147058 0.01982191250483933 0.03775950440650463
0 0.3660446509226997 0.46182778466417246 0.02246483417215125 0.02033204083427176
0 0.2748638534004388 0.32386036471732843 0.02642921667311915 0.02904577262038819
0 0.1278513356562137 0.5743801535681767 0.012553877919731586 0.027593483989368745
0 0.27486385340043873 0.2403537684337124 0.02510775583946314 0.02759348398936884
0 0.4644934830300684 0.46400621761070154 0.011893147502903566 0.027593483989368745
0 0.45821654407020257 0.7522855108680544 0.021804103755323278 0.029045772620388238
0 0.27552458381726674 0.11981381205910135 0.025107755839463203 0.03340263851344644
0 0.24413988901793782 0.7522855108680544 0.0204826429216673 0.03485492714446583
0 0.27486385340043873 0.15031187331050894 0.02510775583946314 0.03340263851344646
0 0.24480061943476578 0.7893188709590495 0.0204826429216673 0.03630721577548523
0 0.5186733772099626 0.13506284268480515 0.021143373338495305 0.04066408166854347
0 0.09052006710543298 0.7232397382476663 0.02114337333849529 0.03775950440650463
0 0.059796102722931996 0.28392242736429474 0.016518260420699437 0.03340263851344648
0 0.09052006710543296 0.6484468737501665 0.018500451671183384 0.03340263851344643
0 0.3957775196799587 0.4269728575197066 0.018500451671183415 0.03195034988242708
0 0.21440702026067882 0.7914973039055786 0.0204826429216673 0.03485492714446583
0 0.1519679958704349 0.573654009252667 0.018500451671183353 0.03775950440650463
0 0.5183430120015485 0.31950349882427026 0.01916118208801139 0.03775950440650463
0 0.21374628984385083 0.7167044394080788 0.019161182088011357 0.030498061251407634
0 0.30525745257452574 0.7167044394080789 0.017178990837527407 0.03340263851344653
0 0.3964382500967867 0.2468890672732998 0.018500451671183415 0.03485492714446588
0 0.21341592463543685 0.6448161521726181 0.01717899083752744 0.03485492714446583
0 0.30525745257452574 0.7544639438145836 0.019821912504839362 0.03921179303752402
0 0.21374628984385083 0.573654009252667 0.019161182088011357 0.03485492714446592
0 0.48861014324428953 0.7493809336060157 0.01916118208801139 0.03485492714446592
0 0.060126467931345975 0.6862063781566713 0.019821912504839338 0.03630721577548523
0 0.3964382500967867 0.1720962027758001 0.019821912504839362 0.03630721577548525
0 0.06012646793134598 0.760999242654171 0.02114337333849529 0.03195034988242694
0 0.08985933668860499 0.31950349882427026 0.01982191250483933 0.03775950440650463
0 0.30558781778293975 0.6048782148195844 0.019161182088011326 0.03630721577548532
0 0.09085043231384696 0.42915129046623574 0.020482642921667318 0.03340263851344639
0 0.05979610272293199 0.2468890672732997 0.019161182088011357 0.03775950440650467
0 0.5190037424183765 0.24906750021982885 0.02048264292166733 0.03630721577548523
