0 0.48269360269360273 0.13067150635208713 0.020686868686868694 0.04355716878402903
0 0.13274074074074074 0.13502722323049002 0.021376430976430986 0.04065335753176045
0 0.3868444444444445 0.2511796733212341 0.020686868686868694 0.034845735027223254
0 0.13205117845117845 0.2511796733212341 0.021376430976430973 0.037749546279491814
0 0.13205117845117845 0.17568058076225046 0.021376430976430973 0.037749546279491814
0 0.22893468013468013 0.36152450090744104 0.020686868686868694 0.034845735027223254
0 0.19583569023569022 0.2511796733212341 0.020686868686868694 0.037749546279491814
0 0.19652525252525252 0.211978221415608 0.020686868686868694 0.04065335753176042
0 0.10033131313131313 0.5822141560798548 0.022755555555555543 0.037749546279491814
0 0.3551245791245791 0.17422867513611615 0.019307744107744107 0.04065335753176042
0 0.16377104377104376 0.13502722323049002 0.022755555555555577 0.04355716878402906
0 0.03516767676767677 0.3259528130671506 0.02068686868686868 0.03629764065335751
0 0.19583569023569022 0.28892921960072593 0.022065993265993282 0.03774954627949186
0 0.10102087542087541 0.6925589836660617 0.021376430976430973 0.04065335753176042
0 0.35546936026936027 0.250453720508167 0.0199973063973064 0.03339382940108895
0 0.09964175084175084 0.2911070780399274 0.0199973063973064 0.03339382940108895
0 0.2609993265993266 0.6526315789473683 0.021376430976430986 0.03920145190562616
0 0.13205117845117845 0.2134301270417423 0.021376430976430973 0.03774954627949184
0 0.10033131313131313 0.621415607985481 0.0199973063973064 0.037749546279491814
0 0.22893468013468013 0.3237749546279492 0.020686868686868694 0.034845735027223206
0 0.48269360269360273 0.1720508166969147 0.020686868686868694 0.03920145190562614
0 0.10033131313131313 0.5466424682395644 0.022755555555555543 0.036297640653357555
0 0.45235286195286195 0.467513611615245 0.020686868686868694 0.037749546279491814
0 0.06861144781144782 0.5096188747731397 0.0199973063973064 0.034845735027223206
0 0.1323959595959596 0.471869328493648 0.020686868686868694 0.0319419237749546
0 0.45166329966329966 0.32232304900181485 0.019307744107744107 0.034845735027223206
0 0.41925387205387205 0.35934664246823955 0.019307744107744107 0.036297640653357555
0 0.03585723905723905 0.47404718693284936 0.020686868686868688 0.04210526315789478
0 0.48269360269360273 0.32232304900181485 0.019307744107744107 0.034845735027223206
0 0.45166329966329966 0.4304900181488203 0.019307744107744107 0.036297640653357555
0 0.03585723905723905 0.5466424682395644 0.020686868686868688 0.036297640653357555
0 0.35684848484848486 0.4718693284936479 0.0199973063973064 0.03774954627949191
0 0.2930639730639731 0.39491833030852996 0.024824242424242426 0.04065335753176042
0 0.16342626262626264 0.25480943738656986 0.020686868686868694 0.03629764065335751
0 0.42063299663299664 0.43411978221415604 0.020686868686868694 0.034845735027223254
0 0.10033131313131313 0.4740471869328495 0.0199973063973064 0.036297640653357464
0 0.03585723905723905 0.36370235934664247 0.020686868686868688 0.036297640653357555
0 0.3565037037037037 0.5466424682395644 0.022065993265993282 0.04210526315789468
0 0.514413468013468 0.24537205081669689 0.020686868686868632 0.04065335753176047
0 0.41856430976430975 0.32232304900181485 0.017928619528619516 0.034845735027223206
0 0.13274074074074074 0.621415607985481 0.021376430976430986 0.037749546279491814
0 0.35684848484848486 0.5074410163339383 0.021376430976430986 0.036297640653357555
0 0.48269360269360273 0.28457350272232307 0.020686868686868694 0.037749546279491765
0 0.10033131313131313 0.5096188747731397 0.0199973063973064 0.034845735027223206
0 0.13274074074074074 0.5822141560798548 0.021376430976430986 0.04065335753176052
0 0.547857239057239 0.35571687840290384 0.021376430976430986 0.04065335753176042
0 0.06792188552188552 0.544464609800363 0.02137643097643098 0.037749546279491814
0 0.09895218855218856 0.2511796733212341 0.021376430976430973 0.04355716878402903
0 0.22962424242424243 0.728130671506352 0.020686868686868694 0.036297640653357555
0 0.26065454545454547 0.17422867513611615 0.022065993265993282 0.04065335753176042
0 0.22893468013468013 0.5074410163339383 0.020686868686868694 0.04210526315789468
0 0.547857239057239 0.42831215970961883 0.0199973063973064 0.037749546279491814
0 0.13274074074074074 0.7651542649727768 0.02275555555555556 0.034845735027223206
0 0.5495811447811448 0.6490018148820327 0.022065993265993282 0.037749546279491814
0 0.06723232323232324 0.36152450090744104 0.019997306397306406 0.034845735027223254
0 0.4840727272727273 0.35789473684210527 0.019307744107744107 0.03339382940108895
0 0.06826666666666667 0.6199637023593466 0.019307744107744107 0.03774954627949172
0 0.4840727272727273 0.39274047186932853 0.020686868686868694 0.03629764065335751
0 0.42063299663299664 0.4696914700544465 0.020686868686868694 0.036297640653357555
0 0.2603097643097643 0.13067150635208713 0.021376430976430986 0.04355716878402903
0 0.22927946127946128 0.6903811252268602 0.021376430976430986 0.036297640653357555
0 0.5464781144781145 0.13067150635208713 0.022755555555555577 0.04065335753176042
0 0.48269360269360273 0.24537205081669689 0.019307744107744107 0.034845735027223254
0 0.13205117845117845 0.7259528130671505 0.02275555555555556 0.04065335753176042
0 0.2603097643097643 0.6903811252268602 0.0199973063973064 0.036297640653357555
0 0.22927946127946128 0.6199637023593466 0.021376430976430986 0.03774954627949172
0 0.09964175084175084 0.6569872958257713 0.0199973063973064 0.03629764065335765
0 0.5495811447811448 0.684573502722323 0.022065993265993282 0.03629764065335765
0 0.06792188552188552 0.5822141560798548 0.019997306397306392 0.037749546279491814
0 0.06792188552188552 0.7295825771324864 0.02275555555555556 0.04210526315789468
0 0.1648053872053872 0.43411978221415604 0.020686868686868663 0.034845735027223254
0 0.16377104377104376 0.21560798548094373 0.022755555555555577 0.04210526315789475
0 0.3558141414141414 0.4304900181488203 0.019307744107744107 0.03920145190562612
0 0.42063299663299664 0.544464609800363 0.020686868686868694 0.037749546279491814
0 0.03585723905723905 0.4362976406533575 0.020686868686868688 0.033393829401088905
0 0.22858989898989898 0.5800362976406533 0.0199973063973064 0.036297640653357555
0 0.13274074074074074 0.28892921960072593 0.021376430976430986 0.031941923774954646
0 0.42063299663299664 0.6177858439201451 0.02344511784511787 0.04210526315789459
0 0.2685845117845118 0.28457350272232307 0.014480808080808079 0.0319419237749546
0 0.03516767676767677 0.13720508166969148 0.02344511784511784 0.03920145190562612
0 0.22858989898989898 0.544464609800363 0.0199973063973064 0.034845735027223206
0 0.2609993265993266 0.728130671506352 0.0199973063973064 0.036297640653357555
0 0.03654680134680135 0.5088929219600725 0.020686868686868688 0.03339382940108895
0 0.42063299663299664 0.5052631578947369 0.020686868686868694 0.037749546279491814
0 0.4526976430976431 0.5778584392014519 0.021376430976430986 0.034845735027223206
0 0.42132255892255893 0.5778584392014519 0.020686868686868694 0.034845735027223206
0 0.45476632996632993 0.7985480943738658 0.02275555555555551 0.04065335753176042
0 0.22858989898989898 0.4696914700544465 0.0199973063973064 0.03339382940108895
0 0.10102087542087541 0.7673321234119782 0.021376430976430973 0.036297640653357555
0 0.2537589225589226 0.3970961887477314 0.015170370370370374 0.030490018148820294
0 0.09964175084175085 0.3237749546279492 0.021376430976430973 0.029038112522686038
0 0.5471676767676767 0.39274047186932853 0.0199973063973064 0.03629764065335751
0 0.48269360269360273 0.211978221415608 0.020686868686868694 0.03774954627949184
0 0.5464781144781145 0.24537205081669689 0.021376430976430986 0.034845735027223254
0 0.22962424242424243 0.7651542649727768 0.022065993265993282 0.04065335753176042
0 0.35546936026936027 0.28892921960072593 0.0199973063973064 0.03774954627949186
0 0.5464781144781145 0.2823956442831216 0.021376430976430986 0.03629764065335751
0 0.13274074074074074 0.8029038112522686 0.02275555555555556 0.034845735027223206
0 0.45304242424242425 0.505263157894737 0.022065993265993282 0.034845735027223206
0 0.4540767676767677 0.7237749546279492 0.0199973063973064 0.036297640653357555
0 0.4526976430976431 0.5430127041742288 0.021376430976430986 0.034845735027223206
0 0.5488915824915825 0.5386569872958258 0.022065993265993282 0.04065335753176052
0 0.13205117845117845 0.6569872958257713 0.02275555555555556 0.03339382940108895
0 0.4533872053872054 0.651179673321234 0.0199973063973064 0.036297640653357555
0 0.5495811447811448 0.7201451905626135 0.022065993265993282 0.037749546279491814
0 0.03585723905723906 0.1764065335753176 0.02206599326599326 0.03920145190562612
0 0.4533872053872054 0.6882032667876588 0.021376430976430986 0.034845735027223206
0 0.35615892255892256 0.3259528130671506 0.01861818181818181 0.033393829401088905
0 0.10102087542087541 0.7295825771324864 0.021376430976430973 0.03339382940108895
0 0.22927946127946128 0.6555353901996369 0.0199973063973064 0.033393829401089044
0 0.2609993265993266 0.7985480943738658 0.021376430976430986 0.0348457350272233
0 0.5471676767676767 0.20762250453720507 0.022755555555555577 0.04065335753176042
0 0.2609993265993266 0.7637023593466424 0.021376430976430986 0.034845735027223206
0 0.10102087542087541 0.8050816696914701 0.021376430976430973 0.036297640653357555
0 0.0599919191919192 0.32014519056261337 0.0137912457912458 0.033393829401088995
0 0.03585723905723906 0.21560798548094373 0.02206599326599326 0.03920145190562614
0 0.5488915824915825 0.500907441016334 0.020686868686868694 0.037749546279491814
0 0.26823973063973067 0.2511796733212341 0.012412121212121197 0.026134301270417427
0 0.076196632996633 0.2511796733212341 0.013101683501683491 0.031941923774954646
0 0.5482020202020202 0.46606170598911073 0.020686868686868694 0.0348457350272233
0 0.2537589225589226 0.4304900181488203 0.013791245791245785 0.033393829401088905
0 0.5492363636363636 0.5778584392014519 0.021376430976430986 0.034845735027223206
0 0.5495811447811448 0.611978221415608 0.020686868686868694 0.036297640653357464
0 0.2530693602693603 0.35934664246823955 0.013791245791245785 0.030490018148820342
0 0.22858989898989898 0.43411978221415604 0.0199973063973064 0.034845735027223254
0 0.4533872053872054 0.7615245009074411 0.021376430976430986 0.036297640653357555
0 0.45304242424242425 0.6156079854809438 0.019307744107744107 0.037749546279491814
0 0.06861144781144782 0.6903811252268602 0.0199973063973064 0.036297640653357555
0 0.06792188552188552 0.4362976406533575 0.02137643097643098 0.036297640653357555
0 0.3558141414141414 0.35934664246823955 0.020686868686868694 0.036297640653357555
0 0.13205117845117845 0.6903811252268602 0.02275555555555556 0.036297640653357555
0 0.26892929292929296 0.35934664246823955 0.013791245791245785 0.03339382940108895
0 0.2534141414141414 0.24900181488203268 0.011722558922558904 0.024682395644283123
0 0.26927407407407405 0.3970961887477314 0.013101683501683522 0.033393829401088905
0 0.076196632996633 0.2867513611615245 0.013101683501683491 0.030490018148820342
0 0.5495811447811448 0.7571687840290381 0.020686868686868694 0.03920145190562616
0 0.07585185185185186 0.3237749546279492 0.012412121212121213 0.029038112522686038
0 0.06792188552188552 0.6569872958257713 0.019997306397306392 0.03339382940108895
0 0.2923744107744108 0.211978221415608 0.026203367003367013 0.03484573502722323
0 0.034478114478114476 0.28457350272232307 0.02344511784511784 0.04065335753176042
0 0.2692740740740741 0.5800362976406533 0.014480808080808079 0.030490018148820342
0 0.547857239057239 0.31651542649727765 0.0199973063973064 0.034845735027223254
0 0.2689292929292929 0.4348457350272232 0.012412121212121228 0.027586206896551734
0 0.059302356902356905 0.28457350272232307 0.013791245791245793 0.0319419237749546
0 0.5495811447811448 0.7970961887477315 0.022065993265993282 0.034845735027223206
0 0.059302356902356905 0.24900181488203268 0.012412121212121213 0.030490018148820342
0 0.22893468013468013 0.28892921960072593 0.020686868686868694 0.034845735027223254
0 0.26927407407407405 0.6156079854809438 0.015859932659932637 0.0319419237749546
0 0.2685845117845118 0.32232304900181485 0.014480808080808079 0.026134301270417427
0 0.4195986531986532 0.28675136116152444 0.0199973063973064 0.033393829401088905
0 0.35684848484848486 0.39491833030852996 0.021376430976430986 0.02323049001814882
0 0.5471676767676767 0.16842105263157894 0.0199973063973064 0.03484573502722323
0 0.3013387205387206 0.6548094373865699 0.013791245791245818 0.02903811252268599
0 0.29271919191919193 0.4304900181488203 0.02689292929292931 0.024682395644283123
0 0.13274074074074074 0.5074410163339383 0.02275555555555556 0.03920145190562607
0 0.1641158249158249 0.3970961887477314 0.020686868686868663 0.03629764065335751
0 0.2944430976430976 0.32740471869328497 0.024824242424242457 0.030490018148820294
0 0.29409831649831647 0.27005444646098004 0.02551380471380472 0.034845735027223254
0 0.29134006734006734 0.1248638838475499 0.026892929292929246 0.026134301270417427
0 0.29409831649831647 0.29981851179673324 0.02689292929292931 0.027586206896551734
0 0.2923744107744108 0.15172413793103448 0.026203367003367013 0.030490018148820342
0 0.034478114478114476 0.25263157894736843 0.02206599326599326 0.037749546279491814
0 0.29202962962962964 0.1793103448275862 0.02689292929292931 0.024682395644283123
0 0.29340875420875423 0.24029038112522685 0.02551380471380472 0.024682395644283123
0 0.35546936026936027 0.21560798548094373 0.021376430976430986 0.03920145190562614
0 0.32305993265993266 0.2134301270417423 0.022755555555555577 0.03774954627949184
0 0.13205117845117845 0.40072595281306717 0.0199973063973064 0.037749546279491814
0 0.16342626262626264 0.36152450090744104 0.020686868686868694 0.034845735027223254
0 0.13205117845117845 0.32377495462794914 0.02275555555555556 0.04065335753176047
0 0.09964175084175085 0.438475499092559 0.02275555555555556 0.0348457350272233
0 0.45166329966329966 0.28457350272232307 0.020686868686868694 0.037749546279491765
0 0.06792188552188552 0.47404718693284936 0.02137643097643098 0.03920145190562607
0 0.16342626262626264 0.28892921960072593 0.020686868686868694 0.034845735027223254
0 0.35546936026936027 0.13502722323049002 0.021376430976430986 0.04355716878402906
0 0.45235286195286195 0.35571687840290384 0.020686868686868694 0.034845735027223206
0 0.16377104377104376 0.17568058076225046 0.022755555555555577 0.037749546279491814
0 0.03585723905723905 0.4014519056261343 0.020686868686868688 0.03920145190562612
0 0.09964175084175085 0.4029038112522686 0.021376430976430973 0.03629764065335751
0 0.41856430976430975 0.24900181488203263 0.020686868686868694 0.04210526315789473
0 0.1637710437710438 0.3237749546279492 0.0199973063973064 0.034845735027223206
0 0.1323959595959596 0.438475499092559 0.020686868686868694 0.0348457350272233
0 0.32305993265993266 0.2511796733212341 0.021376430976431052 0.034845735027223254
0 0.10033131313131313 0.36370235934664247 0.0199973063973064 0.04210526315789478
0 0.32374949494949495 0.13502722323049002 0.022755555555555577 0.04065335753176045
0 0.3861548821548822 0.2134301270417423 0.019307744107744107 0.04065335753176045
0 0.1323959595959596 0.544464609800363 0.020686868686868694 0.037749546279491814
0 0.4520080808080808 0.39274047186932853 0.0199973063973064 0.03920145190562612
0 0.06826666666666667 0.40072595281306717 0.020686868686868688 0.037749546279491814
0 0.32305993265993266 0.1764065335753176 0.019997306397306337 0.036297640653357534
0 0.38649966329966334 0.13502722323049002 0.02275555555555551 0.04065335753176045
0 0.13205117845117845 0.36370235934664247 0.0199973063973064 0.03920145190562616
0 0.44959461279461277 0.1328493647912886 0.022065993265993282 0.04210526315789475
0 0.22858989898989898 0.3970961887477314 0.0199973063973064 0.03920145190562612
0 0.45097373737373736 0.24900181488203268 0.019307744107744107 0.036297640653357555
0 0.22893468013468016 0.2511796733212341 0.02206599326599325 0.04065335753176042
0 0.26065454545454547 0.21560798548094373 0.020686868686868694 0.03920145190562614
0 0.38649966329966334 0.17422867513611617 0.0199973063973064 0.03484573502722323
0 0.45028417508417506 0.211978221415608 0.020686868686868694 0.04065335753176042
0 0.41994343434343434 0.39637023593466425 0.019307744107744107 0.037749546279491814
0 0.45097373737373736 0.17277676950998186 0.020686868686868694 0.03774954627949184
