0 0.072542 0.859633 0.025180 0.038532
0 0.060552 0.355046 0.041966 0.049541
0 0.617506 0.678899 0.038369 0.044037
0 0.046163 0.446789 0.022782 0.042202
0 0.073141 0.444954 0.023981 0.042202
0 0.952638 0.311927 0.034772 0.044037
0 0.285372 0.261468 0.040767 0.045872
0 0.396283 0.311009 0.039568 0.042202
0 0.671463 0.722936 0.040767 0.051376
0 0.828537 0.448624 0.021583 0.038532
0 0.410671 0.769725 0.022782 0.038532
0 0.071343 0.813761 0.025180 0.038532
0 0.564748 0.631193 0.035971 0.055046
0 0.284173 0.167890 0.035971 0.060550
0 0.043165 0.768807 0.023981 0.036697
0 0.507194 0.143119 0.045564 0.044037
0 0.182854 0.815596 0.029976 0.038532
0 0.383094 0.447706 0.025180 0.040367
0 0.688249 0.447706 0.023981 0.036697
0 0.411871 0.447706 0.025180 0.044037
0 0.661871 0.769725 0.023981 0.038532
0 0.853717 0.449541 0.023981 0.040367
0 0.061751 0.264220 0.041966 0.051376
0 0.182854 0.771560 0.027578 0.042202
0 0.853717 0.405505 0.021583 0.036697
0 0.509592 0.290826 0.045564 0.045872
0 0.687650 0.539450 0.025180 0.036697
0 0.686451 0.494495 0.025180 0.042202
0 0.383693 0.766972 0.023981 0.036697
0 0.396283 0.722936 0.034772 0.047706
0 0.229017 0.400000 0.035971 0.040367
0 0.045564 0.812844 0.023981 0.040367
0 0.661271 0.399083 0.022782 0.038532
0 0.563549 0.680734 0.035971 0.044037
0 0.072542 0.905505 0.022782 0.042202
0 0.044964 0.906422 0.027578 0.040367
0 0.383094 0.861468 0.022782 0.038532
0 0.044365 0.399083 0.023981 0.038532
0 0.783573 0.219266 0.037170 0.034862
0 0.044964 0.857798 0.025180 0.038532
0 0.687050 0.401835 0.023981 0.040367
0 0.073141 0.768807 0.023981 0.040367
0 0.384293 0.400000 0.027578 0.040367
0 0.507194 0.104587 0.050360 0.036697
0 0.411271 0.400000 0.023981 0.036697
0 0.896283 0.311009 0.037170 0.038532
0 0.729017 0.310092 0.038369 0.033028
0 0.661871 0.904587 0.023981 0.040367
0 0.951439 0.222018 0.039568 0.036697
0 0.508993 0.535780 0.032374 0.044037
0 0.661271 0.814679 0.022782 0.040367
0 0.730216 0.402752 0.038369 0.038532
0 0.410671 0.813761 0.022782 0.034862
0 0.661871 0.860550 0.023981 0.036697
0 0.507194 0.214679 0.045564 0.044037
0 0.690048 0.956881 0.022782 0.038532
0 0.383094 0.815596 0.025180 0.042202
0 0.229017 0.307339 0.035971 0.034862
0 0.562350 0.728440 0.040767 0.051376
0 0.509592 0.330275 0.045564 0.036697
0 0.045564 0.955046 0.026379 0.042202
0 0.688849 0.859633 0.022782 0.042202
0 0.073141 0.955963 0.023981 0.040367
0 0.509592 0.359633 0.047962 0.040367
0 0.520384 0.759633 0.023981 0.029358
0 0.895683 0.402752 0.040767 0.031193
0 0.285372 0.308257 0.040767 0.040367
0 0.687650 0.813761 0.025180 0.038532
0 0.060552 0.308257 0.037170 0.040367
0 0.172662 0.309174 0.035971 0.042202
0 0.690048 0.905505 0.025180 0.042202
0 0.686451 0.767890 0.022782 0.038532
0 0.507194 0.181651 0.047962 0.033028
0 0.409472 0.906422 0.025180 0.040367
0 0.508393 0.254128 0.043165 0.034862
0 0.285372 0.218349 0.035971 0.036697
0 0.184053 0.906422 0.027578 0.044037
0 0.072542 0.401835 0.025180 0.036697
0 0.660671 0.954128 0.023981 0.044037
0 0.520384 0.780734 0.033573 0.009174
0 0.562350 0.262385 0.038369 0.051376
0 0.508393 0.489908 0.040767 0.047706
0 0.673861 0.264220 0.035971 0.055046
0 0.895084 0.217431 0.039568 0.053211
0 0.619904 0.263303 0.038369 0.053211
0 0.727818 0.214679 0.038369 0.055046
0 0.339928 0.677982 0.039568 0.049541
0 0.563549 0.356881 0.040767 0.049541
0 0.783573 0.169725 0.039568 0.060550
0 0.838729 0.265138 0.039568 0.056881
0 0.339928 0.355046 0.037170 0.049541
0 0.172062 0.677982 0.039568 0.045872
0 0.508993 0.441284 0.044365 0.049541
0 0.950839 0.170642 0.038369 0.058716
0 0.452638 0.727523 0.039568 0.049541
0 0.453837 0.678899 0.037170 0.047706
0 0.838729 0.355963 0.037170 0.055046
0 0.119305 0.263303 0.039568 0.049541
0 0.783573 0.356881 0.039568 0.049541
0 0.453837 0.263303 0.039568 0.049541
0 0.396283 0.262385 0.039568 0.055046
0 0.896283 0.267890 0.037170 0.047706
0 0.783573 0.265138 0.037170 0.053211
0 0.173861 0.355963 0.040767 0.051376
0 0.116906 0.354128 0.039568 0.047706
0 0.117506 0.309174 0.040767 0.045872
0 0.617506 0.355963 0.040767 0.047706
0 0.339928 0.728440 0.039568 0.051376
0 0.950839 0.355963 0.038369 0.047706
0 0.396283 0.678899 0.034772 0.047706
0 0.453837 0.311927 0.037170 0.044037
0 0.341727 0.629358 0.035971 0.051376
0 0.173261 0.628440 0.037170 0.053211
0 0.617506 0.311927 0.038369 0.044037
0 0.563549 0.311927 0.035971 0.044037
0 0.452638 0.356881 0.039568 0.049541
0 0.619904 0.630275 0.035971 0.053211
0 0.784173 0.311009 0.038369 0.042202
0 0.729017 0.267890 0.035971 0.047706
0 0.229017 0.217431 0.035971 0.053211
0 0.452638 0.627523 0.039568 0.051376
0 0.058753 0.626606 0.038369 0.053211
0 0.619904 0.725688 0.040767 0.053211
0 0.172062 0.725688 0.039568 0.049541
0 0.672662 0.355963 0.040767 0.047706
0 0.342326 0.262385 0.039568 0.051376
0 0.285372 0.354128 0.040767 0.051376
0 0.115707 0.628440 0.037170 0.053211
0 0.673861 0.311927 0.035971 0.044037
0 0.896283 0.355963 0.039568 0.051376
0 0.114508 0.678899 0.037170 0.047706
0 0.729017 0.354128 0.038369 0.051376
0 0.174460 0.263303 0.037170 0.049541
0 0.058753 0.677064 0.040767 0.047706
0 0.950839 0.263303 0.038369 0.049541
0 0.395084 0.628440 0.034772 0.053211
0 0.058753 0.726606 0.040767 0.051376
0 0.229017 0.267890 0.035971 0.047706
0 0.661271 0.445872 0.022782 0.044037
0 0.341127 0.310092 0.037170 0.044037
0 0.673861 0.678899 0.035971 0.044037
0 0.673861 0.629358 0.035971 0.055046
0 0.826739 0.402752 0.022782 0.034862
0 0.229017 0.351376 0.035971 0.049541
0 0.661271 0.492661 0.020384 0.034862
0 0.396283 0.354128 0.039568 0.044037
0 0.410671 0.858716 0.025180 0.040367
0 0.071942 0.491743 0.028777 0.044037
0 0.115108 0.725688 0.040767 0.049541
