0 0.44143853998926463 0.3028965055508901 0.021298980139559817 0.04137123002646302
0 0.4421256038647343 0.6065317830665385 0.02267310789049917 0.039893686096946594
0 0.051186258722490614 0.7158700338507623 0.013054213633923782 0.03102842251984734
0 0.5139237788513151 0.3036352775156484 0.013741277509393449 0.031028422519847245
0 0.5307568438003221 0.7941798621151388 0.014428341384863125 0.03102842251984734
0 0.4503703703703704 0.7956574060446553 0.013054213633923773 0.03102842251984734
0 0.06664519592055823 0.6781926636480906 0.013741277509393449 0.02955087859033081
0 0.05221685453569512 0.6412540654101772 0.013741277509393465 0.02955087859033081
0 0.4507139023081052 0.756502491912467 0.013741277509393449 0.03250596644936386
0 0.06733225979602792 0.7180863497450372 0.013741277509393449 0.03546105430839692
0 0.48197530864197535 0.6427316093396938 0.013054213633923773 0.029550878590330718
0 0.4345679012345679 0.7941798621151388 0.014428341384863125 0.03102842251984734
0 0.28375738056897476 0.27630071481959245 0.027482555018786898 0.029550878590330766
0 0.5462157809983897 0.7963961780094135 0.013741277509393449 0.03250596644936386
0 0.48094471282877077 0.6789314356128489 0.012367149758454097 0.028073334660814284
0 0.5444981213097154 0.3413126477183201 0.013054213633923773 0.029550878590330718
0 0.48197530864197535 0.33983510378880355 0.011680085882984423 0.03250596644936386
0 0.5451851851851851 0.7557637199477089 0.014428341384863125 0.033983510378880394
0 0.3792592592592593 0.6065317830665385 0.02336017176596891 0.039893686096946594
0 0.05118625872249061 0.6774538916833324 0.014428341384863125 0.033983510378880394
0 0.45140096618357484 0.7166088058155206 0.012367149758454097 0.03250596644936386
0 0.5455287171229201 0.6811477515071237 0.013741277509393449 0.02955087859033081
0 0.28375738056897476 0.30511282144516494 0.028856682769726187 0.0339835103788803
0 0.4022758990874932 0.6781926636480906 0.013054213633923773 0.02955087859033081
0 0.44933977455716584 0.33983510378880355 0.013741277509393449 0.03250596644936386
0 0.08210413311862587 0.3775124739914753 0.014428341384863125 0.02807333466081424
0 0.4355984970477724 0.6789314356128489 0.013741277509393449 0.028073334660814284
0 0.5451851851851851 0.7173475777802788 0.014428341384863125 0.03102842251984734
0 0.48094471282877077 0.376773702026717 0.010993022007514747 0.026595790731297666
0 0.5448416532474504 0.37603493006195876 0.013741277509393449 0.033983510378880345
0 0.4349114331723028 0.753547404053434 0.013741277509393449 0.03546105430839692
0 0.2830703166935051 0.45138967046730216 0.017863660762211533 0.0339835103788803
0 0.44968330649490074 0.3775124739914753 0.014428341384863125 0.033983510378880345
0 0.5125496511003758 0.2253254492512719 0.013741277509393449 0.03102842251984722
0 0.5300697799248524 0.7557637199477089 0.014428341384863125 0.033983510378880394
0 0.5053354804079442 0.6072705550312968 0.02129898013955988 0.044326317885496264
0 0.5455287171229201 0.6449479252339686 0.013741277509393449 0.031028422519847245
0 0.5132367149758454 0.41592861615890525 0.012367149758454097 0.03102842251984734
0 0.44968330649490074 0.6442091532692102 0.014428341384863125 0.029550878590330718
0 0.09928073000536769 0.4912833565642486 0.013054213633923773 0.0280733346608141
0 0.251808910359635 0.30289650555089015 0.0226731078904992 0.038416142167429876
0 0.026451959205582395 0.3043740494804067 0.02129898013955984 0.04137123002646302
0 0.4180783682232958 0.6804089795423653 0.014428341384863125 0.03102842251984734
0 0.155276435856146 0.608009326996055 0.020611916264090174 0.04580386181501279
0 0.5139237788513151 0.3782512459562335 0.012367149758454097 0.03250596644936382
0 0.4349114331723028 0.7166088058155206 0.013741277509393449 0.03250596644936386
0 0.4355984970477724 0.6427316093396938 0.012367149758454097 0.029550878590330718
0 0.5297262479871175 0.7173475777802788 0.013741277509393449 0.03102842251984734
0 0.08416532474503488 0.4920221285290068 0.013054213633923773 0.026595790731297572
0 0.28375738056897476 0.09234649559478358 0.028856682769726187 0.03398351037888038
0 0.4500268384326355 0.6781926636480906 0.013741277509393449 0.02955087859033081
0 0.3861298980139559 0.3789900179209918 0.013741277509393449 0.03102842251984729
0 0.4180783682232958 0.33761878789452876 0.013054213633923773 0.03102842251984734
0 0.5307568438003221 0.6442091532692102 0.014428341384863125 0.029550878590330718
0 0.08279119699409555 0.4159286161589052 0.013054213633923773 0.0339835103788803
0 0.28375738056897476 0.12411369007938912 0.028856682769726187 0.03250596644936384
0 0.09928073000536769 0.3775124739914753 0.013054213633923773 0.02807333466081424
0 0.4033064949006978 0.41371230026463046 0.012367149758454097 0.02955087859033081
0 0.49846484165324745 0.41592861615890525 0.013054213633923773 0.03102842251984734
0 0.5304133118625872 0.6796702075776071 0.013741277509393449 0.02955087859033081
0 0.09172302737520129 0.3028965055508901 0.0226731078904992 0.04137123002646302
0 0.3710144927536232 0.3782512459562335 0.012367149758454097 0.03250596644936382
0 0.09103596349973161 0.6065317830665385 0.019924852388620514 0.039893686096946594
0 0.48231884057971014 0.48906704066997375 0.012367149758454097 0.026595790731297572
0 0.4974342458400429 0.2253254492512719 0.012367149758454161 0.03102842251984722
0 0.4675469672571122 0.415189844194147 0.013054213633923773 0.02955087859033081
0 0.02713902308105207 0.26521913534821845 0.022673107890499186 0.03693859823791349
0 0.41842190016103054 0.415189844194147 0.013741277509393449 0.02955087859033081
0 0.5125496511003758 0.3420514196830784 0.013741277509393449 0.031028422519847245
0 0.1003113258185722 0.45360598636157695 0.013741277509393449 0.029550878590330718
0 0.09893719806763285 0.3427901916478367 0.012367149758454097 0.03250596644936382
0 0.060118089103596346 0.6065317830665385 0.024047235641438545 0.039893686096946594
0 0.1003113258185722 0.4174061600884218 0.0151154052603328 0.03693859823791344
0 0.28444444444444444 0.24674983622926172 0.02885668276972625 0.03546105430839692
0 0.49777777777777776 0.30141896162137355 0.013054213633923837 0.029550878590330766
0 0.4022758990874932 0.33688001592977046 0.013054213633923773 0.02659579073129771
0 0.4026194310252281 0.22458667728651363 0.012367149758454097 0.029550878590330693
0 0.4180783682232958 0.6449479252339686 0.014428341384863125 0.031028422519847245
0 0.18688137412775094 0.608009326996055 0.021986044015029526 0.04580386181501279
0 0.4970907139023081 0.33983510378880355 0.013054213633923773 0.03250596644936386
0 0.027826086956521744 0.5658993250048336 0.024047235641438538 0.03546105430839683
0 0.3160493827160494 0.18543176315432544 0.021986044015029495 0.033983510378880394
0 0.09172302737520129 0.22532544925127193 0.02129898013955985 0.039893686096946546
0 0.4672034353193774 0.48980581263473205 0.012367149758454097 0.0280733346608141
0 0.4675469672571122 0.338357559859287 0.014428341384863125 0.02955087859033081
0 0.059431025228126676 0.3036352775156484 0.019924852388620507 0.03989368609694641
0 0.4830059044551798 0.4521284424320604 0.01099302200751481 0.026595790731297666
0 0.15596349973161566 0.5695931848286251 0.020611916264090174 0.03693859823791335
0 0.4022758990874932 0.6434703813044519 0.013054213633923773 0.033983510378880394
0 0.05943102522812668 0.5695931848286251 0.02129898013955985 0.03693859823791335
0 0.4970907139023081 0.2637415914187019 0.014428341384863125 0.03102842251984729
0 0.21882984433709074 0.6065317830665385 0.0226731078904992 0.039893686096946594
0 0.027826086956521744 0.5252668669431289 0.024047235641438538 0.04284877395597964
0 0.4675469672571122 0.45065089850254386 0.013054213633923773 0.026595790731297666
0 0.46823403113258183 0.376773702026717 0.013054213633923773 0.029550878590330766
0 0.4180783682232958 0.2253254492512719 0.013054213633923773 0.03102842251984722
0 0.537283950617284 0.6057930111017802 0.021986044015029495 0.03841614216743006
0 0.41876543209876543 0.2999414176918571 0.013054213633923773 0.029550878590330718
0 0.5053354804079442 0.5296994987316787 0.01992485238862053 0.04284877395597955
0 0.155276435856146 0.5296994987316787 0.020611916264090174 0.04284877395597955
0 0.1229844337090714 0.5658993250048336 0.020611916264090188 0.03546105430839683
0 0.537283950617284 0.5695931848286251 0.020611916264090143 0.03693859823791335
0 0.3703274288781535 0.3405738757535618 0.012367149758454161 0.033983510378880394
0 0.08279119699409555 0.3405738757535618 0.014428341384863125 0.033983510378880394
0 0.41842190016103054 0.3775124739914753 0.013741277509393449 0.02807333466081424
0 0.4022758990874932 0.30068018965661536 0.011680085882984423 0.031028422519847245
0 0.5132367149758454 0.26521913534821845 0.012367149758454097 0.033983510378880345
0 0.442812667740204 0.5260056389078872 0.021298980139559817 0.04137123002646312
0 0.05943102522812668 0.26595790731297675 0.02129898013955985 0.038416142167430015
0 0.3850993022007515 0.3413126477183201 0.014428341384863125 0.03250596644936377
0 0.1229844337090714 0.6035766952075055 0.020611916264090188 0.04284877395597955
0 0.09034889962426193 0.5289607267669203 0.022673107890499186 0.04137123002646293
0 0.4026194310252281 0.2630028194539436 0.013741277509393449 0.029550878590330766
0 0.5053354804079442 0.5695931848286251 0.01992485238862053 0.03693859823791335
0 0.4029629629629629 0.376773702026717 0.013054213633923773 0.029550878590330766
0 0.31467525496511006 0.22310913335699709 0.020611916264090206 0.03546105430839683
0 0.21882984433709074 0.5703319567933833 0.02129898013955985 0.038416142167429876
0 0.4180783682232958 0.2630028194539436 0.013054213633923773 0.03250596644936382
0 0.4421256038647343 0.26595790731297675 0.019924852388620466 0.035461054308396966
0 0.18653784219001612 0.5673768689343502 0.02129898013955985 0.038416142167429876
0 0.12367149758454107 0.26300281945394366 0.020611916264090206 0.038416142167429876
0 0.09172302737520129 0.2637415914187019 0.02129898013955985 0.03693859823791335
0 0.059431025228126676 0.22532544925127193 0.022673107890499193 0.039893686096946546
0 0.059431025228126676 0.5267444108726455 0.022673107890499193 0.0458038618150127
0 0.4098336017176597 0.5252668669431289 0.021298980139559817 0.039893686096946594
0 0.1229844337090714 0.3028965055508901 0.02198604401502954 0.04137123002646302
0 0.47373054213633925 0.6057930111017802 0.01992485238862053 0.03841614216743006
0 0.1229844337090714 0.21941527353320583 0.02198604401502954 0.05171403753307885
0 0.15596349973161566 0.22458667728651371 0.020611916264090174 0.04137123002646305
0 0.251808910359635 0.2245866772865137 0.019924852388620497 0.03546105430839692
0 0.5365968867418143 0.26521913534821845 0.019237788513150854 0.03693859823791349
0 0.3782286634460547 0.5289607267669203 0.02267310789049923 0.044326317885496264
0 0.2511218464841653 0.26152527552442706 0.0226731078904992 0.04137123002646307
0 0.18722490606548578 0.5289607267669203 0.0226731078904992 0.044326317885496264
0 0.026451959205582392 0.2260642212160302 0.02404723564143853 0.04137123002646302
0 0.44143853998926463 0.2260642212160302 0.02267310789049917 0.044326317885496055
0 0.25249597423510467 0.18321544726005062 0.02129898013955985 0.044326317885496125
0 0.47373054213633925 0.5673768689343502 0.01992485238862053 0.038416142167429876
0 0.155276435856146 0.2644803633834602 0.020611916264090174 0.03841614216742997
0 0.537283950617284 0.5289607267669203 0.021986044015029495 0.04137123002646293
0 0.41052066559312933 0.6057930111017802 0.02267310789049917 0.04137123002646312
0 0.3785721953837896 0.5710707287581417 0.020611916264090206 0.03693859823791335
0 0.09103596349973161 0.5695931848286251 0.02129898013955985 0.03693859823791335
0 0.2830703166935051 0.3738186141676839 0.026108427267847546 0.04137123002646302
0 0.1229844337090714 0.5267444108726455 0.020611916264090188 0.04284877395597964
0 0.18653784219001612 0.3036352775156484 0.0226731078904992 0.04284877395597964
0 0.442812667740204 0.5673768689343502 0.021298980139559817 0.038416142167429876
0 0.49846484165324745 0.3775124739914753 0.015802469135802414 0.033983510378880345
0 0.40914653784219 0.5651605530400754 0.01992485238862053 0.03989368609694641
0 0.31467525496511006 0.26226404748918536 0.021986044015029495 0.03989368609694645
0 0.21882984433709074 0.26300281945394366 0.02129898013955985 0.038416142167429876
0 0.3792592592592593 0.3028965055508901 0.021986044015029557 0.04137123002646302
0 0.18722490606548578 0.2637415914187019 0.0226731078904992 0.03693859823791335
0 0.3469672571121847 0.26226404748918536 0.020611916264090206 0.03989368609694645
0 0.28341384863124 0.41445107222938876 0.024047235641438583 0.039893686096946546
0 0.47441760601180893 0.5289607267669203 0.01992485238862053 0.04137123002646293
0 0.3469672571121847 0.3028965055508901 0.020611916264090206 0.04137123002646302
0 0.5376274825550188 0.3028965055508901 0.019924852388620466 0.04137123002646302
0 0.3782286634460547 0.22163158942748057 0.01992485238862053 0.038416142167429876
0 0.22020397208803005 0.5267444108726455 0.02267310789049917 0.0458038618150127
0 0.31536231884057975 0.14479930509262062 0.020611916264090143 0.0472814057445292
0 0.47373054213633925 0.30289650555089015 0.02267310789049923 0.038416142167429876
0 0.3469672571121847 0.22163158942748057 0.020611916264090206 0.04137123002646307
0 0.18791196994095546 0.2238479053217554 0.019924852388620497 0.0428487739559796
0 0.537283950617284 0.22458667728651371 0.020611916264090143 0.04137123002646305
0 0.3785721953837896 0.26152527552442706 0.020611916264090206 0.04137123002646307
0 0.22020397208803008 0.2223703613922389 0.02129898013955985 0.04284877395597964
0 0.47373054213633925 0.26521913534821845 0.01992485238862053 0.03693859823791349
0 0.4723564143853999 0.22458667728651363 0.021298980139559817 0.04728140574452918
0 0.21882984433709074 0.3028965055508901 0.0226731078904992 0.04137123002646302
0 0.2823832528180354 0.18543176315432544 0.027482555018786898 0.033983510378880394
0 0.2830703166935051 0.1551421125992364 0.02885668276972625 0.029550878590330766
0 0.06698872785829307 0.6434703813044519 0.013054213633923773 0.02807333466081419
0 0.06664519592055825 0.756502491912467 0.015115405260332785 0.03250596644936386
0 0.28307031669350513 0.21572141370941447 0.02748255501878696 0.029550878590330766
0 0.155276435856146 0.30511282144516494 0.021986044015029526 0.0458038618150127
0 0.2913150831991411 0.6412540654101772 0.015115405260332832 0.02955087859033081
0 0.08416532474503488 0.45656107422061 0.014428341384863125 0.03250596644936386
0 0.02851315083199141 0.6043154671722638 0.0226731078904992 0.044326317885496076
