0 0.5544554455445545 0.24256505576208182 0.03712871287128705 0.04646840148698886
0 0.5532178217821782 0.6654275092936803 0.03712871287128716 0.048327137546468335
0 0.38304455445544555 0.08828996282527882 0.04084158415841588 0.053903345724907056
0 0.6101485148514851 0.29182156133828996 0.04207920792079212 0.048327137546468446
0 0.6113861386138614 0.14684014869888476 0.03960396039603964 0.04832713754646839
0 0.8941831683168318 0.241635687732342 0.04084158415841588 0.04832713754646842
0 0.8941831683168318 0.13847583643122677 0.04084158415841588 0.05390334572490707
0 0.5532178217821782 0.5743494423791822 0.03960396039603953 0.048327137546468446
0 0.8397277227722773 0.474907063197026 0.03589108910891092 0.04646840148698883
0 0.3818069306930693 0.24256505576208176 0.04084158415841588 0.05018587360594792
0 0.6101485148514851 0.19330855018587362 0.03712871287128716 0.044609665427509354
0 0.20915841584158412 0.474907063197026 0.04207920792079203 0.04646840148698883
0 0.724009900990099 0.2899628252788104 0.03712871287128716 0.044609665427509326
0 0.6101485148514851 0.24070631970260226 0.03712871287128716 0.04646840148698886
0 0.6113861386138614 0.09107806691449814 0.03960396039603964 0.05947955390334572
0 0.8397277227722773 0.7630111524163569 0.04084158415841588 0.05018587360594795
0 0.5556930693069306 0.28624535315985133 0.03712871287128705 0.044609665427509326
0 0.724009900990099 0.4758364312267658 0.03712871287128716 0.04832713754646839
0 0.2660891089108911 0.2397769516728625 0.04207920792079206 0.04832713754646836
0 0.8397277227722773 0.38382899628252787 0.03589108910891092 0.046468401486988886
0 0.724009900990099 0.3828996282527881 0.03712871287128716 0.04832713754646839
0 0.7803217821782178 0.1412639405204461 0.0383663366336634 0.052044609665427524
0 0.4399752475247525 0.19423791821561337 0.04084158415841588 0.04646840148698886
0 0.4399752475247525 0.241635687732342 0.04084158415841588 0.04832713754646842
0 0.2097772277227723 0.19330855018587362 0.03589108910891092 0.04832713754646842
0 0.9529702970297029 0.19237918215613384 0.042079207920792006 0.05390334572490707
0 0.9535891089108911 0.3828996282527881 0.03836633663366329 0.04832713754646839
0 0.040222772277227724 0.19052044609665428 0.03836633663366336 0.04646840148698883
0 0.8372524752475248 0.29182156133828996 0.03589108910891092 0.048327137546468446
0 0.14913366336633666 0.8568773234200744 0.04084158415841585 0.044609665427509326
0 0.150990099009901 0.137546468401487 0.03960396039603961 0.055762081784386616
0 0.9529702970297029 0.137546468401487 0.03960396039603953 0.055762081784386616
0 0.8941831683168318 0.19144981412639409 0.03589108910891092 0.048327137546468446
0 0.32363861386138615 0.23791821561338294 0.04084158415841582 0.048327137546468474
0 0.5532178217821782 0.1412639405204461 0.03960396039603953 0.052044609665427524
0 0.5532178217821782 0.08828996282527882 0.03712871287128716 0.053903345724907056
0 0.9535891089108911 0.2397769516728625 0.03836633663366329 0.044609665427509354
0 0.20792079207920794 0.2853159851301116 0.034653465346534656 0.04646840148698883
0 0.0952970297029703 0.23791821561338292 0.03960396039603961 0.05576208178438663
0 0.3818069306930693 0.1412639405204461 0.04084158415841588 0.052044609665427524
0 0.6670792079207921 0.13940520446096655 0.03712871287128716 0.044609665427509285
0 0.20792079207920794 0.3819702602230483 0.037128712871287134 0.05018587360594795
0 0.3818069306930693 0.19330855018587362 0.03589108910891092 0.04832713754646842
0 0.8360148514851484 0.23977695167286245 0.0383663366336634 0.05204460966542754
0 0.20606435643564358 0.7137546468401488 0.04084158415841585 0.048327137546468335
0 0.8954207920792079 0.3819702602230483 0.03589108910891092 0.05018587360594795
0 0.8397277227722773 0.5724907063197027 0.03589108910891092 0.048327137546468224
0 0.1503712871287129 0.5687732342007434 0.03836633663366337 0.048327137546468335
0 0.3248762376237624 0.09014869888475835 0.04084158415841582 0.057620817843866134
0 0.8397277227722773 0.6198884758364311 0.03589108910891092 0.04646840148698883
0 0.7221534653465347 0.08921933085501858 0.043316831683168355 0.05204460966542751
0 0.20792079207920794 0.42936802973977695 0.03960396039603964 0.044609665427509326
0 0.2116336633663366 0.1412639405204461 0.039603960396039556 0.048327137546468404
0 0.7803217821782178 0.241635687732342 0.0383663366336634 0.0446096654275093
0 0.7233910891089108 0.3355018587360595 0.03589108910891092 0.04646840148698883
0 0.3248762376237624 0.33271375464684017 0.04084158415841582 0.048327137546468335
0 0.7815594059405941 0.08828996282527882 0.03589108910891092 0.057620817843866176
0 0.9535891089108911 0.33271375464684017 0.03589108910891081 0.048327137546468335
0 0.9529702970297029 0.42936802973977695 0.03712871287128705 0.044609665427509326
0 0.7227722772277227 0.19330855018587362 0.034653465346534684 0.044609665427509354
0 0.4969059405940594 0.4219330855018587 0.04579207920792083 0.05204460966542751
0 0.15222772277227725 0.23884758364312275 0.037128712871287134 0.04646840148698886
0 0.4399752475247525 0.29089219330855015 0.04084158415841588 0.04646840148698883
0 0.4375 0.4284386617100372 0.04084158415841588 0.046468401486988886
0 0.20792079207920794 0.3317843866171004 0.034653465346534656 0.042750929368029766
0 0.2685643564356435 0.19237918215613387 0.037128712871287134 0.046468401486988914
0 0.7252475247524752 0.6198884758364311 0.03712871287128716 0.04646840148698883
0 0.150990099009901 0.3819702602230483 0.037128712871287134 0.04646840148698883
0 0.3248762376237624 0.1895910780669145 0.04084158415841582 0.04832713754646839
0 0.8948019801980198 0.474907063197026 0.034653465346534684 0.04646840148698883
0 0.20915841584158418 0.2388475836431227 0.034653465346534656 0.04275092936802974
0 0.32363861386138615 0.38382899628252787 0.0383663366336634 0.046468401486988886
0 0.8954207920792079 0.5223048327137546 0.03589108910891092 0.04832713754646839
0 0.14975247524752477 0.474907063197026 0.034653465346534656 0.04646840148698883
0 0.6126237623762376 0.3847583643122676 0.034653465346534684 0.04460966542750927
0 0.03774752475247525 0.38289962825278806 0.04084158415841584 0.044609665427509326
0 0.8954207920792079 0.5734200743494424 0.03589108910891092 0.04646840148698883
0 0.150990099009901 0.2853159851301116 0.037128712871287134 0.04646840148698883
0 0.1503712871287129 0.9563197026022305 0.04084158415841585 0.05018587360594806
0 0.8966584158415842 0.6672862453531598 0.04084158415841588 0.044609665427509326
0 0.5556930693069306 0.4767657992565056 0.03712871287128705 0.04275092936802971
0 0.9554455445544554 0.9033457249070631 0.04455445544554448 0.044609665427509326
0 0.037747524752475246 0.42936802973977695 0.03836633663366337 0.048327137546468446
0 0.5556930693069306 0.38104089219330856 0.03712871287128705 0.052044609665427455
0 0.035272277227722776 0.5241635687732342 0.03589108910891089 0.044609665427509215
0 0.7246287128712872 0.854089219330855 0.04084158415841588 0.024163568773234223
0 0.5099009900990099 0.7574349442379182 0.02475247524752483 0.03159851301115246
0 0.5086633663366337 0.7351301115241635 0.024752475247524774 0.020446096654274992
0 0.15222772277227725 0.33178438661710036 0.037128712871287134 0.05018587360594795
0 0.8966584158415842 0.904275092936803 0.0383663366336634 0.05390334572490696
0 0.4962871287128713 0.46654275092936803 0.04702970297029707 0.03345724907063197
0 0.1503712871287129 0.712825278810409 0.04084158415841585 0.04646840148698883
0 0.2660891089108911 0.5223048327137546 0.03712871287128708 0.04832713754646839
0 0.8409653465346534 0.8057620817843867 0.0383663366336634 0.027881040892193232
0 0.4975247524752475 0.3382899628252788 0.04950495049504955 0.03717472118959109
0 0.4975247524752475 0.303903345724907 0.04950495049504955 0.03159851301115246
0 0.2116336633663366 0.08921933085501857 0.03712871287128708 0.059479553903345694
0 0.2660891089108911 0.6663568773234201 0.03712871287128708 0.04646840148698894
0 0.4405940594059406 0.09014869888475836 0.034653465346534684 0.05390334572490707
0 0.32425742574257427 0.6180297397769519 0.03712871287128716 0.04646840148698883
0 0.9542079207920793 0.8559479553903345 0.03712871287128705 0.05018587360594795
0 0.2066831683168317 0.6644981412639406 0.03960396039603961 0.05018587360594806
0 0.20730198019801982 0.8094795539033459 0.03836633663366337 0.04646840148698883
0 0.724009900990099 0.5734200743494424 0.034653465346534684 0.04646840148698883
0 0.5544554455445545 0.5241635687732342 0.03712871287128705 0.04832713754646856
0 0.2660891089108911 0.5678438661710037 0.03712871287128708 0.04275092936802971
0 0.2685643564356436 0.1412639405204461 0.03465346534653463 0.048327137546468404
0 0.3224009900990099 0.7118959107806692 0.0383663366336634 0.044609665427509215
0 0.8403465346534653 0.8531598513011152 0.03712871287128716 0.044609665427509326
0 0.5532178217821782 0.6198884758364314 0.03712871287128716 0.04275092936802982
0 0.15160891089108913 0.4284386617100372 0.035891089108910895 0.046468401486988886
0 0.8966584158415842 0.9572490706319703 0.04084158415841588 0.048327137546468446
0 0.724009900990099 0.7137546468401488 0.03712871287128716 0.048327137546468335
0 0.3224009900990099 0.5213754646840149 0.0383663366336634 0.046468401486988886
0 0.9554455445544554 0.8085501858736059 0.03712871287128705 0.044609665427509104
0 0.20792079207920794 0.6180297397769516 0.03960396039603964 0.04275092936802971
0 0.7252475247524752 0.7592936802973977 0.03960396039603964 0.04646840148698883
0 0.4975247524752475 0.15055762081784385 0.04950495049504955 0.033457249070631995
0 0.7803217821782178 0.19330855018587362 0.0383663366336634 0.04832713754646842
0 0.6646039603960396 0.24256505576208176 0.03960396039603964 0.05018587360594792
0 0.6670792079207921 0.19144981412639406 0.03960396039603964 0.05204460966542751
0 0.7815594059405941 0.2871747211895911 0.03589108910891092 0.04646840148698883
0 0.5556930693069306 0.19423791821561337 0.03960396039603953 0.04646840148698886
0 0.724009900990099 0.24256505576208182 0.03960396039603964 0.05390334572490699
0 0.0327970297029703 0.9024163568773234 0.043316831683168314 0.04646840148698883
0 0.4975247524752475 0.11431226765799257 0.044554455445544594 0.046468401486988845
0 0.4412128712871287 0.14405204460966542 0.0383663366336634 0.053903345724907056
0 0.8372524752475248 0.3355018587360594 0.03589108910891092 0.042750929368029766
0 0.036509900990099015 0.6133828996282528 0.043316831683168314 0.048327137546468446
0 0.0327970297029703 0.9563197026022305 0.043316831683168314 0.05390334572490707
0 0.03403465346534654 0.7639405204460967 0.04084158415841584 0.048327137546468335
0 0.26732673267326734 0.2843866171003717 0.039603960396039556 0.03717472118959103
0 0.038985148514851485 0.14033457249070633 0.03836633663366337 0.046468401486988845
0 0.4399752475247525 0.33643122676579923 0.03589108910891092 0.044609665427509326
0 0.035272277227722776 0.6654275092936803 0.040841584158415836 0.048327137546468335
0 0.5544554455445545 0.33085501858736066 0.03465346534653457 0.04460966542750927
0 0.8966584158415842 0.7118959107806692 0.03589108910891092 0.044609665427509215
0 0.43873762376237624 0.4776951672862454 0.04084158415841588 0.05204460966542751
0 0.8954207920792079 0.4284386617100372 0.03589108910891092 0.042750929368029766
0 0.2660891089108911 0.3308550185873606 0.039603960396039584 0.048327137546468446
0 0.9554455445544554 0.9516728624535316 0.03712871287128705 0.048327137546468335
0 0.03403465346534654 0.8550185873605949 0.03836633663366336 0.044609665427509215
0 0.4975247524752475 0.07713754646840149 0.04702970297029707 0.03903345724907064
0 0.15470297029702973 0.5204460966542751 0.03217821782178218 0.04460966542750927
0 0.7252475247524752 0.9563197026022305 0.03960396039603964 0.05018587360594806
0 0.035272277227722776 0.33085501858736055 0.038366336633663366 0.05204460966542751
0 0.03403465346534654 0.8085501858736059 0.03836633663366336 0.044609665427509104
0 0.14913366336633666 0.9033457249070632 0.04084158415841585 0.048327137546468446
0 0.03774752475247525 0.4776951672862454 0.04084158415841584 0.048327137546468446
0 0.035272277227722776 0.5678438661710037 0.038366336633663366 0.04275092936802971
0 0.26485148514851486 0.7156133828996283 0.04207920792079206 0.052044609665427455
0 0.4975247524752475 0.22769516728624536 0.04702970297029707 0.03531598513011153
0 0.8397277227722773 0.5223048327137546 0.0383663366336634 0.04832713754646839
0 0.03403465346534654 0.712825278810409 0.04084158415841584 0.04646840148698883
0 0.8954207920792079 0.28624535315985133 0.03589108910891092 0.044609665427509326
0 0.5556930693069306 0.4302973977695167 0.03712871287128705 0.046468401486988886
0 0.20606435643564358 0.8559479553903346 0.04084158415841585 0.04646840148698872
0 0.9554455445544554 0.7648698884758365 0.03712871287128705 0.04646840148698883
0 0.03774752475247525 0.28345724907063197 0.04084158415841584 0.04646840148698883
0 0.1503712871287129 0.6663568773234201 0.04084158415841585 0.04646840148698894
0 0.8941831683168318 0.3317843866171004 0.03589108910891092 0.04646840148698883
0 0.8422029702970297 0.9005576208178439 0.03589108910891092 0.05018587360594795
0 0.8954207920792079 0.620817843866171 0.03589108910891092 0.048327137546468446
0 0.32363861386138615 0.42936802973977695 0.0383663366336634 0.044609665427509326
0 0.4975247524752475 0.19144981412639406 0.04702970297029707 0.0446096654275093
0 0.3224009900990099 0.7574349442379182 0.0383663366336634 0.04646840148698883
0 0.49876237623762376 0.26486988847583637 0.04702970297029707 0.04646840148698883
0 0.7233910891089108 0.4284386617100372 0.03589108910891092 0.042750929368029766
0 0.2066831683168317 0.9544609665427509 0.04207920792079212 0.05018587360594795
0 0.7246287128712872 0.8113382899628253 0.04084158415841588 0.05390334572490718
0 0.32425742574257427 0.474907063197026 0.03712871287128716 0.04646840148698883
0 0.724009900990099 0.6663568773234201 0.03712871287128716 0.04646840148698894
0 0.2673267326732673 0.4758364312267658 0.034653465346534656 0.04832713754646839
0 0.6658415841584159 0.2908921933085502 0.034653465346534684 0.042750929368029766
0 0.1503712871287129 0.758364312267658 0.04084158415841585 0.044609665427509215
0 0.3248762376237624 0.2853159851301116 0.03589108910891092 0.04646840148698883
0 0.038985148514851485 0.23791821561338294 0.03836633663366337 0.04460966542750924
0 0.3224009900990099 0.5687732342007434 0.04084158415841588 0.048327137546468335
0 0.8360148514851484 0.13940520446096655 0.03589108910891092 0.048327137546468404
0 0.2660891089108911 0.6143122676579925 0.03712871287128708 0.05018587360594795
0 0.20730198019801982 0.9014869888475836 0.04084158415841588 0.048327137546468335
0 0.8966584158415842 0.8085501858736059 0.0383663366336634 0.044609665427509104
0 0.3224009900990099 0.8587360594795539 0.04084158415841588 0.048327137546468446
0 0.2660891089108911 0.4284386617100372 0.03712871287128708 0.042750929368029766
0 0.8397277227722773 0.6663568773234201 0.03589108910891092 0.04646840148698894
0 0.3248762376237624 0.14405204460966542 0.04084158415841582 0.04646840148698886
0 0.3224009900990099 0.8094795539033457 0.0383663366336634 0.05018587360594795
0 0.6113861386138614 0.3392193308550186 0.034653465346534684 0.04646840148698883
0 0.32301980198019803 0.6654275092936803 0.03960396039603964 0.048327137546468335
0 0.5532178217821782 0.7137546468401488 0.03712871287128716 0.048327137546468335
0 0.9554455445544554 0.7184014869888475 0.03712871287128705 0.05018587360594784
0 0.9542079207920793 0.6672862453531598 0.03960396039603953 0.048327137546468446
0 0.14913366336633666 0.8057620817843866 0.035891089108910895 0.05018587360594795
0 0.7246287128712872 0.9005576208178439 0.04084158415841588 0.05762081784386619
0 0.6670792079207921 0.33736059479553904 0.03712871287128716 0.05018587360594795
0 0.724009900990099 0.1412639405204461 0.03960396039603964 0.0557620817843866
0 0.1503712871287129 0.6189591078066915 0.04084158415841585 0.048327137546468224
0 0.20915841584158418 0.5223048327137547 0.03712871287128716 0.044609665427509326
0 0.7821782178217822 0.3847583643122676 0.034653465346534684 0.04460966542750927
0 0.15284653465346537 0.19144981412639409 0.035891089108910895 0.048327137546468446
0 0.038985148514851485 0.08828996282527882 0.03836633663366337 0.057620817843866176
0 0.8391089108910891 0.42936802973977695 0.034653465346534684 0.044609665427509326
0 0.8409653465346534 0.9507434944237918 0.0383663366336634 0.05390334572490707
0 0.8966584158415842 0.8568773234200744 0.0383663366336634 0.048327137546468224
0 0.8960396039603961 0.7592936802973977 0.03712871287128716 0.04646840148698883
0 0.9517326732673268 0.474907063197026 0.03465346534653457 0.04646840148698883
0 0.4399752475247525 0.3819702602230483 0.03589108910891092 0.04646840148698883
0 0.9535891089108911 0.5715613382899628 0.03836633663366329 0.05018587360594795
0 0.20606435643564358 0.763011152416357 0.04084158415841585 0.04646840148698894
0 0.7252475247524752 0.5241635687732342 0.03712871287128716 0.04832713754646856
0 0.8372524752475248 0.19144981412639409 0.03589108910891092 0.048327137546468446
0 0.9517326732673268 0.2843866171003718 0.03712871287128705 0.048327137546468446
0 0.9535891089108911 0.5213754646840149 0.03836633663366329 0.046468401486988886
0 0.20915841584158418 0.5715613382899628 0.03712871287128716 0.05018587360594795
0 0.8391089108910891 0.712825278810409 0.034653465346534684 0.04646840148698883
0 0.9542079207920793 0.6198884758364311 0.03712871287128705 0.04646840148698883
0 0.7815594059405941 0.3355018587360595 0.03589108910891092 0.04646840148698883
0 0.26794554455445546 0.08736059479553904 0.040841584158415795 0.05947955390334573
0 0.2660891089108911 0.3819702602230483 0.04207920792079206 0.05018587360594795
