0 0.582667 0.632970 0.026667 0.031104
0 0.718000 0.702955 0.025333 0.031104
0 0.814000 0.595645 0.036000 0.037325
0 0.608667 0.779938 0.028000 0.029549
0 0.581333 0.594868 0.024000 0.035770
0 0.757333 0.887247 0.040000 0.035770
0 0.718667 0.741835 0.026667 0.034215
0 0.458000 0.704510 0.036000 0.037325
0 0.691333 0.558320 0.028000 0.031104
0 0.183333 0.707621 0.036000 0.037325
0 0.867333 0.448678 0.036000 0.035770
0 0.581333 0.812597 0.029333 0.032659
0 0.542667 0.702177 0.032000 0.035770
0 0.350667 0.742613 0.034667 0.032659
0 0.238000 0.741835 0.033333 0.031104
0 0.866000 0.377138 0.036000 0.035770
0 0.718000 0.779938 0.028000 0.032659
0 0.608667 0.670295 0.028000 0.031104
0 0.663333 0.341369 0.028000 0.035770
0 0.637333 0.303266 0.024000 0.031104
0 0.758667 0.853033 0.034667 0.035770
0 0.814000 0.376361 0.036000 0.034215
0 0.756000 0.814930 0.034667 0.034215
0 0.650000 0.375583 0.036000 0.032659
0 0.581333 0.705288 0.024000 0.032659
0 0.664000 0.305599 0.026667 0.032659
0 0.596667 0.413686 0.033333 0.031104
0 0.458000 0.778383 0.036000 0.035770
0 0.866000 0.706065 0.036000 0.037325
0 0.456000 0.742613 0.037333 0.035770
0 0.405333 0.744946 0.032000 0.031104
0 0.608667 0.521773 0.028000 0.029549
0 0.867333 0.558320 0.036000 0.037325
0 0.182000 0.812597 0.036000 0.038880
0 0.867333 0.521773 0.036000 0.038880
0 0.648667 0.848367 0.033333 0.029549
0 0.348667 0.853033 0.036000 0.035770
0 0.182000 0.849922 0.036000 0.035770
0 0.758000 0.304044 0.036000 0.035770
0 0.126000 0.743390 0.036000 0.037325
0 0.648000 0.816485 0.034667 0.031104
0 0.867333 0.631415 0.036000 0.031104
0 0.581333 0.778383 0.029333 0.035770
0 0.867333 0.340591 0.036000 0.037325
0 0.238000 0.890358 0.036000 0.035770
0 0.504667 0.774495 0.022667 0.027994
0 0.294000 0.816485 0.038667 0.037325
0 0.866667 0.884914 0.034667 0.037325
0 0.539333 0.884914 0.036000 0.021773
0 0.704000 0.413686 0.037333 0.037325
0 0.650000 0.597201 0.036000 0.037325
0 0.594667 0.377138 0.037333 0.035770
0 0.350667 0.889580 0.037333 0.040435
0 0.294000 0.892691 0.033333 0.040435
0 0.759333 0.559876 0.036000 0.034215
0 0.406000 0.709176 0.036000 0.037325
0 0.608000 0.634526 0.029333 0.037325
0 0.650667 0.521773 0.037333 0.038880
0 0.650000 0.485226 0.036000 0.031104
0 0.649333 0.667185 0.032000 0.037325
0 0.758000 0.412908 0.036000 0.035770
0 0.758667 0.521773 0.034667 0.035770
0 0.718000 0.597201 0.028000 0.034215
0 0.596667 0.303266 0.036000 0.037325
0 0.718667 0.556765 0.026667 0.034215
0 0.650000 0.448678 0.036000 0.032659
0 0.758667 0.484448 0.034667 0.035770
0 0.540000 0.779938 0.034667 0.035770
0 0.704667 0.377138 0.036000 0.035770
0 0.814667 0.520995 0.034667 0.037325
0 0.648000 0.779938 0.032000 0.035770
0 0.238000 0.706065 0.036000 0.037325
0 0.648000 0.883359 0.034667 0.037325
0 0.758000 0.667963 0.036000 0.035770
0 0.610000 0.597201 0.028000 0.034215
0 0.649333 0.741835 0.032000 0.034215
0 0.595333 0.339813 0.036000 0.035770
0 0.649333 0.412908 0.040000 0.035770
0 0.704000 0.300933 0.034667 0.035770
0 0.608000 0.707621 0.029333 0.034215
0 0.542667 0.740280 0.037333 0.037325
0 0.648000 0.561431 0.034667 0.034215
0 0.610000 0.814152 0.028000 0.035770
0 0.758000 0.743390 0.036000 0.037325
0 0.814000 0.669518 0.036000 0.035770
0 0.759333 0.377138 0.036000 0.035770
0 0.608667 0.486003 0.028000 0.035770
0 0.293333 0.743390 0.037333 0.031104
0 0.238000 0.778383 0.036000 0.035770
0 0.759333 0.704510 0.036000 0.034215
0 0.867333 0.412908 0.036000 0.035770
0 0.867333 0.850700 0.036000 0.037325
0 0.704000 0.341369 0.034667 0.038880
0 0.458000 0.848367 0.036000 0.035770
0 0.718667 0.524106 0.026667 0.027994
0 0.691333 0.629860 0.028000 0.034215
0 0.126000 0.815708 0.036000 0.029549
0 0.294000 0.853810 0.036000 0.031104
0 0.692000 0.523328 0.024000 0.029549
0 0.126000 0.888802 0.038667 0.029549
0 0.238000 0.854588 0.036000 0.035770
0 0.812000 0.886470 0.037333 0.034215
0 0.867333 0.811042 0.036000 0.035770
0 0.581333 0.486781 0.024000 0.034215
0 0.690667 0.778383 0.026667 0.032659
0 0.608667 0.448678 0.028000 0.029549
0 0.127333 0.707621 0.036000 0.034215
0 0.812000 0.849922 0.037333 0.035770
0 0.127333 0.851477 0.036000 0.038880
0 0.348667 0.814930 0.033333 0.037325
0 0.540667 0.853033 0.033333 0.032659
0 0.638667 0.338258 0.024000 0.032659
0 0.126667 0.779160 0.037333 0.034215
0 0.458667 0.886470 0.034667 0.037325
0 0.718667 0.812597 0.026667 0.032659
0 0.690667 0.885692 0.029333 0.032659
0 0.718000 0.884914 0.028000 0.031104
0 0.182000 0.776827 0.036000 0.029549
0 0.814000 0.339813 0.036000 0.035770
0 0.758000 0.340591 0.036000 0.037325
0 0.867333 0.776827 0.036000 0.035770
0 0.610667 0.559876 0.026667 0.031104
0 0.718000 0.850700 0.028000 0.031104
0 0.758667 0.629860 0.034667 0.031104
0 0.690000 0.594090 0.025333 0.034215
0 0.690667 0.851477 0.026667 0.035770
0 0.867333 0.740280 0.036000 0.037325
0 0.690000 0.814152 0.030667 0.035770
0 0.718000 0.631415 0.028000 0.031104
0 0.814000 0.778383 0.036000 0.032659
0 0.236000 0.815708 0.037333 0.038880
0 0.814667 0.304044 0.034667 0.038880
0 0.582000 0.448678 0.022667 0.029549
0 0.458667 0.814930 0.034667 0.034215
0 0.581333 0.524106 0.024000 0.031104
0 0.867333 0.303266 0.036000 0.037325
0 0.691333 0.705288 0.028000 0.032659
0 0.704000 0.483670 0.034667 0.031104
0 0.814667 0.558320 0.034667 0.037325
0 0.580000 0.668740 0.026667 0.034215
0 0.649333 0.631415 0.032000 0.034215
0 0.814000 0.704510 0.036000 0.037325
0 0.812667 0.813375 0.038667 0.037325
0 0.758000 0.779938 0.036000 0.035770
0 0.718667 0.668740 0.026667 0.031104
0 0.182000 0.887247 0.038667 0.038880
0 0.582667 0.556765 0.026667 0.034215
0 0.690000 0.669518 0.028000 0.035770
0 0.540000 0.814930 0.037333 0.037325
0 0.610000 0.741835 0.028000 0.034215
0 0.349333 0.778383 0.037333 0.035770
0 0.868667 0.486781 0.036000 0.034215
0 0.406667 0.783048 0.037333 0.038880
0 0.182000 0.744946 0.038667 0.037325
0 0.866000 0.667963 0.036000 0.038880
0 0.757333 0.597201 0.032000 0.037325
0 0.350667 0.704510 0.034667 0.034215
0 0.294667 0.779938 0.037333 0.035770
0 0.814000 0.632193 0.036000 0.035770
0 0.812000 0.411353 0.034667 0.035770
0 0.812667 0.448678 0.033333 0.035770
0 0.691333 0.742613 0.028000 0.035770
0 0.648667 0.704510 0.033333 0.037325
0 0.704667 0.448678 0.036000 0.032659
0 0.581333 0.741058 0.029333 0.035770
0 0.814667 0.486781 0.037333 0.034215
0 0.758000 0.449456 0.036000 0.034215
0 0.867333 0.594090 0.036000 0.037325
0 0.813333 0.741835 0.040000 0.037325
0 0.294667 0.706843 0.037333 0.035770
