0 0.157380 0.909390 0.040663 0.039539
0 0.629518 0.671334 0.042169 0.041186
0 0.411145 0.869852 0.042169 0.039539
0 0.815512 0.902801 0.040663 0.036244
0 0.285392 0.869852 0.043675 0.042834
0 0.755271 0.902801 0.040663 0.036244
0 0.567018 0.906096 0.040663 0.032949
0 0.411898 0.752883 0.040663 0.036244
0 0.283886 0.713344 0.040663 0.036244
0 0.942771 0.713344 0.045181 0.042834
0 0.345633 0.284185 0.037651 0.041186
0 0.816265 0.670511 0.039157 0.036244
0 0.090361 0.484349 0.036145 0.032949
0 0.567018 0.789127 0.040663 0.042834
0 0.816265 0.824547 0.042169 0.034596
0 0.472892 0.713344 0.039157 0.032949
0 0.345633 0.638386 0.037651 0.034596
0 0.752259 0.827842 0.040663 0.031301
0 0.942771 0.563427 0.045181 0.042834
0 0.284639 0.792422 0.042169 0.036244
0 0.753765 0.710049 0.040663 0.032949
0 0.879518 0.673806 0.042169 0.039539
0 0.156627 0.638386 0.042169 0.037891
0 0.284639 0.830313 0.042169 0.036244
0 0.517319 0.191928 0.031627 0.031301
0 0.566265 0.364086 0.045181 0.042834
0 0.567018 0.827842 0.037651 0.034596
0 0.567771 0.673806 0.039157 0.036244
0 0.089608 0.444811 0.040663 0.042834
0 0.628012 0.905272 0.045181 0.041186
0 0.156627 0.602142 0.042169 0.034596
0 0.755271 0.863262 0.040663 0.039539
0 0.472139 0.792422 0.040663 0.036244
0 0.472139 0.749588 0.040663 0.039539
0 0.282380 0.364086 0.040663 0.036244
0 0.813253 0.242175 0.042169 0.042834
0 0.567771 0.560132 0.042169 0.046129
0 0.283886 0.677100 0.040663 0.039539
0 0.753765 0.789127 0.040663 0.039539
0 0.876506 0.364086 0.042169 0.039539
0 0.939759 0.481054 0.045181 0.039539
0 0.282380 0.444811 0.040663 0.036244
0 0.568524 0.598847 0.040663 0.031301
0 0.939759 0.441516 0.045181 0.039539
0 0.878012 0.634267 0.045181 0.039539
0 0.283886 0.560132 0.040663 0.042834
0 0.091114 0.562603 0.043675 0.037891
0 0.692018 0.789127 0.040663 0.039539
0 0.629518 0.791598 0.045181 0.037891
0 0.411898 0.560132 0.040663 0.036244
0 0.567018 0.749588 0.040663 0.036244
0 0.347892 0.831960 0.042169 0.042834
0 0.411145 0.789127 0.039157 0.036244
0 0.815512 0.863262 0.040663 0.039539
0 0.942771 0.605437 0.048193 0.037891
0 0.628012 0.831137 0.042169 0.037891
0 0.879518 0.713344 0.045181 0.039539
0 0.348645 0.716639 0.040663 0.036244
0 0.876506 0.401977 0.042169 0.039539
0 0.816265 0.710049 0.042169 0.042834
0 0.411145 0.909390 0.042169 0.039539
0 0.282380 0.485173 0.037651 0.034596
0 0.348645 0.364086 0.040663 0.036244
0 0.089608 0.324547 0.040663 0.036244
0 0.470633 0.324547 0.037651 0.032949
0 0.567771 0.637562 0.039157 0.039539
0 0.752259 0.637562 0.037651 0.036244
0 0.940512 0.402801 0.043675 0.037891
0 0.408886 0.366557 0.040663 0.037891
0 0.877259 0.285832 0.043675 0.037891
0 0.753765 0.749588 0.040663 0.039539
0 0.155873 0.485173 0.040663 0.034596
0 0.282380 0.520593 0.040663 0.036244
0 0.692018 0.830313 0.040663 0.039539
0 0.283886 0.638386 0.040663 0.041186
0 0.940512 0.281713 0.043675 0.042834
0 0.155873 0.285008 0.040663 0.039539
0 0.752259 0.321252 0.037651 0.039539
0 0.815512 0.363262 0.040663 0.037891
0 0.347139 0.677100 0.040663 0.042834
0 0.472139 0.635091 0.040663 0.037891
0 0.628012 0.749588 0.042169 0.042834
0 0.153614 0.563427 0.045181 0.042834
0 0.348645 0.792422 0.043675 0.039539
0 0.567771 0.481878 0.036145 0.034596
0 0.876506 0.441516 0.042169 0.036244
0 0.156627 0.324547 0.042169 0.036244
0 0.813253 0.327018 0.042169 0.034596
0 0.411898 0.677100 0.040663 0.039539
0 0.469880 0.556837 0.039157 0.036244
0 0.628012 0.635091 0.039157 0.031301
0 0.939759 0.520593 0.045181 0.039539
0 0.283886 0.599671 0.040663 0.036244
0 0.091867 0.602965 0.045181 0.042834
0 0.813253 0.285832 0.042169 0.041186
0 0.472139 0.674629 0.040663 0.041186
0 0.752259 0.364086 0.040663 0.042834
0 0.345633 0.445634 0.040663 0.034596
0 0.628012 0.710049 0.042169 0.036244
0 0.155120 0.521417 0.045181 0.037891
0 0.470633 0.402801 0.040663 0.037891
0 0.472139 0.831137 0.040663 0.037891
0 0.091114 0.399506 0.043675 0.041186
0 0.567771 0.519769 0.039157 0.034596
0 0.816265 0.635091 0.042169 0.034596
0 0.816265 0.784185 0.042169 0.042834
0 0.090361 0.520593 0.045181 0.039539
0 0.348645 0.324547 0.037651 0.039539
0 0.691265 0.752059 0.042169 0.037891
0 0.815512 0.439044 0.040663 0.034596
0 0.219127 0.245470 0.043675 0.042834
0 0.414157 0.831137 0.042169 0.037891
0 0.692018 0.713344 0.040663 0.036244
0 0.472139 0.481878 0.040663 0.034596
0 0.410392 0.444811 0.040663 0.036244
0 0.470633 0.285008 0.037651 0.042834
0 0.411898 0.596376 0.040663 0.036244
0 0.876506 0.242175 0.045181 0.046129
0 0.878012 0.595552 0.045181 0.037891
0 0.347139 0.599671 0.040663 0.042834
0 0.752259 0.442339 0.040663 0.034596
0 0.410392 0.327018 0.040663 0.041186
0 0.408886 0.481878 0.037651 0.037891
0 0.567018 0.713344 0.040663 0.039539
0 0.690512 0.441516 0.040663 0.039539
0 0.411145 0.716639 0.042169 0.039539
0 0.692018 0.673806 0.043675 0.042834
0 0.469880 0.517298 0.042169 0.036244
0 0.875753 0.327842 0.040663 0.039539
0 0.815512 0.596376 0.040663 0.039539
0 0.219880 0.446458 0.042169 0.039539
0 0.518825 0.276771 0.031627 0.019769
0 0.517319 0.233114 0.037651 0.034596
0 0.520331 0.259473 0.028614 0.018122
0 0.628765 0.441516 0.043675 0.042834
0 0.410392 0.285008 0.040663 0.042834
0 0.410392 0.521417 0.040663 0.037891
0 0.282380 0.403624 0.040663 0.042834
0 0.690512 0.519769 0.040663 0.037891
0 0.816265 0.519769 0.042169 0.041186
0 0.627259 0.520593 0.040663 0.039539
0 0.878012 0.553542 0.045181 0.046129
0 0.816265 0.402801 0.042169 0.037891
0 0.216867 0.288303 0.042169 0.039539
0 0.567771 0.285008 0.042169 0.042834
0 0.690512 0.364086 0.040663 0.039539
0 0.752259 0.481054 0.040663 0.039539
0 0.690512 0.324547 0.040663 0.039539
0 0.281627 0.281713 0.045181 0.046129
0 0.469880 0.444811 0.045181 0.039539
0 0.689006 0.402801 0.043675 0.037891
0 0.753765 0.559308 0.040663 0.037891
0 0.628765 0.324547 0.037651 0.036244
0 0.567771 0.403624 0.039157 0.036244
0 0.470633 0.364086 0.040663 0.042834
0 0.410392 0.638386 0.040663 0.037891
0 0.627259 0.402801 0.040663 0.037891
0 0.628765 0.481054 0.040663 0.039539
0 0.347139 0.406096 0.040663 0.041186
0 0.219880 0.367381 0.045181 0.042834
0 0.690512 0.478583 0.040663 0.037891
0 0.752259 0.520593 0.040663 0.039539
0 0.692018 0.595552 0.040663 0.037891
0 0.690512 0.559308 0.040663 0.037891
0 0.517319 0.396211 0.031627 0.047776
0 0.518072 0.348435 0.036145 0.047776
0 0.692018 0.635091 0.040663 0.037891
0 0.816265 0.560132 0.042169 0.036244
0 0.815512 0.477759 0.040663 0.039539
0 0.628012 0.285008 0.042169 0.039539
0 0.472139 0.595552 0.040663 0.041186
0 0.088855 0.285008 0.045181 0.042834
0 0.410392 0.406919 0.040663 0.039539
0 0.156627 0.403624 0.042169 0.042834
0 0.283133 0.327018 0.042169 0.037891
0 0.625753 0.363262 0.040663 0.037891
0 0.690512 0.281713 0.040663 0.042834
0 0.753765 0.595552 0.040663 0.037891
0 0.156627 0.245470 0.042169 0.042834
0 0.345633 0.520593 0.040663 0.039539
0 0.628012 0.599671 0.042169 0.036244
0 0.345633 0.484349 0.040663 0.036244
0 0.219127 0.327018 0.040663 0.037891
0 0.219880 0.406919 0.042169 0.039539
0 0.755271 0.406096 0.040663 0.037891
0 0.628765 0.559308 0.043675 0.041186
0 0.940512 0.324547 0.043675 0.039539
0 0.567018 0.441516 0.040663 0.042834
0 0.876506 0.478583 0.042169 0.044481
0 0.690512 0.867381 0.040663 0.037891
0 0.348645 0.909390 0.043675 0.039539
0 0.752259 0.673806 0.040663 0.036244
0 0.472892 0.867381 0.036145 0.031301
0 0.093373 0.831960 0.042169 0.042834
0 0.155873 0.714168 0.040663 0.041186
0 0.347139 0.560132 0.040663 0.036244
0 0.093373 0.873970 0.045181 0.041186
0 0.092620 0.677924 0.040663 0.037891
0 0.091867 0.716639 0.045181 0.039539
0 0.628765 0.866557 0.040663 0.036244
0 0.940512 0.364086 0.040663 0.039539
0 0.520331 0.160626 0.031627 0.024712
0 0.692018 0.906096 0.040663 0.032949
0 0.348645 0.752883 0.040663 0.036244
0 0.091867 0.912685 0.045181 0.039539
0 0.093373 0.791598 0.045181 0.037891
0 0.347892 0.870675 0.042169 0.037891
0 0.156627 0.794893 0.042169 0.041186
0 0.093373 0.642504 0.042169 0.036244
0 0.091114 0.363262 0.040663 0.034596
0 0.285392 0.752883 0.043675 0.039539
0 0.942771 0.670511 0.042169 0.039539
0 0.158886 0.866557 0.043675 0.042834
0 0.878765 0.516474 0.040663 0.021417
0 0.156627 0.673806 0.042169 0.036244
0 0.567771 0.323723 0.042169 0.021417
0 0.155873 0.446458 0.040663 0.039539
0 0.567018 0.866557 0.040663 0.042834
0 0.472139 0.905272 0.037651 0.041186
0 0.155873 0.752883 0.040663 0.036244
0 0.816265 0.748764 0.042169 0.021417
0 0.951807 0.638386 0.042169 0.031301
0 0.092620 0.752883 0.040663 0.032949
0 0.155120 0.363262 0.036145 0.034596
0 0.753012 0.285008 0.042169 0.026359
0 0.155873 0.831137 0.043675 0.021417
