0 0.870413 0.946322 0.032110 0.055666
0 0.393922 0.901590 0.033257 0.053678
0 0.446674 0.799205 0.033257 0.051690
0 0.658257 0.649105 0.036697 0.053678
0 0.606651 0.306163 0.036697 0.051690
0 0.552752 0.258449 0.034404 0.051690
0 0.392775 0.356859 0.035550 0.049702
0 0.604358 0.506958 0.034404 0.051690
0 0.553326 0.356859 0.033257 0.053678
0 0.763188 0.356859 0.035550 0.057654
0 0.393922 0.257455 0.033257 0.049702
0 0.657110 0.549702 0.038991 0.057654
0 0.606651 0.600398 0.032110 0.051690
0 0.338876 0.408549 0.033257 0.053678
0 0.340023 0.504970 0.033257 0.051690
0 0.392775 0.309145 0.033257 0.049702
0 0.658257 0.306163 0.034404 0.051690
0 0.392775 0.407555 0.033257 0.051690
0 0.711009 0.504970 0.034404 0.051690
0 0.287844 0.506958 0.034404 0.047714
0 0.445528 0.309145 0.033257 0.049702
0 0.341743 0.606362 0.032110 0.047714
0 0.605505 0.456262 0.032110 0.053678
0 0.551606 0.405567 0.032110 0.051690
0 0.338876 0.257455 0.033257 0.049702
0 0.446674 0.405567 0.033257 0.051690
0 0.658257 0.747515 0.032110 0.051690
0 0.395069 0.203777 0.035550 0.057654
0 0.552179 0.156064 0.035550 0.053678
0 0.552752 0.504970 0.034404 0.051690
0 0.235092 0.606362 0.034404 0.055666
0 0.446674 0.356859 0.033257 0.049702
0 0.340023 0.654076 0.033257 0.051690
0 0.287844 0.603380 0.034404 0.049702
0 0.818234 0.600398 0.035550 0.051690
0 0.604358 0.258449 0.034404 0.047714
0 0.817087 0.402584 0.033257 0.049702
0 0.709862 0.356859 0.038991 0.049702
0 0.869839 0.652087 0.033257 0.051690
0 0.711009 0.750497 0.034404 0.053678
0 0.658257 0.206759 0.036697 0.051690
0 0.658257 0.846918 0.032110 0.051690
0 0.178899 0.359841 0.034404 0.047714
0 0.446674 0.652087 0.037844 0.051690
0 0.393349 0.504970 0.029817 0.047714
0 0.658257 0.453280 0.032110 0.055666
0 0.711009 0.306163 0.034404 0.055666
0 0.234518 0.702783 0.033257 0.053678
0 0.763761 0.206759 0.034404 0.055666
0 0.606651 0.699801 0.034404 0.051690
0 0.233372 0.356859 0.033257 0.053678
0 0.287844 0.407555 0.034404 0.051690
0 0.126720 0.609344 0.037844 0.049702
0 0.340023 0.702783 0.030963 0.049702
0 0.447821 0.260437 0.033257 0.051690
0 0.340596 0.203777 0.034404 0.053678
0 0.340023 0.555666 0.033257 0.045726
0 0.606651 0.849901 0.036697 0.057654
0 0.286697 0.258449 0.032110 0.051690
0 0.447821 0.206759 0.033257 0.055666
0 0.658257 0.600398 0.034404 0.043738
0 0.711009 0.156064 0.034404 0.057654
0 0.235092 0.757455 0.034404 0.051690
0 0.233945 0.206759 0.034404 0.055666
0 0.235092 0.903579 0.034404 0.053678
0 0.658257 0.159046 0.034404 0.051690
0 0.180046 0.808151 0.034404 0.049702
0 0.550459 0.306163 0.032110 0.043738
0 0.869839 0.552684 0.035550 0.047714
0 0.711009 0.604374 0.032110 0.047714
0 0.341170 0.802187 0.037844 0.049702
0 0.605505 0.652087 0.032110 0.051690
0 0.711009 0.699801 0.034404 0.051690
0 0.340023 0.751491 0.033257 0.051690
0 0.287271 0.808151 0.035550 0.049702
0 0.605505 0.402584 0.032110 0.049702
0 0.869839 0.353877 0.033257 0.051690
0 0.232798 0.509940 0.036697 0.049702
0 0.869839 0.750497 0.037844 0.049702
0 0.286697 0.309145 0.034404 0.049702
0 0.711009 0.257455 0.034404 0.049702
0 0.870986 0.603380 0.033257 0.049702
0 0.126720 0.362823 0.035550 0.049702
0 0.763188 0.260437 0.035550 0.047714
0 0.234518 0.805169 0.030963 0.047714
0 0.392775 0.606362 0.035550 0.051690
0 0.709862 0.405567 0.034404 0.051690
0 0.552752 0.049702 0.034404 0.063618
0 0.817087 0.309145 0.033257 0.049702
0 0.815940 0.652087 0.033257 0.047714
0 0.126720 0.509940 0.035550 0.053678
0 0.286697 0.359841 0.032110 0.051690
0 0.446101 0.456262 0.032110 0.049702
0 0.710436 0.552684 0.033257 0.047714
0 0.604358 0.206759 0.034404 0.055666
0 0.657110 0.258449 0.032110 0.047714
0 0.233945 0.555666 0.034404 0.045726
0 0.869839 0.405567 0.033257 0.047714
0 0.658257 0.047714 0.034404 0.055666
0 0.340596 0.356859 0.034404 0.045726
0 0.446674 0.552684 0.033257 0.047714
0 0.446674 0.603380 0.033257 0.049702
0 0.287844 0.754473 0.034404 0.057654
0 0.817087 0.258449 0.033257 0.051690
0 0.869839 0.261431 0.033257 0.053678
0 0.392775 0.459245 0.033257 0.043738
0 0.818234 0.849901 0.035550 0.053678
0 0.817661 0.546720 0.032110 0.051690
0 0.606651 0.356859 0.034404 0.045726
0 0.869839 0.206759 0.035550 0.055666
0 0.126720 0.459245 0.035550 0.051690
0 0.340023 0.852883 0.033257 0.051690
0 0.500000 0.402584 0.038991 0.057654
0 0.657683 0.357853 0.030963 0.047714
0 0.869839 0.699801 0.035550 0.047714
0 0.818234 0.456262 0.035550 0.053678
0 0.235092 0.855865 0.034404 0.049702
0 0.710436 0.652087 0.033257 0.047714
0 0.232798 0.408549 0.034404 0.049702
0 0.341170 0.952286 0.037844 0.055666
0 0.606651 0.799205 0.036697 0.051690
0 0.236239 0.958250 0.036697 0.051690
0 0.392775 0.552684 0.033257 0.051690
0 0.340596 0.456262 0.032110 0.045726
0 0.287844 0.702783 0.029817 0.049702
0 0.285550 0.459245 0.032110 0.047714
0 0.869839 0.846918 0.033257 0.051690
0 0.127294 0.861829 0.036697 0.053678
0 0.658257 0.699801 0.034404 0.043738
0 0.870986 0.107356 0.035550 0.051690
0 0.341170 0.900596 0.037844 0.051690
0 0.763188 0.306163 0.033257 0.047714
0 0.604358 0.552684 0.032110 0.043738
0 0.179472 0.408549 0.037844 0.049702
0 0.129587 0.961233 0.038991 0.053678
0 0.658257 0.898608 0.034404 0.051690
0 0.605505 0.751491 0.034404 0.047714
0 0.126720 0.309145 0.033257 0.049702
0 0.231651 0.306163 0.034404 0.051690
0 0.340596 0.306163 0.032110 0.043738
0 0.178899 0.606362 0.034404 0.047714
0 0.126720 0.708748 0.037844 0.049702
0 0.447248 0.503976 0.034404 0.045726
0 0.923739 0.156064 0.035550 0.053678
0 0.180619 0.705765 0.033257 0.051690
0 0.180619 0.506958 0.033257 0.051690
0 0.869839 0.503976 0.030963 0.045726
0 0.182339 0.958250 0.034404 0.055666
0 0.181193 0.907555 0.034404 0.045726
0 0.288991 0.856859 0.034404 0.047714
0 0.073968 0.309145 0.033257 0.049702
0 0.286697 0.206759 0.034404 0.055666
0 0.818234 0.949304 0.037844 0.057654
0 0.657683 0.402584 0.030963 0.045726
0 0.287844 0.555666 0.034404 0.045726
0 0.500000 0.153082 0.043578 0.051690
0 0.553326 0.456262 0.033257 0.045726
0 0.551606 0.751491 0.034404 0.051690
0 0.923739 0.107356 0.035550 0.047714
0 0.551606 0.603380 0.034404 0.053678
0 0.657110 0.796223 0.032110 0.045726
0 0.922018 0.401590 0.034404 0.047714
0 0.287271 0.904573 0.033257 0.051690
0 0.552752 0.206759 0.034404 0.047714
0 0.818234 0.747515 0.028670 0.051690
0 0.923739 0.453280 0.035550 0.051690
0 0.288991 0.958250 0.034404 0.051690
0 0.126720 0.411531 0.033257 0.051690
0 0.552752 0.552684 0.032110 0.043738
0 0.710436 0.049702 0.033257 0.059642
0 0.553899 0.955268 0.034404 0.053678
0 0.126720 0.558648 0.035550 0.047714
0 0.923739 0.500994 0.035550 0.047714
0 0.180619 0.206759 0.035550 0.055666
0 0.232798 0.258449 0.032110 0.047714
0 0.447821 0.699801 0.030963 0.047714
0 0.126720 0.660040 0.037844 0.051690
0 0.818234 0.696819 0.033257 0.049702
0 0.075115 0.258449 0.035550 0.051690
0 0.815940 0.206759 0.033257 0.051690
0 0.072821 0.359841 0.035550 0.051690
0 0.072821 0.206759 0.037844 0.055666
0 0.869839 0.156064 0.033257 0.045726
0 0.178899 0.555666 0.034404 0.049702
0 0.447821 0.750497 0.033257 0.049702
0 0.922018 0.356859 0.034404 0.049702
0 0.658830 0.949304 0.033257 0.049702
0 0.923739 0.552684 0.035550 0.055666
0 0.658257 0.104374 0.034404 0.053678
0 0.232798 0.459245 0.036697 0.051690
0 0.553326 0.802187 0.033257 0.049702
0 0.869839 0.799205 0.033257 0.047714
0 0.870986 0.050696 0.035550 0.057654
0 0.126720 0.759443 0.033257 0.051690
0 0.393922 0.702783 0.030963 0.045726
0 0.447821 0.849901 0.035550 0.049702
0 0.501147 0.236581 0.043578 0.047714
0 0.922018 0.260437 0.034404 0.047714
0 0.553326 0.651093 0.033257 0.045726
0 0.869266 0.453280 0.032110 0.051690
0 0.817087 0.356859 0.033257 0.045726
0 0.392775 0.799205 0.033257 0.051690
0 0.818234 0.799205 0.030963 0.043738
0 0.180046 0.257455 0.032110 0.045726
0 0.511468 0.741551 0.022936 0.035785
0 0.553899 0.107356 0.038991 0.031809
0 0.869839 0.309145 0.033257 0.029821
0 0.500000 0.113320 0.045872 0.031809
0 0.501147 0.276342 0.043578 0.039761
0 0.178899 0.658052 0.034404 0.051690
0 0.658257 0.500994 0.038991 0.027833
0 0.500000 0.312127 0.045872 0.039761
0 0.244839 0.655070 0.021789 0.037773
0 0.500000 0.197813 0.043578 0.037773
0 0.829128 0.503976 0.020642 0.037773
0 0.818234 0.898608 0.037844 0.039761
0 0.501147 0.032803 0.043578 0.045726
0 0.446674 0.898608 0.035550 0.047714
0 0.500000 0.074553 0.043578 0.045726
0 0.447821 0.949304 0.035550 0.049702
0 0.923165 0.053678 0.036697 0.055666
0 0.180046 0.858847 0.036697 0.051690
0 0.126720 0.257455 0.028670 0.045726
0 0.180046 0.756461 0.032110 0.045726
0 0.709862 0.453280 0.032110 0.043738
0 0.395069 0.952286 0.035550 0.047714
0 0.286697 0.654076 0.032110 0.051690
0 0.922592 0.306163 0.033257 0.051690
0 0.393922 0.849901 0.033257 0.041750
0 0.552752 0.849901 0.029817 0.045726
0 0.711009 0.206759 0.032110 0.047714
0 0.393349 0.751491 0.029817 0.047714
0 0.552752 0.901590 0.034404 0.053678
0 0.393922 0.654076 0.033257 0.047714
0 0.870986 0.894632 0.033257 0.047714
0 0.127294 0.808151 0.034404 0.049702
0 0.711009 0.104374 0.034404 0.049702
0 0.127294 0.910537 0.036697 0.043738
0 0.178899 0.306163 0.034404 0.051690
0 0.553326 0.696819 0.033257 0.049702
0 0.180619 0.456262 0.035550 0.045726
0 0.126720 0.206759 0.033257 0.051690
0 0.923739 0.209742 0.035550 0.049702
