0 0.192778 0.421010 0.032222 0.047231
0 0.399444 0.746743 0.030000 0.040717
0 0.192222 0.332248 0.031111 0.039088
0 0.556667 0.829805 0.033333 0.040717
0 0.243889 0.913681 0.038889 0.045603
0 0.297778 0.866450 0.033333 0.039088
0 0.866667 0.381922 0.035556 0.037459
0 0.816667 0.871336 0.033333 0.042345
0 0.711111 0.584691 0.033333 0.042345
0 0.348333 0.913681 0.034444 0.042345
0 0.505556 0.249186 0.044444 0.035831
0 0.917778 0.296417 0.033333 0.039088
0 0.918333 0.913681 0.034444 0.042345
0 0.919444 0.666124 0.036667 0.042345
0 0.244444 0.790717 0.033333 0.040717
0 0.816667 0.829805 0.033333 0.040717
0 0.141111 0.460098 0.031111 0.037459
0 0.556111 0.499186 0.030000 0.037459
0 0.452222 0.418567 0.026667 0.039088
0 0.867778 0.913681 0.037778 0.045603
0 0.607222 0.540717 0.030000 0.039088
0 0.089444 0.661238 0.032222 0.039088
0 0.400556 0.867264 0.036667 0.043974
0 0.400556 0.911238 0.036667 0.047231
0 0.088333 0.540717 0.032222 0.042345
0 0.089444 0.371336 0.030000 0.042345
0 0.506667 0.185668 0.044444 0.039088
0 0.296111 0.911238 0.038889 0.047231
0 0.506111 0.315961 0.043333 0.039088
0 0.244444 0.457655 0.033333 0.035831
0 0.816667 0.584691 0.035556 0.042345
0 0.140556 0.329805 0.036667 0.037459
0 0.659444 0.665309 0.032222 0.043974
0 0.557778 0.584691 0.033333 0.042345
0 0.866667 0.790717 0.037778 0.040717
0 0.659444 0.790717 0.032222 0.040717
0 0.296111 0.788274 0.034444 0.042345
0 0.142222 0.160423 0.031111 0.043974
0 0.141667 0.251629 0.032222 0.040717
0 0.191111 0.290717 0.031111 0.043974
0 0.865556 0.460098 0.033333 0.040717
0 0.865556 0.295603 0.033333 0.040717
0 0.816111 0.707655 0.036667 0.043974
0 0.141667 0.421010 0.032222 0.037459
0 0.865556 0.540717 0.033333 0.042345
0 0.918333 0.256515 0.036667 0.040717
0 0.088333 0.460098 0.036667 0.040717
0 0.088333 0.499186 0.034444 0.040717
0 0.607222 0.624593 0.034444 0.043974
0 0.660556 0.873779 0.036667 0.043974
0 0.762222 0.378664 0.035556 0.047231
0 0.607222 0.749186 0.034444 0.042345
0 0.557778 0.254072 0.033333 0.039088
0 0.296111 0.746743 0.034444 0.040717
0 0.918333 0.623779 0.036667 0.042345
0 0.815556 0.666124 0.037778 0.042345
0 0.710000 0.499186 0.031111 0.040717
0 0.659444 0.829805 0.036667 0.040717
0 0.399444 0.707655 0.030000 0.040717
0 0.348333 0.707655 0.034444 0.040717
0 0.556667 0.790717 0.033333 0.040717
0 0.917222 0.459283 0.034444 0.039088
0 0.141667 0.291531 0.032222 0.039088
0 0.607778 0.663681 0.033333 0.037459
0 0.866111 0.668567 0.036667 0.043974
0 0.506667 0.496743 0.040000 0.032573
0 0.087222 0.580619 0.034444 0.024430
0 0.518333 0.727199 0.021111 0.024430
0 0.400556 0.460098 0.034444 0.040717
0 0.607222 0.377036 0.032222 0.043974
0 0.348333 0.460098 0.034444 0.040717
0 0.400556 0.543160 0.032222 0.040717
0 0.400556 0.501629 0.032222 0.042345
0 0.557778 0.295603 0.035556 0.040717
0 0.815556 0.199511 0.033333 0.027687
0 0.659444 0.152280 0.036667 0.027687
0 0.864444 0.197883 0.033333 0.021173
0 0.518889 0.743485 0.022222 0.017915
0 0.557778 0.540717 0.033333 0.042345
0 0.348333 0.623779 0.034444 0.042345
0 0.400556 0.374593 0.032222 0.042345
0 0.606667 0.501629 0.033333 0.042345
0 0.660000 0.175896 0.026667 0.019544
0 0.815556 0.222313 0.026667 0.017915
0 0.867222 0.219055 0.027778 0.017915
0 0.517778 0.758958 0.020000 0.013029
0 0.661111 0.913681 0.037778 0.026059
0 0.815556 0.379479 0.035556 0.042345
0 0.556667 0.337134 0.033333 0.042345
0 0.244444 0.584691 0.037778 0.042345
0 0.297778 0.293160 0.033333 0.045603
0 0.556667 0.378664 0.033333 0.043974
0 0.816667 0.460098 0.035556 0.040717
0 0.556111 0.460098 0.032222 0.040717
0 0.658333 0.540717 0.034444 0.045603
0 0.709444 0.254072 0.036667 0.042345
0 0.347222 0.376221 0.034444 0.039088
0 0.608333 0.293160 0.032222 0.048860
0 0.814444 0.254072 0.037778 0.045603
0 0.348333 0.417752 0.034444 0.043974
0 0.659444 0.377036 0.036667 0.040717
0 0.608333 0.705212 0.034444 0.045603
0 0.504444 0.452769 0.040000 0.045603
0 0.349444 0.540717 0.032222 0.042345
0 0.762222 0.339577 0.035556 0.043974
0 0.451111 0.460098 0.033333 0.047231
0 0.711667 0.416124 0.034444 0.040717
0 0.660556 0.418567 0.034444 0.042345
0 0.296667 0.460098 0.035556 0.040717
0 0.243333 0.627036 0.033333 0.042345
0 0.296111 0.540717 0.034444 0.042345
0 0.660556 0.337134 0.034444 0.042345
0 0.711667 0.460098 0.034444 0.040717
0 0.400556 0.418567 0.032222 0.042345
0 0.399444 0.621336 0.032222 0.043974
0 0.557778 0.624593 0.033333 0.040717
0 0.608333 0.207655 0.032222 0.047231
0 0.295556 0.499186 0.033333 0.040717
0 0.815556 0.337134 0.033333 0.042345
0 0.245556 0.374593 0.035556 0.042345
0 0.245556 0.418567 0.033333 0.042345
0 0.815556 0.295603 0.037778 0.040717
0 0.140556 0.373779 0.036667 0.050489
0 0.347222 0.337134 0.032222 0.039088
0 0.710556 0.295603 0.034444 0.040717
0 0.709444 0.212541 0.036667 0.043974
0 0.348333 0.499186 0.034444 0.037459
0 0.087778 0.707655 0.037778 0.047231
0 0.348333 0.666124 0.032222 0.042345
0 0.658333 0.623779 0.032222 0.042345
0 0.296111 0.374593 0.034444 0.042345
0 0.192778 0.377036 0.032222 0.043974
0 0.816667 0.543160 0.035556 0.040717
0 0.659444 0.293974 0.032222 0.043974
0 0.296111 0.666124 0.034444 0.042345
0 0.296111 0.623779 0.034444 0.045603
0 0.658333 0.207655 0.034444 0.043974
0 0.815556 0.421010 0.033333 0.040717
0 0.453889 0.374593 0.032222 0.042345
0 0.710556 0.540717 0.032222 0.045603
0 0.607222 0.579805 0.032222 0.042345
0 0.762222 0.254072 0.033333 0.045603
0 0.815556 0.627036 0.037778 0.042345
0 0.917222 0.339577 0.034444 0.040717
0 0.711667 0.339577 0.034444 0.040717
0 0.608333 0.337134 0.032222 0.035831
0 0.918333 0.210098 0.036667 0.052117
0 0.815556 0.501629 0.033333 0.042345
0 0.399444 0.583062 0.032222 0.039088
0 0.710556 0.163681 0.036667 0.050489
0 0.556111 0.207655 0.032222 0.050489
0 0.607222 0.251629 0.032222 0.037459
0 0.607778 0.871336 0.035556 0.042345
0 0.348333 0.582248 0.032222 0.040717
0 0.244444 0.668567 0.033333 0.043974
0 0.245556 0.746743 0.033333 0.040717
0 0.399444 0.334691 0.032222 0.040717
0 0.866667 0.339577 0.035556 0.047231
0 0.347222 0.293160 0.034444 0.048860
0 0.556111 0.421010 0.032222 0.037459
0 0.761667 0.298046 0.032222 0.039088
0 0.607222 0.456840 0.034444 0.043974
0 0.866111 0.627036 0.036667 0.042345
0 0.607778 0.791531 0.033333 0.039088
0 0.711111 0.379479 0.033333 0.039088
0 0.244444 0.543160 0.033333 0.043974
0 0.607778 0.416124 0.033333 0.037459
0 0.659444 0.499186 0.032222 0.037459
0 0.816667 0.788274 0.035556 0.042345
0 0.454444 0.332248 0.031111 0.042345
0 0.244444 0.499186 0.033333 0.043974
0 0.296111 0.707655 0.032222 0.037459
0 0.400000 0.295603 0.031111 0.037459
0 0.296111 0.335505 0.032222 0.039088
0 0.866667 0.501629 0.035556 0.042345
0 0.762222 0.210098 0.033333 0.045603
0 0.245556 0.332248 0.035556 0.039088
0 0.398333 0.666124 0.036667 0.042345
0 0.607778 0.829805 0.033333 0.040717
0 0.296111 0.417752 0.034444 0.043974
0 0.659444 0.459283 0.032222 0.039088
0 0.349444 0.872150 0.036667 0.043974
0 0.917222 0.379479 0.034444 0.042345
0 0.296111 0.582248 0.032222 0.040717
0 0.606667 0.916124 0.035556 0.043974
0 0.866667 0.710098 0.035556 0.042345
0 0.918333 0.543160 0.036667 0.040717
0 0.660556 0.709283 0.034444 0.043974
0 0.401111 0.256515 0.033333 0.043974
0 0.865556 0.251629 0.037778 0.050489
0 0.866667 0.582248 0.035556 0.040717
0 0.917222 0.421010 0.034444 0.037459
0 0.245556 0.290717 0.033333 0.040717
0 0.918333 0.501629 0.034444 0.042345
0 0.142222 0.207655 0.033333 0.047231
0 0.506111 0.149023 0.043333 0.034202
0 0.401667 0.161238 0.034444 0.045603
0 0.920556 0.832248 0.036667 0.042345
0 0.866667 0.751629 0.033333 0.040717
0 0.087222 0.416124 0.032222 0.040717
0 0.245556 0.832248 0.035556 0.039088
0 0.866667 0.418567 0.033333 0.035831
0 0.297778 0.829805 0.033333 0.037459
0 0.244444 0.707655 0.033333 0.034202
0 0.348333 0.749186 0.032222 0.039088
0 0.556667 0.705212 0.031111 0.042345
0 0.348333 0.830619 0.034444 0.039088
0 0.658333 0.251629 0.032222 0.040717
0 0.660556 0.751629 0.034444 0.037459
0 0.399444 0.789088 0.036667 0.043974
0 0.556667 0.663681 0.033333 0.037459
0 0.920556 0.789088 0.036667 0.043974
0 0.866667 0.833062 0.037778 0.043974
0 0.454444 0.293160 0.031111 0.032573
0 0.557778 0.908795 0.033333 0.048860
0 0.244444 0.871336 0.033333 0.042345
0 0.657222 0.583062 0.034444 0.039088
0 0.920556 0.871336 0.034444 0.039088
0 0.815556 0.913681 0.033333 0.039088
0 0.918333 0.584691 0.032222 0.039088
0 0.866667 0.871336 0.033333 0.039088
0 0.400556 0.827362 0.036667 0.035831
0 0.348333 0.790717 0.034444 0.043974
0 0.918333 0.707655 0.030000 0.037459
0 0.506111 0.378664 0.043333 0.034202
0 0.400556 0.210098 0.036667 0.045603
0 0.087222 0.617264 0.027778 0.042345
0 0.557778 0.746743 0.033333 0.040717
0 0.507778 0.351792 0.042222 0.032573
0 0.816667 0.749186 0.035556 0.035831
0 0.102222 0.288274 0.022222 0.035831
0 0.920556 0.746743 0.032222 0.040717
0 0.102222 0.205212 0.024444 0.032573
0 0.102222 0.161238 0.024444 0.039088
0 0.505556 0.283388 0.044444 0.029316
0 0.505556 0.216612 0.044444 0.029316
0 0.152778 0.496743 0.023333 0.035831
0 0.100556 0.327362 0.021111 0.032573
0 0.102222 0.246743 0.022222 0.037459
0 0.557778 0.868893 0.035556 0.027687
