0 0.674317617866005 0.82981220657277 0.04094292803970223 0.06338028169014087
0 0.31327543424317617 0.41784037558685444 0.026054590570719627 0.04694835680751175
0 0.500620347394541 0.465962441314554 0.04590570719602971 0.06338028169014087
0 0.902605459057072 0.29929577464788737 0.04094292803970223 0.058685446009389686
0 0.7872208436724566 0.3016431924882629 0.04094292803970223 0.06338028169014082
0 0.673697270471464 0.3016431924882629 0.037220843672456594 0.06338028169014082
0 0.5595533498759304 0.7053990610328639 0.037220843672456705 0.068075117370892
0 0.2667493796526054 0.2992957746478873 0.042183622828784156 0.068075117370892
0 0.6749379652605458 0.7053990610328639 0.03970223325062039 0.068075117370892
0 0.6153846153846154 0.3016431924882629 0.037220843672456594 0.058685446009389686
0 0.31389578163771714 0.47300469483568075 0.02481389578163773 0.04929577464788737
0 0.500620347394541 0.1279342723004695 0.05334987593052115 0.03990610328638497
0 0.15570719602977667 0.7077464788732395 0.038461538461538464 0.06807511737089211
0 0.38647642679900746 0.7018779342723005 0.04094292803970223 0.07042253521126762
0 0.9596774193548387 0.24061032863849763 0.038461538461538436 0.06807511737089192
0 0.4447890818858561 0.7053990610328639 0.038461538461538436 0.068075117370892
0 0.33002481389578164 0.8309859154929577 0.037220843672456594 0.06572769953051649
0 0.3281637717121588 0.7711267605633804 0.035980148883374696 0.05868544600938974
0 0.32754342431761785 0.29929577464788737 0.0347394540942928 0.058685446009389686
0 0.9013647642679901 0.3544600938967136 0.04094292803970223 0.05633802816901412
0 0.6724565756823822 0.35680751173708924 0.037220843672456594 0.056338028169014065
0 0.9615384615384615 0.7053990610328639 0.03970223325062039 0.068075117370892
0 0.09491315136476428 0.3004694835680751 0.03846153846153845 0.05633802816901412
0 0.9032258064516129 0.7030516431924883 0.037220843672456594 0.06338028169014065
0 0.44354838709677424 0.7699530516431925 0.035980148883374696 0.05633802816901401
0 0.6153846153846154 0.7077464788732395 0.037220843672456594 0.06807511737089211
0 0.4423076923076923 0.2981220657276995 0.035980148883374696 0.051643192488262935
0 0.15570719602977667 0.8321596244131456 0.04094292803970223 0.06338028169014076
0 0.9596774193548387 0.3591549295774648 0.04094292803970223 0.06103286384976525
0 0.9032258064516129 0.7664319248826291 0.037220843672456594 0.05868544600938974
0 0.8442928039702233 0.3004694835680751 0.03846153846153855 0.06103286384976525
0 0.9602977667493797 0.8251173708920188 0.03970223325062039 0.06338028169014087
0 0.035980148883374696 0.11384976525821597 0.04218362282878411 0.0727699530516432
0 0.2686104218362283 0.2359154929577465 0.038461538461538464 0.05868544600938966
0 0.21029776674937967 0.2453051643192488 0.038461538461538464 0.058685446009389575
0 0.15446650124069478 0.7711267605633804 0.03598014888337467 0.05868544600938974
0 0.2686104218362283 0.1772300469483568 0.038461538461538464 0.0539906103286385
0 0.6178660049627791 0.8251173708920188 0.03722084367245648 0.06807511737089189
0 0.3864764267990074 0.7711267605633804 0.035980148883374696 0.05868544600938974
0 0.846774193548387 0.7652582159624413 0.038461538461538436 0.05633802816901412
0 0.9596774193548387 0.3016431924882629 0.038461538461538436 0.058685446009389686
0 0.7884615384615384 0.3603286384976526 0.04094292803970223 0.058685446009389686
0 0.7270471464019851 0.1772300469483568 0.037220843672456594 0.06338028169014084
0 0.03722084367245658 0.24061032863849763 0.04218362282878412 0.06338028169014084
0 0.9720843672456576 0.47300469483568075 0.028535980148883366 0.0539906103286385
0 0.34181141439205953 0.4178403755868545 0.02357320099255583 0.04225352112676056
0 0.9602977667493796 0.7652582159624413 0.037220843672456594 0.05633802816901412
0 0.8889578163771712 0.4694835680751174 0.023573200992555776 0.04694835680751175
0 0.8877171215880892 0.41314553990610325 0.02605459057071957 0.04225352112676056
0 0.34367245657568235 0.47417840375586856 0.02233250620347399 0.04694835680751175
0 0.8442928039702233 0.3591549295774648 0.03598014888337464 0.06103286384976525
0 0.38585607940446653 0.3039906103286385 0.03722084367245654 0.0539906103286385
0 0.9038461538461539 0.8274647887323944 0.03598014888337464 0.06338028169014076
0 0.4423076923076923 0.82981220657277 0.035980148883374696 0.06338028169014087
0 0.5031017369727048 0.272300469483568 0.04838709677419356 0.051643192488262823
0 0.8467741935483871 0.8309859154929577 0.04094292803970223 0.06572769953051649
0 0.38523573200992556 0.8274647887323944 0.038461538461538436 0.06338028169014076
0 0.9168734491315137 0.471830985915493 0.02481389578163773 0.04225352112676056
0 0.7295285359801489 0.24295774647887325 0.03970223325062028 0.06807511737089203
0 0.035980148883374696 0.1807511737089202 0.037220843672456566 0.051643192488262935
0 0.3846153846153846 0.36032863849765256 0.039702233250620333 0.068075117370892
0 0.500620347394541 0.035211267605633784 0.05334987593052115 0.04694835680751171
0 0.9714640198511166 0.5328638497652582 0.027295285359801413 0.04225352112676062
0 0.5018610421836228 0.08450704225352111 0.050868486352357356 0.05164319248826294
0 0.5012406947890818 0.22535211267605634 0.0496277915632754 0.04225352112676056
0 0.500620347394541 0.5927230046948357 0.03349875930521096 0.06338028169014098
0 0.9720843672456576 0.4143192488262911 0.028535980148883366 0.049295774647887314
0 0.5031017369727048 0.3615023474178404 0.04838709677419356 0.04694835680751175
0 0.5173697270471465 0.8931924882629108 0.024813895781637618 0.035211267605633645
0 0.03722084367245658 0.2934272300469484 0.04218362282878412 0.03755868544600954
0 0.9181141439205955 0.4154929577464789 0.02481389578163773 0.04225352112676056
0 0.5161290322580645 0.8568075117370892 0.022332506203473934 0.04225352112676062
0 0.5024813895781638 0.3215962441314554 0.04714640198511161 0.04225352112676056
0 0.500620347394541 0.17370892018779344 0.04838709677419367 0.05633802816901409
0 0.5 0.5293427230046949 0.04466501240694787 0.06338028169014082
0 0.38399503722084366 0.24061032863849766 0.04094292803970223 0.07276995305164319
0 0.5595533498759304 0.24061032863849763 0.037220843672456705 0.06338028169014084
0 0.6141439205955335 0.23591549295774647 0.03970223325062039 0.07276995305164319
0 0.5576923076923077 0.3603286384976526 0.038461538461538325 0.06338028169014082
0 0.32754342431761785 0.23826291079812206 0.037220843672456594 0.068075117370892
0 0.15198511166253104 0.23826291079812206 0.038461538461538464 0.068075117370892
0 0.44106699751861045 0.357981220657277 0.03846153846153849 0.068075117370892
0 0.09491315136476428 0.23826291079812206 0.03846153846153845 0.068075117370892
0 0.673697270471464 0.24061032863849763 0.037220843672456594 0.06338028169014084
0 0.32754342431761785 0.3556338028169014 0.037220843672456594 0.06338028169014082
0 0.7884615384615384 0.23826291079812206 0.04094292803970223 0.068075117370892
0 0.4423076923076923 0.24061032863849763 0.03846153846153849 0.06338028169014084
0 0.2673697270471464 0.11384976525821597 0.04094292803970226 0.0727699530516432
0 0.6153846153846154 0.36267605633802813 0.04218362282878407 0.06338028169014082
0 0.5583126550868487 0.29929577464788737 0.03722084367245648 0.058685446009389686
0 0.32940446650124067 0.7030516431924883 0.04094292803970229 0.07276995305164324
0 0.15198511166253104 0.36032863849765256 0.038461538461538464 0.068075117370892
0 0.902605459057072 0.23826291079812206 0.038461538461538436 0.068075117370892
0 0.5595533498759304 0.7711267605633804 0.037220843672456705 0.05868544600938974
0 0.09553349875930521 0.3615023474178404 0.04218362282878413 0.07511737089201875
0 0.1532258064516129 0.3004694835680751 0.04094292803970223 0.06103286384976525
0 0.03598014888337469 0.35915492957746475 0.044665012406947896 0.07042253521126757
0 0.8442928039702233 0.23826291079812206 0.03846153846153855 0.068075117370892
0 0.21029776674937967 0.176056338028169 0.04094292803970226 0.07511737089201878
0 0.674937965260546 0.7711267605633804 0.037220843672456594 0.05868544600938974
0 0.5595533498759306 0.8309859154929577 0.04218362282878407 0.06572769953051649
0 0.846774193548387 0.7030516431924883 0.038461538461538436 0.068075117370892
