0 0.498104 0.379369 0.041798 0.036543
0 0.443570 0.294179 0.034158 0.042802
0 0.647985 0.370147 0.033081 0.044404
0 0.721775 0.691769 0.022783 0.029085
0 0.498368 0.501727 0.037288 0.033039
0 0.917527 0.314201 0.022850 0.032390
0 0.712600 0.404447 0.022984 0.038998
0 0.389609 0.209789 0.038365 0.031437
0 0.609715 0.866309 0.036412 0.044554
0 0.498644 0.351233 0.041730 0.033239
0 0.337444 0.213789 0.034393 0.054367
0 0.690385 0.487302 0.021639 0.027383
0 0.695138 0.693794 0.022817 0.030738
0 0.300262 0.845502 0.038566 0.041350
0 0.714767 0.483725 0.021605 0.025731
0 0.696800 0.775575 0.022917 0.035694
0 0.695927 0.732620 0.020696 0.035594
0 0.517254 0.747271 0.022850 0.032390
0 0.303238 0.882575 0.034090 0.039498
0 0.723454 0.774376 0.022850 0.032390
0 0.717290 0.525780 0.022884 0.034042
0 0.491447 0.215957 0.046038 0.026830
0 0.721521 0.733949 0.022884 0.034042
0 0.404859 0.878004 0.032980 0.039448
0 0.720113 0.609989 0.020662 0.033942
0 0.892254 0.273996 0.022917 0.035694
0 0.916687 0.272897 0.020696 0.035594
0 0.492791 0.282043 0.043952 0.033339
0 0.605801 0.701120 0.037590 0.047908
0 0.910318 0.479063 0.035168 0.037896
0 0.496777 0.314110 0.044119 0.041600
0 0.608036 0.783702 0.036412 0.044554
0 0.692348 0.611237 0.020730 0.037246
0 0.493386 0.147244 0.043985 0.034991
0 0.764055 0.857713 0.034124 0.041150
0 0.093134 0.854819 0.037456 0.041300
0 0.691241 0.529432 0.021874 0.038948
0 0.719236 0.648889 0.021874 0.038948
0 0.763232 0.817235 0.034090 0.039498
0 0.092197 0.726703 0.034090 0.039498
0 0.910030 0.519590 0.030826 0.042652
0 0.709005 0.282239 0.020696 0.035594
0 0.709827 0.322716 0.020730 0.037246
0 0.146155 0.892948 0.037557 0.046256
0 0.694281 0.651665 0.022984 0.038998
0 0.092987 0.765528 0.038701 0.047958
0 0.608892 0.825832 0.036379 0.042902
0 0.717608 0.568760 0.021773 0.033992
0 0.607751 0.742374 0.035235 0.041200
0 0.764911 0.899842 0.036446 0.046206
0 0.141619 0.724480 0.033047 0.042752
0 0.684016 0.283363 0.021874 0.038948
0 0.147045 0.936730 0.037590 0.047908
0 0.145888 0.852446 0.038634 0.044654
0 0.344499 0.506168 0.029614 0.037646
0 0.760697 0.692499 0.036412 0.044554
0 0.141941 0.685605 0.037456 0.041300
0 0.611698 0.909215 0.038701 0.047958
0 0.293445 0.510118 0.034124 0.041150
0 0.604390 0.659016 0.034090 0.039498
0 0.296836 0.676984 0.034124 0.041150
0 0.399012 0.672388 0.034124 0.041150
0 0.406792 0.918431 0.033013 0.041100
0 0.907749 0.352674 0.032980 0.039448
0 0.289026 0.347432 0.031936 0.042702
0 0.085206 0.519485 0.033013 0.041100
0 0.910903 0.562546 0.037489 0.042952
0 0.455896 0.873228 0.033081 0.044404
0 0.688722 0.405521 0.021874 0.038948
0 0.144476 0.810341 0.037557 0.046256
0 0.350731 0.758069 0.031869 0.039398
0 0.761536 0.733803 0.034191 0.044454
0 0.131564 0.175094 0.037657 0.051213
0 0.714534 0.444875 0.022884 0.034042
0 0.354360 0.881929 0.034158 0.042802
0 0.456803 0.917836 0.033148 0.047709
0 0.138900 0.563372 0.036345 0.041250
0 0.752616 0.404301 0.031869 0.039398
0 0.138846 0.642749 0.033081 0.044404
0 0.854172 0.314570 0.034124 0.041150
0 0.092278 0.812689 0.035335 0.046156
0 0.302951 0.923102 0.038701 0.047958
0 0.853349 0.274093 0.034158 0.042802
0 0.493751 0.247273 0.042975 0.039897
0 0.690970 0.570785 0.021807 0.035644
0 0.711727 0.361492 0.022917 0.035694
0 0.090853 0.687903 0.037456 0.041300
0 0.453963 0.832800 0.035268 0.042852
0 0.491886 0.182865 0.041865 0.039848
0 0.908588 0.393978 0.035201 0.039548
0 0.352630 0.796844 0.031903 0.041050
0 0.143603 0.767386 0.037489 0.042952
0 0.799251 0.237665 0.031903 0.041050
0 0.402641 0.796248 0.034191 0.044454
0 0.689006 0.446850 0.020629 0.032290
0 0.687849 0.362566 0.021807 0.035644
0 0.187084 0.390879 0.033013 0.041100
0 0.797705 0.188952 0.033249 0.052665
0 0.189018 0.431306 0.035335 0.046156
0 0.447026 0.546205 0.033013 0.041100
0 0.300549 0.804974 0.038667 0.046306
0 0.183796 0.174399 0.037657 0.051213
0 0.756211 0.526509 0.036379 0.042902
0 0.135759 0.436182 0.035235 0.041200
0 0.761837 0.775957 0.037489 0.042952
0 0.083561 0.438530 0.030792 0.041000
0 0.184244 0.305843 0.035268 0.042852
0 0.758730 0.650420 0.034158 0.042802
0 0.451126 0.665910 0.034090 0.039498
0 0.292321 0.427486 0.032946 0.037796
0 0.079835 0.227857 0.034225 0.046106
0 0.850425 0.184927 0.036513 0.049511
0 0.745122 0.145015 0.036446 0.046206
0 0.298499 0.758765 0.036446 0.046206
0 0.354089 0.923283 0.034225 0.046106
0 0.647333 0.283360 0.033047 0.042752
0 0.852858 0.359278 0.032037 0.047659
0 0.440901 0.162834 0.034191 0.044454
0 0.139101 0.600570 0.035268 0.042852
0 0.602744 0.578061 0.034158 0.042802
0 0.851383 0.232013 0.034191 0.044454
0 0.445504 0.334606 0.031903 0.041050
0 0.594635 0.151784 0.037624 0.049561
0 0.189891 0.474261 0.037489 0.042952
0 0.800040 0.276491 0.034158 0.042802
0 0.088920 0.647475 0.035268 0.042852
0 0.752344 0.445654 0.031936 0.042702
0 0.289815 0.386258 0.034124 0.041150
0 0.087140 0.559912 0.035268 0.042852
0 0.402908 0.836751 0.037489 0.042952
0 0.133445 0.267614 0.033013 0.041100
0 0.451966 0.707213 0.034225 0.046106
0 0.801770 0.361576 0.034124 0.041150
0 0.908384 0.438636 0.037557 0.046256
0 0.400912 0.711163 0.034090 0.039498
0 0.849502 0.139493 0.036480 0.047858
0 0.348797 0.717641 0.034258 0.047759
0 0.081547 0.312116 0.034158 0.042802
0 0.654451 0.660898 0.034258 0.047759
0 0.686000 0.326269 0.021874 0.038948
0 0.182515 0.220758 0.033081 0.044404
0 0.755388 0.486032 0.031903 0.041050
0 0.346783 0.591228 0.030826 0.042652
0 0.594465 0.198094 0.037557 0.046256
0 0.759051 0.611544 0.034124 0.041150
0 0.086083 0.480585 0.034090 0.039498
0 0.352393 0.839850 0.034258 0.047759
0 0.750682 0.363874 0.034191 0.044454
0 0.183422 0.265366 0.033081 0.044404
0 0.450337 0.627084 0.034191 0.044454
0 0.342599 0.467393 0.034158 0.042802
0 0.188560 0.518143 0.035369 0.047808
0 0.185118 0.348799 0.035335 0.046156
0 0.595405 0.244354 0.033114 0.046056
0 0.132538 0.223006 0.037590 0.047908
0 0.602477 0.537559 0.033013 0.041100
0 0.755974 0.569515 0.034225 0.046106
0 0.295140 0.593551 0.036312 0.039598
0 0.349289 0.632456 0.029715 0.042602
0 0.083243 0.395549 0.034124 0.041150
0 0.297625 0.715809 0.034158 0.042802
0 0.088013 0.602868 0.037489 0.042952
0 0.596897 0.372445 0.030725 0.037696
0 0.393356 0.339432 0.034158 0.042802
0 0.747206 0.192877 0.038667 0.046306
0 0.454251 0.792273 0.037523 0.044604
0 0.446741 0.504876 0.034191 0.044454
0 0.749826 0.321744 0.034225 0.046106
0 0.134886 0.393226 0.035302 0.044504
0 0.136582 0.476659 0.035335 0.046156
0 0.397048 0.548453 0.037456 0.041300
0 0.600526 0.496305 0.033081 0.044404
0 0.080691 0.269987 0.038566 0.041350
0 0.133207 0.310620 0.037523 0.044604
0 0.554111 0.619109 0.035302 0.044504
0 0.653561 0.617116 0.032004 0.046006
0 0.082370 0.352594 0.036412 0.044554
0 0.139188 0.522844 0.038667 0.046306
0 0.800392 0.321123 0.033114 0.046056
0 0.649329 0.408947 0.031869 0.039398
0 0.595168 0.287360 0.030826 0.042652
0 0.649647 0.451928 0.028605 0.042552
0 0.449481 0.584955 0.034090 0.039498
0 0.288692 0.303626 0.033081 0.044404
0 0.748986 0.280441 0.036379 0.042902
0 0.453377 0.749318 0.037456 0.041300
0 0.295428 0.553024 0.038634 0.044654
0 0.401179 0.751665 0.037523 0.044604
0 0.292588 0.467988 0.034225 0.046106
0 0.748130 0.238311 0.038634 0.044654
0 0.497983 0.455442 0.040956 0.049710
0 0.441235 0.206640 0.035335 0.046156
0 0.398427 0.588905 0.036379 0.042902
0 0.550549 0.498553 0.033013 0.041100
0 0.551067 0.578732 0.032980 0.039448
0 0.399300 0.631861 0.034090 0.039498
0 0.551389 0.539856 0.033013 0.041100
0 0.544080 0.289658 0.033047 0.042752
0 0.295980 0.634854 0.036379 0.042902
0 0.603567 0.618538 0.034124 0.041150
0 0.651611 0.575863 0.029715 0.042602
0 0.652403 0.532832 0.028537 0.039248
0 0.135124 0.350221 0.037523 0.044604
0 0.234663 0.215932 0.033181 0.049361
0 0.543257 0.249180 0.033081 0.044404
0 0.340030 0.341004 0.036278 0.037946
0 0.347924 0.674686 0.034191 0.044454
0 0.446996 0.462697 0.034158 0.042802
0 0.341743 0.425263 0.034191 0.044454
0 0.238510 0.350531 0.037590 0.047908
0 0.597185 0.331917 0.033047 0.042752
0 0.547743 0.415170 0.030826 0.042652
0 0.444507 0.422294 0.033081 0.044404
0 0.346482 0.549073 0.034191 0.044454
0 0.235620 0.263018 0.037523 0.044604
0 0.393941 0.422915 0.031970 0.044354
0 0.391372 0.296527 0.034158 0.042802
0 0.598797 0.411220 0.033114 0.046056
0 0.647078 0.325539 0.033081 0.044404
0 0.342014 0.383910 0.034191 0.044454
0 0.237604 0.305924 0.037523 0.044604
0 0.542300 0.202094 0.037624 0.049561
0 0.389388 0.253621 0.034225 0.046106
0 0.286356 0.216087 0.036547 0.051163
0 0.339461 0.258347 0.031903 0.041050
0 0.651025 0.492380 0.031970 0.044354
0 0.339174 0.298875 0.032004 0.046006
0 0.393687 0.465095 0.034158 0.042802
0 0.442142 0.251248 0.030826 0.042652
0 0.396781 0.507950 0.036379 0.042902
0 0.394178 0.379910 0.034124 0.041150
0 0.599148 0.455853 0.031936 0.042702
0 0.548616 0.458126 0.033047 0.042752
0 0.444189 0.379314 0.034191 0.044454
0 0.544987 0.334265 0.033181 0.049361
0 0.287818 0.260670 0.035235 0.041200
0 0.546954 0.376345 0.033013 0.041100
