0 0.888067 0.679346 0.024677 0.038043
0 0.921764 0.711058 0.024307 0.033132
0 0.135718 0.673119 0.023820 0.041135
0 0.636022 0.383788 0.020994 0.032583
0 0.132570 0.631369 0.023203 0.032949
0 0.455271 0.751928 0.024801 0.039681
0 0.949267 0.749599 0.024801 0.039681
0 0.143980 0.760436 0.027009 0.040047
0 0.463732 0.871539 0.025905 0.039864
0 0.140095 0.716322 0.025905 0.039864
0 0.946118 0.707850 0.024677 0.038043
0 0.491911 0.911625 0.024801 0.039681
0 0.414150 0.718132 0.040020 0.053521
0 0.480116 0.747809 0.023450 0.036223
0 0.407158 0.462345 0.023820 0.041135
0 0.475350 0.136074 0.050322 0.045529
0 0.488087 0.868330 0.023820 0.041135
0 0.130587 0.590255 0.023203 0.032949
0 0.829816 0.225673 0.023203 0.032949
0 0.486350 0.304166 0.046886 0.043342
0 0.925756 0.460082 0.025658 0.036589
0 0.662297 0.420875 0.025658 0.036589
0 0.865369 0.682281 0.023450 0.036223
0 0.166229 0.714476 0.027133 0.041684
0 0.457558 0.789676 0.025658 0.036589
0 0.173140 0.798703 0.025905 0.039864
0 0.121327 0.467461 0.023203 0.032949
0 0.868270 0.720756 0.023573 0.037860
0 0.764867 0.402212 0.025905 0.039864
0 0.464392 0.709802 0.040878 0.050430
0 0.124781 0.505845 0.024677 0.038043
0 0.404010 0.420596 0.025658 0.036589
0 0.301169 0.776648 0.023573 0.037860
0 0.149321 0.505092 0.024924 0.041318
0 0.162405 0.671181 0.028114 0.040230
0 0.249480 0.447044 0.023326 0.034586
0 0.253180 0.488702 0.024554 0.036406
0 0.856767 0.264305 0.027009 0.040047
0 0.890975 0.339862 0.023450 0.036223
0 0.228150 0.490365 0.023573 0.037860
0 0.503141 0.526831 0.033635 0.041145
0 0.480735 0.237131 0.046275 0.049708
0 0.129219 0.549868 0.027133 0.041684
0 0.103861 0.769574 0.039773 0.050247
0 0.388715 0.380860 0.040020 0.053521
0 0.130325 0.423698 0.037565 0.049881
0 0.897763 0.422451 0.024677 0.038043
0 0.637329 0.423357 0.022346 0.036040
0 0.257963 0.744855 0.041248 0.055342
0 0.918293 0.375947 0.023573 0.037860
0 0.807139 0.273362 0.022222 0.034403
0 0.206616 0.753367 0.035233 0.047877
0 0.156046 0.586863 0.025782 0.038227
0 0.925099 0.629277 0.039650 0.048610
0 0.256286 0.700375 0.037441 0.048243
0 0.075768 0.389642 0.036214 0.046423
0 0.782294 0.277481 0.023326 0.034586
0 0.762027 0.364556 0.025658 0.036589
0 0.916558 0.338107 0.023326 0.034586
0 0.802948 0.232614 0.024677 0.038043
0 0.182347 0.416731 0.037565 0.049881
0 0.721493 0.664691 0.039286 0.058250
0 0.772839 0.656178 0.039650 0.048610
0 0.176846 0.328955 0.039897 0.051884
0 0.306528 0.692045 0.036337 0.048060
0 0.921275 0.585982 0.038422 0.046789
0 0.460568 0.666507 0.039650 0.048610
0 0.894124 0.381612 0.028237 0.041867
0 0.302886 0.643746 0.038916 0.053338
0 0.583123 0.223471 0.036337 0.048060
0 0.127238 0.382767 0.035109 0.046240
0 0.899668 0.299464 0.036214 0.046423
0 0.924202 0.417239 0.026762 0.036772
0 0.874181 0.636061 0.037688 0.051518
0 0.358365 0.682622 0.036214 0.046423
0 0.204325 0.708160 0.035356 0.049515
0 0.226229 0.450070 0.025905 0.039864
0 0.123905 0.338561 0.039773 0.050247
0 0.669656 0.674114 0.038916 0.053338
0 0.097808 0.681890 0.041248 0.055342
0 0.659334 0.381581 0.025658 0.036589
0 0.409835 0.675747 0.037318 0.046606
0 0.101203 0.726914 0.038669 0.050064
0 0.200992 0.663955 0.035603 0.052789
0 0.768587 0.614612 0.037318 0.046606
0 0.230237 0.362375 0.035967 0.043149
0 0.539116 0.314482 0.037318 0.046606
0 0.457235 0.622301 0.039897 0.051884
0 0.078426 0.432302 0.041982 0.050613
0 0.714887 0.577099 0.038916 0.053338
0 0.644653 0.342572 0.038793 0.051701
0 0.822591 0.648759 0.040020 0.053521
0 0.282444 0.357864 0.036090 0.044786
0 0.384586 0.340930 0.037194 0.044969
0 0.405826 0.629995 0.036954 0.056247
0 0.252890 0.655350 0.040020 0.053521
0 0.233632 0.407400 0.041001 0.052067
0 0.333177 0.348624 0.036214 0.046423
0 0.537195 0.274186 0.034986 0.044603
0 0.361699 0.726828 0.038669 0.050064
0 0.587314 0.264219 0.036090 0.044786
0 0.072496 0.346255 0.041248 0.055342
0 0.666322 0.629908 0.036461 0.049698
0 0.179137 0.374163 0.039526 0.046972
0 0.820547 0.606826 0.037441 0.048243
0 0.664092 0.585520 0.038916 0.053338
0 0.227150 0.321444 0.038669 0.050064
0 0.277945 0.313023 0.036461 0.049698
0 0.869929 0.594495 0.035109 0.046240
0 0.381190 0.295906 0.037812 0.053155
0 0.893923 0.215874 0.040020 0.053521
0 0.918003 0.542595 0.038793 0.051701
0 0.866595 0.550289 0.037565 0.049881
0 0.580709 0.176627 0.034499 0.052606
0 0.336511 0.392830 0.036954 0.056247
0 0.765253 0.570406 0.040020 0.053521
0 0.745505 0.323365 0.040020 0.053521
0 0.739208 0.239866 0.037565 0.049881
0 0.496783 0.442513 0.045541 0.054437
0 0.437527 0.331324 0.037318 0.046606
0 0.356012 0.636596 0.038916 0.053338
0 0.638171 0.256617 0.036461 0.049698
0 0.897133 0.258442 0.037318 0.046606
0 0.329782 0.303600 0.038793 0.051701
0 0.641504 0.300822 0.036214 0.046423
0 0.434132 0.286300 0.037441 0.048243
0 0.817028 0.560165 0.035603 0.052789
0 0.687861 0.248379 0.036461 0.049698
0 0.590710 0.309244 0.036461 0.049698
0 0.691195 0.292584 0.036214 0.046423
0 0.694405 0.335153 0.036708 0.052972
0 0.533186 0.228435 0.036584 0.051335
0 0.500116 0.486719 0.043086 0.050796
0 0.484004 0.273059 0.044183 0.036427
0 0.127556 0.928102 0.031797 0.045691
0 0.531644 0.734293 0.023203 0.032949
0 0.468784 0.916288 0.024677 0.038043
0 0.924298 0.752081 0.025658 0.036589
0 0.462302 0.830333 0.027009 0.040047
0 0.121749 0.843692 0.030322 0.040596
0 0.146515 0.801459 0.023450 0.036223
0 0.876714 0.803071 0.025658 0.036589
0 0.927018 0.795560 0.026886 0.038410
0 0.943217 0.669374 0.024801 0.039681
0 0.117929 0.807856 0.025411 0.033315
0 0.431057 0.794070 0.025658 0.036589
0 0.892810 0.720003 0.023573 0.037860
0 0.853557 0.221737 0.024307 0.033132
0 0.482342 0.784739 0.024431 0.034769
0 0.810592 0.311746 0.025658 0.036589
0 0.541836 0.357960 0.037805 0.038603
0 0.147277 0.463159 0.022346 0.036040
0 0.286574 0.397794 0.038669 0.050064
0 0.872523 0.762323 0.025658 0.036589
0 0.159257 0.629431 0.025535 0.034952
0 0.931456 0.839582 0.027133 0.041684
0 0.304009 0.814305 0.023573 0.037860
0 0.309615 0.732976 0.038546 0.048427
0 0.900026 0.800863 0.023450 0.036223
0 0.491227 0.368837 0.046762 0.041705
0 0.329406 0.810094 0.023326 0.034586
0 0.955197 0.835646 0.025782 0.038227
0 0.426437 0.755051 0.028971 0.037139
0 0.490537 0.337455 0.045411 0.038247
0 0.479370 0.204203 0.049704 0.037342
0 0.445830 0.374706 0.024924 0.041318
0 0.878758 0.845003 0.025782 0.038227
0 0.778346 0.232548 0.024554 0.036406
0 0.951801 0.790622 0.025905 0.039864
0 0.326505 0.771619 0.023203 0.032949
0 0.917573 0.670310 0.026762 0.036772
0 0.168274 0.756409 0.024801 0.039681
0 0.476410 0.172368 0.047009 0.044979
