0 0.397265 0.497066 0.041980 0.044099
0 0.749059 0.647841 0.032684 0.034467
0 0.431617 0.606374 0.040179 0.035050
0 0.721593 0.785845 0.032985 0.035975
0 0.769090 0.468122 0.042679 0.041431
0 0.149352 0.570372 0.037482 0.040037
0 0.327373 0.851679 0.046478 0.048161
0 0.434722 0.577020 0.041380 0.041083
0 0.871460 0.531332 0.045577 0.043636
0 0.186020 0.399883 0.038383 0.044562
0 0.879314 0.495308 0.044878 0.046304
0 0.342480 0.782648 0.045877 0.045145
0 0.620639 0.646755 0.045479 0.049321
0 0.469641 0.408445 0.041380 0.041083
0 0.462789 0.435999 0.041079 0.039574
0 0.344002 0.482777 0.037384 0.045722
0 0.514245 0.899426 0.048677 0.053034
0 0.193276 0.356550 0.037482 0.040037
0 0.541910 0.763858 0.046778 0.049669
0 0.352738 0.724232 0.042979 0.042939
0 0.122932 0.723751 0.043879 0.047464
0 0.722430 0.420652 0.046478 0.048161
0 0.313084 0.638127 0.041980 0.044099
0 0.458234 0.465759 0.041380 0.041083
0 0.635348 0.572851 0.047280 0.058370
0 0.163337 0.806085 0.044381 0.056165
0 0.306480 0.671308 0.044578 0.044796
0 0.174515 0.450815 0.040981 0.045259
0 0.326395 0.557493 0.042580 0.047116
0 0.538029 0.281418 0.040381 0.042242
0 0.360142 0.690470 0.043978 0.041780
0 0.365296 0.657694 0.041680 0.042591
0 0.167559 0.492641 0.043879 0.047464
0 0.480898 0.351886 0.042280 0.045607
0 0.334049 0.519033 0.042280 0.045607
0 0.175395 0.738619 0.048077 0.050018
0 0.568926 0.628116 0.045380 0.055005
0 0.383208 0.560818 0.041680 0.042591
0 0.435788 0.300065 0.043579 0.045956
0 0.319589 0.598564 0.043181 0.050132
0 0.389362 0.529899 0.041980 0.044099
0 0.325815 0.268180 0.044480 0.050481
0 0.886368 0.459864 0.045178 0.047813
0 0.214490 0.243083 0.041881 0.049784
0 0.410423 0.427512 0.042679 0.041431
0 0.423481 0.361904 0.042979 0.042939
0 0.376454 0.594754 0.041980 0.044099
0 0.561942 0.374421 0.043879 0.047464
0 0.831055 0.448998 0.048077 0.050018
0 0.229127 0.468643 0.046679 0.055354
0 0.191302 0.669009 0.047678 0.054194
0 0.109574 0.790868 0.050577 0.056399
0 0.730535 0.379929 0.047678 0.054194
0 0.158505 0.534697 0.041980 0.044099
0 0.349208 0.442866 0.045178 0.047813
0 0.655460 0.471798 0.043481 0.051640
0 0.404169 0.462376 0.042580 0.047116
0 0.151425 0.264295 0.049076 0.048858
0 0.775844 0.434186 0.043579 0.045956
0 0.624808 0.350772 0.046079 0.052337
0 0.379976 0.288271 0.042880 0.048624
0 0.200382 0.313970 0.043879 0.047464
0 0.134941 0.653095 0.045479 0.049321
0 0.595743 0.489937 0.048977 0.054543
0 0.356862 0.404406 0.042280 0.045607
0 0.160528 0.225429 0.047078 0.051178
0 0.678721 0.365235 0.047378 0.052686
0 0.416909 0.680278 0.042177 0.032730
0 0.411956 0.705164 0.040479 0.036558
0 0.452531 0.494415 0.040179 0.035050
0 0.486803 0.315339 0.042280 0.045607
0 0.302366 0.740111 0.029786 0.032262
0 0.715289 0.817519 0.032985 0.035975
0 0.688507 0.811128 0.029387 0.036438
0 0.490143 0.552963 0.027488 0.033073
0 0.581666 0.846018 0.040981 0.045259
0 0.710270 0.701780 0.028487 0.031913
0 0.706387 0.848495 0.035583 0.036672
0 0.601310 0.819512 0.030686 0.036786
0 0.746104 0.676440 0.032985 0.035975
0 0.728295 0.759045 0.029186 0.029245
0 0.753013 0.621098 0.030386 0.035278
0 0.716822 0.675735 0.029387 0.036438
0 0.732399 0.731548 0.032985 0.035975
0 0.360525 0.757302 0.027188 0.031565
0 0.738252 0.702138 0.032684 0.034467
0 0.694511 0.780963 0.031986 0.037135
0 0.425016 0.629229 0.041778 0.036906
0 0.142377 0.694809 0.028787 0.033421
0 0.705317 0.726667 0.028787 0.033421
0 0.700864 0.752481 0.030086 0.033770
0 0.413240 0.767471 0.024890 0.032376
0 0.760665 0.592964 0.028487 0.031913
0 0.395244 0.796008 0.041680 0.042591
0 0.689841 0.876626 0.042880 0.048624
0 0.729978 0.616507 0.031685 0.035627
0 0.680838 0.911547 0.047875 0.042825
0 0.548347 0.803715 0.030686 0.036786
0 0.766518 0.563553 0.029387 0.036438
0 0.531725 0.313091 0.039780 0.039226
0 0.566758 0.917485 0.044578 0.044796
0 0.724425 0.644410 0.031986 0.037135
0 0.770573 0.532865 0.030686 0.036786
0 0.673134 0.946817 0.042880 0.048624
0 0.196639 0.710954 0.028787 0.033421
0 0.734882 0.588430 0.032684 0.034467
0 0.574612 0.881462 0.043279 0.044448
0 0.288218 0.766502 0.043879 0.047464
0 0.498046 0.520130 0.030686 0.036786
0 0.850249 0.634472 0.042580 0.047116
0 0.280514 0.801772 0.041680 0.042591
0 0.273460 0.837216 0.045178 0.047813
0 0.865157 0.563005 0.042979 0.042939
0 0.475044 0.381297 0.042777 0.035747
0 0.372299 0.629386 0.038481 0.038877
0 0.604732 0.716366 0.043879 0.047464
0 0.529551 0.832832 0.047078 0.051178
0 0.406752 0.734750 0.040080 0.040734
0 0.420762 0.657480 0.044676 0.039112
0 0.739286 0.559425 0.030686 0.036786
0 0.445979 0.520461 0.041079 0.039574
0 0.858902 0.597869 0.044878 0.046304
0 0.546682 0.244815 0.037482 0.040037
0 0.144896 0.606513 0.037782 0.041545
0 0.416078 0.395665 0.041980 0.044099
0 0.428985 0.330810 0.040779 0.038066
0 0.551736 0.215984 0.032384 0.032959
0 0.597122 0.778669 0.046079 0.052337
0 0.764735 0.500318 0.041380 0.041083
0 0.387191 0.829595 0.041980 0.044099
0 0.335576 0.817337 0.045877 0.045145
0 0.746739 0.528855 0.032985 0.035975
0 0.440726 0.546856 0.040779 0.038066
0 0.378887 0.867881 0.046177 0.046653
0 0.300225 0.706172 0.045877 0.045145
0 0.208715 0.571204 0.047280 0.058370
0 0.893223 0.421984 0.046478 0.048161
0 0.571845 0.334975 0.042880 0.048624
0 0.785397 0.393058 0.047078 0.051178
0 0.364517 0.365945 0.047777 0.048510
0 0.249640 0.362137 0.047078 0.051178
0 0.838661 0.407347 0.047078 0.051178
0 0.374920 0.327428 0.045178 0.047813
0 0.316411 0.308555 0.047078 0.051178
0 0.271252 0.253543 0.047678 0.054194
