0 0.460256 0.907279 0.069231 0.022530
0 0.073077 0.214038 0.064103 0.032929
0 0.071795 0.328423 0.066667 0.039861
0 0.696154 0.905546 0.053846 0.032929
0 0.752564 0.903813 0.053846 0.039861
0 0.697436 0.864818 0.046154 0.031196
0 0.071795 0.248700 0.061538 0.032929
0 0.775641 0.863951 0.069231 0.039861
0 0.462821 0.509532 0.069231 0.041594
0 0.803846 0.903813 0.053846 0.036395
0 0.462821 0.627383 0.069231 0.038128
0 0.752564 0.747834 0.053846 0.036395
0 0.071795 0.172444 0.061538 0.029463
0 0.650000 0.865685 0.053846 0.036395
0 0.801282 0.746101 0.053846 0.039861
0 0.071795 0.368284 0.056410 0.036395
0 0.776923 0.785962 0.071795 0.036395
0 0.776923 0.703640 0.066667 0.041594
0 0.067949 0.409012 0.058974 0.038128
0 0.698718 0.707972 0.053846 0.032929
0 0.462821 0.306759 0.053846 0.034662
0 0.360256 0.506932 0.069231 0.032929
0 0.698718 0.465338 0.053846 0.032929
0 0.776923 0.824957 0.066667 0.038128
0 0.700000 0.626516 0.051282 0.032929
0 0.071795 0.141248 0.061538 0.032929
0 0.778205 0.266031 0.069231 0.039861
0 0.774359 0.624783 0.061538 0.036395
0 0.462821 0.747834 0.069231 0.039861
0 0.461538 0.709705 0.061538 0.039861
0 0.774359 0.662912 0.061538 0.039861
0 0.673077 0.346620 0.069231 0.038128
0 0.700000 0.386482 0.051282 0.034662
0 0.647436 0.428943 0.053846 0.039861
0 0.673077 0.305893 0.069231 0.039861
0 0.566667 0.747834 0.061538 0.039861
0 0.646154 0.387348 0.051282 0.036395
0 0.253846 0.467071 0.061538 0.036395
0 0.646154 0.667244 0.051282 0.038128
0 0.464103 0.826690 0.061538 0.038128
0 0.361538 0.707972 0.061538 0.036395
0 0.461538 0.870884 0.066667 0.043328
0 0.671795 0.544194 0.061538 0.038128
0 0.698718 0.426343 0.053846 0.038128
0 0.465385 0.426343 0.058974 0.034662
0 0.671795 0.747834 0.066667 0.043328
0 0.462821 0.467071 0.069231 0.043328
0 0.252564 0.509532 0.069231 0.048527
0 0.569231 0.586655 0.066667 0.043328
0 0.357692 0.266031 0.069231 0.043328
0 0.566667 0.465338 0.061538 0.039861
0 0.564103 0.346620 0.061538 0.041594
0 0.360256 0.586655 0.069231 0.046794
0 0.566667 0.386482 0.061538 0.041594
0 0.465385 0.266031 0.069231 0.043328
0 0.566667 0.507799 0.061538 0.041594
0 0.252564 0.348354 0.069231 0.041594
0 0.360256 0.544194 0.069231 0.038128
0 0.566667 0.667244 0.061538 0.041594
0 0.360256 0.307626 0.069231 0.039861
0 0.356410 0.468804 0.066667 0.046794
0 0.460256 0.667244 0.064103 0.041594
0 0.569231 0.629116 0.066667 0.038128
0 0.564103 0.709705 0.061538 0.039861
0 0.253846 0.263432 0.066667 0.041594
0 0.776923 0.586655 0.066667 0.043328
0 0.255128 0.389081 0.069231 0.039861
0 0.776923 0.348354 0.066667 0.038128
0 0.462821 0.788562 0.069231 0.038128
0 0.461538 0.346620 0.061538 0.041594
0 0.462821 0.584055 0.069231 0.038128
0 0.358974 0.348354 0.061538 0.041594
0 0.356410 0.426343 0.066667 0.038128
0 0.465385 0.545927 0.069231 0.034662
0 0.569231 0.424610 0.061538 0.034662
0 0.569231 0.826690 0.066667 0.038128
0 0.252564 0.305893 0.064103 0.039861
0 0.356410 0.788562 0.066667 0.045061
0 0.360256 0.629116 0.069231 0.038128
0 0.774359 0.387348 0.061538 0.036395
0 0.775641 0.503466 0.069231 0.039861
0 0.360256 0.667244 0.069231 0.041594
0 0.566667 0.545927 0.061538 0.034662
0 0.566667 0.265165 0.061538 0.041594
0 0.697436 0.667244 0.061538 0.041594
0 0.252564 0.428943 0.064103 0.039861
0 0.670513 0.506066 0.069231 0.041594
0 0.644872 0.627383 0.053846 0.038128
0 0.566667 0.786828 0.061538 0.038128
0 0.671795 0.263432 0.071795 0.041594
0 0.671795 0.785962 0.066667 0.036395
0 0.776923 0.425477 0.061538 0.036395
0 0.360256 0.828423 0.069231 0.038128
0 0.670513 0.586655 0.069231 0.039861
0 0.566667 0.864818 0.061538 0.038128
0 0.776923 0.544194 0.066667 0.038128
0 0.776923 0.463605 0.066667 0.039861
0 0.461538 0.386482 0.066667 0.038128
0 0.360256 0.869151 0.069231 0.039861
0 0.776923 0.307626 0.066667 0.043328
0 0.360256 0.907279 0.069231 0.039861
0 0.567949 0.905546 0.064103 0.043328
0 0.569231 0.304159 0.061538 0.036395
0 0.671795 0.826690 0.071795 0.038128
0 0.358974 0.746101 0.061538 0.039861
0 0.356410 0.389081 0.066667 0.039861
