0 0.29886792452830185 0.42031134173461826 0.023480083857442335 0.02816901408450705
0 0.5158909853249476 0.7583395107487028 0.021467505241090142 0.037064492216456635
0 0.45584905660377356 0.7605633802816901 0.02213836477987425 0.035581912527798416
0 0.3072536687631027 0.6493699036323202 0.01341719077568137 0.02668643439584874
0 0.2710272536687631 0.6879169755374351 0.016100628930817606 0.03558191252779832
0 0.049979035639413 0.4262416604892513 0.022138364779874218 0.037064492216456586
0 0.30054507337526204 0.2853965900667161 0.025492662473794527 0.02816901408450705
0 0.5162264150943396 0.27575982209043737 0.02213836477987425 0.038547071905114895
0 0.049979035639413 0.27353595255744995 0.01945492662473795 0.037064492216456635
0 0.2992033542976939 0.16679021497405486 0.02549266247379459 0.025203854707190502
0 0.2992033542976939 0.22757598220904374 0.02415094339622638 0.02816901408450705
0 0.4545073375262055 0.6115641215715345 0.02213836477987425 0.04002965159377316
0 0.5158909853249476 0.7220163083765753 0.02012578616352199 0.03558191252779832
0 0.26767295597484275 0.4988880652335063 0.02012578616352199 0.03409933283914011
0 0.11136268343815513 0.6879169755374351 0.021467505241090156 0.041512231282431374
0 0.1120335429769392 0.2713120830244625 0.020125786163522025 0.029651593773165313
0 0.18247379454926624 0.34766493699036327 0.01207547169811322 0.028169014084507005
0 0.3005450733752621 0.3157894736842105 0.02683438155136268 0.03261675315048179
0 0.2992033542976939 0.13862120088954782 0.02549266247379459 0.031134173461823577
0 0.5152201257861635 0.6108228317272053 0.02012578616352199 0.038547071905114846
0 0.45484276729559747 0.6856931060044478 0.021467505241090142 0.037064492216456635
0 0.33039832285115306 0.19644180874722017 0.0181132075471698 0.03409933283914011
0 0.5165618448637316 0.7983691623424759 0.02280922431865829 0.04299481097108968
0 0.45484276729559747 0.7242401779095626 0.021467505241090142 0.037064492216456635
0 0.5155555555555555 0.5329873980726463 0.020796645702306098 0.03409933283914011
0 0.049979035639413 0.156412157153447 0.022138364779874218 0.04299481097108968
0 0.48503144654088043 0.7583395107487028 0.02280922431865829 0.037064492216456635
0 0.4545073375262055 0.5352112676056338 0.020796645702306098 0.03558191252779832
0 0.29853249475890986 0.19718309859154928 0.025492662473794527 0.03558191252779837
0 0.48469601677148844 0.49666419570051895 0.01945492662473795 0.038547071905114846
0 0.5158909853249476 0.6493699036323202 0.021467505241090142 0.035581912527798416
0 0.5158909853249476 0.6834692364714603 0.021467505241090142 0.038547071905114944
0 0.16771488469601675 0.2713120830244625 0.01341719077568134 0.029651593773165313
0 0.48469601677148844 0.38621200889547813 0.01945492662473795 0.031134173461823532
0 0.17408805031446542 0.3839881393624907 0.01811320754716983 0.03558191252779837
0 0.48536687631027253 0.7242401779095627 0.022138364779874187 0.03409933283914011
0 0.5155555555555555 0.4240177909562639 0.020796645702306098 0.03558191252779832
0 0.26867924528301884 0.536693847294292 0.01945492662473795 0.035581912527798416
0 0.5162264150943396 0.5730170496664195 0.020796645702306035 0.04299481097108968
0 0.1828092243186583 0.3098591549295775 0.012746331236897295 0.029651593773165313
0 0.11236897274633124 0.6493699036323202 0.01945492662473795 0.035581912527798416
0 0.299538784067086 0.1067457375833951 0.024821802935010486 0.029651593773165313
0 0.5155555555555555 0.46034099332839135 0.020796645702306098 0.037064492216456635
0 0.5152201257861635 0.31134173461823567 0.02012578616352199 0.03261675315048184
0 0.1828092243186583 0.23721275018532248 0.012746331236897295 0.03261675315048189
0 0.4531656184486373 0.27575982209043737 0.01945492662473795 0.03558191252779837
0 0.30054507337526204 0.25500370644922166 0.025492662473794527 0.03558191252779837
0 0.36092243186582806 0.19866567828020756 0.018784067085953843 0.03558191252779837
0 0.45484276729559747 0.7983691623424759 0.02280922431865829 0.037064492216456635
0 0.20595387840670862 0.6137879911045219 0.017442348008385757 0.03261675315048179
0 0.11136268343815513 0.3491475166790215 0.020125786163522008 0.03409933283914011
0 0.5152201257861635 0.23498888065233506 0.02012578616352199 0.04002965159377316
0 0.20595387840670862 0.6493699036323202 0.017442348008385757 0.038547071905114944
0 0.20561844863731657 0.7242401779095626 0.020796645702306066 0.031134173461823577
0 0.17442348008385744 0.42475908080059305 0.018784067085953905 0.04002965159377311
0 0.48536687631027253 0.7983691623424759 0.022138364779874187 0.037064492216456635
0 0.16637316561844864 0.23647146034099337 0.01341719077568137 0.03409933283914015
0 0.1828092243186583 0.2713120830244625 0.014088050314465413 0.03261675315048184
0 0.4840251572327044 0.27353595255745 0.022138364779874187 0.04002965159377311
0 0.5148846960167716 0.11489992587101558 0.02213836477987425 0.04595997034840624
0 0.29886792452830185 0.3825055596738325 0.023480083857442335 0.044477390659748
0 0.4216352201257862 0.19718309859154928 0.01945492662473795 0.03558191252779837
0 0.26867924528301884 0.5752409191994069 0.022138364779874218 0.038547071905114944
0 0.48469601677148844 0.34988880652335064 0.02213836477987425 0.03558191252779837
0 0.08050314465408805 0.27353595255744995 0.020125786163522015 0.037064492216456635
0 0.049979035639413 0.502594514455152 0.022138364779874218 0.038547071905114846
0 0.20561844863731657 0.6879169755374351 0.020796645702306066 0.038547071905114944
0 0.049979035639413 0.1949592290585619 0.020796645702306084 0.037064492216456635
0 0.48536687631027253 0.6856931060044478 0.022138364779874187 0.037064492216456635
0 0.1120335429769392 0.502594514455152 0.02280922431865829 0.038547071905114846
0 0.1670440251572327 0.3091178650852483 0.016100628930817606 0.03409933283914011
0 0.049979035639413 0.23498888065233506 0.022138364779874218 0.04299481097108968
0 0.2690146750524109 0.6478873239436619 0.02280922431865826 0.035581912527798416
0 0.14322851153039834 0.23721275018532242 0.01945492662473798 0.03558191252779837
0 0.26867924528301884 0.3454410674573758 0.020796645702306066 0.03558191252779837
0 0.2371488469601677 0.2713120830244626 0.020796645702306066 0.03558191252779832
0 0.42197064989517824 0.1541882876204596 0.02012578616352199 0.04447739065974795
0 0.049979035639413 0.11415863602668645 0.022138364779874218 0.041512231282431436
0 0.4545073375262055 0.49666419570051895 0.02213836477987425 0.038547071905114846
0 0.39111111111111113 0.11415863602668645 0.021467505241090142 0.041512231282431436
0 0.4531656184486373 0.23498888065233506 0.01945492662473795 0.04002965159377316
0 0.1120335429769392 0.11638250555967385 0.020125786163522025 0.042994810971089696
0 0.1120335429769392 0.31134173461823567 0.020125786163522025 0.04151223128243147
0 0.48469601677148844 0.23498888065233506 0.02213836477987425 0.04002965159377316
0 0.2680083857442348 0.4240177909562639 0.022138364779874218 0.038547071905114895
0 0.4524947589098532 0.3839881393624907 0.020796645702306035 0.03558191252779837
0 0.2371488469601677 0.23721275018532242 0.020796645702306066 0.038547071905114895
0 0.26867924528301884 0.27353595255744995 0.020796645702306066 0.037064492216456635
0 0.36058700209643607 0.1586360266864344 0.0181132075471698 0.04151223128243142
0 0.05064989517819707 0.38843587842846555 0.020796645702306084 0.038547071905114895
0 0.08117400419287213 0.11638250555967385 0.02146750524109015 0.042994810971089696
0 0.48536687631027253 0.5730170496664195 0.020796645702306098 0.037064492216456635
0 0.04930817610062893 0.3476649369903632 0.01945492662473795 0.037064492216456635
0 0.08083857442348008 0.46256486286137877 0.022138364779874218 0.038547071905114846
0 0.17408805031446542 0.19644180874722017 0.020796645702306066 0.04002965159377316
0 0.33073375262054505 0.11638250555967385 0.020125786163522057 0.042994810971089696
0 0.049979035639413 0.46256486286137877 0.020796645702306084 0.038547071905114846
0 0.23714884696016772 0.30985915492957744 0.01945492662473795 0.038547071905114944
0 0.3917819706498952 0.23943661971830985 0.021467505241090142 0.04299481097108968
0 0.48469601677148844 0.31356560415122314 0.020796645702306035 0.040029651593773204
0 0.45316561844863734 0.3476649369903632 0.020796645702306098 0.037064492216456635
0 0.2371488469601677 0.11415863602668645 0.022138364779874218 0.041512231282431436
0 0.48536687631027253 0.647887323943662 0.020796645702306098 0.038547071905114944
0 0.11136268343815513 0.46256486286137877 0.021467505241090156 0.04151223128243147
0 0.45316561844863734 0.4203113417346182 0.020796645702306098 0.037064492216456635
0 0.08083857442348008 0.34988880652335064 0.020796645702306073 0.03558191252779837
0 0.20561844863731654 0.46034099332839135 0.01945492662473795 0.037064492216456635
0 0.4226415094339623 0.23721275018532242 0.021467505241090142 0.04151223128243142
0 0.20561844863731654 0.536693847294292 0.01945492662473795 0.038547071905114846
0 0.26834381551362685 0.19718309859154928 0.02012578616352199 0.03558191252779837
0 0.08016771488469601 0.4240177909562639 0.022138364779874208 0.03558191252779832
0 0.45316561844863734 0.19718309859154928 0.022138364779874187 0.03558191252779837
0 0.2680083857442348 0.46256486286137877 0.022138364779874218 0.04151223128243147
0 0.20561844863731654 0.27353595255744995 0.01945492662473795 0.037064492216456635
0 0.0811740041928721 0.1586360266864344 0.020125786163522008 0.04151223128243142
0 0.3314046121593291 0.1586360266864344 0.021467505241090142 0.04151223128243142
0 0.36092243186582806 0.11193476649369904 0.020125786163522057 0.04595997034840624
0 0.20561844863731654 0.4240177909562639 0.01945492662473795 0.03558191252779832
0 0.26867924528301884 0.3839881393624907 0.022138364779874218 0.04151223128243147
0 0.08150943396226415 0.3091178650852483 0.022138364779874208 0.04002965159377316
0 0.4524947589098532 0.156412157153447 0.02213836477987425 0.04299481097108968
0 0.14423480083857443 0.156412157153447 0.02012578616352199 0.04002965159377316
0 0.20561844863731657 0.11860637509266124 0.020796645702306066 0.03854707190511491
0 0.14356394129979036 0.19866567828020756 0.020125786163522025 0.04151223128243142
0 0.20561844863731654 0.1949592290585619 0.01945492662473795 0.037064492216456635
0 0.39111111111111113 0.1586360266864344 0.018784067085953843 0.04151223128243142
0 0.08083857442348008 0.385470719051149 0.022138364779874218 0.038547071905114944
0 0.20561844863731654 0.15715344699777614 0.01945492662473795 0.038547071905114895
0 0.20561844863731654 0.38843587842846555 0.01945492662473795 0.038547071905114895
0 0.26834381551362685 0.1586360266864344 0.021467505241090142 0.04151223128243142
0 0.2371488469601677 0.156412157153447 0.022138364779874218 0.04002965159377316
0 0.1747589098532495 0.11860637509266124 0.022138364779874187 0.041512231282431436
0 0.14356394129979033 0.11638250555967385 0.021467505241090125 0.042994810971089696
0 0.17408805031446542 0.1586360266864344 0.020796645702306066 0.038547071905114895
0 0.23714884696016772 0.38843587842846555 0.01945492662473795 0.038547071905114895
0 0.20561844863731654 0.23498888065233506 0.01945492662473795 0.037064492216456676
0 0.20561844863731657 0.31134173461823567 0.020796645702306066 0.03558191252779837
0 0.26867924528301884 0.11638250555967385 0.022138364779874218 0.042994810971089696
0 0.2680083857442348 0.23498888065233506 0.022138364779874218 0.037064492216456676
0 0.2371488469601677 0.19644180874722017 0.020796645702306066 0.04002965159377316
0 0.23714884696016772 0.3476649369903632 0.01945492662473795 0.04002965159377316
0 0.39111111111111113 0.19718309859154928 0.020125786163522057 0.038547071905114895
0 0.48536687631027253 0.5352112676056338 0.020796645702306098 0.038547071905114944
0 0.45383647798742144 0.458117123795404 0.01945492662473795 0.038547071905114944
0 0.4551781970649895 0.6478873239436619 0.022138364779874187 0.035581912527798416
0 0.2690146750524109 0.6115641215715344 0.020125786163522025 0.037064492216456635
0 0.17442348008385744 0.46256486286137877 0.02146750524109011 0.04151223128243147
0 0.1670440251572327 0.3476649369903632 0.01341719077568134 0.031134173461823577
0 0.20561844863731654 0.49666419570051895 0.01945492662473795 0.035581912527798416
0 0.48469601677148844 0.4225352112676057 0.01945492662473795 0.03558191252779837
0 0.11169811320754718 0.38621200889547813 0.018113207547169816 0.037064492216456676
0 0.5155555555555555 0.49666419570051895 0.020796645702306098 0.035581912527798416
0 0.48536687631027253 0.609340252038547 0.020796645702306098 0.03558191252779832
0 0.20561844863731657 0.7642698295033358 0.022138364779874218 0.04595997034840621
0 0.4545073375262055 0.5707931801334322 0.020796645702306098 0.038547071905114846
0 0.11136268343815513 0.4240177909562639 0.020125786163522008 0.03558191252779832
0 0.42163522012578614 0.2772424017790956 0.022138364779874187 0.04151223128243142
0 0.20628930817610064 0.3476649369903632 0.0181132075471698 0.03409933283914011
0 0.049979035639413 0.31134173461823567 0.020796645702306084 0.038547071905114895
0 0.5148846960167716 0.1949592290585619 0.01945492662473795 0.037064492216456635
0 0.08150943396226416 0.23721275018532242 0.019454926624737932 0.03558191252779837
0 0.48469601677148844 0.46034099332839135 0.01945492662473795 0.037064492216456635
0 0.4840251572327044 0.156412157153447 0.0181132075471698 0.04299481097108968
0 0.1120335429769392 0.6115641215715344 0.018784067085953874 0.037064492216456635
0 0.20561844863731654 0.5752409191994069 0.01945492662473795 0.041512231282431374
0 0.08050314465408805 0.19940696812453668 0.020125786163522015 0.04002965159377316
0 0.1120335429769392 0.19644180874722017 0.020125786163522025 0.04002965159377316
0 0.11136268343815513 0.23498888065233506 0.020125786163522008 0.03409933283914011
0 0.48469601677148844 0.1949592290585619 0.01945492662473795 0.037064492216456635
0 0.1120335429769392 0.5752409191994069 0.021467505241090142 0.038547071905114944
0 0.5162264150943396 0.38621200889547813 0.020796645702306035 0.037064492216456676
0 0.5148846960167716 0.1586360266864344 0.01945492662473795 0.038547071905114895
0 0.5155555555555555 0.3476649369903632 0.020796645702306098 0.037064492216456635
0 0.5454088050314465 0.15715344699777614 0.02280922431865829 0.050407709414381004
0 0.26867924528301884 0.30985915492957744 0.01945492662473795 0.038547071905114944
0 0.1120335429769392 0.5389177168272794 0.020125786163522025 0.037064492216456725
0 0.1120335429769392 0.156412157153447 0.020125786163522025 0.04002965159377316
0 0.45316561844863734 0.31134173461823567 0.0181132075471698 0.03558191252779837
