0 0.9445740956826137 0.3092979127134725 0.03383897316219375 0.04554079696394692
0 0.1709451575262544 0.44876660341555974 0.024504084014002336 0.039848197343453406
0 0.19603267211201866 0.25806451612903225 0.023337222870478402 0.045540796963946806
0 0.33430571761960326 0.2552182163187856 0.022170361726954524 0.04364326375711575
0 0.3360560093348891 0.1603415559772296 0.023337222870478402 0.03984819734345352
0 0.2514585764294049 0.5901328273244781 0.022170361726954496 0.04174573055028463
0 0.3599766627771295 0.1631878557874763 0.024504084014002336 0.037950664136622375
0 0.8897316219369895 0.35578747628083496 0.03383897316219375 0.03984819734345352
0 0.2514585764294049 0.20872865275142316 0.019836639439906656 0.034155597722960146
0 0.3605600933488915 0.44876660341555974 0.02100350058343059 0.03605313092979129
0 0.9457409568261377 0.5 0.03617269544924162 0.0436432637571158
0 0.2514585764294049 0.25806451612903225 0.022170361726954496 0.045540796963946806
0 0.280046674445741 0.3529411764705882 0.025670945157526215 0.03795066413662235
0 0.33430571761960326 0.05502846299810247 0.022170361726954524 0.045540796963946875
0 0.33430571761960326 0.3529411764705882 0.022170361726954524 0.03795066413662235
0 0.11493582263710617 0.20872865275142316 0.02217036172695447 0.037950664136622375
0 0.9463243873978997 0.45445920303605314 0.03500583430571769 0.04364326375711575
0 0.16977829638273045 0.6394686907020873 0.024504084014002336 0.04554079696394697
0 0.1971995332555426 0.30455407969639464 0.023337222870478402 0.0436432637571158
0 0.7812135355892649 0.6907020872865275 0.03850641773628938 0.04933586337760909
0 0.2526254375729288 0.8320683111954459 0.022170361726954524 0.03984819734345357
0 0.1721120186697783 0.8349146110056926 0.024504084014002336 0.04174573055028463
0 0.17036172695449242 0.35104364326375714 0.023337222870478402 0.03795066413662235
0 0.46907817969661614 0.3045540796963947 0.023337222870478402 0.03984819734345352
0 0.3057176196032672 0.20113851992409867 0.023337222870478458 0.034155597722960174
0 0.7823803967327888 0.5977229601518026 0.03383897316219375 0.04554079696394686
0 0.279463243873979 0.2096774193548387 0.019836639439906656 0.03605313092979126
0 0.3588098016336056 0.3045540796963947 0.022170361726954524 0.032258064516129004
0 0.1709451575262544 0.9326375711574952 0.029171528588098017 0.04743833017077792
0 0.630688448074679 0.21347248576850097 0.022170361726954524 0.0436432637571158
0 0.9457409568261377 0.7371916508538899 0.031505250875145885 0.0436432637571158
0 0.27887981330221706 0.5436432637571158 0.025670945157526215 0.03984819734345357
0 0.3360560093348891 0.6878557874762808 0.02567094515752627 0.036053130929791344
0 0.25204200700116686 0.4952561669829222 0.02333722287047843 0.04174573055028463
0 0.2514585764294049 0.44876660341555974 0.022170361726954496 0.039848197343453406
0 0.16977829638273045 0.7836812144212524 0.024504084014002336 0.04174573055028463
0 0.28004667444574094 0.3045540796963947 0.023337222870478458 0.03984819734345352
0 0.46907817969661614 0.1631878557874763 0.023337222870478402 0.037950664136622375
0 0.280046674445741 0.40227703984819735 0.025670945157526215 0.04554079696394686
0 0.2526254375729288 0.9326375711574952 0.022170361726954524 0.03984819734345346
0 0.2526254375729288 0.5445920303605313 0.022170361726954524 0.04174573055028463
0 0.4148191365227538 0.4952561669829222 0.024504084014002336 0.03795066413662246
0 0.25029171528588096 0.35104364326375714 0.022170361726954496 0.04174573055028458
0 0.16977829638273045 0.4971537001897533 0.024504084014002336 0.0379506641366224
0 0.17036172695449242 0.5436432637571158 0.021003500583430562 0.03984819734345357
0 0.22578763127187865 0.4952561669829222 0.02217036172695447 0.03795066413662246
0 0.8891481913652275 0.2609108159392789 0.03500583430571769 0.04364326375711569
0 0.1709451575262544 0.1603415559772296 0.022170361726954496 0.03984819734345352
0 0.27887981330221706 0.055028462998102476 0.023337222870478347 0.04174573055028465
0 0.22462077012835474 0.3045540796963947 0.022170361726954496 0.03605313092979129
0 0.41540256709451573 0.926944971537002 0.02800466744457414 0.04364326375711569
0 0.3360560093348891 0.6394686907020873 0.023337222870478402 0.04554079696394697
0 0.5110851808634773 0.20208728652751423 0.0443407234539091 0.03605313092979129
0 0.16977829638273045 0.6888045540796964 0.026837806301050177 0.04174573055028463
0 0.25029171528588096 0.3045540796963947 0.022170361726954496 0.032258064516129004
0 0.3360560093348891 0.4952561669829222 0.023337222870478402 0.034155597722960174
0 0.5110851808634772 0.12144212523719165 0.04900816802800456 0.034155597722960146
0 0.16977829638273045 0.0521821631878558 0.024504084014002336 0.04743833017077802
0 0.7800466744457409 0.49810246679316883 0.03383897316219375 0.051233396584440205
0 0.1709451575262544 0.5910815939278937 0.024504084014002336 0.036053130929791344
0 0.9457409568261377 0.6878557874762808 0.031505250875145885 0.05502846299810238
0 0.9469078179696616 0.642314990512334 0.03617269544924162 0.036053130929791344
0 0.8879813302217037 0.45351043643263755 0.037339556592765555 0.053130929791271375
0 0.16977829638273045 0.881404174573055 0.024504084014002336 0.03984819734345357
0 0.16977829638273045 0.10815939278937381 0.019836639439906656 0.030360531309297917
0 0.27946324387397903 0.5901328273244781 0.02450408401400228 0.0379506641366224
0 0.27946324387397903 0.4924098671726755 0.02450408401400228 0.03605313092979123
0 0.5110851808634773 0.31309297912713474 0.0443407234539091 0.0379506641366224
0 0.5227537922987164 0.7447817836812143 0.0210035005834307 0.024667931688804434
0 0.5227537922987164 0.7191650853889944 0.0210035005834307 0.026565464895635604
0 0.7806301050175029 0.2609108159392789 0.03267211201866982 0.047438330170777976
0 0.7823803967327888 0.881404174573055 0.03617269544924162 0.04743833017077803
0 0.4148191365227538 0.35104364326375714 0.024504084014002336 0.03036053130929789
0 0.27887981330221706 0.10910815939278937 0.023337222870478347 0.04364326375711575
0 0.5110851808634773 0.277988614800759 0.0443407234539091 0.03605313092979129
0 0.5087514585764294 0.44876660341555974 0.04200700116686107 0.03605313092979129
0 0.7823803967327887 0.31024667931688804 0.03850641773628938 0.05123339658444026
0 0.6732788798133023 0.3092979127134725 0.03500583430571769 0.049335863377609146
0 0.7257876312718786 0.3092979127134725 0.035005834305717576 0.049335863377609146
0 0.8348891481913652 0.31214421252371916 0.03850641773628938 0.05123339658444026
0 0.8348891481913652 0.05977229601518026 0.03850641773628938 0.05502846299810246
0 0.7257876312718786 0.1110056925996205 0.037339556592765444 0.05502846299810246
0 0.07409568261376896 0.20872865275142316 0.03617269544924153 0.0531309297912714
0 0.7812135355892649 0.05977229601518026 0.03850641773628938 0.05502846299810246
0 0.7252042007001167 0.40227703984819735 0.03383897316219375 0.04554079696394686
0 0.6732788798133023 0.2144212523719165 0.03500583430571769 0.04554079696394686
0 0.6732788798133023 0.1650853889943074 0.03500583430571769 0.05313092979127135
0 0.7812135355892649 0.11385199240986717 0.03850641773628938 0.05313092979127135
0 0.6184364060676779 0.16223908918406071 0.03267211201866982 0.05123339658444023
0 0.7812135355892649 0.1650853889943074 0.03850641773628938 0.04933586337760912
0 0.7275379229871646 0.7371916508538899 0.03850641773628938 0.05123339658444026
0 0.5647607934655776 0.35578747628083496 0.035005834305717576 0.051233396584440205
0 0.7246207701283547 0.26375711574952565 0.03500583430571769 0.049335863377609146
0 0.4148191365227538 0.881404174573055 0.029171528588098017 0.04743833017077803
0 0.8343057176196033 0.2144212523719165 0.035005834305717576 0.04933586337760909
0 0.41540256709451573 0.40227703984819735 0.02800466744457414 0.04174573055028463
0 0.7806301050175029 0.2144212523719165 0.03267211201866982 0.04554079696394686
0 0.7275379229871646 0.6442125237191652 0.03383897316219364 0.05123339658444015
0 0.9463243873978997 0.11385199240986715 0.037339556592765555 0.0645161290322581
0 0.8868144690781796 0.3092979127134725 0.03500583430571769 0.049335863377609146
0 0.8348891481913652 0.2637571157495256 0.03383897316219364 0.045540796963946834
0 0.4148191365227538 0.5910815939278937 0.024504084014002336 0.04364326375711569
0 0.22578763127187865 0.35009487666034156 0.024504084014002336 0.04364326375711575
0 0.22462077012835474 0.11100569259962048 0.022170361726954496 0.04364326375711573
0 0.7812135355892649 0.44876660341555974 0.031505250875145885 0.039848197343453406
0 0.8885647607934656 0.05977229601518026 0.03617269544924162 0.05502846299810246
0 0.7823803967327888 0.8349146110056926 0.03617269544924162 0.04554079696394686
0 0.9457409568261377 0.5464895635673624 0.03617269544924162 0.04933586337760909
0 0.35997666277712953 0.25806451612903225 0.022170361726954524 0.045540796963946806
0 0.35997666277712953 0.49715370018975336 0.022170361726954524 0.0417457305502848
0 0.9439906651108518 0.17077798861480076 0.035005834305717576 0.04554079696394686
0 0.4428238039673279 0.1650853889943074 0.02217036172695447 0.041745730550284604
0 0.4148191365227538 0.5445920303605313 0.024504084014002336 0.04174573055028463
0 0.3611435239206534 0.3529411764705882 0.02217036172695447 0.03795066413662235
0 0.4428238039673279 0.11195445920303605 0.02217036172695447 0.04933586337760912
0 0.7823803967327888 0.7855787476280836 0.03617269544924162 0.0493358633776092
0 0.22578763127187865 0.5436432637571158 0.024504084014002336 0.04364326375711569
0 0.7269544924154026 0.4952561669829223 0.03033838973162195 0.04554079696394703
0 0.25204200700116686 0.39943074003795065 0.02333722287047843 0.04364326375711575
0 0.22695449241540255 0.9354838709677419 0.026837806301050177 0.04174573055028463
0 0.41656942823803966 0.7371916508538898 0.023337222870478402 0.03984819734345335
0 0.3360560093348891 0.44876660341555974 0.023337222870478402 0.039848197343453406
0 0.33722287047841304 0.7836812144212524 0.02567094515752627 0.04554079696394697
0 0.22462077012835474 0.1603415559772296 0.022170361726954496 0.03984819734345352
0 0.6726954492415402 0.2609108159392789 0.03383897316219375 0.047438330170777976
0 0.9469078179696616 0.7893738140417457 0.03617269544924162 0.05692599620493366
0 0.46907817969661614 0.05692599620493359 0.023337222870478402 0.04174573055028463
0 0.33605600933488916 0.8330170777988615 0.028004667444574083 0.04174573055028463
0 0.3885647607934656 0.25806451612903225 0.023337222870478458 0.04174573055028463
0 0.41540256709451573 0.7808349146110056 0.023337222870478402 0.03984819734345357
0 0.44165694282380397 0.3045540796963947 0.022170361726954524 0.03984819734345352
0 0.07409568261376896 0.3045540796963947 0.03150525087514586 0.05123339658444026
0 0.2514585764294049 0.1603415559772296 0.022170361726954496 0.03984819734345352
0 0.6196032672112018 0.056925996204933584 0.035005834305717576 0.05692599620493359
0 0.22578763127187865 0.44876660341555974 0.024504084014002336 0.04364326375711575
0 0.5110851808634773 0.04459203036053131 0.046674445740956805 0.039848197343453504
0 0.3611435239206534 0.11195445920303604 0.024504084014002336 0.04174573055028462
0 0.3348891481913652 0.30455407969639464 0.023337222870478458 0.0436432637571158
0 0.3348891481913652 0.20872865275142316 0.02100350058343059 0.037950664136622375
0 0.2532088681446908 0.6442125237191652 0.023337222870478402 0.04364326375711569
0 0.3611435239206534 0.05692599620493359 0.024504084014002336 0.04554079696394687
0 0.5099183197199533 0.08538899430740038 0.04434072345390894 0.04554079696394686
0 0.22578763127187865 0.7836812144212524 0.024504084014002336 0.0379506641366224
0 0.5775962660443407 0.05407969639468692 0.025670945157526326 0.043643263757115774
0 0.07409568261376896 0.45351043643263755 0.03850641773628938 0.04933586337760909
0 0.4679113185530922 0.4032258064516129 0.023337222870478402 0.03605313092979129
0 0.2514585764294049 0.05692599620493359 0.022170361726954496 0.04554079696394687
0 0.28004667444574094 0.44876660341555974 0.023337222870478458 0.039848197343453406
0 0.4428238039673279 0.05692599620493359 0.02217036172695447 0.04554079696394687
0 0.16977829638273045 0.40227703984819735 0.024504084014002336 0.04174573055028463
0 0.25204200700116686 0.881404174573055 0.02800466744457414 0.03984819734345357
0 0.22578763127187865 0.8349146110056926 0.024504084014002336 0.04174573055028463
0 0.3348891481913652 0.5436432637571158 0.023337222870478458 0.03984819734345357
0 0.22695449241540255 0.5901328273244781 0.02450408401400231 0.0379506641366224
0 0.41598599766627775 0.1110056925996205 0.024504084014002336 0.047438330170778004
0 0.22578763127187865 0.6442125237191652 0.024504084014002336 0.03984819734345357
0 0.14177362893815637 0.21157495256166983 0.024504084014002336 0.03984819734345352
0 0.2532088681446908 0.7343453510436433 0.023337222870478402 0.04174573055028463
0 0.7812135355892649 0.5464895635673623 0.03850641773628938 0.05313092979127132
0 0.22462077012835474 0.25806451612903225 0.022170361726954496 0.0379506641366224
0 0.5758459743290548 0.25806451612903225 0.022170361726954635 0.045540796963946806
0 0.28004667444574094 0.2552182163187856 0.023337222870478458 0.04364326375711575
0 0.22403733955659277 0.7371916508538899 0.021003500583430562 0.036053130929791344
0 0.2514585764294049 0.7836812144212524 0.024504084014002364 0.04554079696394697
0 0.17036172695449242 0.25806451612903225 0.021003500583430562 0.0379506641366224
0 0.5775962660443408 0.20872865275142316 0.023337222870478347 0.04554079696394689
0 0.1983663943990665 0.21157495256166983 0.023337222870478402 0.04364326375711575
0 0.07526254375729288 0.5 0.04084014002333722 0.047438330170777976
0 0.5775962660443407 0.1631878557874763 0.025670945157526326 0.037950664136622375
0 0.3354725787631272 0.7371916508538898 0.024504084014002336 0.03984819734345335
0 0.35997666277712953 0.40227703984819735 0.022170361726954524 0.0379506641366224
0 0.17036172695449242 0.21157495256166983 0.023337222870478402 0.04364326375711575
0 0.2532088681446908 0.6878557874762808 0.023337222870478402 0.03984819734345346
0 0.22578763127187865 0.881404174573055 0.024504084014002336 0.03984819734345357
0 0.46907817969661614 0.35294117647058826 0.023337222870478402 0.04554079696394686
0 0.17036172695449242 0.30455407969639464 0.023337222870478402 0.0436432637571158
0 0.3885647607934656 0.20967741935483872 0.018669778296382722 0.04364326375711575
0 0.22578763127187865 0.39943074003795065 0.024504084014002336 0.03984819734345352
0 0.17036172695449242 0.7343453510436433 0.023337222870478402 0.04174573055028463
0 0.33430571761960326 0.10815939278937381 0.022170361726954524 0.04174573055028463
0 0.3354725787631272 0.9326375711574952 0.029171528588098017 0.04743833017077792
0 0.28004667444574094 0.1603415559772296 0.023337222870478458 0.047438330170777976
0 0.8879813302217037 0.21726755218216318 0.03500583430571769 0.04364326375711575
0 0.7817969661610269 0.9326375711574952 0.037339556592765555 0.05123339658444026
0 0.44399066511085183 0.44876660341555974 0.02217036172695447 0.039848197343453406
0 0.9457409568261377 0.5977229601518026 0.03617269544924162 0.05313092979127132
0 0.41540256709451573 0.8320683111954459 0.02800466744457414 0.04364326375711569
0 0.8891481913652275 0.40227703984819735 0.03500583430571769 0.05313092979127132
0 0.8879813302217037 0.11385199240986717 0.03500583430571769 0.05313092979127135
0 0.07409568261376896 0.35578747628083496 0.0338389731621937 0.047438330170777976
0 0.4142357059509918 0.6394686907020873 0.023337222870478402 0.04174573055028463
0 0.3354725787631272 0.8785578747628084 0.029171528588098017 0.04554079696394686
0 0.9451575262543757 0.2637571157495256 0.03500583430571769 0.045540796963946834
0 0.5775962660443407 0.11385199240986718 0.025670945157526326 0.041745730550284646
0 0.7287047841306884 0.6907020872865275 0.03383897316219364 0.04554079696394686
0 0.5110851808634773 0.2400379506641366 0.0443407234539091 0.047438330170777976
0 0.44457409568261375 0.25806451612903225 0.021003500583430534 0.0379506641366224
0 0.5105017502917153 0.1603415559772296 0.04550758459743298 0.047438330170777976
0 0.44399066511085183 0.35294117647058826 0.02217036172695447 0.04554079696394686
0 0.46907817969661614 0.21157495256166983 0.021003500583430534 0.04364326375711575
0 0.3360560093348891 0.5910815939278937 0.02567094515752627 0.04364326375711569
0 0.07292882147024504 0.5521821631878558 0.040840140023337225 0.05692599620493366
0 0.33372228704784135 0.40227703984819735 0.023337222870478402 0.04554079696394686
0 0.46907817969661614 0.11100569259962048 0.023337222870478402 0.039848197343453504
0 0.7263710618436405 0.9297912713472486 0.03617269544924151 0.04933586337760909
0 0.2263710618436406 0.6907020872865275 0.025670945157526243 0.04174573055028463
0 0.4142357059509918 0.05692599620493359 0.02567094515752627 0.04554079696394687
0 0.3611435239206534 0.20967741935483872 0.02217036172695447 0.04364326375711575
0 0.07409568261376896 0.40227703984819735 0.03617269544924153 0.04933586337760909
0 0.9451575262543757 0.3586337760910816 0.03500583430571769 0.04554079696394686
0 0.4142357059509918 0.6907020872865275 0.02567094515752627 0.04554079696394686
0 0.46907817969661614 0.25806451612903225 0.023337222870478402 0.045540796963946806
0 0.6715285880980164 0.1110056925996205 0.03383897316219364 0.05502846299810246
0 0.07526254375729288 0.25806451612903225 0.03617269544924154 0.045540796963946806
0 0.7823803967327888 0.3586337760910816 0.03617269544924162 0.04554079696394686
0 0.22578763127187865 0.20872865275142316 0.024504084014002336 0.04554079696394689
0 0.7275379229871646 0.7884250474383301 0.03383897316219364 0.04743833017077803
0 0.4142357059509918 0.44876660341555974 0.02567094515752627 0.039848197343453406
0 0.41540256709451573 0.25806451612903225 0.023337222870478402 0.04174573055028463
0 0.7263710618436405 0.5445920303605313 0.03383897316219364 0.04933586337760909
0 0.2514585764294049 0.11100569259962048 0.024504084014002364 0.04364326375711573
0 0.7263710618436405 0.8842504743833017 0.03383897316219364 0.04554079696394686
0 0.7263710618436405 0.5929791271347249 0.03617269544924151 0.04743833017077803
0 0.4142357059509918 0.21157495256166983 0.023337222870478402 0.03984819734345352
0 0.5647607934655776 0.40986717267552186 0.03967327887981331 0.053130929791271375
0 0.41598599766627775 0.16318785578747627 0.024504084014002336 0.04554079696394686
0 0.9451575262543757 0.2172675521821632 0.03500583430571769 0.047438330170778004
0 0.8885647607934656 0.16793168880455406 0.03617269544924162 0.05502846299810246
0 0.46907817969661614 0.44876660341555974 0.02567094515752627 0.047438330170777976
0 0.8343057176196033 0.11669829222011385 0.035005834305717576 0.055028462998102476
0 0.5635939323220536 0.3045540796963947 0.03500583430571769 0.05502846299810249
0 0.4428238039673279 0.40227703984819735 0.024504084014002336 0.04174573055028463
0 0.8360560093348892 0.1650853889943074 0.03617269544924151 0.04554079696394689
0 0.7257876312718786 0.35578747628083496 0.035005834305717576 0.04364326375711575
0 0.9463243873978997 0.4079696394686907 0.037339556592765555 0.04933586337760909
0 0.7240373395565928 0.2144212523719165 0.031505250875145885 0.04554079696394686
0 0.5105017502917153 0.39753320683111953 0.04317386231038506 0.05502846299810249
0 0.7817969661610269 0.7400379506641366 0.037339556592765555 0.04554079696394686
0 0.7252042007001167 0.44876660341555974 0.03617269544924151 0.047438330170777976
0 0.6721120186697783 0.3586337760910816 0.03967327887981331 0.05313092979127132
0 0.7275379229871646 0.8349146110056926 0.03383897316219364 0.04933586337760909
0 0.6196032672112018 0.11100569259962048 0.03267211201866971 0.04364326375711573
0 0.44399066511085183 0.21157495256166983 0.02217036172695447 0.04364326375711575
0 0.7823803967327888 0.40512333965844405 0.03383897316219375 0.047438330170777976
0 0.7823803967327888 0.6442125237191652 0.03617269544924162 0.04743833017077803
0 0.7240373395565928 0.16603415559772294 0.03383897316219375 0.05123339658444023
0 0.4142357059509918 0.30645161290322576 0.023337222870478402 0.04364326375711575
