0 0.4970657276995305 0.3324074074074074 0.04342723004694843 0.03888888888888892
0 0.44131455399061037 0.23425925925925922 0.03521126760563381 0.04629629629629636
0 0.6555164319248826 0.3296296296296296 0.034037558685446 0.04814814814814811
0 0.7265258215962442 0.6935185185185185 0.023474178403755874 0.031481481481481444
0 0.494718309859155 0.46944444444444444 0.0387323943661973 0.03518518518518521
0 0.9413145539906103 0.28055555555555556 0.023474178403755874 0.03518518518518521
0 0.7230046948356808 0.3712962962962963 0.023474178403755763 0.042592592592592626
0 0.386150234741784 0.13703703703703704 0.03990610328638494 0.03333333333333334
0 0.6044600938967135 0.8833333333333333 0.03755868544600938 0.04814814814814816
0 0.49823943661971837 0.30092592592592593 0.043427230046948484 0.03518518518518515
0 0.33098591549295775 0.1388888888888889 0.035211267605633756 0.05925925925925925
0 0.6977699530516432 0.4629629629629629 0.02230046948356812 0.02962962962962956
0 0.698356807511737 0.6944444444444444 0.023474178403755874 0.033333333333333326
0 0.278169014084507 0.8444444444444444 0.03990610328638494 0.04444444444444451
0 0.7235915492957746 0.46018518518518525 0.02230046948356801 0.0277777777777779
0 0.698356807511737 0.7861111111111112 0.023474178403755874 0.03888888888888886
0 0.6983568075117371 0.7379629629629629 0.021126760563380254 0.03888888888888886
0 0.5093896713615023 0.7453703703703703 0.02347417840375593 0.03518518518518521
0 0.2805164319248826 0.8861111111111111 0.035211267605633756 0.042592592592592626
0 0.7265258215962442 0.7861111111111111 0.023474178403755874 0.03518518518518521
0 0.7253521126760563 0.5074074074074074 0.023474178403755874 0.037037037037037035
0 0.4935446009389671 0.14907407407407408 0.0481220657276995 0.02777777777777779
0 0.7253521126760563 0.7407407407407407 0.023474178403755874 0.03703703703703709
0 0.38791079812206575 0.8861111111111111 0.034037558685446 0.042592592592592626
0 0.7265258215962441 0.6018518518518519 0.021126760563380254 0.03703703703703698
0 0.9154929577464789 0.23425925925925928 0.023474178403755763 0.03888888888888889
0 0.9413145539906104 0.23425925925925928 0.021126760563380254 0.03888888888888889
0 0.4935446009389671 0.22314814814814815 0.04577464788732383 0.03518518518518518
0 0.6038732394366197 0.6981481481481482 0.03873239436619713 0.051851851851851816
0 0.9301643192488263 0.4648148148148148 0.03638497652582162 0.040740740740740744
0 0.4970657276995306 0.2592592592592593 0.04577464788732405 0.04444444444444445
0 0.6044600938967135 0.7907407407407407 0.03755868544600938 0.04814814814814805
0 0.6971830985915493 0.6018518518518519 0.021126760563380254 0.040740740740740855
0 0.4970657276995306 0.07222222222222223 0.04577464788732405 0.03703703703703704
0 0.7676056338028169 0.8814814814814815 0.035211267605633756 0.0444444444444444
0 0.05927230046948357 0.8444444444444444 0.03873239436619717 0.04444444444444451
0 0.6977699530516432 0.5101851851851852 0.02230046948356812 0.04259259259259268
0 0.7247652582159625 0.6453703703703704 0.02230046948356812 0.042592592592592515
0 0.7676056338028169 0.836111111111111 0.035211267605633756 0.042592592592592626
0 0.06103286384976526 0.7009259259259258 0.0352112676056338 0.04259259259259274
0 0.9289906103286385 0.5101851851851852 0.03169014084507049 0.04629629629629628
0 0.721830985915493 0.23425925925925928 0.021126760563380254 0.03888888888888889
0 0.721830985915493 0.2796296296296296 0.021126760563380254 0.040740740740740744
0 0.11443661971830985 0.8898148148148148 0.03873239436619717 0.050000000000000044
0 0.698356807511737 0.6472222222222221 0.023474178403755874 0.04259259259259274
0 0.061032863849765265 0.7444444444444445 0.03990610328638498 0.05185185185185193
0 0.6044600938967135 0.837962962962963 0.03755868544600938 0.04629629629629639
0 0.7247652582159625 0.5555555555555556 0.02230046948356812 0.03703703703703698
0 0.6050469483568075 0.7444444444444445 0.03638497652582151 0.04444444444444451
0 0.767605633802817 0.9287037037037037 0.03755868544600938 0.050000000000000044
0 0.11326291079812206 0.700925925925926 0.034037558685446 0.04629629629629628
0 0.6954225352112676 0.23425925925925925 0.02230046948356801 0.04259259259259257
0 0.11443661971830985 0.9388888888888889 0.03873239436619717 0.051851851851851816
0 0.11502347417840375 0.8444444444444444 0.039906103286384983 0.04814814814814805
0 0.33215962441314556 0.4666666666666667 0.030516431924882625 0.040740740740740744
0 0.767605633802817 0.6962962962962963 0.03755868544600938 0.04814814814814805
0 0.11443661971830985 0.6574074074074073 0.03873239436619717 0.04444444444444429
0 0.6056338028169014 0.9314814814814815 0.039906103286385 0.051851851851851816
0 0.278169014084507 0.46851851851851856 0.03521126760563381 0.04444444444444445
0 0.6032863849765258 0.6509259259259259 0.03521126760563387 0.042592592592592626
0 0.278169014084507 0.6555555555555556 0.03521126760563381 0.04444444444444451
0 0.386150234741784 0.6555555555555556 0.03521126760563381 0.04444444444444451
0 0.3890845070422535 0.9314814814814815 0.034037558685446 0.04444444444444451
0 0.9301643192488263 0.3231481481481482 0.034037558685446 0.042592592592592515
0 0.27699530516431925 0.2861111111111111 0.032863849765258246 0.04629629629629628
0 0.05809859154929578 0.46851851851851856 0.03403755868544601 0.04444444444444445
0 0.9289906103286385 0.5583333333333333 0.03873239436619724 0.04629629629629628
0 0.44190140845070425 0.8833333333333333 0.034037558685446 0.04814814814814816
0 0.6977699530516432 0.3712962962962963 0.02230046948356812 0.042592592592592626
0 0.11443661971830985 0.7972222222222223 0.03873239436619717 0.04999999999999993
0 0.33333333333333337 0.7490740740740741 0.03286384976525819 0.04259259259259274
0 0.7676056338028169 0.7425925925925927 0.035211267605633756 0.04814814814814816
0 0.11443661971830985 0.08518518518518518 0.03873239436619717 0.05555555555555555
0 0.7241784037558685 0.41666666666666663 0.023474178403755874 0.037037037037037035
0 0.3345070422535211 0.887962962962963 0.035211267605633756 0.04629629629629628
0 0.44190140845070425 0.9333333333333333 0.034037558685446 0.051851851851851816
0 0.11384976525821597 0.5203703703703704 0.03755868544600939 0.04444444444444445
0 0.7652582159624413 0.3731481481481481 0.032863849765258135 0.04259259259259257
0 0.11208920187793428 0.6092592592592593 0.034037558685446015 0.04814814814814805
0 0.8744131455399061 0.2777777777777778 0.035211267605633756 0.04444444444444445
0 0.05927230046948356 0.7972222222222223 0.03638497652582159 0.04999999999999993
0 0.27934272300469487 0.9314814814814815 0.03990610328638494 0.051851851851851816
0 0.8744131455399061 0.23240740740740742 0.035211267605633756 0.046296296296296224
0 0.4953051643192488 0.18425925925925926 0.04460093896713613 0.04259259259259257
0 0.6965962441314554 0.5564814814814816 0.02230046948356801 0.03888888888888886
0 0.7230046948356808 0.3231481481481482 0.023474178403755763 0.03888888888888892
0 0.06044600938967136 0.6574074074074073 0.03873239436619718 0.04444444444444429
0 0.44072769953051644 0.837962962962963 0.03638497652582162 0.04629629629629639
0 0.4947183098591549 0.11203703703703705 0.04342723004694826 0.042592592592592585
0 0.9301643192488263 0.36944444444444446 0.03638497652582162 0.04259259259259257
0 0.3345070422535211 0.7925925925925926 0.032863849765258246 0.04444444444444429
0 0.11443661971830985 0.7490740740740741 0.03873239436619717 0.04629629629629628
0 0.818075117370892 0.18888888888888886 0.032863849765258246 0.0444444444444444
0 0.38732394366197187 0.7944444444444445 0.03521126760563381 0.04814814814814805
0 0.6971830985915493 0.4175925925925926 0.021126760563380254 0.03518518518518515
0 0.6977699530516432 0.3231481481481482 0.02230046948356812 0.03888888888888892
0 0.16842723004694837 0.3296296296296296 0.03403755868544603 0.04444444444444445
0 0.8174882629107981 0.13425925925925927 0.034037558685446 0.05740740740740742
0 0.16960093896713613 0.375 0.036384976525821594 0.050000000000000044
0 0.4395539906103286 0.5166666666666667 0.034037558685446 0.04444444444444429
0 0.27934272300469487 0.799074074074074 0.03990610328638494 0.050000000000000155
0 0.16960093896713616 0.08703703703703702 0.03873239436619719 0.05555555555555558
0 0.766431924882629 0.5101851851851852 0.03755868544600938 0.04629629629629628
0 0.11326291079812206 0.37777777777777777 0.03638497652582161 0.04444444444444445
0 0.767018779342723 0.7898148148148149 0.03873239436619724 0.04629629629629628
0 0.05809859154929578 0.37777777777777777 0.031690140845070415 0.04444444444444445
0 0.16725352112676056 0.23425925925925922 0.03638497652582162 0.04629629629629636
0 0.7664319248826291 0.649074074074074 0.035211267605633756 0.0462962962962965
0 0.44131455399061037 0.6509259259259259 0.03521126760563381 0.042592592592592626
0 0.27875586854460094 0.37592592592592594 0.034037558685446 0.040740740740740744
0 0.05868544600938967 0.14166666666666666 0.035211267605633804 0.04999999999999999
0 0.8732394366197183 0.13240740740740742 0.03755868544600938 0.05370370370370371
0 0.7629107981220657 0.0824074074074074 0.03755868544600938 0.05
0 0.27816901408450706 0.7472222222222222 0.03755868544600938 0.050000000000000044
0 0.33333333333333337 0.9342592592592592 0.03521126760563381 0.050000000000000044
0 0.6566901408450704 0.23240740740740742 0.034037558685446 0.046296296296296224
0 0.8720657276995305 0.32777777777777783 0.032863849765258246 0.05185185185185176
0 0.44131455399061037 0.08703703703703702 0.03521126760563381 0.04814814814814815
0 0.11326291079812206 0.5620370370370371 0.03638497652582161 0.04629629629629639
0 0.6032863849765258 0.5601851851851852 0.03521126760563387 0.04629629629629628
0 0.8732394366197183 0.18518518518518523 0.03521126760563387 0.04814814814814819
0 0.4424882629107981 0.2796296296296297 0.032863849765258246 0.04444444444444451
0 0.6038732394366197 0.0824074074074074 0.03873239436619713 0.05370370370370371
0 0.16960093896713616 0.42314814814814816 0.03873239436619719 0.04629629629629628
0 0.818075117370892 0.23240740740740742 0.035211267605633756 0.046296296296296224
0 0.05927230046948356 0.6120370370370369 0.03638497652582159 0.04629629629629639
0 0.7640845070422535 0.41944444444444445 0.032863849765258246 0.04629629629629628
0 0.27699530516431925 0.3296296296296296 0.035211267605633756 0.04444444444444445
0 0.05927230046948356 0.513888888888889 0.03638497652582159 0.046296296296296335
0 0.3867370892018779 0.8398148148148148 0.03873239436619719 0.04629629629629628
0 0.11443661971830987 0.18888888888888886 0.034037558685446015 0.0444444444444444
0 0.44131455399061037 0.6972222222222222 0.03521126760563381 0.04999999999999993
0 0.818075117370892 0.3277777777777778 0.035211267605633756 0.0444444444444444
0 0.9289906103286385 0.4194444444444444 0.03873239436619724 0.04999999999999999
0 0.38732394366197187 0.6990740740740741 0.03521126760563381 0.042592592592592515
0 0.8732394366197183 0.08148148148148149 0.03755868544600938 0.05185185185185186
0 0.3321596244131455 0.7037037037037037 0.03521126760563381 0.051851851851851816
0 0.05868544600938967 0.2361111111111111 0.035211267605633804 0.04629629629629628
0 0.6561032863849765 0.6555555555555556 0.035211267605633756 0.051851851851851816
0 0.6965962441314554 0.28240740740740744 0.02230046948356801 0.04259259259259257
0 0.16725352112676056 0.1388888888888889 0.034037558685446 0.04814814814814816
0 0.7664319248826291 0.4648148148148148 0.032863849765258246 0.04444444444444445
0 0.33274647887323944 0.5620370370370371 0.03169014084507038 0.04629629629629639
0 0.602699530516432 0.13425925925925927 0.03873239436619713 0.05
0 0.7676056338028169 0.6055555555555556 0.035211267605633756 0.0444444444444444
0 0.05985915492957747 0.42500000000000004 0.03521126760563379 0.04259259259259257
0 0.33333333333333337 0.8407407407407408 0.03521126760563381 0.05185185185185193
0 0.7640845070422535 0.3277777777777778 0.035211267605633756 0.04814814814814816
0 0.16725352112676056 0.18888888888888888 0.034037558685446 0.04814814814814816
0 0.44131455399061037 0.6074074074074074 0.03521126760563381 0.04814814814814816
0 0.33098591549295775 0.42314814814814816 0.035211267605633756 0.04629629629629628
0 0.16725352112676056 0.4722222222222222 0.03638497652582162 0.05185185185185187
0 0.16725352112676056 0.28240740740740744 0.03638497652582162 0.04999999999999999
0 0.6026995305164319 0.1861111111111111 0.034037558685446 0.04999999999999993
0 0.11443661971830985 0.1388888888888889 0.03873239436619717 0.05185185185185184
0 0.6038732394366197 0.5148148148148148 0.034037558685446 0.04444444444444451
0 0.7652582159624413 0.5583333333333333 0.03521126760563387 0.050000000000000044
0 0.27816901408450706 0.5620370370370371 0.03755868544600938 0.042592592592592626
0 0.3345070422535211 0.6083333333333334 0.030516431924882625 0.04629629629629628
0 0.05868544600938967 0.3296296296296296 0.035211267605633804 0.04444444444444445
0 0.278169014084507 0.6990740740740741 0.03521126760563381 0.04629629629629628
0 0.05927230046948357 0.5620370370370371 0.03873239436619717 0.04629629629629639
0 0.6015258215962441 0.3296296296296296 0.03169014084507049 0.040740740740740744
0 0.38732394366197187 0.28240740740740744 0.03521126760563381 0.046296296296296335
0 0.7640845070422535 0.13611111111111113 0.039906103286385 0.05000000000000002
0 0.44190140845070425 0.7925925925925925 0.03873239436619719 0.04814814814814816
0 0.4401408450704225 0.47037037037037044 0.03521126760563381 0.04814814814814827
0 0.7640845070422535 0.28055555555555556 0.035211267605633756 0.050000000000000044
0 0.11326291079812206 0.3296296296296296 0.03638497652582161 0.04814814814814811
0 0.11326291079812206 0.42314814814814816 0.03638497652582161 0.04999999999999999
0 0.3867370892018779 0.5166666666666667 0.03873239436619719 0.04444444444444429
0 0.6026995305164319 0.4685185185185185 0.034037558685446 0.04814814814814816
0 0.05868544600938967 0.18888888888888886 0.03990610328638498 0.0444444444444444
0 0.11326291079812206 0.23703703703703705 0.03873239436619719 0.04814814814814816
0 0.551056338028169 0.6037037037037036 0.03638497652582151 0.04814814814814816
0 0.6561032863849765 0.6064814814814815 0.032863849765258246 0.050000000000000044
0 0.05868544600938967 0.2814814814814815 0.03755868544600938 0.04814814814814816
0 0.11502347417840375 0.475 0.039906103286384983 0.04999999999999999
0 0.8174882629107981 0.28240740740740744 0.034037558685446 0.04999999999999999
0 0.6561032863849765 0.3731481481481481 0.032863849765258246 0.04259259259259257
0 0.6015258215962441 0.23425925925925922 0.03169014084507049 0.04629629629629636
0 0.6555164319248826 0.4212962962962963 0.02934272300469476 0.04629629629629628
0 0.44131455399061037 0.5601851851851851 0.03521126760563381 0.042592592592592626
0 0.2775821596244131 0.23703703703703705 0.034037558685446 0.04814814814814816
0 0.7640845070422535 0.23425925925925922 0.03755868544600938 0.04629629629629636
0 0.44190140845070425 0.7444444444444445 0.03873239436619719 0.04444444444444451
0 0.27934272300469487 0.5166666666666666 0.03990610328638494 0.04814814814814816
0 0.3867370892018779 0.7444444444444445 0.03873239436619719 0.04814814814814816
0 0.278169014084507 0.4212962962962963 0.03521126760563381 0.04999999999999999
0 0.7640845070422535 0.187037037037037 0.039906103286385 0.04814814814814808
0 0.49530516431924876 0.41759259259259257 0.04225352112676045 0.0537037037037037
0 0.44072769953051644 0.13611111111111113 0.03638497652582162 0.05000000000000002
0 0.3873239436619718 0.5620370370370371 0.03755868544600938 0.04629629629629639
0 0.5498826291079812 0.46851851851851856 0.034037558685446 0.04444444444444445
0 0.5487089201877935 0.5583333333333333 0.03403755868544611 0.042592592592592515
0 0.38732394366197187 0.6101851851851852 0.03521126760563381 0.04259259259259274
0 0.5498826291079812 0.5148148148148148 0.034037558685446 0.04444444444444451
0 0.5475352112676057 0.23425925925925922 0.03403755868544589 0.04629629629629636
0 0.27816901408450706 0.6083333333333334 0.03755868544600938 0.04629629629629628
0 0.6032863849765258 0.6055555555555556 0.03521126760563387 0.0444444444444444
0 0.6549295774647887 0.5601851851851852 0.030516431924882625 0.04629629629629628
0 0.6566901408450705 0.5120370370370371 0.02934272300469487 0.04259259259259257
0 0.11443661971830985 0.2814814814814815 0.03873239436619717 0.04814814814814816
0 0.22241784037558684 0.13611111111111113 0.034037558685446 0.05370370370370371
0 0.5475352112676057 0.18888888888888888 0.03403755868544589 0.04814814814814816
0 0.33098591549295775 0.28148148148148155 0.03755868544600938 0.0407407407407408
0 0.3321596244131455 0.6555555555555554 0.03521126760563381 0.04814814814814794
0 0.44131455399061037 0.42314814814814816 0.03521126760563381 0.04629629629629628
0 0.33098591549295775 0.37592592592592594 0.035211267605633756 0.04814814814814816
0 0.22359154929577466 0.28703703703703703 0.03873239436619719 0.051851851851851816
0 0.6026995305164319 0.28425925925925927 0.034037558685446 0.04629629629629628
0 0.5487089201877935 0.375 0.03169014084507038 0.04629629629629628
0 0.4395539906103286 0.37777777777777777 0.034037558685446 0.04814814814814816
0 0.33333333333333337 0.5148148148148148 0.03521126760563381 0.04814814814814811
0 0.22241784037558684 0.18888888888888888 0.03873239436619719 0.04814814814814816
0 0.386150234741784 0.37592592592592594 0.03286384976525819 0.04814814814814816
0 0.386150234741784 0.23425925925925922 0.03521126760563381 0.04629629629629636
0 0.6026995305164319 0.3731481481481481 0.034037558685446 0.04999999999999999
0 0.6555164319248826 0.2796296296296296 0.034037558685446 0.04814814814814816
0 0.3321596244131455 0.3296296296296296 0.03521126760563381 0.04814814814814811
0 0.22359154929577466 0.23703703703703705 0.03873239436619719 0.04814814814814816
0 0.5475352112676056 0.13611111111111113 0.03873239436619724 0.05370370370370371
0 0.38497652582159625 0.1861111111111111 0.03521126760563381 0.04999999999999993
0 0.27699530516431925 0.1388888888888889 0.03755868544600938 0.05555555555555555
0 0.3321596244131455 0.18888888888888886 0.03286384976525819 0.0444444444444444
0 0.6561032863849765 0.4666666666666667 0.032863849765258246 0.04814814814814816
0 0.33098591549295775 0.23425925925925928 0.032863849765258246 0.04999999999999993
0 0.38497652582159625 0.42314814814814816 0.03521126760563381 0.04629629629629628
0 0.44072769953051644 0.18611111111111114 0.03169014084507038 0.046296296296296335
0 0.3873239436619718 0.4712962962962963 0.03755868544600938 0.046296296296296446
0 0.38732394366197187 0.3277777777777778 0.03521126760563381 0.0444444444444444
0 0.602112676056338 0.42314814814814816 0.032863849765258246 0.04629629629629628
0 0.5487089201877935 0.42314814814814816 0.03403755868544611 0.04629629629629628
0 0.4401408450704225 0.3296296296296296 0.03521126760563381 0.04814814814814811
0 0.5475352112676057 0.28425925925925927 0.03403755868544589 0.0537037037037037
0 0.2775821596244131 0.18888888888888886 0.036384976525821566 0.0444444444444444
0 0.5487089201877935 0.3314814814814815 0.03403755868544611 0.04444444444444445
