0 0.5373577077661091 0.2604614001797663 0.019250615843381336 0.03835014481174477
0 0.09724880072604694 0.3779087186657345 0.013940101127965773 0.03355637671027655
0 0.11152080902372617 0.21731748726655348 0.013276286788538825 0.03835014481174468
0 0.19018280824581874 0.21492060321581946 0.012612472449111907 0.03675222211125537
0 0.19117852975495914 0.13502446819135125 0.013276286788538825 0.03355637671027665
0 0.14305199014650588 0.4969539598521921 0.012612472449111891 0.035154299410766005
0 0.20478672371321144 0.1374213522420853 0.013940101127965773 0.031958454009787265
0 0.5061584338130429 0.29961050634175573 0.019250615843381336 0.03355637671027665
0 0.14305199014650588 0.17577149705383002 0.01128484377025801 0.028762608608808544
0 0.20511863088292495 0.3779087186657345 0.011948658109684958 0.030360531309297927
0 0.5380215221055361 0.42105263157894735 0.020578244522235233 0.036752222111255416
0 0.14305199014650588 0.21731748726655348 0.012612472449111891 0.03835014481174468
0 0.15931544146246598 0.29721362229102166 0.01460391546739269 0.03195845400978724
0 0.19018280824581874 0.04633975831419155 0.012612472449111907 0.03835014481174474
0 0.19018280824581874 0.29721362229102166 0.012612472449111907 0.03195845400978724
0 0.06538571243355373 0.17577149705383002 0.012612472449111876 0.031958454009787265
0 0.5383534292752497 0.38270248676720264 0.019914430182808283 0.03675222211125537
0 0.09658498638662 0.5384999500649157 0.013940101127965773 0.03835014481174482
0 0.11218462336315312 0.25646659342854283 0.013276286788538825 0.036752222111255416
0 0.44442370024633737 0.5816438629781284 0.02190587320108907 0.04154599021272345
0 0.14371580448593285 0.700689104164586 0.012612472449111907 0.03355637671027669
0 0.09791261506547387 0.7030859882153201 0.013940101127965773 0.035154299410766005
0 0.09691689355633347 0.29561569959053235 0.013276286788538825 0.03195845400978724
0 0.26685336444963054 0.2564665934285429 0.013276286788538825 0.03355637671027665
0 0.1739193569298587 0.16937980625187257 0.013276286788538856 0.028762608608808568
0 0.4450875145857643 0.5033456506541496 0.019250615843381336 0.03835014481174472
0 0.15898353429275247 0.17657045840407468 0.01128484377025801 0.030360531309297903
0 0.20412290937378452 0.2564665934285429 0.012612472449111907 0.02716468590831916
0 0.09724880072604694 0.7853790072905223 0.016595358485673537 0.03994806751223404
0 0.35879165046026185 0.17976630380505346 0.012612472449111907 0.036752222111255416
0 0.5380215221055361 0.6207929691401178 0.017922987164527438 0.036752222111255416
0 0.15865162712303904 0.4578048536902028 0.01460391546739269 0.03355637671027669
0 0.19117852975495914 0.5792469789273944 0.014603915467392722 0.030360531309297972
0 0.14338389731621937 0.41705782482772397 0.01327628678853884 0.035154299410766005
0 0.14305199014650588 0.3779087186657345 0.012612472449111891 0.03355637671027655
0 0.09658498638662 0.6599420753021072 0.013940101127965773 0.035154299410766005
0 0.15931544146246596 0.2564665934285429 0.013276286788538856 0.03355637671027665
0 0.26685336444963054 0.1374213522420853 0.013276286788538825 0.031958454009787265
0 0.15931544146246598 0.33875961250374514 0.01460391546739269 0.03835014481174472
0 0.14371580448593285 0.7853790072905223 0.012612472449111907 0.0335563767102766
0 0.14371580448593285 0.4586038150404474 0.012612472449111907 0.035154299410766005
0 0.23598599766627773 0.41705782482772397 0.013940101127965773 0.031958454009787335
0 0.14238817580707894 0.29561569959053235 0.012612472449111891 0.035154299410765956
0 0.09658498638662 0.41865574752821333 0.013940101127965773 0.031958454009787286
0 0.09691689355633347 0.4578048536902028 0.011948658109684943 0.03355637671027669
0 0.12844807467911318 0.41705782482772397 0.012612472449111876 0.031958454009787335
0 0.5058265266433294 0.2197143713172875 0.019914430182808283 0.03675222211125532
0 0.09724880072604694 0.13502446819135125 0.012612472449111891 0.03355637671027665
0 0.15865162712303904 0.046339758314191556 0.013276286788538793 0.035154299410766025
0 0.12778426033968626 0.2564665934285429 0.012612472449111891 0.030360531309297927
0 0.23631790483599116 0.7805852391890543 0.01593154414624662 0.03675222211125532
0 0.19117852975495914 0.5384999500649157 0.013276286788538825 0.03835014481174482
0 0.29075068066900045 0.17017876760211725 0.025224944898223845 0.030360531309297927
0 0.09658498638662 0.5800459402776391 0.015267729806819655 0.035154299410766005
0 0.14238817580707894 0.2564665934285429 0.012612472449111891 0.02716468590831916
0 0.19117852975495914 0.41705782482772397 0.013276286788538825 0.028762608608808568
0 0.29075068066900034 0.10226705283131929 0.027880202255931484 0.028762608608808544
0 0.09658498638662 0.04394287426345751 0.013940101127965773 0.03994806751223412
0 0.4437598859069104 0.419454708878458 0.019250615843381336 0.043143912913212804
0 0.09724880072604694 0.4977529212024368 0.013940101127965773 0.030360531309297972
0 0.5380215221055361 0.5792469789273944 0.017922987164527438 0.04633975831419148
0 0.5386853364449631 0.5408968341156497 0.020578244522235233 0.030360531309297972
0 0.5051627123039025 0.38190352541695793 0.021242058861662184 0.04474183561370221
0 0.09658498638662 0.7422350943773095 0.013940101127965773 0.03355637671027669
0 0.09658498638662 0.09108159392789374 0.01128484377025801 0.025566763207829826
0 0.15898353429275253 0.4969539598521921 0.013940101127965742 0.031958454009787286
0 0.15898353429275253 0.4146609407769899 0.013940101127965742 0.03036053130929788
0 0.29075068066900045 0.26365724558074505 0.025224944898223845 0.031958454009787286
0 0.2973888240632698 0.6271846599420752 0.01194865810968502 0.02077299510636163
0 0.2973888240632698 0.6056127034854689 0.01194865810968502 0.022370917806851034
0 0.44409179307662383 0.2197143713172875 0.018586801503954385 0.039948067512234085
0 0.4450875145857643 0.7422350943773095 0.020578244522235233 0.039948067512234134
0 0.23598599766627773 0.29561569959053235 0.013940101127965773 0.0255667632078298
0 0.15865162712303904 0.09188055527813842 0.013276286788538793 0.03675222211125537
0 0.29075068066900045 0.23409567562169178 0.025224944898223845 0.030360531309297927
0 0.2894230519901465 0.3779087186657345 0.023897316219369854 0.030360531309297927
0 0.44508751458576423 0.261260361530011 0.02190587320108907 0.04314391291321285
0 0.3830208738493453 0.2604614001797663 0.019914430182808283 0.04154599021272349
0 0.4128925191235576 0.2604614001797663 0.01991443018280822 0.04154599021272349
0 0.4749591598599766 0.26285828423050034 0.02190587320108907 0.04314391291321285
0 0.4749591598599766 0.050334565065414956 0.02190587320108907 0.04633975831419155
0 0.4128925191235576 0.09347847797862778 0.021242058861662118 0.04633975831419155
0 0.042152210553610785 0.17577149705383002 0.02057824452223518 0.044741835613702235
0 0.44442370024633737 0.050334565065414956 0.02190587320108907 0.04633975831419155
0 0.4125606119538442 0.33875961250374514 0.019250615843381336 0.03835014481174472
0 0.3830208738493453 0.1805652651552981 0.019914430182808283 0.03835014481174472
0 0.3830208738493453 0.13901927494257466 0.019914430182808283 0.04474183561370219
0 0.44442370024633737 0.09587536202936182 0.02190587320108907 0.04474183561370219
0 0.351821599896279 0.1366223908918406 0.018586801503954385 0.043143912913212824
0 0.44442370024633737 0.13901927494257466 0.02190587320108907 0.04154599021272347
0 0.4138882406326981 0.6207929691401178 0.02190587320108907 0.04314391291321285
0 0.3212861402826397 0.29961050634175573 0.01991443018280822 0.043143912913212804
0 0.41222870478413065 0.2221112553680216 0.019914430182808283 0.04154599021272349
0 0.23598599766627773 0.7422350943773095 0.016595358485673537 0.039948067512234134
0 0.4746272526902632 0.1805652651552981 0.01991443018280822 0.04154599021272345
0 0.23631790483599116 0.33875961250374514 0.01593154414624662 0.035154299410766005
0 0.44409179307662383 0.1805652651552981 0.018586801503954385 0.03835014481174472
0 0.4138882406326981 0.5424947568161391 0.019250615843381273 0.043143912913212755
0 0.5383534292752497 0.09587536202936181 0.021242058861662184 0.054329371816638404
0 0.5044988979644756 0.2604614001797663 0.019914430182808283 0.04154599021272349
0 0.4749591598599766 0.22211125536802157 0.019250615843381273 0.0383501448117447
0 0.23598599766627773 0.4977529212024368 0.013940101127965773 0.03675222211125532
0 0.12844807467911318 0.29481673824028765 0.013940101127965773 0.03675222211125537
0 0.12778426033968626 0.09347847797862778 0.012612472449111891 0.03675222211125535
0 0.44442370024633737 0.3779087186657345 0.017922987164527438 0.03355637671027655
0 0.505494619473616 0.050334565065414956 0.020578244522235233 0.04633975831419155
0 0.4450875145857643 0.7030859882153201 0.020578244522235233 0.03835014481174472
0 0.5380215221055361 0.4602017377409368 0.020578244522235233 0.04154599021272345
0 0.20478672371321147 0.21731748726655348 0.012612472449111907 0.03835014481174468
0 0.20478672371321147 0.41865574752821333 0.012612472449111907 0.03515429941076614
0 0.5370258005963957 0.14381304304404274 0.01991443018280822 0.03835014481174472
0 0.2519175418125243 0.13901927494257466 0.012612472449111876 0.035154299410765984
0 0.23598599766627773 0.4586038150404474 0.013940101127965773 0.035154299410766005
0 0.20545053805263838 0.29721362229102166 0.012612472449111876 0.03195845400978724
0 0.2519175418125243 0.09427743932887246 0.012612472449111876 0.04154599021272347
0 0.4450875145857643 0.6615399980025967 0.020578244522235233 0.04154599021272354
0 0.12844807467911318 0.4578048536902028 0.013940101127965773 0.03675222211125532
0 0.41355633346298454 0.417057824827724 0.017259172825100488 0.03835014481174487
0 0.14338389731621937 0.3363627284530111 0.01327628678853884 0.03675222211125537
0 0.12911188901854012 0.7877758913412564 0.015267729806819655 0.035154299410766005
0 0.23698171917541813 0.6207929691401177 0.013276286788538825 0.0335563767102765
0 0.19117852975495914 0.3779087186657345 0.013276286788538825 0.03355637671027655
0 0.19184234409438608 0.6599420753021072 0.014603915467392722 0.03835014481174482
0 0.12778426033968626 0.13502446819135125 0.012612472449111891 0.03355637671027665
0 0.38268896667963176 0.2197143713172875 0.019250615843381336 0.039948067512234085
0 0.5386853364449631 0.6647358434035753 0.020578244522235233 0.047937681014680975
0 0.26685336444963054 0.04793768101468092 0.013276286788538825 0.035154299410766005
0 0.19117852975495916 0.7014880655148307 0.01593154414624659 0.035154299410766005
0 0.22105017502917154 0.21731748726655348 0.013276286788538856 0.035154299410766005
0 0.23631790483599116 0.6575451912513731 0.013276286788538825 0.03355637671027669
0 0.2512537274730974 0.2564665934285429 0.012612472449111907 0.03355637671027665
0 0.042152210553610785 0.2564665934285429 0.01792298716452742 0.04314391291321285
0 0.14305199014650588 0.13502446819135125 0.012612472449111891 0.03355637671027665
0 0.35248541423570595 0.04793768101468091 0.01991443018280822 0.04793768101468092
0 0.12844807467911318 0.3779087186657345 0.013940101127965773 0.03675222211125537
0 0.29075068066900045 0.03755118346150005 0.02655257357707765 0.033556376710276635
0 0.20545053805263838 0.09427743932887245 0.013940101127965773 0.035154299410766
0 0.19051471541553222 0.25646659342854283 0.013276286788538856 0.036752222111255416
0 0.19051471541553222 0.17577149705383002 0.011948658109684958 0.031958454009787265
0 0.1440477116556463 0.5424947568161391 0.013276286788538825 0.03675222211125532
0 0.20545053805263838 0.04793768101468092 0.013940101127965773 0.03835014481174473
0 0.2900868663295734 0.07190652152202137 0.02522494489822375 0.03835014481174472
0 0.12844807467911318 0.6599420753021072 0.013940101127965773 0.031958454009787286
0 0.32858809801633604 0.04554079696394688 0.014603915467392755 0.03675222211125539
0 0.042152210553610785 0.38190352541695793 0.02190587320108907 0.04154599021272345
0 0.26618955011020357 0.3395585738539898 0.013276286788538825 0.030360531309297927
0 0.14305199014650588 0.04793768101468092 0.012612472449111891 0.03835014481174473
0 0.15931544146246596 0.3779087186657345 0.013276286788538856 0.03355637671027655
0 0.2519175418125243 0.04793768101468092 0.012612472449111876 0.03835014481174473
0 0.09658498638662 0.33875961250374514 0.013940101127965773 0.035154299410766005
0 0.14338389731621937 0.7422350943773095 0.01593154414624662 0.03355637671027669
0 0.12844807467911318 0.7030859882153201 0.013940101127965773 0.035154299410766005
0 0.19051471541553222 0.4578048536902028 0.013276286788538856 0.03355637671027669
0 0.12911188901854012 0.4969539598521921 0.013940101127965758 0.031958454009787286
0 0.23664981200570467 0.09347847797862778 0.013940101127965773 0.039948067512234106
0 0.12844807467911318 0.5424947568161391 0.013940101127965773 0.03355637671027669
0 0.08065344224037341 0.17816838110456407 0.013940101127965773 0.03355637671027665
0 0.1440477116556463 0.6183960850893838 0.013276286788538825 0.035154299410766005
0 0.44442370024633737 0.4602017377409367 0.02190587320108907 0.044741835613702166
0 0.12778426033968626 0.21731748726655348 0.012612472449111891 0.031958454009787286
0 0.32759237650719564 0.21731748726655348 0.01261247244911197 0.03835014481174468
0 0.15931544146246596 0.21492060321581946 0.013276286788538856 0.03675222211125537
0 0.12745235316997278 0.6207929691401178 0.011948658109684943 0.030360531309297972
0 0.14305199014650588 0.6599420753021072 0.013940101127965789 0.03835014481174482
0 0.09691689355633347 0.21731748726655348 0.011948658109684943 0.031958454009787286
0 0.3285880980163361 0.17577149705383002 0.013276286788538793 0.03835014481174475
0 0.11284843770258006 0.17816838110456407 0.013276286788538825 0.03675222211125537
0 0.04281602489303773 0.42105263157894735 0.023233501879942952 0.039948067512234085
0 0.32858809801633604 0.1374213522420853 0.014603915467392755 0.031958454009787265
0 0.19084662258524568 0.6207929691401177 0.013940101127965773 0.0335563767102765
0 0.20478672371321147 0.33875961250374514 0.012612472449111907 0.031958454009787286
0 0.09691689355633347 0.17816838110456407 0.013276286788538825 0.03675222211125537
0 0.1440477116556463 0.5792469789273944 0.013276286788538825 0.0335563767102766
0 0.12844807467911318 0.7422350943773095 0.013940101127965773 0.03355637671027669
0 0.26685336444963054 0.2972136222910217 0.013276286788538825 0.03835014481174472
0 0.09691689355633347 0.25646659342854283 0.013276286788538825 0.036752222111255416
0 0.22105017502917154 0.1765704584040747 0.010621029430831059 0.03675222211125537
0 0.12844807467911318 0.3363627284530111 0.013940101127965773 0.03355637671027665
0 0.09691689355633347 0.6183960850893838 0.013276286788538825 0.035154299410766005
0 0.19018280824581874 0.09108159392789374 0.012612472449111907 0.035154299410766005
0 0.19084662258524568 0.7853790072905223 0.016595358485673537 0.03994806751223404
0 0.15931544146246596 0.13502446819135125 0.013276286788538856 0.039948067512234085
0 0.5051627123039025 0.18296214920603215 0.019914430182808283 0.03675222211125537
0 0.44475560741605086 0.7853790072905223 0.021242058861662184 0.04314391291321285
0 0.25258135615195126 0.3779087186657345 0.012612472449111876 0.03355637671027655
0 0.5380215221055361 0.5033456506541496 0.020578244522235233 0.044741835613702166
0 0.23631790483599116 0.700689104164586 0.01593154414624662 0.03675222211125532
0 0.5058265266433294 0.33875961250374514 0.019914430182808283 0.044741835613702166
0 0.5051627123039025 0.09587536202936182 0.019914430182808283 0.04474183561370219
0 0.042152210553610785 0.29961050634175573 0.019250615843381304 0.039948067512234085
0 0.23565409049656422 0.5384999500649157 0.013276286788538825 0.035154299410766005
0 0.19084662258524568 0.7398382103265755 0.016595358485673537 0.03835014481174472
0 0.5376896149358226 0.22211125536802157 0.019914430182808283 0.0383501448117447
0 0.32858809801633604 0.09587536202936184 0.014603915467392755 0.03515429941076602
0 0.41455205497212494 0.5816438629781284 0.019250615843381273 0.03835014481174472
0 0.29075068066900045 0.2021372216119045 0.025224944898223845 0.039948067512234085
0 0.2529132633216647 0.21731748726655348 0.011948658109684927 0.031958454009787286
0 0.2904187734992869 0.13502446819135125 0.025888759237650764 0.039948067512234085
0 0.25258135615195126 0.2972136222910217 0.012612472449111876 0.03835014481174472
0 0.26685336444963054 0.17816838110456407 0.011948658109684927 0.03675222211125537
0 0.19117852975495914 0.4977529212024368 0.014603915467392722 0.03675222211125532
0 0.04148839621418385 0.4649955058424049 0.023233501879942955 0.047937681014680975
0 0.1898509010761053 0.33875961250374514 0.013276286788538825 0.03835014481174472
0 0.26685336444963054 0.09347847797862778 0.013276286788538825 0.033556376710276635
0 0.41322442629327105 0.7829821232397883 0.02057824452223517 0.04154599021272345
0 0.12877998184882664 0.5816438629781284 0.014603915467392706 0.035154299410766005
0 0.23565409049656422 0.04793768101468092 0.014603915467392722 0.03835014481174473
0 0.20545053805263838 0.1765704584040747 0.012612472449111876 0.03675222211125537
0 0.042152210553610785 0.33875961250374514 0.02057824452223518 0.04154599021272345
0 0.5376896149358226 0.30200739039248975 0.019914430182808283 0.03835014481174472
0 0.23565409049656422 0.5816438629781284 0.014603915467392722 0.03835014481174472
0 0.26685336444963054 0.21731748726655348 0.013276286788538825 0.03835014481174468
0 0.3820251523402049 0.09347847797862778 0.019250615843381273 0.04633975831419155
0 0.04281602489303773 0.21731748726655348 0.020578244522235185 0.03835014481174468
0 0.4450875145857643 0.30200739039248975 0.020578244522235233 0.03835014481174472
0 0.12844807467911318 0.17577149705383002 0.013940101127965773 0.03835014481174475
0 0.4138882406326981 0.6639368820533306 0.019250615843381273 0.039948067512234134
0 0.23565409049656422 0.3779087186657345 0.014603915467392722 0.03355637671027655
0 0.23631790483599116 0.21731748726655348 0.013276286788538825 0.035154299410766005
0 0.41322442629327105 0.4586038150404474 0.019250615843381273 0.04154599021272345
0 0.14305199014650588 0.09347847797862778 0.013940101127965789 0.03675222211125535
0 0.41322442629327105 0.7446319784280435 0.019250615843381273 0.03835014481174472
0 0.41322442629327105 0.4993508439029262 0.02057824452223517 0.039948067512234134
0 0.23565409049656422 0.17816838110456407 0.013276286788538825 0.03355637671027665
0 0.3212861402826397 0.3451513033057026 0.02256968754051602 0.04474183561370221
0 0.23664981200570467 0.1374213522420853 0.013940101127965773 0.03835014481174472
0 0.5376896149358226 0.18296214920603218 0.019914430182808283 0.039948067512234106
0 0.505494619473616 0.14141615899330867 0.020578244522235233 0.04633975831419155
0 0.26685336444963054 0.3779087186657345 0.014603915467392722 0.039948067512234085
0 0.4746272526902632 0.09827224608009588 0.01991443018280822 0.046339758314191556
0 0.3206223259432127 0.2564665934285429 0.019914430182808283 0.04633975831419157
0 0.2519175418125243 0.33875961250374514 0.013940101127965773 0.035154299410766005
0 0.47562297419940364 0.13901927494257466 0.02057824452223517 0.03835014481174475
0 0.4128925191235576 0.29961050634175573 0.01991443018280822 0.03675222211125537
0 0.5383534292752497 0.34355338060521323 0.021242058861662184 0.04154599021272345
0 0.4118967976144172 0.1805652651552981 0.017922987164527438 0.03835014481174472
0 0.2904187734992869 0.3347648057525217 0.024561130558796832 0.04633975831419157
0 0.44475560741605086 0.6231898531908519 0.021242058861662184 0.03835014481174472
0 0.4125606119538442 0.3779087186657345 0.02057824452223517 0.039948067512234085
0 0.38235705950991833 0.30200739039248975 0.02256968754051602 0.044741835613702166
0 0.4138882406326981 0.7030859882153201 0.019250615843381273 0.04154599021272345
0 0.35248541423570595 0.09347847797862778 0.018586801503954323 0.03675222211125535
0 0.25258135615195126 0.17816838110456407 0.012612472449111876 0.03675222211125537
0 0.4450875145857643 0.3411564965544792 0.019250615843381336 0.039948067512234085
0 0.4450875145857643 0.5424947568161391 0.020578244522235233 0.039948067512234134
0 0.4118967976144172 0.1398182362928193 0.019250615843381336 0.043143912913212824
0 0.23565409049656422 0.2580645161290322 0.013276286788538825 0.03675222211125537
