0 0.775191 0.140474 0.035640 0.047480
0 0.496876 0.489190 0.046573 0.042879
0 0.404632 0.476458 0.025399 0.041428
0 0.491216 0.922446 0.028458 0.040759
0 0.403588 0.562916 0.034762 0.048778
0 0.103722 0.302191 0.038672 0.054555
0 0.813042 0.127057 0.046758 0.052235
0 0.243035 0.950469 0.041731 0.053887
0 0.485155 0.876513 0.026490 0.041743
0 0.414818 0.159005 0.025399 0.041428
0 0.393574 0.392650 0.025399 0.041428
0 0.148501 0.637263 0.036730 0.047794
0 0.479385 0.339481 0.046785 0.044490
0 0.615115 0.883394 0.031065 0.044611
0 0.322766 0.756850 0.039550 0.053258
0 0.473445 0.792057 0.026943 0.037222
0 0.249761 0.983521 0.039337 0.032959
0 0.221450 0.786883 0.040667 0.045828
0 0.441107 0.551268 0.026065 0.038519
0 0.953009 0.741687 0.037821 0.048109
0 0.193853 0.963806 0.044124 0.056127
0 0.463782 0.714539 0.026277 0.040131
0 0.905646 0.798833 0.041943 0.055498
0 0.446317 0.590754 0.026703 0.043354
0 0.530926 0.438389 0.025399 0.041428
0 0.958539 0.783591 0.038672 0.054555
0 0.768218 0.542322 0.037821 0.048109
0 0.816535 0.526725 0.036730 0.047794
0 0.171071 0.799729 0.041093 0.049052
0 0.704812 0.473600 0.038246 0.051332
0 0.935211 0.619671 0.038912 0.048423
0 0.457375 0.674561 0.026277 0.040131
0 0.484623 0.370594 0.046998 0.046102
0 0.451846 0.632657 0.026703 0.043354
0 0.198717 0.990592 0.044124 0.018816
0 0.059072 0.362738 0.043912 0.054515
0 0.945844 0.700255 0.041518 0.052275
0 0.940315 0.658351 0.041518 0.052275
0 0.885208 0.249299 0.039762 0.054870
0 0.188097 0.924477 0.042396 0.050977
0 0.469682 0.274522 0.046573 0.042879
0 0.480610 0.833489 0.026703 0.043354
0 0.409510 0.517712 0.026277 0.040131
0 0.581924 0.335862 0.039550 0.053258
0 0.209513 0.705002 0.038912 0.048423
0 0.808522 0.444550 0.044577 0.051606
0 0.605025 0.502357 0.036305 0.044571
0 0.459660 0.207146 0.048329 0.040284
0 0.468886 0.753219 0.028458 0.040759
0 0.338691 0.182616 0.029762 0.042685
0 0.556009 0.431161 0.025825 0.044652
0 0.610677 0.841176 0.031065 0.044611
0 0.907006 0.414496 0.036518 0.046183
0 0.194335 0.581394 0.041731 0.053887
0 0.541889 0.718798 0.025667 0.027552
0 0.545093 0.738786 0.026970 0.029478
0 0.796147 0.363631 0.040242 0.042605
0 0.450728 0.139455 0.049179 0.046731
0 0.455194 0.173300 0.047849 0.052549
0 0.465216 0.240677 0.047849 0.052549
0 0.687453 0.350621 0.038459 0.052944
0 0.272551 0.384866 0.041731 0.053887
0 0.159843 0.332861 0.042609 0.052589
0 0.531864 0.351125 0.039337 0.051646
0 0.648238 0.448080 0.037821 0.048109
0 0.821483 0.178159 0.039550 0.053258
0 0.739375 0.332312 0.040215 0.050349
0 0.774292 0.584069 0.041518 0.052275
0 0.784486 0.665616 0.040640 0.053572
0 0.198326 0.225576 0.044762 0.060962
0 0.526334 0.309221 0.037156 0.051018
0 0.867579 0.510342 0.037156 0.051018
0 0.559049 0.166793 0.038459 0.052944
0 0.597966 0.461731 0.036278 0.052315
0 0.669562 0.223613 0.043247 0.057424
0 0.772408 0.192302 0.042156 0.057110
0 0.844904 0.347071 0.036943 0.049406
0 0.624925 0.279973 0.038034 0.049720
0 0.839587 0.306779 0.039550 0.053258
0 0.553320 0.119091 0.040613 0.061316
0 0.515276 0.225414 0.039762 0.054870
0 0.827438 0.223286 0.039550 0.053258
0 0.850433 0.388975 0.037368 0.052629
0 0.638483 0.365570 0.038246 0.051332
0 0.750646 0.417731 0.038034 0.049720
0 0.311871 0.288213 0.039550 0.053258
0 0.305478 0.244049 0.038246 0.051332
0 0.630560 0.322683 0.038672 0.054555
0 0.508337 0.181407 0.041731 0.053887
0 0.587878 0.380989 0.041731 0.053887
0 0.745010 0.375022 0.040853 0.055184
0 0.261599 0.301864 0.041943 0.055498
0 0.644012 0.407473 0.038246 0.051332
0 0.154101 0.289346 0.042609 0.052589
0 0.520912 0.268124 0.039124 0.050035
0 0.182944 0.499356 0.042821 0.054201
0 0.249583 0.210805 0.040826 0.062928
0 0.081415 0.527778 0.042609 0.052589
0 0.834058 0.264876 0.036943 0.049406
0 0.671340 0.614574 0.038459 0.052944
0 0.821745 0.566211 0.036943 0.049406
0 0.782482 0.277229 0.037156 0.051018
0 0.491134 0.445674 0.048699 0.058996
0 0.721484 0.205304 0.038884 0.056167
0 0.778695 0.235660 0.038034 0.049720
0 0.211751 0.318739 0.042581 0.060333
0 0.676288 0.266008 0.037821 0.048109
0 0.413782 0.644463 0.038246 0.051332
0 0.312785 0.676914 0.038672 0.054555
0 0.653661 0.489177 0.038034 0.049720
0 0.855962 0.430879 0.036943 0.049406
0 0.177202 0.455840 0.042821 0.054201
0 0.883954 0.634442 0.037156 0.051018
0 0.266795 0.345537 0.037821 0.048109
0 0.298539 0.200042 0.038459 0.052944
0 0.574865 0.295236 0.035640 0.047480
0 0.658978 0.529469 0.040215 0.050349
0 0.901583 0.373398 0.039337 0.051646
0 0.087263 0.572099 0.042821 0.054201
0 0.570971 0.252861 0.039337 0.051646
0 0.305740 0.632102 0.038246 0.051332
0 0.254553 0.257052 0.041093 0.049052
0 0.205797 0.273612 0.043912 0.054515
0 0.385864 0.351375 0.027581 0.042057
0 0.318208 0.718012 0.037608 0.046497
0 0.143624 0.596008 0.040640 0.053572
0 0.889484 0.676345 0.041518 0.052275
0 0.565336 0.210151 0.036943 0.049406
0 0.592543 0.420633 0.037396 0.044885
0 0.794468 0.745551 0.039337 0.051646
0 0.205287 0.664396 0.044124 0.056127
0 0.872528 0.161776 0.042156 0.057110
0 0.603951 0.798781 0.031703 0.049446
0 0.610341 0.542649 0.037581 0.054241
0 0.283715 0.469479 0.041518 0.052275
0 0.290548 0.512680 0.039762 0.054870
0 0.733895 0.676849 0.041065 0.056796
0 0.279383 0.428067 0.041305 0.050663
0 0.778305 0.623063 0.041518 0.052275
0 0.726667 0.253163 0.038672 0.054555
0 0.616841 0.587619 0.038672 0.054555
0 0.728153 0.633334 0.038034 0.049720
0 0.121613 0.429199 0.040427 0.051961
0 0.681711 0.307106 0.038459 0.052944
0 0.225675 0.827490 0.041943 0.055498
0 0.919049 0.497183 0.039337 0.051646
0 0.827275 0.608115 0.037368 0.052629
0 0.413460 0.341749 0.026915 0.044966
0 0.896160 0.332300 0.036518 0.046183
0 0.561099 0.474028 0.028884 0.043983
0 0.844634 0.731094 0.041518 0.052275
0 0.109783 0.348124 0.040640 0.053572
0 0.198667 0.622806 0.041093 0.049052
0 0.890950 0.292814 0.039337 0.051646
0 0.593424 0.719003 0.028884 0.043983
0 0.862156 0.469245 0.034337 0.045554
0 0.408798 0.602402 0.034549 0.047166
0 0.722065 0.595774 0.038246 0.051332
0 0.164614 0.373310 0.038912 0.048423
0 0.475132 0.307247 0.047636 0.050937
0 0.750163 0.800143 0.040427 0.051961
0 0.170143 0.415214 0.041518 0.052275
0 0.839105 0.689191 0.044124 0.056127
0 0.075992 0.486680 0.042396 0.050977
0 0.425609 0.425242 0.026490 0.041743
0 0.137443 0.553456 0.041093 0.049052
0 0.900995 0.755003 0.041518 0.052275
0 0.052465 0.316962 0.043459 0.059036
0 0.833682 0.648093 0.038699 0.046811
0 0.743544 0.758553 0.038672 0.054555
0 0.187822 0.540611 0.041093 0.049052
0 0.588001 0.677905 0.030852 0.043000
0 0.344525 0.231124 0.028671 0.042371
0 0.398664 0.435517 0.026277 0.040131
0 0.394479 0.215055 0.024309 0.041114
0 0.070675 0.446388 0.042396 0.050977
0 0.851254 0.772684 0.043699 0.052903
0 0.913520 0.455279 0.039762 0.054870
0 0.541984 0.522197 0.025399 0.041428
0 0.408038 0.300651 0.026703 0.043354
0 0.692769 0.390913 0.038034 0.049720
0 0.789696 0.705102 0.037821 0.048109
0 0.422501 0.208653 0.025399 0.041428
0 0.573913 0.553983 0.026277 0.040131
0 0.895997 0.717129 0.038699 0.046811
0 0.802448 0.402803 0.043912 0.054515
0 0.294667 0.552481 0.040455 0.044216
0 0.805526 0.829358 0.040188 0.058093
0 0.153605 0.675944 0.039337 0.051646
0 0.799784 0.785843 0.038912 0.048423
0 0.132778 0.513813 0.042396 0.050977
0 0.299226 0.591318 0.036278 0.052315
0 0.548179 0.560563 0.024974 0.038205
0 0.159892 0.719302 0.040853 0.055184
0 0.878638 0.594150 0.036730 0.047794
0 0.435896 0.511781 0.026277 0.040131
0 0.733074 0.293141 0.037821 0.048109
0 0.716854 0.556288 0.038034 0.049720
0 0.699389 0.432503 0.038459 0.052944
0 0.567400 0.513200 0.026915 0.044966
0 0.578139 0.594589 0.026703 0.043354
0 0.430048 0.467460 0.026915 0.044966
0 0.401524 0.259868 0.026065 0.038519
0 0.536349 0.479487 0.025612 0.043040
0 0.598740 0.759295 0.028458 0.040759
0 0.350267 0.274639 0.026065 0.038519
0 0.065040 0.403679 0.043034 0.055813
0 0.924684 0.539892 0.039124 0.050035
0 0.165089 0.762974 0.041518 0.052275
0 0.175842 0.840178 0.040427 0.051961
0 0.761810 0.502345 0.038246 0.051332
0 0.738227 0.718261 0.037821 0.048109
0 0.126703 0.472066 0.042156 0.057110
0 0.114448 0.387767 0.036730 0.047794
0 0.877498 0.208023 0.036730 0.047794
0 0.237399 0.907759 0.041518 0.052275
0 0.929243 0.578730 0.038034 0.049720
0 0.181916 0.881924 0.041518 0.052275
0 0.231205 0.869393 0.041093 0.049052
0 0.418444 0.383810 0.025399 0.041428
0 0.388205 0.167511 0.026703 0.043354
0 0.811006 0.484822 0.039337 0.051646
0 0.755799 0.842852 0.040640 0.053572
0 0.583350 0.634076 0.026490 0.041743
0 0.214058 0.748026 0.042156 0.057110
0 0.710235 0.514698 0.038459 0.052944
0 0.379456 0.311397 0.027155 0.038833
0 0.856783 0.814587 0.043699 0.052903
0 0.756175 0.459635 0.038459 0.052944
0 0.503473 0.135966 0.042156 0.057110
0 0.619941 0.237912 0.036943 0.049406
0 0.873428 0.554664 0.037368 0.052629
0 0.665491 0.570253 0.040427 0.051961
0 0.147282 0.241958 0.042581 0.060333
0 0.790072 0.321885 0.040853 0.055184
0 0.537393 0.393029 0.039337 0.051646
