0 0.5425240054869684 0.618673647469459 0.023319615912208436 0.02617801047120427
0 0.40946502057613166 0.39877835951134377 0.034293552812071304 0.0366492146596859
0 0.4101508916323731 0.3804537521815009 0.04115226337448563 0.06980802792321111
0 0.541838134430727 0.587260034904014 0.021947873799725737 0.019197207678883
0 0.45747599451303156 0.32024432809773123 0.02331961591220849 0.029668411867364686
0 0.5445816186556928 0.7024432809773123 0.021947873799725626 0.022687609075043635
0 0.5445816186556928 0.725130890052356 0.021947873799725626 0.022687609075043635
0 0.4876543209876543 0.32024432809773123 0.023319615912208547 0.029668411867364686
0 0.3950617283950617 0.3237347294938918 0.024691358024691357 0.02966841186736474
0 0.9705075445816187 0.12303664921465968 0.023319615912208547 0.02966841186736474
0 0.22839506172839505 0.39790575916230364 0.037037037037037035 0.038394415357766165
0 0.1056241426611797 0.424956369982548 0.0384087791495199 0.04363001745200701
0 0.10493827160493827 0.3996509598603839 0.037037037037037035 0.038394415357766165
0 0.5294924554183813 0.43106457242582896 0.0384087791495199 0.03839441535776611
0 0.4691358024691358 0.6745200698080279 0.035665294924554225 0.03664921465968596
0 0.5308641975308641 0.35689354275741714 0.0384087791495199 0.02966841186736474
0 0.46982167352537724 0.36038394415357766 0.03978052126200271 0.02966841186736474
0 0.5432098765432098 0.643979057591623 0.024691358024691357 0.024432809773123898
0 0.5294924554183813 0.3237347294938918 0.0384087791495199 0.04013961605584643
0 0.5432098765432098 0.9179755671902269 0.024691358024691357 0.024432809773123898
0 0.40877914951989025 0.7818499127399652 0.0384087791495199 0.03839441535776611
0 0.40809327846364885 0.8141361256544503 0.039780521262002766 0.03664921465968596
0 0.40877914951989025 0.6745200698080279 0.03566529492455417 0.03664921465968596
0 0.5438957475994513 0.8944153577661431 0.023319615912208547 0.022687609075043635
0 0.9396433470507545 0.12390924956369982 0.030178326474622708 0.03141361256544503
0 0.16666666666666666 0.43106457242582896 0.037037037037037035 0.024432809773123898
0 0.8936899862825789 0.39528795811518325 0.03703703703703698 0.029668411867364797
0 0.4252400548696845 0.3237347294938918 0.024691358024691357 0.03315881326352532
0 0.16598079561042522 0.575043630017452 0.03840877914951987 0.02617801047120427
0 0.4691358024691358 0.643106457242583 0.035665294924554225 0.03315881326352521
0 0.6481481481481481 0.8865619546247818 0.03703703703703709 0.034904013961605584
0 0.5294924554183813 0.8254799301919722 0.03566529492455428 0.03141361256544484
0 0.6508916323731139 0.8150087260034904 0.03429355281207136 0.034904013961605584
0 0.22770919067215362 0.3638743455497382 0.03840877914951987 0.04013961605584643
0 0.9526748971193415 0.7809773123909249 0.03703703703703709 0.03664921465968585
0 0.9684499314128944 0.19982547993019195 0.030178326474622708 0.033158813263525294
0 0.6495198902606311 0.7827225130890053 0.03429355281207136 0.036649214659685736
0 0.16666666666666669 0.8865619546247818 0.03429355281207133 0.034904013961605584
0 0.9684499314128945 0.27399650959860383 0.024691358024691357 0.03141361256544506
0 0.40809327846364885 0.6422338568935428 0.039780521262002766 0.034904013961605584
0 0.40877914951989025 0.8516579406631762 0.0384087791495199 0.03141361256544517
0 0.16666666666666666 0.7137870855148342 0.037037037037037035 0.03141361256544517
0 0.9533607681755829 0.7460732984293195 0.0384087791495199 0.03664921465968596
0 0.7112482853223594 0.5732984293193718 0.03703703703703698 0.03315881326352521
0 0.6481481481481481 0.918848167539267 0.03703703703703709 0.03664921465968596
0 0.831275720164609 0.6073298429319371 0.03566529492455417 0.034904013961605584
0 0.40809327846364885 0.7495636998254799 0.039780521262002766 0.03315881326352521
0 0.46707818930041156 0.8176265270506108 0.039780521262002766 0.036649214659685736
0 0.9533607681755829 0.8499127399650961 0.0384087791495199 0.034904013961605584
0 0.4547325102880658 0.43106457242582896 0.020576131687242816 0.024432809773123898
0 0.8319615912208504 0.43106457242582896 0.03429355281207136 0.03141361256544506
0 0.710562414266118 0.7486910994764399 0.0384087791495199 0.03141361256544517
0 0.16666666666666666 0.7452006980802792 0.037037037037037035 0.034904013961605584
0 0.6502057613168724 0.6064572425828971 0.0384087791495199 0.03664921465968585
0 0.16666666666666669 0.8516579406631762 0.03429355281207133 0.03141361256544517
0 0.3930041152263375 0.5008726003490401 0.02331961591220849 0.031413612565445004
0 0.8923182441700961 0.4267015706806283 0.03978052126200271 0.04013961605584643
0 0.48491083676268865 0.49912739965095987 0.02331961591220849 0.031413612565445004
0 0.9513031550068587 0.6762652705061083 0.03703703703703698 0.03664921465968596
0 0.34705075445816186 0.7818499127399652 0.0384087791495199 0.03839441535776611
0 0.953360768175583 0.8883071553228621 0.04115226337448563 0.041884816753926635
0 0.16666666666666669 0.6771378708551484 0.03429355281207133 0.034904013961605695
0 0.9513031550068587 0.8141361256544503 0.03703703703703698 0.03664921465968596
0 0.9540466392318244 0.6073298429319371 0.04252400548696844 0.03141361256544506
0 0.4691358024691358 0.8525305410122164 0.038408779149519845 0.03664921465968596
0 0.9526748971193415 0.7129144851657941 0.03978052126200271 0.036649214659685736
0 0.16598079561042522 0.9197207678883071 0.0356652949245542 0.03839441535776622
0 0.9684499314128945 0.23647469458987783 0.024691358024691357 0.02966841186736474
0 0.7098765432098766 0.9205933682373473 0.03703703703703709 0.029668411867364686
0 0.710562414266118 0.8516579406631762 0.04115226337448563 0.034904013961605695
0 0.16666666666666669 0.6422338568935428 0.03429355281207133 0.03839441535776611
0 0.5294924554183813 0.39267015706806285 0.0384087791495199 0.038394415357766165
0 0.9382716049382716 0.16055846422338568 0.027434842249656977 0.034904013961605584
0 0.953360768175583 0.6422338568935428 0.04115226337448563 0.03839441535776611
0 0.22839506172839505 0.4319371727748691 0.037037037037037035 0.03315881326352532
0 0.6508916323731139 0.8507853403141361 0.03978052126200282 0.03664921465968585
0 0.967764060356653 0.1605584642233857 0.026063100137174278 0.03141361256544503
0 0.16666666666666666 0.6055846422338569 0.037037037037037035 0.034904013961605584
0 0.953360768175583 0.5732984293193717 0.04115226337448563 0.03664921465968585
0 0.46844993141289437 0.7486910994764397 0.037037037037037035 0.03490401396160547
0 0.6508916323731139 0.7111692844677139 0.03703703703703698 0.03315881326352521
0 0.1056241426611797 0.36038394415357766 0.03566529492455418 0.04013961605584637
0 0.4691358024691358 0.393542757417103 0.038408779149519845 0.03664921465968585
0 0.9533607681755829 0.4642233856893543 0.0384087791495199 0.03141361256544506
0 0.46844993141289437 0.7818499127399652 0.037037037037037035 0.03839441535776611
0 0.710562414266118 0.8184991273996509 0.0384087791495199 0.03839441535776611
0 0.9382716049382716 0.19895287958115182 0.027434842249656977 0.03141361256544503
0 0.710562414266118 0.7809773123909249 0.0384087791495199 0.03664921465968585
0 0.8326474622770919 0.5732984293193717 0.03566529492455428 0.03664921465968585
0 0.39231824417009603 0.5392670157068064 0.024691358024691357 0.034904013961605695
0 0.2880658436213992 0.356020942408377 0.0384087791495199 0.038394415357766165
0 0.1673525377229081 0.8184991273996509 0.03566529492455417 0.03490401396160547
0 0.9513031550068587 0.4319371727748691 0.04252400548696844 0.03664921465968585
0 0.8326474622770919 0.35776614310645727 0.0384087791495199 0.04188481675392669
0 0.34705075445816186 0.8176265270506108 0.0384087791495199 0.036649214659685736
0 0.710562414266118 0.675392670157068 0.0384087791495199 0.03141361256544495
0 0.42386831275720166 0.5698080279232112 0.024691358024691357 0.03664921465968596
0 0.649519890260631 0.6422338568935428 0.03978052126200271 0.034904013961605584
0 0.6502057613168725 0.7460732984293192 0.03566529492455417 0.04013961605584637
0 0.6522633744855967 0.4642233856893543 0.03429355281207136 0.03141361256544506
0 0.7722908093278464 0.3621291448516579 0.0384087791495199 0.03664921465968585
0 0.7098765432098766 0.8883071553228621 0.03978052126200271 0.03839441535776611
0 0.831275720164609 0.46335078534031415 0.03566529492455417 0.03664921465968585
0 0.6508916323731139 0.6762652705061083 0.03978052126200282 0.03664921465968596
0 0.6515775034293553 0.39267015706806285 0.03566529492455417 0.031413612565445004
0 0.7709190672153635 0.5750436300174521 0.03566529492455417 0.036649214659685736
0 0.9533607681755829 0.5375218150087261 0.0384087791495199 0.03839441535776622
0 0.4691358024691358 0.6064572425828971 0.032921810699588494 0.03664921465968585
0 0.6522633744855968 0.5732984293193717 0.03703703703703709 0.03664921465968585
0 0.710562414266118 0.6055846422338569 0.03566529492455417 0.034904013961605584
0 0.16529492455418382 0.35689354275741714 0.03978052126200274 0.04013961605584643
0 0.9526748971193415 0.49912739965095987 0.03978052126200271 0.03490401396160553
0 0.7716049382716049 0.4668411867364747 0.03703703703703698 0.03315881326352532
0 0.7716049382716049 0.4319371727748691 0.03703703703703698 0.03315881326352532
0 0.8916323731138547 0.46858638743455494 0.0384087791495199 0.0366492146596859
0 0.22633744855967078 0.3254799301919721 0.041152263374485576 0.03664921465968585
0 0.40877914951989025 0.8883071553228621 0.0384087791495199 0.03839441535776611
0 0.3484224965706447 0.675392670157068 0.0384087791495199 0.03141361256544495
0 0.8319615912208504 0.536649214659686 0.03429355281207136 0.03664921465968585
0 0.34705075445816186 0.8516579406631762 0.0384087791495199 0.03141361256544517
0 0.7098765432098766 0.3944153577661431 0.03703703703703709 0.034904013961605584
0 0.8326474622770919 0.5 0.0384087791495199 0.0366492146596859
0 0.6502057613168724 0.536649214659686 0.0384087791495199 0.03664921465968585
0 0.6502057613168724 0.5 0.0384087791495199 0.0366492146596859
0 0.28669410150891633 0.536649214659686 0.03566529492455417 0.03315881326352532
0 0.2880658436213992 0.4668411867364747 0.0384087791495199 0.03664921465968585
0 0.710562414266118 0.4642233856893543 0.0384087791495199 0.034904013961605584
0 0.34705075445816186 0.5 0.04115226337448563 0.0366492146596859
0 0.28600823045267487 0.6073298429319373 0.039780521262002766 0.03839441535776622
0 0.2887517146776406 0.393542757417103 0.03978052126200271 0.03664921465968585
0 0.7709190672153634 0.5375218150087261 0.0384087791495199 0.03839441535776622
0 0.710562414266118 0.5 0.0384087791495199 0.0366492146596859
0 0.5438957475994513 0.6849912739965096 0.023319615912208547 0.012216404886561949
0 0.5425240054869684 0.5706806282722514 0.020576131687242927 0.01745200698080296
0 0.5315500685871055 0.5541012216404886 0.028806584362139787 0.008726003490401313
0 0.8936899862825789 0.3621291448516579 0.03703703703703698 0.03664921465968585
0 0.4691358024691358 0.712041884816754 0.038408779149519845 0.03839441535776611
0 0.9506172839506173 0.39877835951134377 0.03840877914951979 0.0366492146596859
0 0.48628257887517146 0.43106457242582896 0.026063100137174222 0.03839441535776611
0 0.6515775034293554 0.35776614310645727 0.0384087791495199 0.038394415357766165
0 0.5301783264746228 0.4572425828970331 0.03429355281207136 0.017452006980802792
0 0.5308641975308641 0.537521815008726 0.0384087791495199 0.024432809773123898
0 0.5432098765432098 0.668411867364747 0.024691358024691357 0.020942408376963262
0 0.16598079561042522 0.5392670157068062 0.03840877914951987 0.041884816753926524
0 0.2880658436213992 0.43019197207678883 0.0384087791495199 0.03664921465968585
0 0.34705075445816186 0.7129144851657941 0.04115226337448563 0.036649214659685736
0 0.28669410150891633 0.5008726003490401 0.03566529492455417 0.03490401396160564
0 0.710562414266118 0.5375218150087261 0.0384087791495199 0.03839441535776622
0 0.5294924554183813 0.5078534031413613 0.0384087791495199 0.031413612565445004
0 0.10425240054869683 0.5043630017452007 0.03840877914951989 0.038394415357766165
0 0.3484224965706447 0.536649214659686 0.0384087791495199 0.03664921465968585
0 0.28669410150891633 0.5698080279232112 0.03566529492455417 0.03664921465968596
0 0.3484224965706447 0.6064572425828971 0.0384087791495199 0.03664921465968585
0 0.831275720164609 0.39790575916230364 0.03566529492455417 0.038394415357766165
0 0.3484224965706447 0.43106457242582896 0.0384087791495199 0.03839441535776611
0 0.10493827160493827 0.4668411867364747 0.03978052126200275 0.03664921465968585
0 0.34910836762688613 0.393542757417103 0.034293552812071304 0.03664921465968585
0 0.48491083676268865 0.4642233856893543 0.02331961591220849 0.02792321116928448
0 0.42386831275720166 0.5 0.027434842249657088 0.0366492146596859
0 0.40946502057613166 0.46335078534031415 0.037037037037037035 0.03664921465968585
0 0.5898491083676269 0.3568935427574171 0.03566529492455428 0.04363001745200701
0 0.4698216735253772 0.5732984293193718 0.037037037037037035 0.03315881326352521
0 0.34705075445816186 0.6431064572425829 0.0384087791495199 0.03664921465968585
0 0.40946502057613166 0.6047120418848168 0.0425240054869685 0.04013961605584648
0 0.710562414266118 0.35689354275741714 0.03566529492455417 0.04013961605584643
0 0.9526748971193415 0.36038394415357766 0.03978052126200271 0.04013961605584637
0 0.4540466392318244 0.462478184991274 0.024691358024691357 0.031413612565445004
0 0.16598079561042522 0.5 0.03840877914951987 0.0366492146596859
0 0.7112482853223594 0.6396160558464223 0.03703703703703698 0.03664921465968596
0 0.34705075445816186 0.8865619546247818 0.0384087791495199 0.034904013961605584
0 0.3484224965706447 0.5698080279232112 0.0384087791495199 0.03315881326352521
0 0.7716049382716049 0.5 0.03703703703703698 0.0366492146596859
0 0.46844993141289437 0.536649214659686 0.03429355281207136 0.040139616055846594
0 0.4245541838134431 0.5366492146596858 0.02331961591220849 0.029668411867364686
0 0.8930041152263375 0.32460732984293195 0.0384087791495199 0.03839441535776611
0 0.7716049382716049 0.32460732984293195 0.03978052126200282 0.03839441535776611
0 0.3484224965706447 0.4677137870855148 0.0384087791495199 0.031413612565445004
0 0.34910836762688613 0.356020942408377 0.039780521262002766 0.038394415357766165
0 0.22770919067215362 0.4677137870855148 0.03840877914951987 0.034904013961605584
0 0.6522633744855968 0.4293193717277487 0.03703703703703709 0.03839441535776611
0 0.40809327846364885 0.7129144851657941 0.039780521262002766 0.036649214659685736
0 0.1673525377229081 0.39877835951134377 0.0384087791495199 0.04013961605584643
0 0.710562414266118 0.43019197207678883 0.03566529492455417 0.03664921465968585
0 0.34705075445816186 0.9205933682373473 0.03566529492455417 0.03664921465968585
0 0.16666666666666669 0.4642233856893543 0.03429355281207133 0.034904013961605584
0 0.3484224965706447 0.74956369982548 0.0384087791495199 0.03664921465968585
0 0.7722908093278464 0.3996509598603839 0.0384087791495199 0.038394415357766165
0 0.40946502057613166 0.43106457242582896 0.037037037037037035 0.03141361256544506
0 0.710562414266118 0.712041884816754 0.0384087791495199 0.03839441535776611
0 0.16666666666666669 0.7818499127399652 0.03978052126200274 0.03839441535776611
